0.00000000000000000000	1.00000000000000000000	1.00000000000000000000	1.00000000000000000000	0.00000000000000000000	0.00000000000000000000	nan	nan
0.01000000000000000021	0.99999921312622419567	0.99500280564609144829	0.99499739393957020717	0.00247411413708050875	0.00248509357893980697	0.00000000000000000000	0.00000000000000000000
0.02000000000000000042	0.99989323828571818886	0.98005391798835406192	0.98000029151486001133	0.00968155820100667294	0.00978931349103814852	0.00000000000000000000	0.00000000000000000000
0.02999999999999999889	0.99968606497772483088	0.95549657292165113276	0.95529045557951663969	0.02127461152733994831	0.02165374649166441900	0.00000000000000000000	0.00000000000000000000
0.04000000000000000083	0.99938263386426318124	0.92176304862474600643	0.92124472822401048955	0.03687570111208151452	0.03777957705046278147	0.00000000000000000000	0.00000000000000000000
0.05000000000000000278	0.99898874346860944140	0.87936660338715999519	0.87832838580153604902	0.05608248175370771776	0.05783235908094824101	0.00000000000000000000	0.00000000000000000000
0.05999999999999999778	0.99851094990774891258	0.82889284819829534001	0.82708768953538547297	0.07847298863795558466	0.08144656690815182953	0.00000000000000000000	0.00000000000000000000
0.07000000000000000666	0.99795646158097195411	0.77099067826208678156	0.76814175251832272906	0.10361079864280403617	0.10823035867337363336	0.00000000000000000000	0.00000000000000000000
0.08000000000000000167	0.99733303070910372945	0.70636288817883996494	0.70217384855659104037	0.13105013924989294960	0.13777048522025145405	0.00000000000000000000	0.00000000000000000000
0.08999999999999999667	0.99664884354860028282	0.63575659411788265629	0.62992229051110371074	0.16034088740869345546	0.16963727853600937823	0.00000000000000000000	0.00000000000000000000
0.10000000000000000555	0.99591241099523264424	0.55995358301792985678	0.55217100562530208041	0.19103340489952599923	0.20338965594922070457	0.00000000000000000000	0.00000000000000000000
0.11000000000000000056	0.99513245938161531967	0.47976070372804169306	0.46973993476547426518	0.22268341561840857001	0.23858033676687551150	0.00000461418809544078	0.00000432515024398182
0.11999999999999999556	0.99431775910278830111	0.39600042870992346877	0.38347540415265929381	0.25485918716336031231	0.27476344480452152830	0.00006345423868704247	0.00005910494500302912
0.13000000000000000444	0.99347698385182092728	0.30950159494753953782	0.29424051003596701781	0.28714845960924162416	0.31150162025151462153	0.00027864745102235486	0.00025800827133133392
0.14000000000000001332	0.99261856770230239011	0.22109045769463839259	0.20290571374112084668	0.31916248303597466451	0.34837004834772905548	0.00077225203253534092	0.00071084587958406822
0.14999999999999999445	0.99175059572694479471	0.13158218837213747632	0.11033975409812786517	0.35053924592820528972	0.38495993401341854767	0.00166976507330756502	0.00152800077058380473
0.16000000000000000333	0.99088335110296443808	0.04177186827525461443	0.01739969564234175592	0.38094660802608620864	0.42088215064751599570	0.00309346227366169482	0.00281441996303798906
0.17000000000000001221	0.99002329080394924077	-0.04756961197641861733	-0.07507446975059860195	0.41006605521217398547	0.45576895819383578257	0.00516032629911678323	0.00466774319517033239
0.17999999999999999334	0.98917774608366693112	-0.13570328084626123721	-0.16626942911515910084	0.43761708601313503708	0.48927719449585505007	0.00798133260846233157	0.00717815218052871105
0.19000000000000000222	0.98835487258964604962	-0.22192919554774018231	-0.25540613853814292389	0.46334982369923594092	0.52109001015518963129	0.01166175735485697543	0.01042889547085659556
0.20000000000000001110	0.98756158378799785424	-0.30558935861122304978	-0.34174392048012619538	0.48704539519572431772	0.55091841943300856599	0.01630161201943578983	0.01449698891902543446
0.20999999999999999223	0.98680385964486017070	-0.38603536094369772513	-0.42456317022201328637	0.50760179356157153485	0.57789169050372579672	0.02204279653201499448	0.01947355797302305000
0.22000000000000000111	0.98608792895229935294	-0.46261704777709489189	-0.50316214032210349050	0.52400990406658276566	0.60115333164160467128	0.02904980173023856069	0.02546808106464860944
0.23000000000000000999	0.98541939527756894357	-0.53474262941884953548	-0.57689790268577567645	0.53620274089263608719	0.62052466854206200786	0.03748346703902724619	0.03258027929963845659
0.23999999999999999112	0.98480294039711779863	-0.60191817345864018218	-0.64521347902428760612	0.54418824963371048575	0.63588820663226786056	0.04751945405111439313	0.04091317023598772806
0.25000000000000000000	0.98424233655708126545	-0.66374657421295146786	-0.70763934725947963411	0.54804224671575418881	0.64718451476192517813	0.05934925293519364986	0.05057289565075688553
0.26000000000000000888	0.98374047845422296632	-0.71992530359899398196	-0.76379397470726873021	0.54790108404068560422	0.65440868632350668310	0.07318137575323878374	0.06166840893783718386
0.27000000000000001776	0.98329941476308557746	-0.77024309978648330954	-0.81338346788138382593	0.54395406847357463676	0.65760881611109289757	0.08924223812278232748	0.07432481343663334405
0.28000000000000002665	0.98292039933286656783	-0.81457578570791633332	-0.85620046370841307315	0.53643580593580697524	0.65687934648461210330	0.10777659823057589294	0.08866689702243592264
0.28999999999999998002	0.98260394005200413226	-0.85288135287878474866	-0.89212235322785982117	0.52561860139189231500	0.65235786003005724609	0.12904733359966771844	0.10482464694317118747
0.29999999999999998890	0.98234946198689776509	-0.88519432477287929295	-0.92110915347723343327	0.51180502008309192163	0.64422082662308355339	0.15333515098357294870	0.12292526070697148977
0.30999999999999999778	0.98215637433424529679	-0.91161744162877100806	-0.94319670813980993618	0.49547334383384278311	0.63283741401943505167	0.18199386970429326515	0.14399063153741620269
0.32000000000000000666	0.98202144269451763225	-0.93230940590207667107	-0.95849083700943715769	0.47714830782403122589	0.61862725613205382658	0.21664679032360667499	0.16917141082369938077
0.33000000000000001554	0.98194411591223673685	-0.94748096590188979338	-0.96716177223981480982	0.45721690475550796906	0.60189224500606341994	0.25791229700517365186	0.19881971391659516990
0.34000000000000002442	0.98192139961055735498	-0.95738756738504848798	-0.96944165136036997144	0.43606374781039036748	0.58294910307513547743	0.30631939843761418762	0.23324800396319164686
0.35000000000000003331	0.98195113912301512649	-0.96232163270664328181	-0.96562125362605433221	0.41406408437610986439	0.56212405046495594885	0.36222001929195191128	0.27268523926716303762
0.35999999999999998668	0.98203052638261489893	-0.96260689667554844018	-0.95604428357792115012	0.39157735595719156407	0.53974790658812588084	0.42567438356374193154	0.31723029293419152674
0.36999999999999999556	0.98215642725722185347	-0.95859166268859907767	-0.94110323452036548364	0.36892703760518463785	0.51615187873838852539	0.49632487492379478988	0.36679065027802615351
0.38000000000000000444	0.98232515914909468435	-0.95064302020805890869	-0.92123460621603392440	0.34641970177426317790	0.49166393205844394210	0.57320504691911577932	0.42100579900204160300
0.39000000000000001332	0.98253347008918856531	-0.93914053439973343984	-0.89691517151626620752	0.32433280208487846874	0.46660565200609505077	0.65455225455996746131	0.47915337915463968033
0.40000000000000002220	0.98277581421849113941	-0.92447118906713354747	-0.86865572864159779076	0.30291186672391723356	0.44128938188679234234	0.73759664771259136895	0.54003838364065814837
0.41000000000000003109	0.98304848826045920784	-0.90703365919001921469	-0.83700260159042672026	0.28179944379671317822	0.41555949577450940202	0.81823644761457869912	0.60234656978224099255
0.41999999999999998446	0.98334580668314286456	-0.88724279866946509365	-0.80254990011221005730	0.26085266415301883169	0.38937539100776702439	0.89269335094597968006	0.66415942785420367667
0.42999999999999999334	0.98366260671481797750	-0.86552765633335959627	-0.76592462239442160588	0.24053318454407762728	0.36322376088169183728	0.95326266494993938672	0.72197314426178971214
0.44000000000000000222	0.98399455385715861588	-0.84231497094559926175	-0.72777043083790626810	0.22124621504804065086	0.33756279760218943498	0.99007186674016456340	0.77101264941250668983
0.45000000000000001110	0.98433688555511167362	-0.81801398452533613526	-0.68873922153764433052	0.20333464692301950194	0.31281529471962277178	0.99194426828092974180	0.80519854444782623659
0.46000000000000001998	0.98468341716843155176	-0.79301381856530173131	-0.64947216895943449266	0.18707584771684124259	0.28936289151086364013	0.94812801036455485182	0.81735191961063935473
0.47000000000000002887	0.98502944320212570961	-0.76767241602490876584	-0.61059223421341679572	0.17268004283994453640	0.26754864212038548255	0.85149316723142942642	0.79992181042087628917
0.47999999999999998224	0.98537061137123160837	-0.74231006430740276159	-0.57269133856925413806	0.16029010635407736629	0.24766299456315049587	0.70277922022256944512	0.74637645077534653382
0.48999999999999999112	0.98570301509463031930	-0.71720420368000492584	-0.53631954894847677640	0.14998307370339653000	0.22994422461058691698	0.51471112147874742426	0.65346974542891900217
0.50000000000000000000	0.98602314270327995338	-0.69258578604106668664	-0.50197500994061594604	0.14177321369108489280	0.21457630659372498028	0.31375116138366582197	0.52412579385603985660
0.51000000000000000888	0.98632838171524872539	-0.66862413795749320311	-0.47008330058431491150	0.13595526873645591426	0.20205202071737887737	0.13685458230357608334	0.36985679454336262140
0.52000000000000001776	0.98661657643727185274	-0.64540925366365042848	-0.44097860950406236880	0.13273968533850161178	0.19276626017611667163	0.02411091511018057312	0.21278827571367159299
0.53000000000000002665	0.98688674846819934849	-0.62296590290570397208	-0.41491213700112217211	0.13190345005800691025	0.18667461262366641384	0.00514589637638839231	0.08248905425468099073
0.54000000000000003553	0.98713856200444660693	-0.60127341748062734794	-0.39206024183061249921	0.13318062424620980000	0.18367313455403000422	0.08850222954232676853	0.00872312383404452198
0.55000000000000004441	0.98737214272794260328	-0.58027121618557908622	-0.37252195557927075820	0.13626505090275908838	0.18359562074083632388	0.26060445230637169223	0.01215291433407579558
0.56000000000000005329	0.98758819109666695635	-0.55986586795825454832	-0.35631964846742109065	0.14082179908542827307	0.18623023346801281797	0.49386005163883384128	0.09788686898958748328
0.57000000000000006217	0.98778781063554488284	-0.53993932854435566782	-0.34340139052261825503	0.14649963543208907590	0.19131607185807295024	0.75730665354689330471	0.25496286322267969204
0.57999999999999996003	0.98797247558658152222	-0.52035785563364256312	-0.33364431499432439798	0.15294051193584307091	0.19855209875715745804	1.02445037683599471379	0.46164546576664861055
0.58999999999999996891	0.98814394465494637121	-0.50098115068425141949	-0.32686002260028956812	0.15979006980094856427	0.20760458899992104143	1.27679325759264505891	0.69288409978494369668
0.59999999999999997780	0.98830583716728914734	-0.48167282694583823943	-0.32280253079442877695	0.16670700165931567893	0.21811562265317688269	1.50387217802883133011	0.92645968844428250311
0.60999999999999998668	0.98845869307671552217	-0.46231510571755091155	-0.32118561912544019155	0.17361334787609883357	0.22976910553626589406	1.70259849446128108674	1.14816343339513005084
0.61999999999999999556	0.98860445162591392698	-0.44282357237576147613	-0.32170065419128279771	0.18051637837129758113	0.24229356628934076157	1.86932229427971496882	1.34870787751304321844
0.63000000000000000444	0.98874521291821426683	-0.42313746547982816759	-0.32399921766285305624	0.18722383790160529449	0.25528111742601083956	2.00077391276879579252	1.52001536863857222848
0.64000000000000001332	0.98888289733578971230	-0.40321732127871739992	-0.32769702816407025869	0.19354846941085315781	0.26845137146958125696	2.09597263880328332775	1.66081674802958945136
0.65000000000000002220	0.98901947405040935291	-0.38305016925627732860	-0.33239583590270860292	0.19926080728754683169	0.28145541513482130735	2.15283641028832795072	1.77159237238962119498
0.66000000000000003109	0.98915640805342697206	-0.36265869373881254312	-0.33769297343732118666	0.20423504113004292693	0.29394998354983192801	2.17399319706041094236	1.85455170601783581041
0.67000000000000003997	0.98929482882051911208	-0.34211063408959735410	-0.34319666294583706101	0.20834883154476177558	0.30561657120919438757	2.16092354142856635235	1.91264114828220299636
0.68000000000000004885	0.98943537236839917970	-0.32152026645843939656	-0.34854024936636607279	0.21151841031534338033	0.31616011046250136474	2.11511712852793420936	1.94897771429311839064
0.69000000000000005773	0.98957813209168565827	-0.30104978966841416943	-0.35339571552289722467	0.21370268466756228709	0.32532346284112234613	2.03795942125906304199	1.96642275264382515587
0.70000000000000006661	0.98972295485572403528	-0.28090846374018352272	-0.35748602737604506796	0.21490345658974002729	0.33289975878818539590	1.93057555128365421204	1.96736569791803250773
0.70999999999999996447	0.98987013149440616910	-0.26132144014511488050	-0.36057237837785371948	0.21536571035559937126	0.33903597489853848357	1.79637668958824225918	1.95267315935263119364
0.71999999999999997335	0.99001774808646469950	-0.24249457963915868608	-0.36243989910009088984	0.21527366479676332545	0.34387828196839059780	1.64074121896844005164	1.92495618145508817776
0.72999999999999998224	0.99016482712437092761	-0.22464288641162261095	-0.36292895927198870476	0.21460049361457528283	0.34720895284571262618	1.46780922597508411975	1.88659371706008394121
0.73999999999999999112	0.99030977522356566922	-0.20801687193776763340	-0.36195720775580264572	0.21336689037333239627	0.34888118697309344896	1.28109047211590931781	1.83905360877141355047
0.75000000000000000000	0.99045045591342883995	-0.19289346759027611866	-0.35951802639188445987	0.21164379535822938627	0.34879762633710931219	1.08472415713749481547	1.78321794289142543377
0.76000000000000000888	0.99058658879655703267	-0.17956852478057666600	-0.35568273286383161880	0.20954359321689799978	0.34696331094532623096	0.88371988900745057638	1.71895160415791758979
0.77000000000000001776	0.99071383513603594739	-0.16834125112520892387	-0.35059344695450977980	0.20722199183286921231	0.34343866987160209803	0.68429400091035375020	1.64569954851508049032
0.78000000000000002665	0.99083092170002051713	-0.15950841262670306664	-0.34446188166635949290	0.20485406491761826153	0.33834677934349322026	0.49418820018169834496	1.56249500719624112577
0.79000000000000003553	0.99093395357840041715	-0.15334899559381329204	-0.33755602122270478294	0.20263080240089179074	0.33186697790998398450	0.32246440380985835761	1.46816867127126982062
0.80000000000000004441	0.99101840109450556326	-0.15011572294391262172	-0.33019202342008424633	0.20075139322428686706	0.32422197121473605996	0.17889599510019901785	1.36156934980590027529
0.81000000000000005329	0.99108429700786992989	-0.15003187086396538308	-0.32272810532815271456	0.19992036646651617504	0.31592232581645585121	0.07152342632914525378	1.23919952912428521508
0.82000000000000006217	0.99112768538912943139	-0.15327161716560519511	-0.31554346215617490312	0.20068166133795398154	0.30747034429264241684	0.01129826291050825028	1.09909200104490478722
0.83000000000000007105	0.99114733669085852696	-0.15995217888359625213	-0.30902872788746427180	0.20302003188790437860	0.29896089687764793030	0.00306336656702637820	0.94305123426559167576
0.83999999999999996891	0.99114053788664568945	-0.17013090074144629482	-0.30357330951460154145	0.20690719224021317246	0.29074181209432270467	0.04506897768883368072	0.77539785833540164628
0.84999999999999997780	0.99110574031919307370	-0.18380382810407241978	-0.29955657988683070947	0.21225860668797877362	0.28306343032584924124	0.13010024017136842533	0.60253126109158605672
0.85999999999999998668	0.99104194381664456603	-0.20090338450788161606	-0.29733352409501873082	0.21904123963389215968	0.27617468578361237252	0.24680197706656714640	0.43339356457626682095
0.86999999999999999556	0.99094890585246875325	-0.22129674951375719050	-0.29722288748426101135	0.22716356239805443606	0.27031140396004005311	0.38110712265045926239	0.27844621963760557426
0.88000000000000000444	0.99082688651594452711	-0.24478550764424142350	-0.29949568313570640310	0.23651159531039911421	0.26568732270533074180	0.51932729055967807863	0.14919248963107728523
0.89000000000000001332	0.99067668505966910431	-0.27110943133924819692	-0.30436553366457758107	0.24694958262241734070	0.26248241535454258644	0.64984562584277905106	0.05593025141496101721
0.90000000000000002220	0.99049547671082149858	-0.29994836260142676565	-0.31197644850228539726	0.25831759006506982423	0.26084562781284975630	0.76408929309326478752	0.00672538271256373135
0.91000000000000003109	0.99029419536404472701	-0.33092304130393618289	-0.32238911408189602215	0.27024589367571938414	0.26072500026674666485	0.85635197560924691818	0.00517138372155626948
0.92000000000000003997	0.99007081023921139629	-0.36356795104112038519	-0.33553880812672864931	0.28232174954257410748	0.26207296452141504162	0.92414374976546109774	0.04781203576224302143
0.93000000000000004885	0.98983264294702921759	-0.39740016038282632849	-0.35129159210015470372	0.29445009652414982915	0.26483564221571886943	0.96777075504946674656	0.12637978346822098530
0.94000000000000005773	0.98958069349693356109	-0.43193806446309618297	-0.36946806794244724248	0.30639677365348461091	0.26895213474991441771	0.99013426646398783326	0.23052309278194099695
0.95000000000000006661	0.98932106983774847908	-0.46671551074088102329	-0.38985277870677537138	0.31800508789363318707	0.27436237802770779837	0.99390588511565181040	0.34904246607070049668
0.95999999999999996447	0.98905571915169476771	-0.50127264297082874123	-0.41218911517417222701	0.32904366115762845313	0.28098376416430193014	0.98091466431561902262	0.47150255703167553989
0.96999999999999997335	0.98878760681243560438	-0.53517145076292960137	-0.43618653300129034411	0.33945031658300683919	0.28871345027241940295	0.95505598196958241264	0.58942222361327978319
0.97999999999999998224	0.98852117818480400580	-0.56800699548536093264	-0.46152565984864857285	0.34910290875879324002	0.29745187862486610619	0.91892098750962825093	0.69536623912416184456
0.98999999999999999112	0.98825987276231530565	-0.59940304278541189920	-0.48786026958275618970	0.35788918993693236148	0.30707385715632340428	0.87487365402003702819	0.78462461904335578655
1.00000000000000000000	0.98800673507056346878	-0.62901747089920601042	-0.51482391125176873992	0.36573224864054798555	0.31744056660638869660	0.82521364043234135544	0.85477178283821897420
1.01000000000000000888	0.98776544873837379690	-0.65653374276326914583	-0.54203497595200778036	0.37289089112265266790	0.32865277002489085012	0.77380293882488038193	0.90615331654916952964
1.02000000000000001776	0.98754132587154430656	-0.68165631199100806814	-0.56910148716600195140	0.37941419731941911087	0.34076483504858962048	0.72145896719002011732	0.94033367065583939315
1.03000000000000002665	0.98733615452605749674	-0.70411681501299105967	-0.59561958329400055412	0.38499954288639925970	0.35338479700369779257	0.66992299671679778061	0.95835746483289618869
1.04000000000000003553	0.98715370365387355989	-0.72368615862275453843	-0.62118663008184116237	0.38940151219296592622	0.36628135415237150774	0.61994341493635995999	0.96213119571957783638
1.05000000000000004441	0.98699614885331610203	-0.74017408844942589319	-0.64540752017401303853	0.39243216444682843536	0.37916421367880126514	0.57158551636748489155	0.95386832704591051346
1.06000000000000005329	0.98686604181165937799	-0.75343436970169752609	-0.66790467779383611013	0.39395031985546319353	0.39178659779018581988	0.52544446638726527432	0.93571422817222660306
1.07000000000000006217	0.98676547181262042052	-0.76336456582143608074	-0.68832221638856205814	0.39381177787814042324	0.40384277591160944176	0.48152312981621714361	0.90986451083988306721
1.08000000000000007105	0.98669617318190971922	-0.76990595665353045440	-0.70633168697358628130	0.39193318728285031494	0.41507949530064391919	0.43991254668415968876	0.87815777692638885554
1.09000000000000007994	0.98665941988254302064	-0.77304514863569540051	-0.72163999109430276846	0.38827259136753711211	0.42526102450119729337	0.40069027532910550526	0.84215129123143295242
1.10000000000000008882	0.98665598313507152373	-0.77281243628987117411	-0.73399475441505723783	0.38281470500666492374	0.43417760612261879771	0.36388360826433074902	0.80314527903435262157
1.11000000000000009770	0.98668545598207157976	-0.76927930046821912935	-0.74318468427704242885	0.37531647422597264052	0.44120848452190347677	0.33025388630996738160	0.76356829600684095194
1.12000000000000010658	0.98674889872497151266	-0.76256194885984740495	-0.74904706600474568745	0.36562018746351032661	0.44589351425484213820	0.30028231410269567991	0.72430567529934231086
1.13000000000000011546	0.98684551936184972121	-0.75281929872683628346	-0.75147920395683409645	0.35412905731757071681	0.44832262987427629053	0.27328088232172276228	0.68583779199006489335
1.14000000000000012434	0.98697378728379203672	-0.74025131579249325853	-0.75044196522518680226	0.34096674053514441916	0.44857293559469574307	0.24938002233671530128	0.64826192904913282344
1.15000000000000013323	0.98713199450115640676	-0.72509631051176859362	-0.74595178529577832460	0.32638024173009083650	0.44674947337957571225	0.22847796035692399808	0.61124055743364180682
1.15999999999999992006	0.98731801630044802032	-0.70762092522060693334	-0.73807611275495321745	0.31050279317637857757	0.44295491352835425491	0.21024752833545784503	0.57500852026406890083
1.16999999999999992895	0.98752950669095573843	-0.68811698171629931409	-0.72693042179636613298	0.29367979680944178433	0.43732730986720502742	0.19512786382430169496	0.53952220697625774548
1.17999999999999993783	0.98776376259528753110	-0.66689671886836943138	-0.71267153654507375826	0.27614534456686656849	0.42998813925423001736	0.18333076247272564463	0.50469279557986657103
1.18999999999999994671	0.98801782453910558246	-0.64428625222710356191	-0.69549262347920504101	0.25812646376041381568	0.42107130451063934373	0.17517392236950507511	0.47045915402638111003
1.19999999999999995559	0.98828701857239620310	-0.62061990232527108891	-0.67561789025205354342	0.23986369022746445445	0.41072092508300334091	0.17123545854481755923	0.43675752675267515146
1.20999999999999996447	0.98857057142436077779	-0.59621782109811738426	-0.65329170447310702663	0.22152803311287411203	0.39922318799930400779	0.17220295642269201064	0.40400923129593913075
1.21999999999999997335	0.98886446405918992930	-0.57137256429078531195	-0.62875706831650990392	0.20333092652965498170	0.38685583811329138371	0.18207135296811025049	0.37262613271625083522
1.22999999999999998224	0.98916561030226157758	-0.54637797660326492544	-0.60227326830425209625	0.18534160236984539849	0.37359628157582203123	0.20220373670518915210	0.34127629421535871090
1.23999999999999999112	0.98946833200430306388	-0.52153345002684170506	-0.57412401022545689333	0.16769436186141473133	0.35952004563078499011	0.23586234966291677595	0.31002315821693082754
1.25000000000000000000	0.98977481954924972918	-0.49714764926936960698	-0.54462231648301606679	0.15056000132593416740	0.34471186857404673143	0.28684159319847141179	0.27849751699540820082
1.26000000000000000888	0.99007911859285213652	-0.47351998981063758709	-0.51409180319181546626	0.13409256694755072870	0.32934487666436357278	0.36381855776544669290	0.24668970013925753393
1.27000000000000001776	0.99037793710460475527	-0.45094744866355063184	-0.48287318436614429240	0.11842574159411392576	0.31346956872479403433	0.47922726651991065516	0.21424911586976844169
1.28000000000000002665	0.99066911296182114111	-0.42971797864157118552	-0.45132054796603754410	0.10371764628809115871	0.29722806900422260590	0.65307062845472385604	0.18121747873765617354
1.29000000000000003553	0.99094852582223169613	-0.41010339794592265417	-0.41979243563469409439	0.09011808752563048308	0.28077368173398048468	0.91627978738616433496	0.14781777229162404441
1.30000000000000004441	0.99121161292863424475	-0.39235583267854995393	-0.38864878207859304693	0.07775507059394864973	0.26426265135490739633	1.31373445711166980665	0.11453649858790938831
1.31000000000000005329	0.99146021329231059926	-0.37671977241603726849	-0.35826425713140508389	0.06669929103514787849	0.24758835302128104350	1.92114043198741568652	0.08213746199417042149
1.32000000000000006217	0.99168668246140745381	-0.36342051112575551874	-0.32900933496855883087	0.05703024057700142868	0.23077217549658729512	2.84318362660313139756	0.05323627757392698084
1.33000000000000007105	0.99189089544057174042	-0.35265722963316908922	-0.30124668633829487785	0.04901070209236457059	0.21422143993917180937	4.18526421201657949922	0.02872691541072690605
1.34000000000000007994	0.99207077200605331413	-0.34458346972811015885	-0.27531147359485813597	0.04271591173293651234	0.19825609622938775156	5.98776202463592976954	0.01035869120862050428
1.35000000000000008882	0.99222407377040988674	-0.33931650756135506297	-0.25150737311783222250	0.03822941406672823728	0.18311489117582449571	8.09964159598472654977	0.00066654233945667425
1.36000000000000009770	0.99234882669727686455	-0.33693172974720664303	-0.23010461618025024322	0.03556563771245779826	0.16905237662029970469	10.09435941907257472394	0.00344889058035663084
1.37000000000000010658	0.99244388524703319732	-0.33746137350136401478	-0.21133992360057374249	0.03475246583148159513	0.15628082968579415368	11.32702872599162979839	0.02307046253543617448
1.38000000000000011546	0.99250856597022218963	-0.34089156194865788407	-0.19541194808320344611	0.03574536627652641352	0.14493718063184565792	11.37650666029662005485	0.06401674695800257942
1.39000000000000012434	0.99254260568743968296	-0.34716666132207618656	-0.18248123095346444056	0.03846783153349695589	0.13512998683409180312	10.33901641493118539472	0.12994278144055990132
1.40000000000000013323	0.99254242424073702011	-0.35618794885025645280	-0.17266689408834193231	0.04280835179862600703	0.12695155666023663632	8.68987859875266543952	0.22254328110433641008
1.40999999999999992006	0.99251381972967833711	-0.36781180807750191164	-0.16604767146558488400	0.04843024234614334844	0.12040732414472020417	6.88320206583836124992	0.34158194665325403161
1.41999999999999992895	0.99245655101045682223	-0.38183780101110087468	-0.16263858554626409170	0.05521050456774492798	0.11550363330405838402	5.28482908782971794182	0.48311431559790724011
1.42999999999999993783	0.99237310065367301259	-0.39804707958502844045	-0.16242055362540394614	0.06302187171889357675	0.11219804691605325675	3.96284480085334278598	0.63930366329062504605
1.43999999999999994671	0.99226440409545402233	-0.41621146974997530466	-0.16535119403455969533	0.07176726918028812630	0.11045979324585303294	2.92536905712063832752	0.79580730455691117697
1.44999999999999995559	0.99213235910668429174	-0.43609235915270350148	-0.17136548350076527547	0.08135804135484264732	0.11023707559575328385	2.13126976695368108849	0.93601976943177289670
1.45999999999999996447	0.99197897813399249500	-0.45744138142239448852	-0.18036879176567163774	0.09164084120273413570	0.11151990919878383701	1.53807203793993507723	1.04252504203336804345
1.46999999999999997335	0.99180643383561495341	-0.48000533941129253090	-0.19224218358402619944	0.10247560873110908575	0.11419363412859268037	1.10098979953411491017	1.10751504689041047058
1.47999999999999998224	0.99161705076043482610	-0.50352622022101312105	-0.20684629923484834646	0.11370740731812686852	0.11818026583655726058	0.78016818177305835569	1.12716546619909130378
1.48999999999999999112	0.99141318980105974656	-0.52774163994573408676	-0.22401845371283674035	0.12519851411141200148	0.12339087929022329870	0.54804848094980307405	1.10392899406261091322
1.50000000000000000000	0.99119716257303902562	-0.55238587851181975008	-0.24357475391769939366	0.13678047056294692640	0.12971304305318315242	0.38073292870337338556	1.04528911248677869317
1.51000000000000000888	0.99097347025609960891	-0.57720081791496979928	-0.26532223403576293830	0.14846669889338692805	0.13713540943528357285	0.26026883623906771348	0.95673952304951270786
1.52000000000000001776	0.99074195910899742756	-0.60193210335787927789	-0.28905613839147908939	0.16020870706724446575	0.14552933129482054087	0.17374167178726587779	0.84596808401410095168
1.53000000000000002665	0.99050600602518701354	-0.62632054203975917606	-0.31455842060854116715	0.17169395773025256102	0.15483587178410085361	0.11365813720079401272	0.72568158098806712086
1.54000000000000003553	0.99026787201261867732	-0.65010002286683143957	-0.34158246057144414642	0.18275335208596460435	0.16487709962671473485	0.07200907223828532933	0.60510318683688635311
1.55000000000000004441	0.99003019140032322287	-0.67301387282923597066	-0.36985995710993646579	0.19315970720606126521	0.17548419175186572017	0.04370666133888379684	0.49136954488261408436
1.56000000000000005329	0.98979572401692028638	-0.69481576540538225739	-0.39911051701965977179	0.20276085647536415402	0.18651406887925028877	0.02511956514597135301	0.38888612213046147570
1.57000000000000006217	0.98956710798021985109	-0.71527270137717835485	-0.42904626075591462131	0.21131566148610422817	0.19779425588749544040	0.01317763175075021241	0.29950392903590089544
1.58000000000000007105	0.98934678581859403224	-0.73416888765607946077	-0.45937417487981008213	0.21865782267673064543	0.20911931426548652224	0.00591476069283213869	0.22349455363219999926
1.59000000000000007994	0.98913741808673905087	-0.75131236968576164958	-0.48980323757358718018	0.22465065785808638332	0.22031859309175988448	0.00193391088764707200	0.16070727241816473718
1.60000000000000008882	0.98893928672752673403	-0.76653628830379005876	-0.52004626510919638172	0.22916837688981239740	0.23123069687041039599	0.00022817911968324843	0.11021030708668826115
1.61000000000000009770	0.98875830037838285946	-0.77970119425570838523	-0.54982510629730518836	0.23205003380702385329	0.24155014383156342417	0.00015900518007746698	0.07172889364631876430
1.62000000000000010658	0.98859546733425374132	-0.79068270456098022070	-0.57886149361880379072	0.23329727144766268521	0.25102986627331258518	0.00166541641746187222	0.04377104016309439627
1.63000000000000011546	0.98845077387012714176	-0.79939278639657662673	-0.60689220419186362676	0.23296086967605034168	0.25958069599222843848	0.00469608832566902664	0.02372479969814160483
1.64000000000000012434	0.98832500931079536599	-0.80578784242130496729	-0.63368281567667117393	0.23112897460456072185	0.26718236525089650302	0.00901823301414197628	0.01026591411072284681
1.65000000000000013323	0.98821921154782133012	-0.80985992564597786281	-0.65902767571020515192	0.22788280493364804213	0.27377200693715886270	0.01403046259155493747	0.00249783265740230074
1.66000000000000014211	0.98813498569524094162	-0.81163779239541089527	-0.68274348825014197217	0.22329336071233332750	0.27930826340392284068	0.01931522889713724322	0.00000027584034816559
1.66999999999999992895	0.98807190924691956635	-0.81118660421851640496	-0.70467046025066493176	0.21747784324252655841	0.28378861186699444463	0.02428547667104525784	0.00259114006008801662
1.67999999999999993783	0.98803119035742981158	-0.80860453615222771528	-0.72467856892499471488	0.21056709878635912481	0.28720452210627583911	0.02845580794844303901	0.01030363030448761506
1.68999999999999994671	0.98801104372955939059	-0.80401525460896505759	-0.74265822779761203609	0.20267618398182685180	0.28955666156621967522	0.03126778206944377803	0.02328033438154768209
1.69999999999999995559	0.98800862642985232132	-0.79756718564698514395	-0.75852231512693268911	0.19393455765505229760	0.29084987882635437995	0.03212289170194355253	0.04173349241900858875
1.70999999999999996447	0.98802735433550925581	-0.78943106164018062021	-0.77220664187179832716	0.18467370816767667008	0.29139209104243668502	0.03081512077650333178	0.06661091874772269439
1.71999999999999997335	0.98806418471786705560	-0.77978026308140502287	-0.78365853281914121808	0.17514394094400137503	0.29131935963505578568	0.02710814563984592640	0.09744178706658694622
1.72999999999999998224	0.98811786597846917868	-0.76879916204910181410	-0.79284443949599103796	0.16525564329642061789	0.29050425834131593517	0.02133581848676887119	0.13407841627456820732
1.73999999999999999112	0.98818729416333450644	-0.75668652589718510271	-0.79974504900457310530	0.15514873855210539744	0.28879589487682033599	0.01418351995255045031	0.17654814654713674171
1.75000000000000000000	0.98827126155425470966	-0.74365473316974306517	-0.80435979180926087118	0.14491274184583177731	0.28612798286922874746	0.00692286028891156858	0.22493899173021617011
1.76000000000000000888	0.98836838444832886275	-0.72992246434841945302	-0.80670947667692827210	0.13470035693687879008	0.28247919800778115151	0.00139210147846708320	0.27867897209988579110
1.77000000000000001776	0.98847714038937462000	-0.71571170050547205932	-0.80683708924665331619	0.12457758265981820622	0.27782278477515909287	0.00036448274037208077	0.33732950881587236980
1.78000000000000002665	0.98859589859427099423	-0.70124615008872404065	-0.80480871607263038126	0.11467622117164785744	0.27216458659766262773	0.00755497536846690739	0.40051872563660995130
1.79000000000000003553	0.98872300098940746338	-0.68674602661219985578	-0.80071559913352863269	0.10513227654735568528	0.26556078146912420745	0.02792390518844188596	0.46746858376070343777
1.80000000000000004441	0.98885559492171570817	-0.67242410342510372523	-0.79467139173285294973	0.09607768368887631416	0.25807569775138766710	0.06784322157767611050	0.53749214631509223405
1.81000000000000005329	0.98899264155121258124	-0.65847989967607867268	-0.78681657895005263637	0.08766045128347410564	0.24966999427302305481	0.13773222105452784247	0.60976721537497124981
1.82000000000000006217	0.98913417898848543519	-0.64509279548382725267	-0.77731869250787155590	0.07999644216802632990	0.24036230373862771392	0.23985308821151918313	0.68297686949063496353
1.83000000000000007105	0.98927695675879556703	-0.63242540621361076347	-0.76636250314168719022	0.07322437636292401797	0.23039420355154432984	0.38151558253738776516	0.75744845493337376041
1.84000000000000007994	0.98941923513246088362	-0.62062741762459572303	-0.75414939709038408822	0.06747263835109471031	0.21998492923223869622	0.56352815994107563480	0.83116645148875412108
1.85000000000000008882	0.98955929335890802090	-0.60982478851802612851	-0.74089333114628097565	0.06278721920284684177	0.20931833149655479365	0.78539279423170393901	0.90234506622050691949
1.86000000000000009770	0.98969559456692235422	-0.60012228273590861871	-0.72681468536139925973	0.05921502537848425535	0.19851120633844063224	1.02982123981884665653	0.96752337897324369731
1.87000000000000010658	0.98982666573383837338	-0.59160403240018788473	-0.71213795746423258493	0.05678565260812618032	0.18780172336214492890	1.26848695071746697671	1.02376583084086925091
1.88000000000000011546	0.98995119780035256696	-0.58432701266508024762	-0.69708977631218393967	0.05550219055730903905	0.17733834484680330301	1.46282244235283509504	1.06659248007966800387
1.89000000000000012434	0.99006802067482380103	-0.57832183092593336671	-0.68189402220342798522	0.05531999520662627540	0.16725272159529688820	1.58133830568550814988	1.09085015687319297761
1.90000000000000013323	0.99017587844316223844	-0.57359451865846255991	-0.66676910460678362469	0.05618936689802510320	0.15767251248418173715	1.60810032878072606266	1.09147647537397229911
1.91000000000000014211	0.99027471897299612635	-0.57011764572764067616	-0.65190973465972201772	0.05807978565243145097	0.14884183832825487181	1.54683075172627892968	1.06515792717009660784
1.91999999999999992895	0.99036142610604049885	-0.56782407917244714923	-0.63747666325946461541	0.06093556173937418607	0.14092880619464090430	1.42089908111225105003	1.00005790421786167066
1.92999999999999993783	0.99043917588284235975	-0.56663395300418062384	-0.62362568338987045546	0.06459483139176003252	0.13380669750087953451	1.24527227705428744642	0.89814806924487278206
1.93999999999999994671	0.99050722368918153737	-0.56645849229882261344	-0.61050843779073127315	0.06891657137895867979	0.12742181123960685807	1.05177557779544250671	0.76361892111280038620
1.94999999999999995559	0.99056514761451741613	-0.56720362676353208720	-0.59827314002607112631	0.07379216135483580852	0.12177195377796894149	0.85789010490857464664	0.60472990147803018512
1.95999999999999996447	0.99061286645095758541	-0.56876722370166066245	-0.58705868758580281863	0.07910049974792389416	0.11684207893443991633	0.67688367081515199430	0.43467170681314104552
1.96999999999999997335	0.99065189198105818580	-0.57104515605623096253	-0.57699225845226453924	0.08472633873133411653	0.11261545346813363333	0.51760869400424691644	0.27013624629402721578
1.97999999999999998224	0.99068172149947231198	-0.57393293964936709095	-0.56818369324324913272	0.09056746808527031678	0.10911293402766736316	0.38343835470078169170	0.13037262699822016465
1.98999999999999999112	0.99070306157171184047	-0.57732648808993891620	-0.56072455351507322074	0.09652295516697226296	0.10635028184855817301	0.27447399525098686857	0.03484465923580221114
2.00000000000000000000	0.99071145768651436292	-0.58111852305959754705	-0.55467838018991533211	0.10251358790109230124	0.10432104321639111555	0.18910771142002524847	0.00000222692777058022
2.01000000000000023093	0.99071767712745251178	-0.58521515286117009591	-0.55010053040107032007	0.10849211277691014899	0.10298758417510851804	0.12755268344037470896	0.03491801434307919422
2.02000000000000001776	0.99071706841692297463	-0.58951328172313188780	-0.54700945929673194801	0.11433299503958301024	0.10229682598486353196	0.08376086125910091329	0.13767599024656823614
2.03000000000000024869	0.99070983753514219039	-0.59392361358018208595	-0.54539851938637828876	0.11995718306077393644	0.10232991084688117245	0.05344472978562751775	0.29706591769027862471
2.04000000000000003553	0.99069659580937152743	-0.59835843610980399276	-0.54523309874948655551	0.12528073346679202693	0.10305291777867453540	0.03258119733944390278	0.49641844544717805832
2.04999999999999982236	0.99067801344431916100	-0.60273029534209798808	-0.54645783250908186446	0.13017820936685461919	0.10445315254796988524	0.01840833265244184308	0.71559318537961635887
2.06000000000000005329	0.99065488414645719306	-0.60696033778611979681	-0.54899869351682106799	0.13458694912905880270	0.10643702550979218524	0.00931496891037812691	0.93576997098195813241
2.06999999999999984013	0.99062764059578045650	-0.61098094548445924801	-0.55276360819570768967	0.13842722376546112706	0.10899709612660879454	0.00388206503706724475	1.13649203758597261427
2.08000000000000007105	0.99059724113988611993	-0.61473391219213002756	-0.55764614558475711359	0.14163788651849387734	0.11206247971158285470	0.00106326107771749110	1.30486044073713403080
2.08999999999999985789	0.99056453051670079191	-0.61817364504438976347	-0.56353004437402787197	0.14416119962136927923	0.11555094759778625213	0.00004553421213876445	1.43263427676425969537
2.10000000000000008882	0.99052979025591836315	-0.62126855504317102241	-0.57029184810039035280	0.14597775418071345932	0.11938687890686594528	0.00022362941922047440	1.51551716620170973115
2.10999999999999987566	0.99049470276010254111	-0.62399539047669394520	-0.57779265241458399593	0.14699170608764752788	0.12337301425920015052	0.00105965699478368096	1.56523974727797954287
2.12000000000000010658	0.99045961125705295203	-0.62633374072423952938	-0.58587023634926027604	0.14718926205411128616	0.12735175641768251009	0.00207177969571256280	1.58186737423109891054
2.12999999999999989342	0.99042548108965322573	-0.62828203632271450996	-0.59437095705450315730	0.14671626429249895462	0.13124994537137796291	0.00307746477522838477	1.56730949248269801899
2.14000000000000012434	0.99039135307725179036	-0.62986382806191831829	-0.60316886663081248354	0.14558061380794412587	0.13510280555830495031	0.00373745765089921996	1.52279534210365086189
2.14999999999999991118	0.99035941965257234809	-0.63112812285541319834	-0.61216234657933776830	0.14388524665605298414	0.13893674826028890035	0.00384619028580001710	1.45169262583581493153
2.16000000000000014211	0.99032865617195209307	-0.63213456314996052665	-0.62126396798780525454	0.14170124165853875686	0.14270787648231914035	0.00331124802760944786	1.35573191529181347192
2.16999999999999992895	0.99029894307002253040	-0.63295733691822719802	-0.63040321872200411057	0.13915013053639413432	0.14640894333394016691	0.00220413909225627763	1.23835383658350584035
2.18000000000000015987	0.99026997374035274913	-0.63368316299086402399	-0.63952253748981657822	0.13633850384414761270	0.15006547646127929574	0.00085195472704363052	1.10431690006795912851
2.18999999999999994671	0.99024139631250951421	-0.63440486906810222845	-0.64857381653069223759	0.13336422113005838574	0.15366937932910723630	0.00001213348295256948	0.95884990950589199521
2.20000000000000017764	0.99020819632270773436	-0.63521376908610305279	-0.65751073566240847423	0.13032973136149214599	0.15718088753813144742	0.00093988901462905335	0.80694791870909743370
2.20999999999999996447	0.99017893115307531460	-0.63620617850611738131	-0.66630731936693843309	0.12734395489504923837	0.16064944528774524612	0.00539661367386392622	0.65249764682590305487
2.22000000000000019540	0.99014913171509966183	-0.63746982288011233564	-0.67493167044930602039	0.12458957931495563687	0.16407198763649161188	0.01706763840680558184	0.50112451696817350566
2.22999999999999998224	0.99011780107771274473	-0.63909701214521785761	-0.68335372295640950391	0.12208147024100676759	0.16746884242646267738	0.03954718923158329763	0.36170373537270211761
2.24000000000000021316	0.99008464711060439889	-0.64116218280325554257	-0.69154208982349918422	0.11982215679110484741	0.17080984075750133000	0.07656757665616109598	0.24060515362657150518
2.25000000000000000000	0.99004942608960666561	-0.64372341415229583639	-0.69946776172700375618	0.11780936590888840820	0.17410020060234954187	0.12968000292017287101	0.14227838837997441868
2.26000000000000023093	0.99001198954262437102	-0.64682637762396155701	-0.70710061203762941684	0.11609032271946180537	0.17732922790862812312	0.20040186811859139748	0.06897083886145537190
2.27000000000000001776	0.98997230044508222058	-0.65050414186590743704	-0.71440659135140904823	0.11466838362472900337	0.18044879293664264908	0.28792417453151292195	0.02206853967911446418
2.28000000000000024869	0.98993042058884495038	-0.65477588173887679712	-0.72134560005070114119	0.11356412378458441426	0.18343124232563531861	0.39163247983393256746	0.00131169655329716459
2.29000000000000003553	0.98988648754611374692	-0.65964934147866061132	-0.72787395399564336351	0.11279405828024061109	0.18624313368230541177	0.50823740204271661280	0.00540604239595663272
2.30000000000000026645	0.98984038003788887838	-0.66511831191763881588	-0.73394398855578091290	0.11238277948095364012	0.18884712653871560395	0.63405669232022965343	0.03232704214838064138
2.31000000000000005329	0.98979439429641713488	-0.67116446164495302540	-0.73950394570863009491	0.11227309363415731436	0.19099502689846595271	0.76213768788726132808	0.07837184414015298251
2.31999999999999984013	0.98974755952683290960	-0.67775157482114078977	-0.74449555948143242290	0.11244527401866069583	0.19254027079677735190	0.88497754217093116402	0.14151032830442863975
2.33000000000000007105	0.98970076696773379155	-0.68483621581087472663	-0.74887079390963851022	0.11306759745716411791	0.19367639958481661089	0.99793840145259438135	0.21972076451715932821
2.33999999999999985789	0.98965433118594392514	-0.69237004200747953586	-0.75259076578827854842	0.11410901527046371506	0.19454290005871632818	1.09781898625775231615	0.31170709962395826143
2.35000000000000008882	0.98960853899189027416	-0.70029845051963524050	-0.75561727592685279387	0.11557816518263600014	0.19527563245043388918	1.18323763036184304021	0.41460824052876454893
2.35999999999999987566	0.98956397251068395349	-0.70855570093360120687	-0.75791326444689655073	0.11745305825134896849	0.19588667105261267642	1.25343245154499061123	0.52653280653768763653
2.37000000000000010658	0.98952123681283465917	-0.71706713541480271434	-0.75944492109164940530	0.11971869642367810593	0.19641236088074937038	1.30691404076521067168	0.64506159108354621523
2.37999999999999989342	0.98948091885861233497	-0.72575143898986016477	-0.76017798350281884368	0.12233087040805513956	0.19685779240612555352	1.34500549967225646597	0.76753757592960980549
2.39000000000000012434	0.98944483875959332586	-0.73452056977853619202	-0.76007988551416272305	0.12522866210461267023	0.19718957771173417637	1.36879966509805672814	0.89184057826236085020
2.39999999999999991118	0.98941278569677060251	-0.74327844539635357091	-0.75912053058511863579	0.12833170163956603149	0.19735552972841696739	1.37923632839736498568	1.01690687980956417924
2.41000000000000014211	0.98938674304581464281	-0.75191511506742958471	-0.75727526069616291071	0.13152941735951242941	0.19740310726557250276	1.37037492429711749153	1.13875832409340627116
2.41999999999999992895	0.98936642746095337930	-0.76031376139023321148	-0.75452033443429500359	0.13502167750245278044	0.19733329009195624271	1.35215985402420102446	1.25474659509257491230
2.43000000000000015987	0.98935251916500777103	-0.76836373907805100014	-0.75083792343939714797	0.13855568890156297335	0.19699079359500851205	1.32525850739209527518	1.36262872034817927869
2.43999999999999994671	0.98934576540041063719	-0.77595400958550475590	-0.74622191970710083364	0.14192429992762772839	0.19633219629824402719	1.29273068900227694478	1.46087675555304263852
2.45000000000000017764	0.98934680932699081701	-0.78298116284021879174	-0.74068352992318453598	0.14502121622815156154	0.19530109418650379305	1.25750599191076473105	1.54826824485666292297
2.45999999999999996447	0.98935606032427680923	-0.78935305661615173811	-0.73424913540150282820	0.14773429966996307061	0.19391616551767884569	1.22041413186162617244	1.62446923964995626477
2.47000000000000019540	0.98937382029088649649	-0.79498828348830163915	-0.72696145093205155607	0.14997453213006672890	0.19206946762350818325	1.18263730691369262082	1.68853272779938046178
2.47999999999999998224	0.98940020113694593373	-0.79981804874494677460	-0.71888046328194621370	0.15168343042473153570	0.18975735102723539915	1.14624947632906959427	1.74025993318766825091
2.49000000000000021316	0.98943461820624689640	-0.80378765765457715897	-0.71008311937120482948	0.15283748144662426260	0.18699727656138601106	1.11154826833130959685	1.77980347615225342750
2.50000000000000000000	0.98947623208414647866	-0.80685352554681111226	-0.70066183597918862969	0.15339709617352001447	0.18379827326267583754	1.07806880396806503697	1.80594563911538363854
2.51000000000000023093	0.98952748109106003493	-0.80898959861835595397	-0.69073171930166676891	0.15339414296055803311	0.18019296605981155457	1.04444198723029035847	1.81951997819866040373
2.52000000000000001776	0.98958600260921891767	-0.81018159127332378677	-0.68042320857842986115	0.15281611965676267229	0.17611424500487685152	1.00919264552123411072	1.82121136144511530652
2.53000000000000024869	0.98965103687842759239	-0.81042650131328752838	-0.66987591588429051814	0.15174858868178894844	0.17180720550202177588	0.97824705426101010719	1.80895330853190738907
2.54000000000000003553	0.98972222898294226479	-0.80973254341074030194	-0.65922380464700613967	0.15015288793298783854	0.16740993417745278493	0.95197357039984142890	1.78207902137098295192
2.55000000000000026645	0.98979854912010634127	-0.80812004507073686987	-0.64858998043174242998	0.14801734356543058690	0.16302735046186331291	0.93266601973714835516	1.74150662838805492250
2.56000000000000005329	0.98987924082866707298	-0.80561823691103529033	-0.63809180699918377488	0.14533835559588481612	0.15871948430974297528	0.92117957696116747890	1.68538326739356891792
2.56999999999999984013	0.98996367500795046102	-0.80226654928440943593	-0.62784401829749192370	0.14214504615318543368	0.15455444558857955872	0.91811129178897465941	1.61294147833374013068
2.58000000000000007105	0.99005220755335776595	-0.79811726473646493751	-0.61795567522655459047	0.13844803292842985942	0.15055622661466974699	0.92422876085616301189	1.52493553036928375377
2.58999999999999985789	0.99014296569366466727	-0.79323006853114730319	-0.60852867405735178163	0.13427577814665236922	0.14675171728336333654	0.94010319804183606340	1.42268335893616604260
2.60000000000000008882	0.99023473897942049238	-0.78767595130897138933	-0.59966254686362008286	0.12966515844506396049	0.14319167872930191332	0.96660254289293345842	1.30739722180974915489
2.60999999999999987566	0.99032596955416063444	-0.78152523032684007021	-0.59144606484086703624	0.12465199569679458191	0.13990367811726392433	1.00095259819258597389	1.17715345279560246183
2.62000000000000010658	0.99041811090051834476	-0.77484475038927280721	-0.58395548706357736091	0.11944820857284915716	0.13695700683842243484	1.03798671426886368607	1.03455508101835880197
2.62999999999999989342	0.99050917995353671142	-0.76770788956733315711	-0.57725798786860083034	0.11397390919130068188	0.13422294556742378480	1.08226280866014645810	0.88643331882480924655
2.64000000000000012434	0.99059842182129487220	-0.76020993628886035509	-0.57142101885072726919	0.10822225105553505420	0.13175266483796974071	1.13543910913622436709	0.73833894833427959892
2.64999999999999991118	0.99068498008812178046	-0.75246171182271848199	-0.56650782596507820443	0.10230064780545447545	0.12953201854013871031	1.20428870704045998252	0.59570392077016531829
2.66000000000000014211	0.99076787349161754559	-0.74458492850211410730	-0.56257184051440523032	0.09624474742518057679	0.12761502385812889537	1.29020112373427409125	0.46278855258728696098
2.66999999999999992895	0.99084611226503349624	-0.73670773832159086592	-0.55965818903463049327	0.09014956296395919277	0.12595627873111370221	1.39744149761171687629	0.34325051853202853680
2.68000000000000015987	0.99091812121816325032	-0.72896008880534934882	-0.55780381258831657210	0.08410688592880685710	0.12457120736269200467	1.52891130641430050829	0.24016095676213042309
2.68999999999999994671	0.99098331707376385857	-0.72147148537665906076	-0.55703421637809980016	0.07822689802584285867	0.12348166540246183209	1.68719190587056000474	0.15548887608533001892
2.70000000000000017764	0.99104166314112573932	-0.71436488796817754210	-0.55736255281960922492	0.07257107731554714170	0.12268374454627757608	1.87031990101530598558	0.08977745020516006424
2.70999999999999996447	0.99109251457273839225	-0.70775421405029192989	-0.55878161958979288837	0.06733120741787768093	0.12229629838771480244	2.07863200259517677537	0.04470780115318354064
2.72000000000000019540	0.99113369950683283260	-0.70174278309984328139	-0.56127121908835275743	0.06257631876618185984	0.12225746736237019796	2.30646348969065106971	0.01621723860412754153
2.72999999999999998224	0.99116662859754367521	-0.69642106401519610070	-0.56480351015518714952	0.05833231462692216318	0.12257124478663682099	2.55411646890676724553	0.00236218240820225195
2.74000000000000021316	0.99118977439424127418	-0.69186403221792636131	-0.56932780263807902799	0.05460680273082054587	0.12319669703738987676	2.80471821324795911323	0.00062894036889639914
2.75000000000000000000	0.99120332394744048443	-0.68814013296335652115	-0.57477844151371404458	0.05140975940474729750	0.12402908927050654286	3.03735405503579913855	0.00856181262417602881
2.76000000000000023093	0.99120711693723861924	-0.68530488664740196736	-0.58108062461963372325	0.04873656501730728313	0.12505437956960330226	3.22399017852166069886	0.02401834348492907362
2.77000000000000001776	0.99120118768456599856	-0.68340091017586968025	-0.58815531934885822984	0.04663791471341575262	0.12622668240465609313	3.33600246789789656177	0.04538079725062831027
2.78000000000000024869	0.99118580323976746005	-0.68245937793991073850	-0.59591861423623848637	0.04511822002440799700	0.12748793338520347795	3.34322765328928239725	0.07135526815972259573
2.79000000000000003553	0.99116111698270115138	-0.68249868422702497650	-0.60428516240654905900	0.04418924245272173174	0.12881371737265334687	3.22669929911307962200	0.10083406702466761462
2.80000000000000026645	0.99112505686962149021	-0.68352271278831078227	-0.61316562637757421328	0.04387981340273792996	0.13020060267338737225	2.99066574789173644788	0.13274492302157647750
2.81000000000000005329	0.99108566982976276094	-0.68552204317732401417	-0.62247200271500546798	0.04418386796438977804	0.13151221658585551810	2.66298272480577935539	0.16698000678541968789
2.81999999999999984013	0.99103899427793062937	-0.68844734156439135742	-0.63209609190298376991	0.04497515351843658221	0.13272911323601416234	2.24105991458298703378	0.20302639996482668705
2.83000000000000007105	0.99098345688092104311	-0.69224495346380798821	-0.64193763127739789098	0.04629473639214778252	0.13380182457632777693	1.79205139053270867677	0.23991142284640237792
2.83999999999999985789	0.99092354293723161618	-0.69687456485306453757	-0.65191564236210997052	0.04818273472867872637	0.13477833713241996194	1.35842324873951647568	0.27578292210683102992
2.85000000000000008882	0.99085870579272572467	-0.70228640415468213121	-0.66195193699227095063	0.05066969022246739507	0.13564380013490431875	0.97586352186710523249	0.30922741057264852005
2.85999999999999987566	0.99078967091942637957	-0.70842516557697898794	-0.67197363844687574286	0.05371610647737538879	0.13640357979891037932	0.66420716771309229465	0.33963170057889835451
2.87000000000000010658	0.99071704219338696529	-0.71522726058962449169	-0.68191300780308539142	0.05730071722153593644	0.13705215604794795947	0.42812761814419292294	0.36553306085301612294
2.87999999999999989342	0.99064151239738318377	-0.72261765190775839596	-0.69170891557978941844	0.06137500902722650697	0.13757467824214758556	0.25834466080975093671	0.38607736374510553956
2.89000000000000012434	0.99056384128618857332	-0.73050980356288175432	-0.70130343407245887555	0.06587005909342232013	0.13796247045757686900	0.14369886254823382998	0.40105125139678587942
2.89999999999999991118	0.99048304640849149649	-0.73880337347348645771	-0.71064021430467183560	0.07069093343637590510	0.13818656785846339385	0.07182902226579328253	0.41024995638486994043
2.91000000000000014211	0.99040354914618977666	-0.74738969823404488579	-0.71965834039263520960	0.07580520668946018337	0.13819518901802083088	0.03129313955998299507	0.40862852716911579609
2.91999999999999992895	0.99032458274065704451	-0.75614387542488348259	-0.72829345910278486809	0.08111389122302932464	0.13811730333982966124	0.01098760006863652890	0.40081174213250680971
2.93000000000000015987	0.99024666716862164151	-0.76493601346628103954	-0.73649561081336445412	0.08646395265498163507	0.13779582159414610620	0.00201018350766367804	0.38810830546430408194
2.93999999999999994671	0.99017116865605858678	-0.77363923863779304746	-0.74422252895848262089	0.09175525166550617395	0.13722122402790201678	0.00003406383966378975	0.37299728749330401945
2.95000000000000017764	0.99009992395909063312	-0.78213468271344210869	-0.75144322731174917340	0.09690509848172193519	0.13629710882784557002	0.00251376916735923748	0.35734373940122543534
