0.00000000000000000000	1.00000000000000000000	1.00000000000000000000	1.00000000000000000000	0.00000000000000000000	0.00000000000000000000	nan	nan
0.10000000000000000555	0.99999923968770143556	0.99920010960185823290	0.99935189548883085475	0.00039786559316452229	0.00032229564963681873	0.00000000000000000000	0.00000000000000000000
0.20000000000000001110	0.99999031968999385622	0.99680186727547026582	0.99740728521294164111	0.00157733902168648711	0.00127783746235581594	0.00000000000000000000	0.00000000000000000000
0.30000000000000004441	0.99997333418886236167	0.99282271258927523583	0.99417973980658813637	0.00351660068998290755	0.00284923310954435976	0.00000000000000000000	0.00000000000000000000
0.40000000000000002220	0.99994838850039047262	0.98728246721861057100	0.98968439132160757055	0.00619302476887563687	0.00501861601378881476	0.00000000000000000000	0.00000000000000000000
0.50000000000000000000	0.99991559870217339157	0.98020326112004985131	0.98393788550897509637	0.00958322943768208022	0.00776767703251584826	0.00000000000000000000	0.00000000000000000000
0.60000000000000008882	0.99987509124929763171	0.97160945610583981935	0.97695833277648613802	0.01366312754649903934	0.01107769624264476338	0.00000000000000000000	0.00000000000000000000
0.70000000000000006661	0.99982700257990353432	0.96152756699540453678	0.96876525791991030534	0.01840797760326166529	0.01492957477556252494	0.00000000000000000000	0.00000000000000000000
0.80000000000000004441	0.99977147871133908996	0.94998618052232031150	0.95937954872544717322	0.02379243499121512506	0.01930386665251750122	0.00000000000000000000	0.00000000000000000000
0.90000000000000002220	0.99970867482790293224	0.93701587217619097814	0.94882340354164673712	0.02979060332366778238	0.02418081057137682829	0.00000000000000000000	0.00000000000000000000
1.00000000000000000000	0.99963875486114894819	0.92264912115948560789	0.93712027791901986173	0.03637608584429465747	0.02954036159664975847	0.00000000000000000000	0.00000000000000000000
1.10000000000000008882	0.99956189106375492592	0.90692022363970892229	0.92429483041551541156	0.04352203678282443033	0.03536222270570663767	0.00000000000000000000	0.00000000000000000000
1.20000000000000017764	0.99947826357793156937	0.88986520447714911874	0.91037286766566716256	0.05120121257766174772	0.04162587614525426610	0.00000000000000000000	0.00000000000000000000
1.30000000000000004441	0.99938805999928992385	0.87152172760793145123	0.89538128881065881526	0.05938602287886296516	0.04831061455332161941	0.00000000000000000000	0.00000000000000000000
1.40000000000000013323	0.99929147493716141692	0.85192900526136583483	0.87934802938589218257	0.06804858124689437682	0.05539557180328584518	0.00000000000000000000	0.00000000000000000000
1.50000000000000000000	0.99918870957225414120	0.83112770618930087441	0.86230200476161833478	0.07716075546474006341	0.06285975352782005587	0.00000000000000000000	0.00000000000000000000
1.60000000000000008882	0.99907997121255065487	0.80915986308372356284	0.84427305323115320324	0.08669421738319418869	0.07068206728201653632	0.00000000000000000000	0.00000000000000000000
1.70000000000000017764	0.99896547284833092650	0.78606877935699637217	0.82529187883980970053	0.09662049222155325023	0.07884135230646244219	0.00000000000000000000	0.00000000000000000000
1.80000000000000004441	0.99884543270719339247	0.76189893545697096044	0.80538999404634270540	0.10691100724842089731	0.08731640885248176387	0.00000000000000000000	0.00000000000000000000
1.90000000000000013323	0.99872007380986393965	0.73669589488670628175	0.78459966230690569855	0.11753713976992023749	0.09608602703338101070	0.00000000000000000000	0.00000000000000000000
2.00000000000000000000	0.99858962352761726500	0.71050621009582060061	0.76295384066984972549	0.12847026435529773636	0.10512901516710260186	0.00000000000000000000	0.00000000000000000000
2.10000000000000008882	0.99845431314210408846	0.68337732840746279184	0.74048612246769074385	0.13968179923267165510	0.11442422757735760952	0.00000000000000000000	0.00000000000000000000
2.20000000000000017764	0.99831437740827588811	0.65535749814154997672	0.71723068019055491451	0.15114325179050819292	0.12395059182192022518	0.00000000000000000000	0.00000000000000000000
2.30000000000000026645	0.99817005412116110996	0.62649567509144277189	0.69322220862320416135	0.16282626312332754148	0.13368713531849060749	0.00000000000000000000	0.00000000000000000000
2.40000000000000035527	0.99802158368719218196	0.59684142950742780087	0.66849586832538843151	0.17470265156310532673	0.14361301134027024129	0.00000000000000000000	0.00000000000000000000
2.50000000000000000000	0.99786920870066042610	0.56644485373632535996	0.64308722953285624158	0.18674445514083912179	0.15370752435504952960	0.00000000000000000000	0.00000000000000000000
2.60000000000000008882	0.99771317352599531159	0.53535647066245062309	0.61703221655394957512	0.19892397292582131296	0.16395015468337320597	0.00000000000000000000	0.00000000000000000000
2.70000000000000017764	0.99755372388642693515	0.50362714309066558549	0.59036705273390943649	0.21121380519324489677	0.17432058245310222411	0.00000000000000000000	0.00000000000000000000
2.80000000000000026645	0.99739110645956186030	0.47130798420772956892	0.56312820605662516904	0.22358689237387588400	0.18479871082932436410	0.00000000000000000000	0.00000000000000000000
2.90000000000000035527	0.99722556848043275579	0.43845026925345204072	0.53535233545039717651	0.23601655274267424600	0.19536468850047108980	0.00000000000000000000	0.00000000000000000000
3.00000000000000000000	0.99705735735245437645	0.40510534852822144281	0.50707623786194155890	0.24847651880637044997	0.20599893140299166405	0.00000000000000000000	0.00000000000000000000
3.10000000000000008882	0.99688672026684055361	0.37132456185856782538	0.47833679615971325116	0.26094097235318863826	0.21668214366881233257	0.00000000000000000000	0.00000000000000000000
3.20000000000000017764	0.99671390383074554009	0.33715915463717793799	0.44917092792478341412	0.27338457813098360205	0.22739533778137799302	0.00000000000000000000	0.00000000000000000000
3.30000000000000026645	0.99653915370471213286	0.30266019554871470554	0.41961553518470035007	0.28578251612328475773	0.23811985392779794202	0.00000000000000000000	0.00000000000000000000
3.40000000000000035527	0.99636271424962119525	0.26787849608732877682	0.38970745514266663667	0.29811051239576119576	0.24883737853621054614	0.00000000000000000000	0.00000000000000000000
3.50000000000000000000	0.99618482818353071284	0.23286453196648715380	0.35948341195154676075	0.31034486848877118614	0.25952996198906019831	0.00000000000000000000	0.00000000000000000000
3.60000000000000008882	0.99600573624875998746	0.19766836651626779053	0.32897996957921521455	0.32246248933472493325	0.27018003550463270956	0.00000000000000000000	0.00000000000000000000
3.70000000000000017764	0.99582567688937473349	0.16233957615775995720	0.29823348580873698666	0.33444090968196638070	0.28077042718062089621	0.00000000000000000000	0.00000000000000000000
3.80000000000000026645	0.99564488593938726968	0.12692717803873004856	0.26728006741409665592	0.34625831900992065648	0.29128437719504512993	0.00000000000000000000	0.00000000000000000000
3.90000000000000035527	0.99546359632184344690	0.09147955990916273317	0.23615552654906579733	0.35789358492315676008	0.30170555216131417220	0.00000000000000000000	0.00000000000000000000
4.00000000000000000000	0.99528203775902135408	0.05604441230974643862	0.20489533838411619349	0.36932627501493808797	0.31201805863557752208	0.00000000000000000000	0.00000000000000000000
4.10000000000000053291	0.99510043649385659936	0.02066866314081938771	0.17353460002313006449	0.38053667719363193367	0.32220645577596918052	0.00000000000000000000	0.00000000000000000000
4.20000000000000017764	0.99491901502270130297	-0.01460158532621458338	0.14210799072944110821	0.39150581846813403697	0.33225576715444221643	0.00000000000000000000	0.00000000000000000000
4.29999999999999982236	0.99473799183960576187	-0.04972111693849928793	0.11064973348692841437	0.40221548219121427969	0.34215149172356540408	0.00000000000000000000	0.00000000000000000000
4.40000000000000035527	0.99455758119214288104	-0.08464565960131309463	0.07919355792034171726	0.41264822376228238454	0.35187961394142552862	0.00000000000000000000	0.00000000000000000000
4.50000000000000000000	0.99437799284879613282	-0.11933194062202723273	0.04777266459549803224	0.42278738479365129965	0.36142661305924211890	0.00000000000000000000	0.00000000000000000000
4.60000000000000053291	0.99419943187805892570	-0.15373773941813145827	0.01641969071763105248	0.43261710574694905995	0.37077947157738999628	0.00000000000000000000	0.00000000000000000000
4.70000000000000017764	0.99402209843917288534	-0.18782193755438530980	-0.01483332275614226980	0.44212233704865211426	0.37992568287644379321	0.00000000000000000000	0.00000000000000000000
4.80000000000000071054	0.99384618758453546761	-0.22154456607930878009	-0.04595496257716191746	0.45128884869615104591	0.38885325803107861908	0.00000000000000000000	0.00000000000000000000
4.90000000000000035527	0.99367188907373948936	-0.25486685013641163788	-0.07691447322749742077	0.46010323836796135355	0.39755073181549466232	0.00000000000000000000	0.00000000000000000000
5.00000000000000000000	0.99349938719920760644	-0.28775125083057784270	-0.10768178549559045964	0.46855293805392794759	0.40600716790999646921	0.00000000000000000000	0.00000000000000000000
5.10000000000000053291	0.99332886062340985944	-0.32016150433502277295	-0.13822754359912595157	0.47662621922336190217	0.41421216331923998988	0.00000000000000000000	0.00000000000000000000
5.20000000000000017764	0.99316048222753661179	-0.35206265822903271001	-0.16852313085115613878	0.48431219655104529309	0.42215585201347738398	0.00000000000000000000	0.00000000000000000000
5.30000000000000071054	0.99299441897157636472	-0.38342110506149296167	-0.19854069386756872939	0.49160083022300604672	0.42982890780486882054	0.00000000000000000000	0.00000000000000000000
5.40000000000000035527	0.99283083176570463557	-0.41420461313983159002	-0.22825316531603190295	0.49848292684578809908	0.43722254647168085073	0.00000000000000000000	0.00000000000000000000
5.50000000000000000000	0.99266987535280870603	-0.44438235454847757611	-0.25763428520872533323	0.50495013898469254254	0.44432852714384374337	0.00000000000000000000	0.00000000000000000000
5.60000000000000053291	0.99251169820214779627	-0.47392493040542987837	-0.28665862074274739424	0.51099496335820071558	0.45113915296400974864	0.00000000000000000000	0.00000000000000000000
5.70000000000000017764	0.99235644241392750864	-0.50280439336969617869	-0.31530158469416458278	0.51661073771729404402	0.45764727103879609960	0.00000000000000000000	0.00000000000000000000
5.80000000000000071054	0.99220424363465609119	-0.53099426741654420780	-0.34353945237334759799	0.52179163643992454436	0.46384627169543579672	0.00000000000000000000	0.00000000000000000000
5.90000000000000035527	0.99205523098312853314	-0.55846956490150967412	-0.37134937715073668141	0.52653266487229455350	0.46973008705955288100	0.00000000000000000000	0.00000000000000000000
6.00000000000000000000	0.99190952698696777112	-0.58520680093804067212	-0.39870940456406317454	0.53082965244996638265	0.47529318897029004809	0.00000000000000000000	0.00000000000000000000
6.10000000000000053291	0.99176724752940792484	-0.61118400511724169100	-0.42559848501931030196	0.53467924463296157001	0.48053058624935457432	0.00000000000000000000	0.00000000000000000000
6.20000000000000017764	0.99162850180629757979	-0.63638073060197597464	-0.45199648509923784356	0.53807889369028905069	0.48543782134094731751	0.00000000000000000000	0.00000000000000000000
6.30000000000000071054	0.99149339229300115228	-0.66077806063083399657	-0.47788419749466259923	0.54102684837029058063	0.49001096633989182916	0.00000000000000000000	0.00000000000000000000
6.40000000000000035527	0.99136201472113150146	-0.68435861247099338822	-0.50324334957497318666	0.54352214249426666903	0.49424661842559503011	0.00000000000000000000	0.00000000000000000000
6.50000000000000000000	0.99123445806487753273	-0.70710653886202301521	-0.52805661061557862546	0.54556458251171902063	0.49814189471972114553	0.00000000000000000000	0.00000000000000000000
6.60000000000000053291	0.99111080453672095736	-0.72900752699578252880	-0.55230759770111770290	0.54715473405633407999	0.50169442658566354432	0.00000000000000000000	0.00000000000000000000
6.70000000000000017764	0.99099112959233959241	-0.75004879508041655267	-0.57598088032440442063	0.54829390754261575491	0.50490235338818401090	0.00000000000000000000	0.00000000000000000000
6.80000000000000071054	0.99087550194454565577	-0.77021908653927217969	-0.59906198370207663917	0.54898414284373997507	0.50776431573171265654	0.00000000000000000000	0.00000000000000000000
6.90000000000000035527	0.99076398358599804261	-0.78950866189806623296	-0.62153739082887615730	0.54922819309174419899	0.51027944819596815496	0.00000000000000000000	0.00000000000000000000
7.00000000000000000000	0.99065662982049262908	-0.80790928841614406686	-0.64339454329343737093	0.54902950764173286125	0.51244737158764297469	0.00000000000000000000	0.00000000000000000000
7.10000000000000053291	0.99055348930264708329	-0.82541422752002713281	-0.66462184087926257092	0.54839221424218775880	0.51426818472710733587	0.00000000000000000000	0.00000000000000000000
7.20000000000000017764	0.99045460408575025646	-0.84201822009957250081	-0.68520863997541670010	0.54732110045382276198	0.51574245578902333520	0.00000000000000000000	0.00000000000000000000
7.30000000000000071054	0.99036000967745474455	-0.85771746972903684103	-0.70514525082207513140	0.54582159435970489803	0.51687121321587792266	0.00000000000000000000	0.00000000000000000000
7.40000000000000035527	0.99026973510341065321	-0.87250962387761110683	-0.72442293361714837907	0.54389974460975709647	0.51765593622360306370	0.00000000000000000000	0.00000000000000000000
7.50000000000000000000	0.99018380297817132352	-0.88639375317509783159	-0.74303389351019677456	0.54156219984256148692	0.51809854491813078781	0.00000000000000000000	0.00000000000000000000
7.60000000000000053291	0.99010222958351334910	-0.89937032880073974894	-0.76097127451112245300	0.53881618752786486493	0.51820139004215448608	0.00000000000000000000	0.00000000000000000000
7.70000000000000017764	0.99002502495379063330	-0.91144119806426027175	-0.77822915234130674023	0.53566949227296101199	0.51796724237100366661	0.00000000000000000000	0.00000000000000000000
7.80000000000000071054	0.98995219296807535070	-0.92260955824965795724	-0.79480252625541414346	0.53213043363618361958	0.51739928177668570441	0.00000000000000000000	0.00000000000000000000
7.90000000000000035527	0.98988373144895036582	-0.93287992879365133625	-0.81068730986269876837	0.52820784349063898411	0.51650108597906241314	0.00000000000000000000	0.00000000000000000000
8.00000000000000000000	0.98981963226768865383	-0.94225812187165614020	-0.82588032097703611978	0.52391104298118684746	0.51527661900303012299	0.00000000000000000000	0.00000000000000000000
8.09999999999999964473	0.98975988145547710850	-0.95075121146509988801	-0.84037927052515004611	0.51924981911735512696	0.51373021936050855540	0.00000000000000000000	0.00000000000000000000
8.20000000000000106581	0.98970445932069850414	-0.95836750098507872409	-0.85418275054325865092	0.51423440104480988566	0.51186658797602602178	0.00000000000000000000	0.00000000000000000000
8.30000000000000071054	0.98965334057178722116	-0.96511648952763540166	-0.86729022129224930815	0.50887543603747442678	0.50969077587445643651	0.00000000000000000000	0.00000000000000000000
8.40000000000000035527	0.98960649444553805409	-0.97100883683690863979	-0.87970199752214028877	0.50318396525214115211	0.50720817164943998723	0.00000000000000000000	0.00000000000000000000
8.50000000000000000000	0.98956388484066837297	-0.97605632705283473793	-0.89141923391678556943	0.49717139928701281626	0.50442448873093437278	0.00000000000000000000	0.00000000000000000000
8.59999999999999964473	0.98952547045631189526	-0.98027183132036710411	-0.90244390974994836974	0.49084949358507701245	0.50134575247009238730	0.00000000000000000000	0.00000000000000000000
8.70000000000000106581	0.98949120493526254716	-0.98366926933758702667	-0.91277881278421069133	0.48423032372273067114	0.49797828705961671991	0.00000000000000000000	0.00000000000000000000
8.80000000000000071054	0.98946103701169119127	-0.98626356992016561698	-0.92242752244431902575	0.47732626062356275920	0.49432870230756054131	0.00000000000000000000	0.00000000000000000000
8.90000000000000035527	0.98943491066310162996	-0.98807063065973388394	-0.93139439229678033794	0.47014994573649726561	0.49040388028238512952	0.00000000000000000000	0.00000000000000000000
9.00000000000000000000	0.98941276526631960486	-0.98910727675371479251	-0.93968453186771394581	0.46271426621697664405	0.48621096184691425801	0.00000000000000000000	0.00000000000000000000
9.09999999999999964473	0.98939453575728442125	-0.98939121908398774963	-0.94730378783106794494	0.45503233014913591070	0.48175733309868040699	0.00000000000000000000	0.00000000000000000000
9.20000000000000106581	0.98938015279424051940	-0.98894101162134750993	-0.95425872459927363334	0.44711744184606566632	0.47705061173388418894	0.00000000000000000000	0.00000000000000000000
9.30000000000000071054	0.98936954292425083324	-0.98777600823269007257	-0.96055660434878453735	0.43898307726477769908	0.47209863335210466850	0.00000000000000000000	0.00000000000000000000
9.40000000000000035527	0.98936262875278635498	-0.98591631896724907236	-0.96620536651289645746	0.43064285957147652173	0.46690943771865944800	0.00000000000000000000	0.00000000000000000000
9.50000000000000000000	0.98935932911601098816	-0.98338276589753692569	-0.97121360677411150419	0.42211053489191641130	0.46149125500125881549	0.00000000000000000000	0.00000000000000000000
9.60000000000000142109	0.98935955925560881141	-0.98019683859023309935	-0.97559055558860419133	0.41339994828092641033	0.45585249199740923709	0.00000000000000000000	0.00000000000000000000
9.70000000000000106581	0.98936323099591749752	-0.97638064928146905963	-0.97934605627522919313	0.40452501994412287667	0.45000171836887126187	0.00000000000000000000	0.00000000000000000000
9.80000000000000071054	0.98937025292304114910	-0.97195688783004874356	-0.98249054270143543199	0.39549972174398884128	0.44394765289907600625	0.00000000000000000000	0.00000000000000000000
9.90000000000000035527	0.98938053056571206856	-0.96694877652135746704	-0.98503501659848646810	0.38633805402150722674	0.43769914978932078498	0.00000000000000000000	0.00000000000000000000
10.00000000000000000000	0.98939396657773670540	-0.96138002479378603660	-0.98699102453839893112	0.37705402276367905312	0.43126518500922528254	0.00000000000000000000	0.00000000000000000000
10.10000000000000142109	0.98941046067814186760	-0.95527478371196539175	-0.98837063435926408861	0.36766162676927444108	0.42465485456877322124	0.00000010657725377258	0.00000011390150532514
10.20000000000000106581	0.98942990797184593443	-0.94865759884488676246	-0.98918640963797554999	0.35817494019841678021	0.41787749011847169500	0.00000173366699740388	0.00000183413743848703
10.30000000000000071054	0.98945219812005436033	-0.94155336387764898554	-0.98945138446086544626	0.34860818885360300712	0.41094276637718241130	0.00000891660917161248	0.00000933597358539921
10.40000000000000035527	0.98947721286911460847	-0.93398727233925071811	-0.98917903581418442638	0.33897572472907699925	0.40386068259909702061	0.00002864020203577372	0.00002966916952653681
10.50000000000000000000	0.98950485375249730424	-0.92598479786555665250	-0.98838328540330067096	0.32929199847628948250	0.39664154309175614355	0.00007110281584115753	0.00007285413130559485
10.60000000000000142109	0.98953502888786792901	-0.91757163715460987596	-0.98707845992049547679	0.31957150249310339873	0.38929590423937043830	0.00015002618985405928	0.00015199707146046088
10.70000000000000106581	0.98956761195526732333	-0.90877362103635672685	-0.98527922293580705304	0.30982877434481326251	0.38183456062152765220	0.00028301651042681960	0.00028342457675638799
10.80000000000000071054	0.98960248491299074303	-0.89961671152408229091	-0.98300059005194262429	0.30007833363211650068	0.37426850960238722266	0.00049198284962611151	0.00048683781721423725
10.90000000000000035527	0.98963953205607346764	-0.89012695021367826964	-0.98025789502577376222	0.29033465785619111399	0.36660892075694034853	0.00080361964127322516	0.00078548639096361614
11.00000000000000000000	0.98967863721040927327	-0.88033041020940727694	-0.97706675874737747289	0.28061215027906899477	0.35886710543949268404	0.00124996038787623508	0.00120636149397969654
11.10000000000000142109	0.98971968369940910293	-0.87025315138909209445	-0.97344306081155884680	0.27092510855462115238	0.35105448665395599939	0.00186901020825845643	0.00178040772097230542
11.20000000000000106581	0.98976255449275052367	-0.85992117653862198967	-0.96940291118943855420	0.26128769420349085006	0.34318256929793133914	0.00270546508217696076	0.00254275230609732729
11.30000000000000071054	0.98980713238364448348	-0.84936038831626670120	-0.96496262194346138497	0.25171390300024698572	0.33526291085819226456	0.00381152560258481675	0.00353294998283618751
11.40000000000000035527	0.98985330016993666735	-0.83859654712915399077	-0.96013867905605720932	0.24221753633556833418	0.32730709263288509936	0.00524781254673481641	0.00479524084824193512
11.50000000000000000000	0.98990094083320157026	-0.82765523001534568870	-0.95494771445823078970	0.23281217361047809589	0.31932669155256293569	0.00708439039532038177	0.00637881762227077067
11.60000000000000142109	0.98994993771335815236	-0.81656179062005207481	-0.94940647834413838257	0.22351114571356614502	0.31133325266851952229	0.00940190274651464715	0.00833809745678953419
11.70000000000000106581	0.99000017467762857493	-0.80534132034709871029	-0.94353181185480261561	0.21432750962583238530	0.30333826237262079273	0.01229281995148845744	0.01073299192369634586
11.80000000000000071054	0.99005153628330611060	-0.79401861075823376712	-0.93734062020989195041	0.20527402419154480717	0.29535312240870259526	0.01586279364250163179	0.01362916694381469118
11.90000000000000035527	0.99010390793295877110	-0.78261811728300467728	-0.93084984636036749439	0.19636312708673792082	0.28738912473035715944	0.02023210432622197033	0.01709828214825244441
12.00000000000000000000	0.99015717602184183388	-0.77116392429340330228	-0.92407644523013388049	0.18760691301095633321	0.27945742725536881768	0.02553717579185824441	0.02121819642696665467
12.10000000000000142109	0.99021122807646244635	-0.75967971158753899719	-0.91703735860789192813	0.17901711312120111019	0.27156903056158293586	0.03193211230398868700	0.02607312314699003139
12.20000000000000106581	0.99026595288371310755	-0.74818872231769917303	-0.90974949074445443653	0.17060507572100103157	0.26373475556380360230	0.03959018954331181700	0.03175371464629273000
12.30000000000000071054	0.99032124060947990252	-0.73671373238873671951	-0.90222968470365250138	0.16238174821145537341	0.25596522220584005947	0.04870519562327142726	0.03835705106368936246
12.40000000000000035527	0.99037698290639797349	-0.72527702134454585803	-0.89449469950899185289	0.15435766030554434747	0.24827082919639545389	0.05949247123003473942	0.04598650329693575872
12.50000000000000000000	0.99043307300940630622	-0.71390034475140440318	-0.88656118812039430566	0.14654290850131851398	0.24066173481204128359	0.07218943433143006072	0.05475143385810495034
12.60000000000000142109	0.99048940581860089871	-0.70260490807962527882	-0.87844567626940972538	0.13894714180477465981	0.23314783878512376769	0.08705529068846822038	0.06476669262138258498
12.70000000000000106581	0.99054588451633940327	-0.69141134260512637777	-0.87016454872054083136	0.13157955221016881531	0.22573876529629416376	0.10436951632625771080	0.07615185698867932285
12.80000000000000071054	0.99060239664303839646	-0.68033968092561059038	-0.86173400591269477822	0.12444885028572459651	0.21844384703628819122	0.12442859353682478307	0.08903015801729509404
12.90000000000000035527	0.99065884738193310532	-0.66940933652116152430	-0.85317007869441230383	0.11756327168494734581	0.21127211044655164196	0.14754021609129661097	0.10352702565083582442
13.00000000000000000000	0.99071515076260452393	-0.65863908529291015359	-0.84448860193284092102	0.11093056383726747349	0.20423226204772126913	0.17401409634936215731	0.11976793725536320767
13.10000000000000142109	0.99077121917703758758	-0.64804705025246545080	-0.83570518691643125297	0.10455796919188455052	0.19733267581839181171	0.20414822612632538279	0.13787633006474553365
13.20000000000000106581	0.99082695977017098965	-0.63765067784812068385	-0.82683518330526084572	0.09845221616666686992	0.19058138240883434888	0.23820918128438794970	0.15797038539854310613
13.30000000000000071054	0.99088227642815851492	-0.62746671087767780239	-0.81789371667761490148	0.09261952423313490890	0.18398605700133546792	0.27640482101944041649	0.18015917468587816508
13.40000000000000035527	0.99093709418794684307	-0.61751120428317929356	-0.80889563707650735669	0.08706559394679576347	0.17755401347705260240	0.31884780271990498246	0.20453798700630990148
13.50000000000000000000	0.99099132113344390316	-0.60779947390767985471	-0.79985552772650536646	0.08179560284239094370	0.17129218980769200797	0.36550829353179087322	0.23118340456865665855
13.60000000000000142109	0.99104487722979994757	-0.59834611297880946346	-0.79078767743639988286	0.07681420244391119756	0.16520714652291249025	0.41615494501182820342	0.26014573034146082353
13.70000000000000106581	0.99109768529621067312	-0.58916497205859263975	-0.78170607402129799191	0.07212551605927762510	0.15930505823066740123	0.47028429876419525213	0.29144245760113834942
13.80000000000000071054	0.99114967106639417782	-0.58026914920463223968	-0.77262439349942979572	0.06773313750515470855	0.15359170842037656035	0.52704108402427596314	0.32504959929018506504
13.90000000000000035527	0.99120076324330108619	-0.57167098123228510254	-0.76355599003653096268	0.06364013068286125674	0.14807248501372632932	0.58513534344388806741	0.36089239609875584103
14.00000000000000000000	0.99125089354910567163	-0.56338203603783687523	-0.75451388657852247466	0.05984902996782773960	0.14275237680644423111	0.64276736784922838819	0.39883530388122245824
14.10000000000000142109	0.99129999677088909138	-0.55541310594291681824	-0.74551076613589606357	0.05636184137623011237	0.13763597076665437524	0.69757784182988791244	0.43867154639887062650
14.20000000000000106581	0.99134801080185586120	-0.54777420202268023441	-0.73655896368214790471	0.05318004447362664755	0.13272745015444659122	0.74664755886706979382	0.48011266091543153278
14.30000000000000071054	0.99139487667850267893	-0.54047454938265782065	-0.72767045862882662188	0.05030459499213966318	0.12803059342685707556	0.78657658404746810810	0.52277863067713670198
14.40000000000000035527	0.99144053861351977286	-0.53352258335230773323	-0.71885686783960378587	0.04773592812444511779	0.12354877389208729355	0.81367345462885176666	0.56618938292545151203
14.50000000000000000000	0.99148494402464937281	-0.52692594656669844433	-0.71012943914674730994	0.04547396246493476402	0.11928496007686964497	0.82427642898456732201	0.60975862101175581920
14.60000000000000142109	0.99152804355965740157	-0.52069148691128197548	-0.70149904533464579881	0.04351810457060754922	0.11524171677116343271	0.81520668589770084456	0.65279113410262912254
14.70000000000000106581	0.99156979111708809516	-0.51482525630872666422	-0.69297617855609261461	0.04186725411655235762	0.11142120671488150996	0.78431650589991563916	0.69448485911175295016
14.80000000000000071054	0.99161014386318235836	-0.50933251033084014914	-0.68457094514951466468	0.04051980962338377901	0.10782519289228592596	0.73104919026873826926	0.73393901991338494906
14.90000000000000035527	0.99164906224481619290	-0.50421770862269732483	-0.67629306082732965066	0.03947367473646888614	0.10445504140059772014	0.65688609699667499520	0.77016959567411968912
15.00000000000000000000	0.99168650999853880101	-0.49948451613053151954	-0.66815184620822987149	0.03872626503933396247	0.10131172486073058980	0.56554087393224339309	0.80213312930980418258
15.10000000000000142109	0.99172245415576321115	-0.49513580512902716224	-0.66015622266893592140	0.03827451538618353855	0.09839582633942918488	0.46279107435418881389	0.82875944161037551350
15.20000000000000106581	0.99175686504385007769	-0.49117365804772744609	-0.65231470849402772849	0.03811488774096599697	0.09570754375365830846	0.35591717334708222742	0.84899314730919184235
15.30000000000000071054	0.99178971628355483414	-0.48759937110078682698	-0.64463541530600065865	0.03824337951288620668	0.09324669472988000862	0.25282837265044943997	0.86184298759713973137
15.40000000000000035527	0.99182098478230773519	-0.48441345872745050771	-0.63712604476045620050	0.03865553238057726354	0.09101272189258324818	0.16105253013171871856	0.86643695275333043604
15.50000000000000000000	0.99185065072365852235	-0.48161565885499751927	-0.62979388549543413589	0.03934644159940224595	0.08900469855836111444	0.08681156655697434832	0.86208007137644082629
15.60000000000000142109	0.99187869755283741835	-0.47920493899874244681	-0.62264581032726018517	0.04031076578840631086	0.08722133481375571318	0.03437381184415994051	0.84831073905478859842
15.70000000000000106581	0.99190511195813735323	-0.47717950321706420480	-0.61568827368853451532	0.04154273719531461490	0.08566098395703040935	0.00578547330318185480	0.82495073152496534163
15.80000000000000071054	0.99192988384826064063	-0.47553679994180375612	-0.60892730930800498257	0.04303617243968019257	0.08432164928598490095	0.00097456935227118217	0.79214378130457097082
15.90000000000000035527	0.99195301528788570877	-0.47427353751666112558	-0.60236853565805925648	0.04478448804419814938	0.08320099661563024052	0.01813431756063723158	0.75037685786288810252
16.00000000000000000000	0.99197448663162768323	-0.47338566718816577072	-0.59601712557136299342	0.04678069721918426405	0.08229634349671849369	0.05425299213966331552	0.70048601396583076717
16.10000000000000142109	0.99199430411831679422	-0.47286843232536834858	-0.58987784533781728591	0.04901744138974371140	0.08160468978943963281	0.10566334380873523835	0.64363265949451542447
16.19999999999999928946	0.99201249034580762931	-0.47271637215882478245	-0.58395504394634401013	0.05148699758021103162	0.08112272440384327155	0.16852008781411689786	0.58126312249932488019
16.30000000000000071054	0.99202901513193719740	-0.47292327544232659609	-0.57825259672971074387	0.05418127394370825245	0.08084679604626725247	0.23915841984056707137	0.51505046600512527366
16.40000000000000213163	0.99204390322147695258	-0.47348228805702352595	-0.57277399184084276662	0.05709184896907226053	0.08077297704209894513	0.31432380679839244664	0.44681298267769342658
16.50000000000000000000	0.99205719810452452911	-0.47438589473990228074	-0.56752230579145590550	0.06020997797625422809	0.08089704184743458371	0.39128869709150299050	0.37845858184067165952
16.60000000000000142109	0.99206889031651068755	-0.47562587481111334720	-0.56250013125844988693	0.06352658915051748179	0.08121447345280900787	0.46788313065629166809	0.31181120320104760424
16.69999999999999928946	0.99207901936576459168	-0.47719340221586653561	-0.55770967900161150244	0.06703233106188803692	0.08172048044445573423	0.54246659111213924032	0.24861840373852239772
16.80000000000000071054	0.99208758103923433413	-0.47907898489273498255	-0.55315268508751236354	0.07071756194161539499	0.08241000897162270578	0.61386846927476701463	0.19045729577062917026
16.90000000000000213163	0.99209462641546375394	-0.48127257988099209074	-0.54883050631688468091	0.07457237201084533640	0.08327774090244630112	0.68131223665718965155	0.13863089122977809153
17.00000000000000000000	0.99210017306103004397	-0.48376352297309649364	-0.54474404079712845927	0.07858660739057596323	0.08431811774181426078	0.74433830779648679776	0.09421445373308214022
17.10000000000000142109	0.99210424974995747860	-0.48654059567695490118	-0.54089377116381487376	0.08274988294174064063	0.08552534712399727235	0.80273262432815828404	0.05798319689117528708
17.19999999999999928946	0.99210689279549524322	-0.48959204537173123262	-0.53727976244401987049	0.08705160005231056541	0.08689341484749776856	0.85646422497961627318	0.03041540389261173510
17.30000000000000071054	0.99210817586439759008	-0.49290563754047600487	-0.53390169742328463798	0.09148096522304685618	0.08841609135842035117	0.90563401557713529844	0.01171158788455920960
17.40000000000000213163	0.99210812743009724191	-0.49646860066474701734	-0.53075880561401245217	0.09602700835337568686	0.09008694836734901235	0.95043290218732356944	0.00182342048553686556
17.50000000000000000000	0.99210677579154915584	-0.50026769619046618232	-0.52784989958440808877	0.10067860200500119983	0.09189935843036282914	0.99110954707489407056	0.00047575499958622862
17.60000000000000142109	0.99210418636882891086	-0.50428927844091842037	-0.52517342558757140747	0.10542448106954030451	0.09384651549449773977	1.02794675274273483723	0.00722591553623488664
17.69999999999999928946	0.99210037862626865302	-0.50851924996116537603	-0.52272738274863417285	0.11025326452245592934	0.09592144851324187205	1.06124166382501194938	0.02149669816607889875
17.80000000000000071054	0.99209539970158988620	-0.51294315839173576510	-0.52050940401904510768	0.11515347368483652701	0.09811703239200217364	1.09129474297550266293	0.04261574488618711382
17.90000000000000213163	0.99208929973454706985	-0.51754620442817500514	-0.51851673918706253641	0.12011355400189777098	0.10042599983283080622	1.11840026088108968061	0.06985182294498348821
18.00000000000000000000	0.99208213102780584691	-0.52231327304349961516	-0.51674626209020035894	0.12512189633095022190	0.10284095410451557506	1.14284041639801214885	0.10244656067961248336
18.10000000000000142109	0.99207394780232305287	-0.52722896634035043562	-0.51519447918084659843	0.13016685858241200391	0.10535438206762448576	1.16488169197673241406	0.13964097403263781016
18.19999999999999928946	0.99206480602079183395	-0.53227763746222589436	-0.51385753893290742056	0.13523678767002264567	0.10795866744608124954	1.18477283913778030922	0.18069664664535600718
18.30000000000000071054	0.99205476323026564600	-0.53744342546062262578	-0.51273124205138709275	0.14032004173295628546	0.11064610433573900117	1.20274402697047233524	0.22491178513010839923
18.40000000000000213163	0.99204387841043928375	-0.54271029104373580410	-0.51181105247869218555	0.14540501258992630240	0.11340891093938350320	1.21900679932430988650	0.27163261721999926168
18.50000000000000000000	0.99203221182323164662	-0.54806205313443023819	-0.51109210919658032424	0.15048014838256298931	0.11623924351280665035	1.23375457593388682120	0.32026074181860614276
18.60000000000000142109	0.99201982486080908519	-0.55348242616122556026	-0.51056923881675231325	0.15553397636222993095	0.11912921047508402694	1.24716350254875019132	0.37025710967610092617
18.69999999999999928946	0.99200677989212993069	-0.55895505800196132462	-0.51023696896290071656	0.16055512577181363376	0.12207088682642865118	1.25939350873515709672	0.42114326372451693636
18.80000000000000071054	0.99199314010629480176	-0.56446356849290679758	-0.51008954243500281844	0.16553235077121714047	0.12505632861799692579	1.27058947260784349531	0.47250051104868495688
18.90000000000000213163	0.99197896935384299866	-0.56999158841281793997	-0.51012093213586506835	0.17045455335295198185	0.12807758761021398319	1.28088242212334746384	0.52396754615546015099
19.00000000000000000000	0.99196433198512823370	-0.57552279884453094727	-0.51032485674174921098	0.17531080619170849588	0.13112672601454247734	1.29039072504239027417	0.57523700794722010254
19.10000000000000142109	0.99194929268713705195	-0.58104097081373817790	-0.51069479710326237676	0.18009037536998107054	0.13419583147095612286	1.29922123610396456073	0.62605133997208539665
19.20000000000000284217	0.99193391631796146157	-0.58653000509797070805	-0.51122401335052536364	0.18478274291981017230	0.13727703199084950736	1.30747038183363284425	0.67619829675480014330
19.30000000000000071054	0.99191826773978497567	-0.59197397209657054429	-0.51190556266582931677	0.18937762911911540376	0.14036251099366814366	1.31522517186854792648	0.72550631209088867202
19.40000000000000213163	0.99190241165100745402	-0.59735715164821734380	-0.51273231769269922431	0.19386501447997570025	0.14344452237287763641	1.32256413160851038491	0.77383991328734291759
19.50000000000000000000	0.99188641241755581834	-0.60266407267909383183	-0.51369698554246745470	0.19823516136497587592	0.14651540556157199857	1.32955815506554198002	0.82109530795268093062
19.60000000000000142109	0.99187033390385415110	-0.60787955256275072458	-0.51479212735571400206	0.20247863516707287346	0.14956760056642467993	1.33627127948479240693	0.86719622831304143951
19.70000000000000284217	0.99185423930433291861	-0.61298873607058290691	-0.51601017837223972506	0.20658632498816412171	0.15259366293720386110	1.34276138502911757122	0.91209008517903589208
19.80000000000000071054	0.99183819097556147337	-0.61797713378989327371	-0.51734346845875689436	0.21054946375124444780	0.15558627863763202503	1.34908082383811422922	0.95574445847745725935
19.90000000000000213163	0.99182225026957049341	-0.62283065988619668030	-0.51878424304119330479	0.21435964768133236591	0.15853827878789211736	1.35527698329472112704	0.99814393042690519042
20.00000000000000000000	0.99180637111455705046	-0.62753557382832048095	-0.52032457888850802696	0.21800884305977011324	0.16144265383494801891	1.36139293877546641021	1.03928727894995009962
20.10000000000000142109	0.99179071167766141848	-0.63208017353725287624	-0.52195805713593301789	0.22155331070831682516	0.16432150036293377560	1.36728767609896229018	1.07954611723234883414
20.20000000000000284217	0.99177541560355908512	-0.63645581752423663335	-0.52368075549136816615	0.22505103808690327116	0.16720057747907274281	1.37279469483760041548	1.11919761762698244389
20.30000000000000071054	0.99176041002864145923	-0.64065499365329148240	-0.52548952736420728726	0.22849628056184242975	0.17007803556600128991	1.37788272575632819716	1.15809325134337659513
20.40000000000000213163	0.99174572391090021206	-0.64467020831697008365	-0.52738091311298629371	0.23188331246093774052	0.17295186897367076373	1.38252168909560002596	1.19609350975761485891
20.50000000000000000000	0.99173138829392082361	-0.64849392799272753685	-0.52935105961702089150	0.23520644363003684330	0.17581991979425501404	1.38668244594372280787	1.23306518381784280258
20.60000000000000142109	0.99171743532872247417	-0.65211862039449808304	-0.53139573798995265452	0.23846003616491562305	0.17867988930127060021	1.39033667566411289762	1.26888141647263452683
20.70000000000000284217	0.99170389807819714356	-0.65553679719706936524	-0.53351036393263484570	0.24163852223035764410	0.18152932884807840286	1.39345676225073011878	1.30342226680700346009
20.80000000000000071054	0.99169081031636163726	-0.65874105738180888103	-0.53569001983587283267	0.24473642263272454844	0.18436566677010574056	1.39601567939820259134	1.33657494902078566312
20.90000000000000213163	0.99167820632824943416	-0.66172413102155314135	-0.53792947843499661076	0.24774836599474797660	0.18718621287312692258	1.39798687216446038128	1.36823418353942671821
21.00000000000000000000	0.99166613074142906381	-0.66447893247291223151	-0.54022323726932119925	0.25066910932233188447	0.18998817020640532127	1.39934412721683831826	1.39830238709427656651
21.10000000000000142109	0.99165461927710840673	-0.66699858711360737740	-0.54256552782371703092	0.25349355600201284311	0.19276864610199959116	1.40006147524748847388	1.42668979870098566742
21.20000000000000284217	0.99164370538183099768	-0.66927648193120525821	-0.54495034949555365422	0.25621677622281024966	0.19552466877479918184	1.40011307173804744330	1.45331444135959730879
21.30000000000000071054	0.99163340637378638576	-0.67130629400704389109	-0.54737148579334027332	0.25883402880455425032	0.19825319708381503037	1.39947306561736151131	1.47810212675650509695
21.40000000000000213163	0.99162376328641232970	-0.67308207413331389013	-0.54982257225141717427	0.26134078048437708874	0.20095114131800317914	1.39811550349409507987	1.50098557292362122517
21.50000000000000000000	0.99161480947742308700	-0.67459825772235870733	-0.55229709801711002193	0.26373272582364976069	0.20361537515827532463	1.39601422451192869190	1.52190625521238098727
21.60000000000000142109	0.99160657679492547611	-0.67584971219757195016	-0.55478844347427436201	0.26600580675561502630	0.20624275281673581928	1.39314277156905630406	1.54081220857436185234
21.70000000000000284217	0.99159909778668975378	-0.67683177915884651377	-0.55728991443787245785	0.26815623162865775964	0.20883012584472232520	1.38947431173543090033	1.55765832928290959281
21.80000000000000071054	0.99159242222381394072	-0.67754032915028350459	-0.55979479127340969757	0.27018049433131213766	0.21137436120713470888	1.38498156254125293074	1.57240649175321323128
21.90000000000000213163	0.99158655522496153001	-0.67797173720666592533	-0.56229630266232943914	0.27207538976051043322	0.21387235410788718593	1.37963676106049515369	1.58502455919791929162
22.00000000000000000000	0.99158151542902184250	-0.67812297510213792595	-0.56478771462951671278	0.27383803272998846756	0.21632104868587048729	1.37341161428037161762	1.59548512036661294111
22.10000000000000142109	0.99157734656382912064	-0.67799165583787046607	-0.56726237293038761500	0.27546587293843832756	0.21871745576303719405	1.36627729087720561907	1.60376731468598210384
22.20000000000000284217	0.99157406170885531438	-0.67757600827980091207	-0.56971368435161195976	0.27695670948063927375	0.22105866692348097313	1.35820442347451342258	1.60985611352318724876
22.30000000000000071054	0.99157168110969384767	-0.67687494272871351342	-0.57213518377024208394	0.27830870413801261920	0.22334187341814151773	1.34916314860241581819	1.61374039614097131157
22.40000000000000213163	0.99157022023960317281	-0.67588806408507873247	-0.57452055440031413180	0.27952039325564054240	0.22556438136462361732	1.33912316203667414172	1.61541415937355714583
22.50000000000000000000	0.99156969439762954188	-0.67461569864944770369	-0.57686366294542734678	0.28059069817922921430	0.22772362733491108289	1.32805380665757244429	1.61487580027319843623
22.60000000000000142109	0.99157011601483813212	-0.67305891059740452498	-0.57915858651282603464	0.28151893409292538806	0.22981719326118427160	1.31592419286947648338	1.61212779295333397123
22.70000000000000284217	0.99157149459829019289	-0.67121951791101963636	-0.58139964096567442464	0.28230481721683797769	0.23184282068540135180	1.30270335512030865921	1.60717650626562447158
22.80000000000000071054	0.99157383665687537366	-0.66910010498488570185	-0.58358140791761003996	0.28294847027567426867	0.23379842385399696170	1.28836044688515349854	1.60003203323310549955
22.90000000000000213163	0.99157714545828201658	-0.66670403095383223846	-0.58569873563574859077	0.28345042592350311317	0.23568129001437354564	1.27286497779266860597	1.59071992718585697446
23.00000000000000000000	0.99158140891978063802	-0.66403542555576711148	-0.58774677490043913952	0.28381163314081131466	0.23749036900439901565	1.25618686453785866064	1.57924490213523394111
23.10000000000000142109	0.99158664711497923605	-0.66109924163585032098	-0.58972106529524892515	0.28403394676621285253	0.23922414665286417801	1.23830652661195528275	1.56562717682852481360
23.20000000000000284217	0.99159283010372434308	-0.65790115545311056433	-0.59161745958447464755	0.28411795343075385567	0.24088131152058717133	1.21918543330923911938	1.54989048279740737613
23.30000000000000071054	0.99159997302254421214	-0.65444766570006196460	-0.59343223537750322549	0.28406645070591568514	0.24246079421090196981	1.19879921553552026836	1.53206155344573646815
23.40000000000000213163	0.99160804922762701974	-0.65074600977057728279	-0.59516202627063707897	0.28388200569576255150	0.24396194137683002712	1.17712442152257956707	1.51217510340546046343
23.50000000000000000000	0.99161704610679168859	-0.64680419836358626906	-0.59680388940217166116	0.28356757817402084010	0.24538394817309594487	1.15414035501624590019	1.49026096200282842652
23.60000000000000142109	0.99162694107745064098	-0.64263097535953761508	-0.59835529067880710574	0.28312651435286395607	0.24672644433248175355	1.12982949192258042004	1.46635711898477683057
23.70000000000000284217	0.99163771495585451010	-0.63823581143905039337	-0.59981413086689572278	0.28256253081862725551	0.24798930433980037602	1.10417845477183829139	1.44050560731006438431
23.80000000000000071054	0.99164932884201562047	-0.63362885778126198932	-0.60117873139136124294	0.28187970300467013463	0.24917264881869038984	1.07717864214672642831	1.41275271348066744359
23.90000000000000213163	0.99166177379439945927	-0.62882096895149308668	-0.60244788285871753164	0.28108245038646084701	0.25027684469858402228	1.04882701075072892749	1.38314925382404463328
24.00000000000000000000	0.99167501113614142660	-0.62382361320937107507	-0.60362079705226778792	0.28017551976509291745	0.25130250662600434053	1.01912691384003872841	1.35175098670905113885
24.10000000000000142109	0.99168900233731294147	-0.61864886910870120484	-0.60469713093955512750	0.27916396697975504049	0.25225049238211516567	0.98808899167934027830	1.31861866099814761810
24.20000000000000284217	0.99170370937709106940	-0.61330938941580614987	-0.60567698619973175944	0.27805313720783209064	0.25312189986396566033	0.95573211510672684277	1.28381864627830100112
24.30000000000000071054	0.99171909141058633974	-0.60781835847427811981	-0.60656090118971872638	0.27684864370545586576	0.25391806202402061876	0.92208436118422476557	1.24742317314896600244
24.40000000000000213163	0.99173510844752699178	-0.60218945375976051793	-0.60734984752911924666	0.27555634525715499983	0.25464054046419692945	0.88718402120505990283	1.20951068376237769186
24.50000000000000000000	0.99175173571662977867	-0.59643681423513283946	-0.60804523502156015979	0.27418232306412643196	0.25529111833020640132	0.85108062184722332866	1.17016616247873206369
24.60000000000000142109	0.99176890719811761077	-0.59057494085541217821	-0.60864884360930016083	0.27273285388561335774	0.25587178962793233339	0.81383596455735185415	1.12948149016283871937
24.70000000000000284217	0.99178656469685677610	-0.58461869289478018974	-0.60916286022522292409	0.27121438611309361955	0.25638475039121821908	0.77552512311005961099	1.08755572542944745074
24.80000000000000071054	0.99180467753624534932	-0.57858325772839447332	-0.60958987518093576963	0.26963351247772965325	0.25683238754489812194	0.73623742092902566547	1.04449537323660068822
24.90000000000000213163	0.99182318328676422059	-0.57248403899639688230	-0.60993281589243453222	0.26799694260008677382	0.25721726537201494711	0.69607735860630892688	1.00041463373276839910
25.00000000000000000000	0.99184202811303567859	-0.56633664285575791020	-0.61019495992842787135	0.26631147515941899773	0.25754211275313337870	0.65516538583132977180	0.95543546247422161954
25.10000000000000142109	0.99186117674387841436	-0.56015683268754279389	-0.61037992505189408998	0.26458397069009537139	0.25780980880734338800	0.61363867014894735163	0.90968773597408258968
25.20000000000000284217	0.99188055373818628802	-0.55396041481973845588	-0.61049158722381990927	0.26282132094245796994	0.25802336782904161661	0.57165164893612607777	0.86330931921221398806
25.30000000000000071054	0.99190010236985826086	-0.54776324044950641667	-0.61053411456964445936	0.26103042148943977896	0.25818592362811898511	0.52937633411117568372	0.81644591949806555320
25.40000000000000213163	0.99191976522341251954	-0.54158112952625858671	-0.61051192178026725266	0.25921814278249943886	0.25830071339762128435	0.48700246346355330340	0.76925093252781262532
25.50000000000000000000	0.99193948450474755951	-0.53542981423245639139	-0.61042964303463542741	0.25739130182197178520	0.25837106114692121039	0.44473739058890426890	0.72188516936160773696
25.60000000000000142109	0.99195920223368971858	-0.52932488263678190155	-0.61029210379517651042	0.25555663413160362163	0.25840036088048179419	0.40280567197541206070	0.67451647114939528027
25.70000000000000284217	0.99197886042991811895	-0.52328172291485319789	-0.61010429175443314787	0.25372076625374156977	0.25839205973665041460	0.36144832673733107153	0.62731920387149753271
25.80000000000000071054	0.99199840129964611535	-0.51731546841979825224	-0.60987132600296511953	0.25189018885112168800	0.25834953304432561882	0.32092173427842463074	0.58047119516622369684
25.90000000000000213163	0.99201777867428042601	-0.51144095377648091105	-0.60959843886684472736	0.25007124762983751198	0.25827636397205899765	0.28149636271077455030	0.53415985957477107871
26.00000000000000000000	0.99203692725061543012	-0.50567263494217162823	-0.60929091484989583716	0.24827007002372378230	0.25817592934801064652	0.24345425543468418583	0.48857210399947936796
26.10000000000000142109	0.99205579152476497384	-0.50002456428567565450	-0.60895408829160468933	0.24649258703035040186	0.25805180350131434741	0.20708742652246697746	0.44390309163449048757
26.20000000000000284217	0.99207430987892453178	-0.49451032793905047580	-0.60859329646193938146	0.24474451336235225618	0.25790725003600212251	0.17269512579164200683	0.40034412021498572143
26.30000000000000071054	0.99209245884707886187	-0.48914303273094700275	-0.60821388090826389305	0.24303128141488777869	0.25774480064193638906	0.14058001029328734410	0.35807721794535163351
26.40000000000000213163	0.99211015787024892099	-0.48393518745990637964	-0.60782108437437432080	0.24135805767584306292	0.25756841479185438315	0.11104543468045198484	0.31731002072148484228
26.50000000000000000000	0.99212740787315012447	-0.47889878372876637513	-0.60742015124187498376	0.23972965445926050498	0.25738148238091440589	0.08439050840520405383	0.27823879148217539603
26.60000000000000142109	0.99214414629785518951	-0.47404511655569459005	-0.60701616016982018476	0.23815078610313705765	0.25718716030571775466	0.06090979965270450908	0.24105454221993571906
26.70000000000000284217	0.99216032022593780848	-0.46938484817875730792	-0.60661406384806271230	0.23662424480388369319	0.25698849712419696845	0.04086903551490372877	0.20594402302723788245
26.80000000000000071054	0.99217588250851040943	-0.46492796553944926163	-0.60621865703070210163	0.23515479442058889736	0.25678841295479648554	0.02454758595656955297	0.17308736227634394234
26.90000000000000213163	0.99219081258351815578	-0.46068373876475260387	-0.60583456530959112207	0.23374624765306312169	0.25658968911190949136	0.01219455522238623718	0.14265646132517328937
27.00000000000000000000	0.99220506626420834628	-0.45666065805145761303	-0.60546618227844473115	0.23240183584339990652	0.25639495169387738205	0.00403274722852128929	0.11481336381790251122
27.10000000000000142109	0.99221860306934306362	-0.45286643909029228316	-0.60511766784155651688	0.23112445914276458225	0.25620667318030482251	0.00025582539066254902	0.08970880504029614400
27.20000000000000284217	0.99223141234448308801	-0.44930802888129206529	-0.60479294548751560967	0.22991712040708575659	0.25602718325357054496	0.00102378069631404718	0.06748082453028808603
27.30000000000000071054	0.99224344857345780913	-0.44599153099646859921	-0.60449563428727215442	0.22878157366822479690	0.25585865994560658132	0.00645967601004582195	0.04825288442097830366
27.40000000000000213163	0.99225471055520575447	-0.44292226719197730356	-0.60422909145962322430	0.22771955436894941727	0.25570308515210116163	0.01664667113900706458	0.03213252912592046845
27.50000000000000000000	0.99226516800309416677	-0.44010469891793918551	-0.60399633697890620088	0.22673243689065991635	0.25556235729971549242	0.03162660222210072342	0.01921033473766681904
27.60000000000000142109	0.99227479524185457915	-0.43754246715857880723	-0.60380006619484660746	0.22582108139985448969	0.25543784795414020694	0.05139789235881828122	0.00955724023135138927
27.70000000000000284217	0.99228359727522541522	-0.43523841301285270955	-0.60364265704159880688	0.22498617215124405710	0.25533089232003836067	0.07591378209610316619	0.00322581163311905532
27.80000000000000071054	0.99229153415934256977	-0.43319449991452030346	-0.60352610019855867929	0.22422798647880931577	0.25524262338893283220	0.10508170126669946765	0.00024866393136709395
27.90000000000000213163	0.99229864094642694639	-0.43141194405655386435	-0.60345208838848241051	0.22354644555554362140	0.25517396442018530633	0.13876385792559778332	0.00063792128159473544
28.00000000000000000000	0.99230488331884603159	-0.42989108143270354789	-0.60342189088680475706	0.22294112713247549173	0.25512562408324807040	0.17677833220274383197	0.00438491277195762058
28.10000000000000142109	0.99231028272166665882	-0.42863150749033707143	-0.60343645114533617235	0.22241127800199855802	0.25509809831853641482	0.21890095087656519235	0.01146010707729603999
28.20000000000000284217	0.99231483156398681000	-0.42763201016834023749	-0.60349631736060083131	0.22195582665183505311	0.25509167062215559740	0.26486786755082730727	0.02181327648620828494
28.30000000000000071054	0.99231852716821522531	-0.42689062496137436531	-0.60360166965364969727	0.22157339800365391524	0.25510641420664675882	0.31437881709854414991	0.03537389497348735617
28.40000000000000213163	0.99232139812483699526	-0.42640468544713489019	-0.60375234095523322431	0.22126232888891375628	0.25514219528359982636	0.36710090580517923398	0.05205175926020128713
28.50000000000000000000	0.99232343935758438036	-0.42617078538103542185	-0.60394777189204484902	0.22102068512424569158	0.25519867660272371745	0.42267288027830235420	0.07173783062655518517
28.60000000000000142109	0.99232467468451523995	-0.42618487104886693118	-0.60418706823943979511	0.22084627968991604741	0.25527532470193559089	0.48070978675375419797	0.09430525644420083287
28.70000000000000284217	0.99232506016110488822	-0.42644217739478734730	-0.60446891483044584703	0.22073669139980922616	0.25537140963725174503	0.54080783065007742572	0.11961058951343667145
28.80000000000000071054	0.99232476402593050580	-0.42693754112398818457	-0.60479185977526117579	0.22068928657164546547	0.25548602985485979744	0.60254935569127054951	0.14749489746971991555
28.90000000000000213163	0.99232373153194597393	-0.42766500424891640275	-0.60515390843489846873	0.22070123605284411306	0.25561809416871367207	0.66550805231386978011	0.17778658312814071829
29.00000000000000000000	0.99232198149231598538	-0.42861814872440329172	-0.60555281778536118598	0.22076953959909920155	0.25576634895541194847	0.72925357635453591509	0.21030060912106232629
29.10000000000000142109	0.99231954123829524406	-0.42979007119744955245	-0.60598605129667193481	0.22089104772619133632	0.25592938277300375516	0.79335650108126876123	0.24484210045617693652
29.20000000000000284217	0.99231643979362615937	-0.43117341835914047010	-0.60645078890078740752	0.22106248343964143843	0.25610563664780322535	0.85739277795946700067	0.28120751212014188924
29.30000000000000071054	0.99231270784941649765	-0.43276042981738921389	-0.60694394513404104075	0.22128046463856118620	0.25629341493756380155	0.92094786628334857070	0.31918639808203513875
29.40000000000000213163	0.99230837760319190455	-0.43454298179401595892	-0.60746218844212573895	0.22154152664689846786	0.25649089652364054359	0.98362047150929199368	0.35856318215876603617
29.50000000000000000000	0.99230348257736533668	-0.43651263146961316597	-0.60800196158862673812	0.22184214468504578899	0.25669614581987609814	1.04502584458897684883	0.39911896705934218899
29.60000000000000142109	0.99229805740916365853	-0.43866066170671325075	-0.60855950285891691198	0.22217875640765308298	0.25690712150459066310	1.10479861287939074010	0.44063359844225796769
29.70000000000000284217	0.99229213760109558073	-0.44097812589072393763	-0.60913086728526644187	0.22254778346511899789	0.25712167454916357023	1.16259515175910643769	0.48288898274923580667
29.80000000000000071054	0.99228575932434714968	-0.44345589272500535172	-0.60971194731104294551	0.22294565311350961201	0.25733754586722645818	1.21809545171521382834	0.52567184375332876023
29.90000000000000213163	0.99227896017105732263	-0.44608469248507637284	-0.61029851247434474537	0.22336881967728738907	0.25755272054609945620	1.27100453483393960319	0.56873943447509955895
30.00000000000000000000	0.99227175154582769601	-0.44885513429703749466	-0.61088620966018292169	0.22381375309407744445	0.25776499561087157231	1.32105290770122829613	0.61183219372361796751
30.10000000000000142109	0.99226422943582281988	-0.45175674254953118725	-0.61146937185166383433	0.22423359290484162765	0.25791871992439585615	1.36798742440656839747	0.65450952079035884523
30.20000000000000284217	0.99225642397981927978	-0.45477702686663801224	-0.61203981290960385309	0.22457960062849396943	0.25795497638100889359	1.41173783725382495646	0.69629338730440504257
30.30000000000000071054	0.99224843316829813844	-0.45790305409594150854	-0.61258854494977243998	0.22484671922253940402	0.25786758976449158931	1.45233642194778989065	0.73711086841353934407
30.40000000000000213163	0.99224028496127114618	-0.46112251450622887550	-0.61310711258307515337	0.22503081673935115825	0.25765135058165494764	1.48982895588665553710	0.77691018637709530203
30.50000000000000000000	0.99223202786443653878	-0.46442382482037802838	-0.61358766453444557598	0.22512863888176859462	0.25730202167801202728	1.52427010068690416134	0.81565725708790437487
30.60000000000000142109	0.99222370929000736073	-0.46779611503125562155	-0.61402295560351916048	0.22513777084065134115	0.25681629770479841302	1.55571995161012721631	0.85333185497319030688
30.70000000000000284217	0.99221537341691723455	-0.47122923058257154549	-0.61440635534743637258	0.22505658099865577526	0.25619176321784370431	1.58424117719429458084	0.88992522323081801883
30.80000000000000071054	0.99220706080709630825	-0.47471373244886150289	-0.61473185514720540823	0.22488419415999139073	0.25542685071147597231	1.60989660992584204813	0.92543770965273042250
30.90000000000000213163	0.99219880824242090434	-0.47824089361267252407	-0.61499407225790814202	0.22462044453892393570	0.25452079823180684404	1.63274744039240204962	0.95987665394468746349
31.00000000000000000000	0.99219064930155087545	-0.48180269237466061272	-0.61518827845393053710	0.22426583304349700931	0.25347322472524302928	1.65285177772360181159	0.99325103313421292395
31.10000000000000142109	0.99218261275180219538	-0.48539180251512209496	-0.61531037861789961152	0.22382148690648950851	0.25228519070894589449	1.67026373720721665883	1.02557910481560732308
31.20000000000000284217	0.99217472420730479232	-0.48900158038261914983	-0.61535687728839338906	0.22328910901206028283	0.25095810642599958307	1.68503252670832459614	1.05687887346875775130
31.30000000000000071054	0.99216700584566808185	-0.49262604957133343531	-0.61532489314020433202	0.22267095193361882699	0.24949401541767046719	1.69720201692634553581	1.08716916302914445858
31.40000000000000213163	0.99215947646384650138	-0.49625988294333300832	-0.61521214954006420150	0.22196976029957221632	0.24789555411164057586	1.70681041471578720525	1.11646858134810456065
31.50000000000000000000	0.99215215156215863512	-0.49989838217604587456	-0.61501696269458172583	0.22118873868023236628	0.24616590993796372278	1.71389064715531680427	1.14479463460332220315
31.60000000000000142109	0.99214504345880094593	-0.50353745496320645447	-0.61473822767890828889	0.22033149091265363806	0.24430877957654800747	1.71846804995800894744	1.17216296358088478691
31.70000000000000284217	0.99213816139945021355	-0.50717359010670914898	-0.61437540251562583471	0.21940198871722949026	0.24232832766384443390	1.72056415210143942573	1.19858668891886588348
31.80000000000000071054	0.99213151167767010818	-0.51080382988325456761	-0.61392849045887665227	0.21840448098242637442	0.24022914600534256424	1.72019428279631547696	1.22407584562086046986
31.90000000000000213163	0.99212510798148223490	-0.51442575138022261783	-0.61339802943897014931	0.21734351855027117528	0.23801621388262989010	1.71736831935769940216	1.24863689299983460224
32.00000000000000000000	0.99211894230155239782	-0.51803741059240016043	-0.61278504624634000386	0.21622389643908548895	0.23569485738662393493	1.71209483226886072238	1.27227231029453369260
32.10000000000000142109	0.99211301307607813182	-0.52163734003802741945	-0.61209105858270407285	0.21505067405719990870	0.23327071193442455721	1.70438531114492231033	1.29498022709174898104
32.20000000000000284217	0.99210731643730987184	-0.52522451021391247661	-0.61131804418476054508	0.21382906029863346653	0.23074968415927885057	1.69424450838659845786	1.31675413229443849517
32.30000000000000426326	0.99210184626980202349	-0.52879829725227145421	-0.61046841654788197573	0.21256438643323297133	0.22813791499574184729	1.68167870241664818565	1.33758260384689142697
32.39999999999999857891	0.99209660464983151495	-0.53235846073491466246	-0.60954500877541051285	0.21126207907237104511	0.22544174439831179968	1.66669489658060832049	1.35744909761717358343
32.50000000000000000000	0.99209156153788569110	-0.53590507085448957358	-0.60855101284801937922	0.20992763138946746171	0.22266767471883677776	1.64930218770977110587	1.37633180297621260380
32.60000000000000142109	0.99208673313537565353	-0.53943855386269656815	-0.60749002144361319289	0.20856656408010637582	0.21982234057721067311	1.62951297499704472749	1.39420354567373405708
32.70000000000000284217	0.99208209026003235653	-0.54295956791647259632	-0.60636592112675746780	0.20718439663626420089	0.21691247208857269979	1.60734408825989394387	1.41103178268765372394
32.80000000000000426326	0.99207761807568117796	-0.54646903010103176079	-0.60518291743884300438	0.20578661816954227359	0.21394486669991391592	1.58281798912865334650	1.42677831332262905484
32.89999999999999857891	0.99207330029724216658	-0.54996805953138072631	-0.60394549403740227511	0.20437663493681473836	0.21092635863699885079	1.55593329109615674533	1.44139931288060441084
33.00000000000000000000	0.99206911978097422899	-0.55345795618637871893	-0.60265838476898891951	0.20296162222717883949	0.20786379224802656318	1.52675305716607856432	1.45484581739235152575
33.10000000000000142109	0.99206505850031168059	-0.55694017954958119354	-0.60132654339418090128	0.20154682504152082734	0.20476365943748636722	1.49532454550779236868	1.46707064982587009894
33.20000000000000284217	0.99206112339352525709	-0.56041633192722417611	-0.59995516114882596614	0.20013732859819491350	0.20163333025225682604	1.46170393498648176767	1.47800920078305386696
33.30000000000000426326	0.99205721588506068365	-0.56388800869960276074	-0.59854947992224549758	0.19873805910549610654	0.19847794345332575583	1.42595968672535078348	1.48754978134087978425
33.39999999999999857891	0.99205334530909672353	-0.56735695373278516307	-0.59711501892872242969	0.19735363247136819553	0.19530340765201165132	1.38817544258485114916	1.49569343693074086055
33.50000000000000000000	0.99204958390915520816	-0.57082502089163367209	-0.59565746867234858897	0.19598873726255108818	0.19211802901564742352	1.34843980688603437557	1.50234130214801209213
33.60000000000000142109	0.99204583829004822082	-0.57429390189006224166	-0.59418246837047505871	0.19464769987562013931	0.18892809678258459805	1.30685853415718300496	1.50740414155472879365
33.70000000000000284217	0.99204209429981360380	-0.57776534517516298095	-0.59269578990853066802	0.19333462196620818108	0.18573979863047243577	1.26355128289519669238	1.51080446994349193446
33.80000000000000426326	0.99203832942806224882	-0.58124104839136248035	-0.59120324360201714775	0.19205334601752627188	0.18255917787613382131	1.21865104604590612780	1.51245948667192009474
33.89999999999999857891	0.99203451807761100500	-0.58472263870815377462	-0.58971065901762309558	0.19080745346475747048	0.17939209235590161673	1.17230445736221455810	1.51228472472337593935
34.00000000000000000000	0.99203063946311764720	-0.58821165753342452565	-0.58822387113492069499	0.18960025920161127644	0.17624420174309260445	1.12467151792181607739	1.51018710908392472803
34.10000000000000142109	0.99202667566709745728	-0.59170953978380591565	-0.58674869931395556844	0.18843478758078519020	0.17312093372182410511	1.07592440789884213892	1.50605517152021373128
34.20000000000000284217	0.99202261437776273478	-0.59521759405345131544	-0.58529092043237673781	0.18731377282475988877	0.17002753160396949506	1.02624693334778416265	1.49982421568590629235
34.30000000000000426326	0.99201842862077094232	-0.59873697070458642422	-0.58385624201150687629	0.18623964921248473137	0.16696898781133406864	0.97583318994121692747	1.49141053700410619598
34.39999999999999857891	0.99201410062702810588	-0.60226866609372542438	-0.58245029820923133190	0.18521455389925650659	0.16395005622176395121	0.92488640074378969391	1.48073385728217665758
34.50000000000000000000	0.99200956764024517121	-0.60581345718551560253	-0.58107859516519810850	0.18424030524994847169	0.16097593717344479969	0.87361679119535906590	1.46776797930285396454
34.60000000000000142109	0.99200468591053958534	-0.60937184259929599861	-0.57974644304839639819	0.18331841946071636418	0.15805043296977422385	0.82223991786742633980	1.45241394804199952517
34.70000000000000284217	0.99199984064323520894	-0.61294465531149600057	-0.57845948558484272528	0.18245009699843503514	0.15517756617167108302	0.77097467556123522314	1.43461037493216303496
34.80000000000000426326	0.99199479738471141310	-0.61653189601894564653	-0.57722268507837304341	0.18163622286159736285	0.15236111128765794653	0.72004113116592383115	1.41431643951300278772
34.89999999999999857891	0.99198953828014591050	-0.62013356200713198874	-0.57604102983095661905	0.18087737526958713730	0.14960457321438005995	0.66965824326423839530	1.39149856372605795762
35.00000000000000000000	0.99198405027061142825	-0.62374942900330387907	-0.57491934136976552416	0.18017382353559086017	0.14691119516641465426	0.62004151012513242236	1.36613797934800529355
35.10000000000000142109	0.99197832089011006573	-0.62737904240513553411	-0.57386225932150147777	0.17952562523825116303	0.14428390444732031028	0.57140246031200814247	1.33823020078732035643
35.20000000000000284217	0.99197234060684180701	-0.63102171497906478503	-0.57287423333882125931	0.17893237069276043960	0.14172540844041811581	0.52394142090703332837	1.30778959439879693960
35.30000000000000426326	0.99196610121392492232	-0.63467652231934768015	-0.57195951166689296130	0.17839342937136562495	0.13923816674907799062	0.47785005642670685955	1.27485046316026817692
35.39999999999999857891	0.99195955238586841496	-0.63834226245801706234	-0.57112209476786124362	0.17790788299140503081	0.13682438853585976446	0.43330802726522532620	1.23946840657636303540
35.50000000000000000000	0.99195277446219154438	-0.64201761536318235901	-0.57036587704550412159	0.17747453363649975944	0.13448602880309323826	0.39048124625351815498	1.20172135654591683007
35.60000000000000142109	0.99194571839025202920	-0.64570090574150462714	-0.56969441567063172638	0.17709191207945554347	0.13222479274227752488	0.34952038218773506806	1.16171053812710400877
35.70000000000000284217	0.99193838096556619099	-0.64939026731467464071	-0.56911107634232183106	0.17675828820705982714	0.13004214114698681160	0.31055962926911201416	1.11956132245403505721
35.80000000000000426326	0.99193075904183869440	-0.65308360441492085968	-0.56861898869889393460	0.17647168394723641849	0.12793929839921977520	0.27371535288626230864	1.07542343197684342471
35.89999999999999857891	0.99192285073127872685	-0.65677859952228412332	-0.56822104349418534053	0.17622987763931907690	0.12591724833769066261	0.23908656916032391959	1.02947126699416635631
36.00000000000000000000	0.99191465717581395189	-0.66047272206713003584	-0.56791989149047605867	0.17603042377134625607	0.12397675850658960994	0.20675309666805252728	0.98190170037596691266
36.10000000000000142109	0.99190617897210819898	-0.66416323326037618457	-0.56771793793553793073	0.17587070157788370350	0.12211837520480613162	0.17677739331278571888	0.93293441196261717163
36.20000000000000284217	0.99189741842299439245	-0.66784720458872348647	-0.56761734340633740459	0.17574865586083956992	0.12034242323210528336	0.14920853374456133356	0.88281048798298977776
36.30000000000000426326	0.99188837921281114429	-0.67152155339758989872	-0.56762002291582402957	0.17566421750928518097	0.11864903389292377756	0.12407172486941855927	0.83178847476395567639
36.39999999999999857891	0.99187908079555231478	-0.67518304656913696871	-0.56772765991688278753	0.17561294791111461966	0.11703813110825179999	0.10137327997257475354	0.78012218132188038133
36.50000000000000000000	0.99186951707727244454	-0.67882823750031850984	-0.56794166398582979216	0.17559095902441551607	0.11550936254402524583	0.08110446462621190289	0.72811342536871659359
36.60000000000000142109	0.99185969443405264112	-0.68245353013016762933	-0.56826321315803818290	0.17559472189946065401	0.11406234224594022364	0.06323934567982961164	0.67607144092501958443
36.70000000000000284217	0.99184962939603193988	-0.68605519724113217528	-0.56869325703850603926	0.17562067176675794089	0.11269765618940701113	0.04773960568532708421	0.62426128201929342865
36.80000000000000426326	0.99183934296684217458	-0.68962938961634057122	-0.56923250936080482809	0.17566520448023384415	0.11141384581608508586	0.03455444079954193143	0.57301019401763464423
36.89999999999999857891	0.99182881581917814451	-0.69317210699366471616	-0.56988140894192063080	0.17572465469428200091	0.11021016410898842874	0.02362223372126781226	0.52263452488835904219
37.00000000000000000000	0.99181806688363238766	-0.69667929213891366391	-0.57064020086362832185	0.17579532139188688844	0.10908549462111165329	0.01487172210346463658	0.47342755068910979954
37.10000000000000142109	0.99180710674262673177	-0.70014680003269569308	-0.57150889138878091522	0.17587344003212235233	0.10803860042601959313	0.00822336345934893131	0.42567430673403616748
37.20000000000000284217	0.99179594857910624572	-0.70357042495464161558	-0.57248731996736035299	0.17595513206381732663	0.10706786371514030731	0.00359070800338933847	0.37964563202175105605
37.30000000000000426326	0.99178460316847361078	-0.70694591032700682121	-0.57357512628723850145	0.17603650782298763122	0.10617222605537390834	0.00088172493852418097	0.33559502317930728355
