0.00000000000000000000	1.00000000000000000000	1.00000000000000000000	1.00000000000000000000	0.00000000000000000000	0.00000000000000000000	nan	nan
0.10000000000000000555	0.99999923968770143556	0.99920010960185823290	0.99935189548883085475	0.00039786559316452229	0.00032229564963681873	0.00000000000000000000	0.00000000000000000000
0.20000000000000001110	0.99999031968999452236	0.99680186727547093195	0.99740728521294230724	0.00157733902168648776	0.00127783746235581638	0.00000000000000000000	0.00000000000000000000
0.30000000000000004441	0.99997333418886091838	0.99282271258927379254	0.99417973980658669308	0.00351660068998290451	0.00284923310954439402	0.00000000000000000000	0.00000000000000000000
0.40000000000000002220	0.99994838850038902933	0.98728246721860912771	0.98968439132160568317	0.00619302476887562212	0.00501861601378900471	0.00000000000000000000	0.00000000000000000000
0.50000000000000000000	0.99991559870217328054	0.98020326112004974028	0.98393788550897387513	0.00958322943768206287	0.00776767703251644674	0.00000000000000000000	0.00000000000000000000
0.60000000000000008882	0.99987509124929652149	0.97160945610583870913	0.97695833277648302939	0.01366312754649900811	0.01107769624264573309	0.00000000000000000000	0.00000000000000000000
0.70000000000000006661	0.99982700257989998160	0.96152756699540098406	0.96876525791990408809	0.01840797760326158203	0.01492957477556372016	0.00000000000000000000	0.00000000000000000000
0.80000000000000004441	0.99977147871133775769	0.94998618052231897924	0.95937954872544484175	0.02379243499121507302	0.01930386665251803205	0.00000000000000000000	0.00000000000000000000
0.90000000000000002220	0.99970867482790271019	0.93701587217619075609	0.94882340354164562690	0.02979060332366773034	0.02418081057137717524	0.00000000000000000000	0.00000000000000000000
1.00000000000000000000	0.99963875486114772695	0.92264912115948438665	0.93712027791902430263	0.03637608584429460196	0.02954036159664680250	0.00000000000000000000	0.00000000000000000000
1.10000000000000008882	0.99956189106375514797	0.90692022363970914434	0.92429483041552773503	0.04352203678282442340	0.03536222270570052451	0.00000000000000000000	0.00000000000000000000
1.20000000000000017764	0.99947826357792801666	0.88986520447714601012	0.91037286766568048524	0.05120121257766157424	0.04162587614524597412	0.00000000000000000000	0.00000000000000000000
1.30000000000000004441	0.99938805999928481683	0.87152172760792701034	0.89538128881067557963	0.05938602287886267372	0.04831061455331087107	0.00000000000000000000	0.00000000000000000000
1.40000000000000013323	0.99929147493715397843	0.85192900526135928452	0.87934802938591005717	0.06804858124689389109	0.05539557180327371599	0.00000000000000000000	0.00000000000000000000
1.50000000000000000000	0.99918870957224892315	0.83112770618929654454	0.86230200476164131640	0.07716075546473973035	0.06285975352780653891	0.00000000000000000000	0.00000000000000000000
1.60000000000000008882	0.99907997121254354944	0.80915986308371756763	0.84427305323117329827	0.08669421738319366133	0.07068206728200368549	0.00000000000000000000	0.00000000000000000000
1.70000000000000017764	0.99896547284832504232	0.78606877935699159821	0.82529187883983046170	0.09662049222155262573	0.07884135230645029913	0.00000000000000000000	0.00000000000000000000
1.80000000000000004441	0.99884543270718828545	0.76189893545696696364	0.80538999404636946178	0.10691100724842031444	0.08731640885246749750	0.00000000000000000000	0.00000000000000000000
1.90000000000000013323	0.99872007380985938774	0.73669589488670306210	0.78459966230694033751	0.11753713976991966850	0.09608602703336367734	0.00000000000000000000	0.00000000000000000000
2.00000000000000000000	0.99858962352761393433	0.71050621009581815812	0.76295384066988480853	0.12847026435529740329	0.10512901516708564320	0.00000000000000000000	0.00000000000000000000
2.10000000000000008882	0.99845431314210064677	0.68337732840746001628	0.74048612246772094192	0.13968179923267132203	0.11442422757734345418	0.00000000000000000000	0.00000000000000000000
2.20000000000000017764	0.99831437740827111416	0.65535749814154675708	0.71723068019058477951	0.15114325179050772108	0.12395059182190568126	0.00000000000000000000	0.00000000000000000000
2.30000000000000026645	0.99817005412116155405	0.62649567509144321598	0.69322220862324113178	0.16282626312332765250	0.13368713531847536968	0.00000000000000000000	0.00000000000000000000
2.40000000000000035527	0.99802158368719728898	0.59684142950743024336	0.66849586832543106407	0.17470265156310649246	0.14361301134025486470	0.00000000000000000000	0.00000000000000000000
2.50000000000000000000	0.99786920870066431188	0.56644485373632769143	0.64308722953290253788	0.18674445514083981568	0.15370752435503290401	0.00000000000000000000	0.00000000000000000000
2.60000000000000008882	0.99771317352599719896	0.53535647066245184433	0.61703221655399198564	0.19892397292582156276	0.16395015468335757958	0.00000000000000000000	0.00000000000000000000
2.70000000000000017764	0.99755372388643082093	0.50362714309066702878	0.59036705273396339333	0.21121380519324575720	0.17432058245308290623	0.00000000000000000000	0.00000000000000000000
2.80000000000000026645	0.99739110645956663426	0.47130798420773123425	0.56312820605668090224	0.22358689237387710524	0.18479871082930487969	0.00000000000000000000	0.00000000000000000000
2.90000000000000035527	0.99722556848043075739	0.43845026925345043090	0.53535233545045002312	0.23601655274267377416	0.19536468850045049517	0.00000000000000000000	0.00000000000000000000
3.00000000000000000000	0.99705735735245271112	0.40510534852821955543	0.50707623786199196303	0.24847651880637014465	0.20599893140297281802	0.00000000000000000000	0.00000000000000000000
3.10000000000000008882	0.99688672026682845217	0.37132456185856177466	0.47833679615975788213	0.26094097235318547412	0.21668214366879248733	0.00000000000000000000	0.00000000000000000000
3.20000000000000017764	0.99671390383073266150	0.33715915463717283096	0.44917092792482693486	0.27338457813097993832	0.22739533778135787023	0.00000000000000000000	0.00000000000000000000
3.30000000000000026645	0.99653915370470391721	0.30266019554871181896	0.41961553518474759006	0.28578251612328209319	0.23811985392777973436	0.00000000000000000000	0.00000000000000000000
3.40000000000000035527	0.99636271424960898280	0.26787849608732566820	0.38970745514270777043	0.29811051239575730998	0.24883737853619308789	0.00000000000000000000	0.00000000000000000000
3.50000000000000000000	0.99618482818352060981	0.23286453196648504438	0.35948341195158695083	0.31034486848876774445	0.25952996198904476621	0.00000000000000000000	0.00000000000000000000
3.60000000000000008882	0.99600573624875221590	0.19766836651626623622	0.32897996957924757755	0.32246248933472215770	0.27018003550462232898	0.00000000000000000000	0.00000000000000000000
3.70000000000000017764	0.99582567688936984851	0.16233957615775901351	0.29823348580877451219	0.33444090968196454883	0.28077042718060990500	0.00000000000000000000	0.00000000000000000000
3.80000000000000026645	0.99564488593937539029	0.12692717803872860527	0.26728006741414189751	0.34625831900991621559	0.29128437719502886516	0.00000000000000000000	0.00000000000000000000
3.90000000000000035527	0.99546359632182634947	0.09147955990916173397	0.23615552654911897701	0.35789358492315032079	0.30170555216129185672	0.00000000000000000000	0.00000000000000000000
4.00000000000000000000	0.99528203775900192518	0.05604441230974660515	0.20489533838414974998	0.36932627501493031641	0.31201805863556075771	0.00000000000000000000	0.00000000000000000000
4.10000000000000053291	0.99510043649383006503	0.02066866314082077549	0.17353460002318299438	0.38053667719362110899	0.32220645577594364539	0.00000000000000000000	0.00000000000000000000
4.20000000000000017764	0.99491901502267054980	-0.01460158532621252947	0.14210799072949875654	0.39150581846812165798	0.33225576715441240694	0.00000000000000000000	0.00000000000000000000
4.29999999999999982236	0.99473799183957700709	-0.04972111693849556868	0.11064973348698461941	0.40221548219120217826	0.34215149172353687135	0.00000000000000000000	0.00000000000000000000
4.40000000000000035527	0.99455758119211068458	-0.08464565960130882027	0.07919355792040727593	0.41264822376226806266	0.35187961394139333215	0.00000000000000000000	0.00000000000000000000
4.50000000000000000000	0.99437799284875605377	-0.11933194062201957220	0.04777266459555734590	0.42278738479363409120	0.36142661305921208736	0.00000000000000000000	0.00000000000000000000
4.60000000000000053291	0.99419943187802206630	-0.15373773941812363120	0.01641969071769244781	0.43261710574693235110	0.37077947157735968720	0.00000000000000000000	0.00000000000000000000
4.70000000000000017764	0.99402209843914979270	-0.18782193755437998073	-0.01483332275607598949	0.44212233704864101203	0.37992568287641803604	0.00000000000000000000	0.00000000000000000000
4.80000000000000071054	0.99384618758452325515	-0.22154456607930611556	-0.04595496257709894006	0.45128884869614394049	0.38885325803105907916	0.00000000000000000000	0.00000000000000000000
4.90000000000000035527	0.99367188907372694384	-0.25486685013640764108	-0.07691447322744199289	0.46010323836795452568	0.39755073181548072903	0.00000000000000000000	0.00000000000000000000
5.00000000000000000000	0.99349938719919561603	-0.28775125083057273567	-0.10768178549553256151	0.46855293805392184137	0.40600716790998270245	0.00000000000000000000	0.00000000000000000000
5.10000000000000053291	0.99332886041183954262	-0.32016150408651705694	-0.13822754339025167258	0.47662622881104699246	0.41421217518947300862	0.00000008204768885275	0.00000011660860844908
5.20000000000000017764	0.99316047907101567827	-0.35206265519763269012	-0.16852312812464220748	0.48431234967271608038	0.42215604082919927498	0.00000127968315444250	0.00000181318841850129
5.30000000000000071054	0.99299440447153397571	-0.38342109206363650387	-0.19854068246182371427	0.49160160048316747794	0.42982985430261788640	0.00000631147170139635	0.00000891515245512498
5.40000000000000035527	0.99283078624487131059	-0.41420457351115086420	-0.22825313141401409878	0.49848534258057164426	0.43722550437004026325	0.00001944212706523346	0.00002737587910764050
5.50000000000000000000	0.99266980272240290528	-0.44438228579821237307	-0.25763422350042042286	0.50495599820606751340	0.44433567529022977016	0.00004629329076869616	0.00006497315419928434
5.60000000000000053291	0.99251157935680900390	-0.47392480788936131031	-0.28665850867362319132	0.51100694770237686804	0.45115380737837507130	0.00009368576009615921	0.00013105225505432582
5.70000000000000017764	0.99235626628850115427	-0.50280419130222775426	-0.31530140215597662889	0.51663260754959672294	0.45767409697537286828	0.00016950812599864394	0.00023630796502848757
5.80000000000000071054	0.99220400894658888902	-0.53099395418257500090	-0.34353917878093970240	0.52182841731829177068	0.46389147374682132563	0.00028260768043840526	0.00039259904229370086
5.90000000000000035527	0.99205492261471139859	-0.55846907037652759875	-0.37134896097936476167	0.52659076613534372413	0.46980158175196018444	0.00044270009904952604	0.00061278967319562455
6.00000000000000000000	0.99190912752967086430	-0.58520601533914806680	-0.39870876532990617847	0.53091699158241278944	0.47540075974240258994	0.00066029488397159760	0.00091061333026374593
6.10000000000000053291	0.99176673787273084137	-0.61118276304005003663	-0.42559750107087174209	0.53480535696260966816	0.48068602070177945951	0.00094663405153962664	0.00130055510825091095
6.20000000000000017764	0.99162786149934734059	-0.63637879046776213432	-0.45199497742786148846	0.53825502732824270780	0.48565503067230075818	0.00131364191459032421	0.00179774927081897550
6.30000000000000071054	0.99149259987053506293	-0.66077507927171130753	-0.47788190924949847105	0.54126604434346625716	0.49030608691698046586	0.00177388412429606247	0.00241788922017609036
6.40000000000000035527	0.99136104804463343054	-0.68435411449141014817	-0.50323992085215352166	0.54383930006346903330	0.49463809547268999811	0.00234053439702149816	0.00317714753040931538
6.50000000000000000000	0.99123329469451448848	-0.70709988044276084196	-0.52805154809287180306	0.54597650971865818725	0.49865054815519754827	0.00302734756754560047	0.00409210404252608514
6.60000000000000053291	0.99110942213951125357	-0.72899785386802051779	-0.55230023872474698354	0.54768018359830750175	0.50234349908280595542	0.00384863778819830894	0.00517968032061922028
6.70000000000000017764	0.99098950638779093048	-0.75003499447350585605	-0.57597035110543703951	0.54895359813300748097	0.50571754078991615344	0.00481926083984008952	0.00645707902352065776
6.80000000000000071054	0.99087361718728073079	-0.77019973299085631169	-0.59904715134091413020	0.54980076627931651068	0.50877378000589446039	0.00595459963992245062	0.00794172696259391568
6.90000000000000035527	0.99076181808411478702	-0.78948195690641476130	-0.62151680895500860391	0.55022640731288152693	0.51151381317797794956	0.00727055212897644541	0.00965122080039415749
7.00000000000000000000	0.99065416648771120744	-0.80787299400964263096	-0.64336639118242089364	0.55023591613828182201	0.51393970181940695774	0.00878352079291562851	0.01160327450214240080
7.10000000000000053291	0.99055071374204328727	-0.82536559391657815521	-0.66458385598867886213	0.54983533222478131464	0.51605394776593338513	0.01051040313701336396	0.01381566778673652338
7.20000000000000017764	0.99045150520256142190	-0.84195390772729927775	-0.68515804392492296593	0.54903130827714430318	0.51785946842479557706	0.01246858247030798242	0.01630619493999665298
7.30000000000000071054	0.99035658031843065707	-0.85763346597805345528	-0.70507866892879644816	0.54783107874975534024	0.51935957210070493595	0.01467591838802370305	0.01909261345299063245
7.40000000000000035527	0.99026597271982885751	-0.87240115504882043140	-0.72433630818488203840	0.54624242831044089730	0.52055793348296730549	0.01715073635553547929	0.02219259203506296352
7.50000000000000000000	0.99017971030995932669	-0.88625519218558468371	-0.74292239115902136692	0.54427366035760316176	0.52145856937672974141	0.01991181580126325998	0.02562365762657613580
7.60000000000000053291	0.99009781536150420767	-0.89919509929385854630	-0.76082918792076636993	0.54193356569090667119	0.52206581475964042305	0.02297837611818015491	0.02940314110194501562
7.70000000000000017764	0.99002030461755974322	-0.91122167565629141883	-0.77804979686729658361	0.53923139143149934061	0.52238429924286000627	0.02637005995466446331	0.03354812141061527808
7.80000000000000071054	0.98994718939651971112	-0.92233696972073397902	-0.79457813195942295081	0.53617681014921314553	0.52241892401219236497	0.03010691315211906291	0.03807536795318980372
7.90000000000000035527	0.98987847570085651938	-0.93254425010153441100	-0.81040890957759348368	0.53277988980031509847	0.52217483932164365790	0.03420936061545473694	0.04300128103273673230
8.00000000000000000000	0.98981418145694732846	-0.94184798072404796176	-0.82553763331682450399	0.52905106406985724643	0.52165742298435913149	0.03869817736236003808	0.04834183018830345846
8.09999999999999964473	0.98975428265528175853	-0.95025378370862567667	-0.83996057789169376040	0.52500110203073091508	0.52087225802927461515	0.04359445416190114303	0.05411249065448819895
8.20000000000000106581	0.98969877569678332829	-0.95776840381641570321	-0.85367479104130317147	0.52064108113601759165	0.51982511345143034287	0.04891955631282493555	0.06032813917954750471
8.30000000000000071054	0.98964765933546650079	-0.96439970195405222420	-0.86667805299937605845	0.51598235845575490810	0.51852192443648736919	0.05469507533271118077	0.06700308792722332873
8.40000000000000035527	0.98960090476870798959	-0.97015658401418880530	-0.87896889596220417751	0.51103654359765582349	0.51696877213717384869	0.06094276619266493500	0.07415094877691517927
8.50000000000000000000	0.98955850015615531845	-0.97504899267557321174	-0.89054657611400367401	0.50581547274761484712	0.51517186746738508063	0.06768448978158227158	0.08178449612393248747
8.59999999999999964473	0.98952040825779874478	-0.97908789542888741142	-0.90141103659959809224	0.50033118249695318625	0.51313753351792112944	0.07494213118573864185	0.08991569639172226902
8.70000000000000106581	0.98948659729484045311	-0.98228522466532197654	-0.91156292523859405730	0.49459588590808101216	0.51087218942852641312	0.08273750900979451317	0.09855559439353565876
8.80000000000000071054	0.98945703114585392690	-0.98465385557591966759	-0.92100357203385230243	0.48862194849847889744	0.50838233529480536532	0.09109227066288820562	0.10771423284054955360
8.90000000000000035527	0.98943168084937682671	-0.98620756642076834453	-0.92973498830979384167	0.48242186541277060075	0.50567453808266404902	0.10002777147002527014	0.11740057020430164081
9.00000000000000000000	0.98941049072929221353	-0.98696103336135632134	-0.93775982102691424203	0.47600823934477454191	0.50275541881064755856	0.10956493568030978292	0.12762243063056166736
9.09999999999999964473	0.98939341197406049933	-0.98692977441528395577	-0.94508137454598617477	0.46939375970415969652	0.49963163978589286707	0.11972409690195578991	0.13838635367857460290
9.20000000000000106581	0.98938039175787884094	-0.98613012702379110319	-0.95170358877311622692	0.46259118235040980194	0.49630989382575474433	0.13052481566433515869	0.14969753612740030468
9.30000000000000071054	0.98937137333198266198	-0.98457921759839761577	-0.95763102856659310103	0.45561331030732987735	0.49279689412682170513	0.14198567119715196916	0.16155973907804596634
9.40000000000000035527	0.98936629610952264713	-0.98229493121944866374	-0.96286887356008921124	0.44847297533141111670	0.48909936510250628938	0.15412402440386341329	0.17397519340314582248
9.50000000000000000000	0.98936509574822617541	-0.97929588147203816551	-0.96742290839154221338	0.44118302030710021544	0.48522403416693049572	0.16695574869895601910	0.18694450246878238642
9.60000000000000142109	0.98936770423001951791	-0.97560138039232602303	-0.97129951331421815475	0.43375628243685521168	0.48117762443742917444	0.18049492509647405147	0.20046654175002487364
9.70000000000000106581	0.98937404993620936544	-0.97123140848966760252	-0.97450565515826870211	0.42620557718959523053	0.47696684832268509968	0.19475349766063473900	0.21453835501096937821
9.80000000000000071054	0.98938405771637150110	-0.96620658480336074625	-0.97704887860351397055	0.41854368296664862248	0.47259840195856606115	0.20974088517051420189	0.22915504657371885133
9.90000000000000035527	0.98939764894924864258	-0.96054813694765250887	-0.97893729771771464954	0.41078332644125475914	0.46807896044934022006	0.22546354462471082658	0.24430966895632011404
10.00000000000000000000	0.98941472320397017004	-0.95427788134046942492	-0.98017957018988222107	0.40293716664549511508	0.46341517336426196749	0.24192448429686588818	0.25999310537036118829
10.10000000000000142109	0.98943521900190078977	-0.94741871112348963191	-0.98078486533140230019	0.39488572553851220004	0.45848608406798979642	0.25920036818005359747	0.27626499761460532323
10.20000000000000106581	0.98945901634412747327	-0.93999549767557388780	-0.98076293027758754128	0.38652065822353881552	0.45317869896684220832	0.27738778293287769117	0.29319749167518405208
10.30000000000000071054	0.98948600790942342620	-0.93203480930908655377	-0.98012455000579401521	0.37787259285211538540	0.44751340048794607807	0.29650686978407214678	0.31079521033693446874
10.40000000000000035527	0.98951608335182639209	-0.92356435388436353140	-0.97888165487987444102	0.36897234773799164609	0.44151087490965856830	0.31657195280697419948	0.32906007913141782639
10.50000000000000000000	0.98954912933681959952	-0.91461288455533973352	-0.97704727167318450309	0.35985083957221525308	0.43519205232315860687	0.33759085558286999751	0.34799101558062006667
10.60000000000000142109	0.98958502693829153429	-0.90521010283133462870	-0.97463547056161070614	0.35053899463650844970	0.42857806808749604466	0.35956326637237362442	0.36758359792075578909
10.70000000000000106581	0.98962364855576434586	-0.89538655431776659199	-0.97166131063936700407	0.34106765983522863150	0.42169018341777447789	0.38247876871107466812	0.38782938580407727569
10.80000000000000071054	0.98966486044880952466	-0.88517353043230717624	-0.96814079022185561829	0.33146751741197089114	0.41454972772777554102	0.40631452327829531423	0.40871531102321234652
10.90000000000000035527	0.98970851497496870053	-0.87460296076057775227	-0.96409080297074845056	0.32176900240204298065	0.40717806130845546342	0.43103256114007798550	0.43022312995438311001
11.00000000000000000000	0.98975449053749164907	-0.86370735225767791832	-0.95952905524823395300	0.31200222160160906437	0.39959652047889354654	0.45657664991255741960	0.45232864457369914568
11.10000000000000142109	0.98980263368039544947	-0.85251962903001787808	-0.95447405560549103409	0.30219687514121207350	0.39182636449359009578	0.48286836460118748304	0.47500092010919930940
11.20000000000000106581	0.98985279633644895902	-0.84107306864405584346	-0.94894502861629037582	0.29238218053966091858	0.38388872925266515068	0.50980388012900990091	0.49820143785542925219
11.30000000000000071054	0.98990482805590440663	-0.82940119215749330550	-0.94296186725092812075	0.28258679882532966587	0.37580458065366745268	0.53724860362257087498	0.52188309596735948936
11.40000000000000035527	0.98995857588652580450	-0.81753766247085390972	-0.93654507591512936582	0.27283876382983629494	0.36759466969974574635	0.56503224416507036310	0.54598918829263587416
11.50000000000000000000	0.99001388477432694657	-0.80551618365728072657	-0.92971571325359869675	0.26316541418152039622	0.35927948942564380541	0.59294327242207278683	0.57045229881921533099
11.60000000000000142109	0.99007050715585165346	-0.79337039132852760215	-0.92249525335419513272	0.25359328234565114979	0.35087923173771273788	0.62072322984242789268	0.59519314257552369263
11.70000000000000106581	0.99012848402910369483	-0.78113382346789372868	-0.91490585606932561813	0.24414821099470557231	0.34241374920308925711	0.64805978789136853280	0.62010823009165938480
11.80000000000000071054	0.99018759278926116174	-0.76883967784253592903	-0.90696984687702686401	0.23485507332497052024	0.33390252135787867882	0.67457825530427673044	0.64510244826184881539
11.90000000000000035527	0.99024761812207873213	-0.75652080950325217845	-0.89870989918243537886	0.22573777671757844221	0.32536460820078044742	0.69984658963502410778	0.67005033819019321761
12.00000000000000000000	0.99030847641613550802	-0.74420971929408008538	-0.89014898204002179671	0.21681927792685393164	0.31681862985504416486	0.72335942834614386232	0.69481160590707269353
12.10000000000000142109	0.99036997486465805363	-0.73193826314905152675	-0.88131025770601201241	0.20812151165817394105	0.30828271984449523435	0.74453167258855923460	0.71922691410504124843
12.20000000000000106581	0.99043195967464758844	-0.71973770421343929993	-0.87221704176509784467	0.19966529235234148354	0.29977450248717141257	0.76271675327630883423	0.74311676384841540699
12.30000000000000071054	0.99049427939518763786	-0.70763858448131300438	-0.86289274028955675888	0.19147032294616700421	0.29131106201447798387	0.77719483118839460811	0.76628033289805330686
12.40000000000000035527	0.99055678469237251615	-0.69567064062542482983	-0.85336079180289059476	0.18355514447394591371	0.28290891541873763870	0.78718483689107421331	0.78849431629906574504
12.50000000000000000000	0.99061932871324231975	-0.68386272167555139934	-0.84364461040562654937	0.17593709968068196869	0.27458398717972909431	0.79186054090654467430	0.80951208095475357673
12.60000000000000142109	0.99068176745705038844	-0.67224270980502720541	-0.83376752962252431711	0.16863230180656280099	0.26635158586498830502	0.79037488614671003173	0.82906317095000814366
12.70000000000000106581	0.99074396013800680727	-0.66083744463156912641	-0.82375274709489954006	0.16165560738371198557	0.25822638261700414652	0.78189468232505288103	0.84685328685264160686
12.80000000000000071054	0.99080576953561239062	-0.64967265130461626654	-0.81362327025675040826	0.15502059291127961993	0.25022239159196524305	0.76564718988464663951	0.86256488453384572157
12.90000000000000035527	0.99086706233052934678	-0.63877287262631932130	-0.80340186313837747001	0.14873953542496570757	0.24235295215606436625	0.74097942695067164909	0.87585856176276488672
13.00000000000000000000	0.99092772079287572140	-0.62816141486175447461	-0.79311100360980724133	0.14282338609113304218	0.23463071474393837335	0.70742847514781681539	0.88637544116719158005
13.10000000000000142109	0.99098761040309546466	-0.61786025829101687279	-0.78277280756296652164	0.13728174680322560719	0.22706762152339757255	0.66477287629164050209	0.89374108856005196611
13.20000000000000106581	0.99104662496008022465	-0.60789004045613126426	-0.77240901327327415871	0.13212295938716830945	0.21967489248600297058	0.61321688015755149159	0.89757309395169404542
13.30000000000000071054	0.99110464095365613524	-0.59826997425546879494	-0.76204089727936996645	0.12735398038337863991	0.21246302615299070271	0.55338522164927539393	0.89748162085111893305
13.40000000000000035527	0.99116155047137366463	-0.58901782714569328459	-0.75168926209744146849	0.12298043384733936545	0.20544183685429043273	0.48642863659288720912	0.89306038433119239173
13.50000000000000000000	0.99121725107372160579	-0.58014987327524125682	-0.74137438130110977497	0.11900661096003473105	0.19862032678165192356	0.41407684177936759928	0.88395263681371660791
13.60000000000000142109	0.99127164617508667366	-0.57168085999243489770	-0.73111595264673956418	0.11543547762188048622	0.19200677909888924644	0.33865339120357956793	0.86981523614748545992
13.70000000000000106581	0.99132464537805786708	-0.56362397970936750635	-0.72093306271005064279	0.11226868672980515329	0.18560872979812298444	0.26304081989195760016	0.85034823796655378825
13.80000000000000071054	0.99137616459990296480	-0.55599084723565084243	-0.71084414999847711503	0.10950659414068322772	0.17943296713488571248	0.19058505782432447195	0.82531267926892315501
13.90000000000000035527	0.99142612617150305265	-0.54879148341977390668	-0.70086697054788327232	0.10714828388730618380	0.17348553315891346305	0.12493698921569600102	0.79455056709452265284
14.00000000000000000000	0.99147447550730294363	-0.54203432003228502190	-0.69101856628443270036	0.10519157459506825458	0.16777173259886615786	0.06983183284374147592	0.75800669694456557224
14.10000000000000142109	0.99152113455741108794	-0.53572614794665496252	-0.68131523782679237478	0.10363306295651089628	0.16229612379158517288	0.02883433440391326014	0.71575205359912041914
14.20000000000000106581	0.99156604598783115723	-0.52987216177916063309	-0.67177251512101598951	0.10246814931061393183	0.15706253839215730816	0.00506280832476730877	0.66800737261564635538
14.30000000000000071054	0.99160915926560000422	-0.52447595265684632260	-0.66240513516290033813	0.10169107115554444631	0.15207408642445893743	0.00093179189042847798	0.61516620769886576348
14.40000000000000035527	0.99165043071576808309	-0.51953952057522556629	-0.65322702141531396869	0.10129494027420264668	0.14733316693104400730	0.01794523243066004775	0.55781582917016869771
14.50000000000000000000	0.99168982353604162583	-0.51506329249488069788	-0.64425126616016581416	0.10127178296696465187	0.14284148037942573373	0.05656838041819318985	0.49675424302762005713
14.60000000000000142109	0.99172730778966666776	-0.51104614611150367409	-0.63549011585171011340	0.10161258326580302480	0.13860004278889986873	0.11619548736855794813	0.43300136197823124729
14.70000000000000106581	0.99176286037365701809	-0.50748543918643151951	-0.62695495950162483112	0.10230732898664218755	0.13460920152216221402	0.19521592337977372589	0.36780224975115605179
14.80000000000000071054	0.99179646495509621307	-0.50437704429681839979	-0.61865632009660098678	0.10334506048199118555	0.13086865249072263118	0.29116666538737534520	0.30262041785372501002
14.90000000000000035527	0.99182811188589392604	-0.50171538885760391668	-0.61060384890446439687	0.10471392196669825070	0.12737745645533499195	0.40094746271264342097	0.23911946012007831430
15.00000000000000000000	0.99185778610080566065	-0.49949348838976809217	-0.60280630887962205477	0.10640121788331784181	0.12413402609105150809	0.52106861988486996573	0.17913268836907073056
15.10000000000000142109	0.99188552761266535196	-0.49770229124459514081	-0.59527070440930163198	0.10845340629027791501	0.12120518352018665176	0.64733395943801619321	0.12460743328356897741
15.20000000000000106581	0.99191128264324668340	-0.49632976710300175105	-0.58800110770687796791	0.11091431564908837970	0.11865311651014949501	0.77536876027003898137	0.07762312278682031996
15.30000000000000071054	0.99193518177654060874	-0.49536198333406505911	-0.58099983457826498423	0.11376508721630876342	0.11646867201292593341	0.90162046461994882485	0.04020836801310461589
15.40000000000000035527	0.99195721886338639184	-0.49478364307318178916	-0.57426818656546785302	0.11698618395448241725	0.11464211925780971868	1.02310332768143363857	0.01422947807670468454
15.50000000000000000000	0.99197744005044685700	-0.49457833817673441112	-0.56780664513185197251	0.12055743650522920962	0.11316319277492482842	1.13747855219036253516	0.00126287359426658307
15.60000000000000142109	0.99199590769780709998	-0.49472858083111920235	-0.56161486084738476698	0.12445809977382837896	0.11202111557959139321	1.24306460737999335819	0.00250426773916319519
15.70000000000000106581	0.99201267393069669787	-0.49521584742319407768	-0.55569165590271174526	0.12866689646925003054	0.11120461206873079318	1.33879375351733953536	0.01869308480562591537
15.80000000000000071054	0.99202779976342048140	-0.49602066961944257795	-0.55003506688192704832	0.13316206699932661706	0.11070193078086497385	1.42413459608729309203	0.05006754149662304143
15.90000000000000035527	0.99204135166865192730	-0.49712270599946406513	-0.54464236933159448917	0.13792143152750102608	0.11050086831213976057	1.49899746110281029132	0.09635472273783105002
16.00000000000000000000	0.99205340043069323297	-0.49850081873471735472	-0.53951010577672853241	0.14292244486388150371	0.11058879767301652008	1.56363558106169930895	0.15679511627642328531
16.10000000000000142109	0.99206402083203915065	-0.50013315314797435196	-0.53463411615575673341	0.14814225529634883483	0.11095269806478652574	1.61855196827901504086	0.23019810048396663338
16.19999999999999928946	0.99207329133766630758	-0.50199721937451047271	-0.53000956984411584649	0.15355776505582013902	0.11157918654663204205	1.66441747832022635123	0.31502161123727728809
16.30000000000000071054	0.99208129375930953486	-0.50406997585666024619	-0.52563099915797384387	0.15914569112541857021	0.11245455086327378613	1.70200275427485170354	0.40946732575984023939
16.40000000000000213163	0.99208811290909115765	-0.50632791405175991972	-0.52149233430196495487	0.16488261859898883932	0.11356478384410026439	1.73212488568123279542	0.51158190223875987801
16.50000000000000000000	0.99209383621071645099	-0.50874714042917135171	-0.51758693968083779868	0.17074498253778730428	0.11489561913610914223	1.75561117134342947743	0.61935554964343564333
16.60000000000000142109	0.99209855284538883691	-0.51130340522998907193	-0.51390765130819970885	0.17670800247558271501	0.11643256821601485895	1.77332677876734834399	0.73081078734389215423
16.69999999999999928946	0.99210235529199819471	-0.51397224061144608509	-0.51044681561500715450	0.18274921853277373285	0.11816095680687675740	1.78594154726490605967	0.84407648433987181313
16.80000000000000071054	0.99210533709885806442	-0.51672911948351263334	-0.50719633131234509449	0.18884553289273647847	0.12006599678517486385	1.79416471635036156584	0.95744088662646809063
16.90000000000000213163	0.99210759254545555219	-0.51954949195047195332	-0.50414768963503631127	0.19497373817971308529	0.12213273895812631897	1.79863750522982490665	1.06939996306868723153
17.00000000000000000000	0.99210921693129683341	-0.52240887069696451128	-0.50129201483056617938	0.20111104123770229268	0.12434619588942963375	1.79993171329613632636	1.17866937614861577721
17.10000000000000142109	0.99211030597818639087	-0.52528292489630046269	-0.49862010986059551731	0.20723491280771666467	0.12669137941550817628	1.79855824015175191910	1.28419146249460869313
17.19999999999999928946	0.99211095532389115270	-0.52814756740055568418	-0.49612249895403709443	0.21332322455333130318	0.12915327989857322555	1.79496680839270061902	1.38513772045518601672
17.30000000000000071054	0.99211126027510809777	-0.53097904463025047406	-0.49378947106690657121	0.21935429996675787079	0.13171696019154496837	1.78955059845732034063	1.48088842229151484986
17.40000000000000213163	0.99211131538763130955	-0.53375402443756758686	-0.49161112554726338342	0.22530697443942887537	0.13436758491077002708	1.78265091211097992385	1.57101408170316947377
17.50000000000000000000	0.99211121408223845730	-0.53644968260826397799	-0.48957741750939054448	0.23116065458775725272	0.13709045999103147695	1.77456204274607265425	1.65525221418187973299
17.60000000000000142109	0.99211104826946328039	-0.53904378764663896106	-0.48767820332811340212	0.23689537585080874815	0.13987107329095527231	1.76553612734186704536	1.73348255501078196694
17.69999999999999928946	0.99211090798118983791	-0.54151478350814996610	-0.48590328617366396191	0.24249185813061913120	0.14269513491831126162	1.75578780446696858242	1.80570245733791212572
17.80000000000000071054	0.99211088100996447370	-0.54384186995289707234	-0.48424246143966326317	0.24793155931418023319	0.14554861696809898164	1.74549856943120951236	1.87200361244531299221
17.90000000000000213163	0.99211105255722364937	-0.54600508019513860347	-0.48268556190460309985	0.25319672626140843352	0.14841779251601064371	1.73482076845437416246	1.93255081761669700313
18.00000000000000000000	0.99211150419077764884	-0.54798535477026411034	-0.48122247509471882676	0.25827044257802678207	0.15128884440122325472	1.72388128246048877301	1.98765543646009978929
18.10000000000000142109	0.99211231490404938604	-0.54976461329075476669	-0.47984319510421169497	0.26313667846490967905	0.15414886375879480185	1.71278440652537788935	2.03753243507933001766
18.19999999999999928946	0.99211356053496946306	-0.55132582363556703609	-0.47853789824891890259	0.26778033396163142266	0.15698529290507071132	1.70161513575188938496	2.08244259728419667255
18.30000000000000071054	0.99211531263744578979	-0.55265306439499228830	-0.47729697520376845876	0.27218726763510459055	0.15978594187468828092	1.69044154492561937708	2.12267621463527511594
18.40000000000000213163	0.99211763855755341623	-0.55373158397294908184	-0.47611106852331763761	0.27634435746953600610	0.16253910138586136203	1.67931546483946725346	2.15852695728569399236
18.50000000000000000000	0.99212061327301781510	-0.55454786735608641024	-0.47497112426062787494	0.28023948974877865847	0.16523356438298902882	1.66827815590763672837	2.19028628765345789731
18.60000000000000142109	0.99212428441620914565	-0.55508965411935395906	-0.47386839596182184220	0.28386161031006473809	0.16785865452596138159	1.65735834579538066080	2.21823796716078192048
18.69999999999999928946	0.99212870566261346372	-0.55534601545561823599	-0.47279451492872204277	0.28720078099308576913	0.17040425821614657576	1.64657509064397911125	2.24265288176525823260
18.80000000000000071054	0.99213392540993783353	-0.55530738422050862635	-0.47174151454683954654	0.29024817452181317368	0.17286085054089686541	1.63593860004788260731	2.26378603152259483267
18.90000000000000213163	0.99213998680278192577	-0.55496559000533107753	-0.47070186466221974886	0.29299609207765808794	0.17521953212694904578	1.62545121336868558792	2.28187347448537192207
19.00000000000000000000	0.99214692720936725756	-0.55431388822930982574	-0.46966851671211545804	0.29543798062598514154	0.17747265335870560099	1.61510817772414960736	2.29715744892766160490
19.10000000000000142109	0.99215477898252502076	-0.55334698481188826502	-0.46863490674324370655	0.29756843559526863219	0.17961143851139349525	1.60489836007171637888	2.30979485311897425603
19.20000000000000284217	0.99216356852786591336	-0.55206105310494535399	-0.46759496655232046791	0.29938320801499579416	0.18162881659171484228	1.59480474936161242816	2.31996144594345743428
19.30000000000000071054	0.99217331645163930887	-0.55045374628903320779	-0.46654317403517142626	0.30087920515333949067	0.18351839169786274275	1.58480486971209799663	2.32781287088003097097
19.40000000000000213163	0.99218404782996638680	-0.54852421380303184595	-0.46547458538214914192	0.30205448703693160706	0.18527445558666474912	1.57487109242129941222	2.33348496619232692595
19.50000000000000000000	0.99219575141335791812	-0.54627306125370089784	-0.46438481724078251034	0.30290825877054261550	0.18689199342586937380	1.56497086250024497467	2.33709437023745936202
19.60000000000000142109	0.99220843977091044419	-0.54370240438175665432	-0.46327012009320278629	0.30344085962383909871	0.18836669617388185349	1.55506684609437173528	2.33873888346460834242
19.70000000000000284217	0.99222210986141934352	-0.54081581853824423067	-0.46212735629178502972	0.30365374828783620043	0.18969496118708303878	1.54511702596436117929	2.33849867016995238700
19.80000000000000071054	0.99223675266687394458	-0.53761833094041833192	-0.46095402085647629864	0.30354948636920919824	0.19087389526277723228	1.53507474971751411985	2.33643673084092418080
19.90000000000000213163	0.99225235330455330285	-0.53411639801410148998	-0.45974825064019081422	0.30313172776614627502	0.19190131396848644774	1.52488861212404769319	2.33259979986714904854
20.00000000000000000000	0.99226889438801479937	-0.53031788446510208512	-0.45850883449887974708	0.30240528748526368519	0.19277575036683600174	1.51450060661933738615	2.32701929857400813262
20.10000000000000142109	0.99228634284205174954	-0.52623225166750853266	-0.45723558839908495788	0.30145763788583701537	0.19354932467809110586	1.50322796138773417951	2.31896509327562938552
20.20000000000000284217	0.99230468590068776624	-0.52187061612358198737	-0.45592962142690968141	0.30037417062020560499	0.19427468730660701901	1.49046376855608753154	2.30755327705572188535
20.30000000000000071054	0.99232385462651262475	-0.51724517382491330686	-0.45459270458805600690	0.29915510328144034879	0.19495073560231707122	1.47614250234658994643	2.29270382369281744417
20.40000000000000213163	0.99234379629823399327	-0.51236900063789936333	-0.45322695322295802889	0.29780114295047532824	0.19557666583288951800	1.46019879437177535486	2.27434985418685853276
20.50000000000000000000	0.99236450432319855963	-0.50725607325804222825	-0.45183486044696219430	0.29631370209237073432	0.19615197397826911185	1.44256703184432599762	2.25243556031475344881
20.60000000000000142109	0.99238589408553989912	-0.50192114033694001929	-0.45041922458281230535	0.29469539193266697241	0.19667659720400437751	1.42314986717948888106	2.22691724961060222299
20.70000000000000284217	0.99240792631508956134	-0.49637982456010448784	-0.44898325167298486216	0.29294924487689300019	0.19715066234900285869	1.40191511852917938263	2.19776378553975026975
20.80000000000000071054	0.99243052275823440134	-0.49064851609186155290	-0.44753050038829289559	0.29107902445558864191	0.19757461962460065585	1.37880495628389487806	2.16495740076815357256
20.90000000000000213163	0.99245362377283907751	-0.48474439951990272446	-0.44606493502287886121	0.28908906877164830540	0.19794924490285864538	1.35376174330848186855	2.12849469906902033500
21.00000000000000000000	0.99247718121404149283	-0.47868540707442736037	-0.44459091942924694463	0.28698429806966152533	0.19827563451377189230	1.32673256925936877693	2.08838774305723440250
21.10000000000000142109	0.99250112001228774083	-0.47249014291990459880	-0.44311318952402528604	0.28477018729746467196	0.19855520137850979356	1.29766993269149089052	2.04466516350764937471
21.20000000000000284217	0.99252537007632535282	-0.46617786521152027035	-0.44163687240395843592	0.28245278508255700078	0.19878966979968498707	1.26653357189146431594	1.99737335076200595019
21.30000000000000071054	0.99254984886028019275	-0.45976842260485462077	-0.44016746440616799640	0.28003864718437682102	0.19898106394897466243	1.23329193638266287891	1.94657765753437383971
21.40000000000000213163	0.99257450119004642097	-0.45328221630424908595	-0.43871085605727033752	0.27753481421444781141	0.19913167284216637398	1.19792414250025003319	1.89236339530530006670
21.50000000000000000000	0.99259915282386013136	-0.44674002409413038350	-0.43727317391642939182	0.27494877451497456988	0.19924384318640955827	1.16042208079126707432	1.83483541128347571458
21.60000000000000142109	0.99262388893756114960	-0.44016328949216865229	-0.43586108796053402159	0.27228842759613847146	0.19931747423137058384	1.12079265503948999338	1.77409542566134481589
21.70000000000000284217	0.99264856315080740590	-0.43357357528679729697	-0.43448131088549313272	0.26956205230028712494	0.19935354788028669670	1.07906034049532162378	1.71023070753464256910
21.80000000000000071054	0.99267303006245055652	-0.42699272156762280162	-0.43314089258668686533	0.26677867614886086045	0.19935976990098852601	1.03526968521716566940	1.64350057584147046796
21.90000000000000213163	0.99269732549591660486	-0.42044293932127713154	-0.43184738450582732527	0.26394676622844137626	0.19933932766087891775	0.98948557175815565756	1.57410549262131138626
22.00000000000000000000	0.99272129773773754025	-0.41394636909486498544	-0.43060839401705225393	0.26107547330325386881	0.19929623935729318118	0.94180047878095629610	1.50227902958204784234
22.10000000000000142109	0.99274486096411784786	-0.40752525690092433752	-0.42943180765401900434	0.25817445507615599531	0.19923451055568563994	0.89233620153552717369	1.42828068235513039319
22.20000000000000284217	0.99276792919100564916	-0.40120180611263450698	-0.42832568993879077679	0.25525300372429537976	0.19915833564448268134	0.84124196067915379960	1.35239762454211298603
22.30000000000000071054	0.99279041639020249033	-0.39499809336025748507	-0.42729824790895931663	0.25232072363781049562	0.19907207237879573358	0.78870066159093943359	1.27494465032407400251
22.40000000000000213163	0.99281223679404861926	-0.38893598710956150954	-0.42635779409754426261	0.24938731423085630512	0.19898022338655813046	0.73493003334825723893	1.19626369406083021829
22.50000000000000000000	0.99283330521860047035	-0.38303706510598772850	-0.42551270792767348361	0.24646250259891316903	0.19888741497370593381	0.68018424599722449031	1.11672283064164346023
22.60000000000000142109	0.99285353740024961944	-0.37732253213677058312	-0.42477139577091321820	0.24355599536055405618	0.19879837432415733978	0.62475513612531086149	1.03671474134337460171
22.70000000000000284217	0.99287285034665540007	-0.37181313871926918724	-0.42414224991931975817	0.24067743345566827706	0.19871790562694352511	0.56897281801901233855	0.95665461472907498131
22.80000000000000071054	0.99289117664559300991	-0.36652911495704004752	-0.42363361955168848949	0.23783634808704520736	0.19865086554326466528	0.51320552943136921176	0.87697745615821387499
22.90000000000000213163	0.99290843987333354814	-0.36149006813830258933	-0.42325374398225878991	0.23504211712616185359	0.19860213791797676208	0.45785857403516672104	0.79813509668015358844
23.00000000000000000000	0.99292454825613329916	-0.35671493626578226754	-0.42301070689323810869	0.23230180088587276677	0.19857661337029625104	0.40331487131823473558	0.72059233502620223533
23.10000000000000142109	0.99293944774069009540	-0.35222196834287117229	-0.42291243926978394629	0.22962520286477441922	0.19857912803210828190	0.35007337600189192273	0.64482179958685592602
23.20000000000000284217	0.99295305736704475574	-0.34802855002463034539	-0.42296661729768886273	0.22702155254340553037	0.19861441346977853906	0.29864602019097385988	0.57129877120163008453
23.30000000000000071054	0.99296532171787754706	-0.34415119842968810993	-0.42318066774927604046	0.22449930204203782935	0.19868721438592515383	0.24955905942154546495	0.50049645149427934854
23.40000000000000213163	0.99297616864542426196	-0.34060546222614707101	-0.42356169167574514445	0.22206658154440384045	0.19880253873534212139	0.20335507834992480602	0.43287999005782501483
23.50000000000000000000	0.99298553818244861269	-0.33740589193406839152	-0.42411644889889316135	0.21973113075232839075	0.19896461699261788758	0.16058366091492298766	0.36889906333897037882
23.60000000000000142109	0.99299339866129920917	-0.33456600286754972773	-0.42485133159140769932	0.21750026103186820281	0.19917780570040721777	0.12179182751793726780	0.30898184827820990295
23.70000000000000284217	0.99299968458199316945	-0.33209816516444901069	-0.42577226702679216164	0.21538084549244709831	0.19944628003226538837	0.08751410228493272658	0.25352872085897354415
23.80000000000000071054	0.99300434999572839700	-0.33001361291849251600	-0.42688473486013861491	0.21337931117889311072	0.19977401592379726014	0.05826108583093684429	0.20290592423225956020
23.90000000000000213163	0.99300735403250028899	-0.32832239133907853423	-0.42819371872302630644	0.21150163526458082286	0.20016476811871594665	0.03450745243426762976	0.15743947746011574540
24.00000000000000000000	0.99300866087985018016	-0.32703332102746335286	-0.42970367454333413537	0.20975312603342663453	0.20062205241653485732	0.01667847746572062584	0.11740962121684762887
24.10000000000000142109	0.99300823994216735890	-0.32615397739183243919	-0.43141850055384350915	0.20813890303058263376	0.20114912052991598679	0.00513989172483136220	0.08304575477463441158
24.20000000000000284217	0.99300606580934258627	-0.32569067434230836167	-0.43334151134288856344	0.20666342061158957111	0.20174894375598856344	0.00018463543719230983	0.05452227623485112612
24.30000000000000071054	0.99300211842412711150	-0.32564844205476289885	-0.43547541348892770952	0.20533059952204610332	0.20242419595531993548	0.00202270749523886240	0.03195532415947589799
24.40000000000000213163	0.99299638317063798620	-0.32603101702625764124	-0.43782228437528686316	0.20414382289773810863	0.20317723826923336783	0.01077208028236309630	0.01540056377551216223
24.50000000000000000000	0.99298885093614663866	-0.32684083719493839393	-0.44038355396124934105	0.20310591392108945374	0.20401010567099123194	0.02645160159138178549	0.00485210346404815664
24.60000000000000142109	0.99297951818078256103	-0.32807904262431664133	-0.44315998967075254100	0.20221914524467485275	0.20492449572370874389	0.04897624910527459408	0.00024259412348007475
24.70000000000000284217	0.99296838695937172936	-0.32974548232487671529	-0.44615168447746872404	0.20148523330701795242	0.20592176059682804068	0.07815505382425658176	0.00144452564955726268
24.80000000000000071054	0.99295546448576033072	-0.33183872521582447046	-0.44935803655526684874	0.20090533870320115284	0.20700274583694588948	0.11369189731409373723	0.00827521584077726968
24.90000000000000213163	0.99294076405104714222	-0.33435607691109525685	-0.45277776892941895559	0.20047998450978513074	0.20816841198176999628	0.15518631300532351180	0.02049081013455004638
25.00000000000000000000	0.99292428184831815763	-0.33729358191395253375	-0.45640892338805183481	0.20020935452133611920	0.20941892502226167050	0.20214868724795759247	0.03779832072102998902
25.10000000000000142109	0.99290610021001535213	-0.34064431261233912851	-0.46024704555224621449	0.20007386823985129354	0.21072394846344350006	0.25368767517404794409	0.05969844764120967734
25.20000000000000284217	0.99288626164371274196	-0.34439671010129757622	-0.46428334784208125097	0.20004904423210906339	0.21204919879974379326	0.30880064383207489476	0.08544868084126935881
25.30000000000000071054	0.99286483353678589570	-0.34853693896859727630	-0.46850704037188023454	0.20012786885345443255	0.21338786148896654593	0.36677779720522019069	0.11451346911714814503
25.40000000000000213163	0.99284188631351966148	-0.35305088397240663722	-0.47290740120862700957	0.20030386824080159691	0.21473400853717009018	0.42692748662235108226	0.14639433673924445722
25.50000000000000000000	0.99281752978009873978	-0.35792421502400090239	-0.47747382288679662832	0.20057105378631004400	0.21608245172498380393	0.48858204129112287051	0.18062982549203523974
25.60000000000000142109	0.99279179863568478570	-0.36314230518837586903	-0.48219570990447263581	0.20092395971588081216	0.21742849939571390339	0.55110236282756053239	0.21679418279034290418
25.70000000000000284217	0.99276476094473076195	-0.36869036511825470370	-0.48706259260584472415	0.20135745270124300044	0.21876818862513008890	0.61388516807118909124	0.25450107031440172278
25.80000000000000071054	0.99273648601772368494	-0.37455343272816482569	-0.49206413313817082278	0.20186674421708103444	0.22009735385707868138	0.67636492483471033488	0.29345237417677733083
25.90000000000000213163	0.99270705492098731959	-0.38071640923290139824	-0.49719012983780863646	0.20244737064317200326	0.22141354767288545791	0.73801675293057689142	0.33330213248055379216
26.00000000000000000000	0.99267652818029206152	-0.38716405163917572141	-0.50243045887232185009	0.20309514250046667438	0.22271435742580944495	0.79835828299899513905	0.37375931492008268586
26.10000000000000142109	0.99264497585893918252	-0.39388102535184843500	-0.50777512401884850046	0.20380611251370839287	0.22399779973457456528	0.85695079187982570179	0.41455854432706074064
26.20000000000000284217	0.99261246776688538684	-0.40085191773317879749	-0.51321425202306814040	0.20457654314364873138	0.22526224870492206342	0.91339972122132506716	0.45545927090612198240
26.30000000000000071054	0.99257907341794415768	-0.40806126047574298177	-0.51873809669391957033	0.20540287916417393488	0.22650641493071657639	0.96735465270961018547	0.49624314588734830256
26.40000000000000213163	0.99254486197374391931	-0.41549355204230720151	-0.52433704227091182393	0.20628173370004371234	0.22772930470609775710	1.01850906447390943121	0.53671201547162883383
26.50000000000000000000	0.99250991357763340694	-0.42313329595029947061	-0.53000161683563162818	0.20720996213085421389	0.22893018591966299291	1.06660206448886119013	0.57668583390733241245
26.60000000000000142109	0.99247428876197163472	-0.43096505987821565054	-0.53572246453409599898	0.20818597445014264125	0.23010855326073778593	1.11145567834878056246	0.61600002343561899298
26.70000000000000284217	0.99243805286663389076	-0.43897341462845151927	-0.54149037115775167095	0.20920649106745178858	0.23126406008561456451	1.15279811884687943824	0.65451277699082166528
26.80000000000000071054	0.99240127344191753078	-0.44714290701965780928	-0.54729626447271551015	0.21026761245462260996	0.23239637373435939605	1.19051496431221659478	0.69208730792755879246
26.90000000000000213163	0.99236401690571185430	-0.45545817785191838878	-0.55313121305006529571	0.21136658849589290421	0.23350568515593408958	1.22450130608454199610	0.72859910373860647947
27.00000000000000000000	0.99232634898927518652	-0.46390395568997788711	-0.55898643096533051633	0.21250047833689975074	0.23459209044208984007	1.25468235586990073394	0.76393853204382455857
27.10000000000000142109	0.99228833470527855187	-0.47246507250991387483	-0.56485327448907818315	0.21366644481848795500	0.23565560905646304457	1.28101732811488888686	0.79800934834629788650
27.20000000000000284217	0.99225003829881308626	-0.48112648284424947009	-0.57072324514290850850	0.21486164721885439577	0.23669660139680240296	1.30349493995734588836	0.83072151752227962884
27.30000000000000071054	0.99221152319962546695	-0.48987328002082441980	-0.57658799346376254924	0.21608323811298879580	0.23771537374314777313	1.32213171327277745348	0.86199613400864483204
27.40000000000000213163	0.99217286117471048534	-0.49869072059781022199	-0.58243932823235955443	0.21732835443119391527	0.23871224668190590967	1.33696970798406034042	0.89176364226474791330
27.50000000000000000000	0.99213410553987702034	-0.50756421979035826197	-0.58826919135162814012	0.21859417001750264253	0.23968755004815336940	1.34807514502006031698	0.91996324853910305119
27.60000000000000142109	0.99209531762295766200	-0.51647939010820076433	-0.59406968578722951779	0.21987778341084979195	0.24064160980685175839	1.35553437309032265290	0.94654251481149265235
27.70000000000000284217	0.99205655724838304188	-0.52542204713978835073	-0.59983306785785450721	0.22117626437838883158	0.24157473493331763081	1.35945230390174987001	0.97145705015831140816
27.80000000000000071054	0.99201788324717121714	-0.53437822928953582213	-0.60555174955865354036	0.22248698668296468250	0.24248720561655326411	1.35992877729363104145	0.99467023982691094020
27.90000000000000213163	0.99197935302235229482	-0.54333420944154797727	-0.61121830018676226448	0.22380685018695001265	0.24337926288840688871	1.35709932189732818131	1.01615302652064176669
28.00000000000000000000	0.99194102269328399135	-0.55227650248205806260	-0.61682547008757304674	0.22513278385840695961	0.24425232180188827247	1.35111051284227379199	1.03592510511348101510
28.10000000000000142109	0.99190295069207423673	-0.56119188310630607752	-0.62236619055043784776	0.22646162826388027689	0.24510626403207422253	1.34211364242748354414	1.05395074379597719627
28.20000000000000284217	0.99186518712973092970	-0.57006738734292039528	-0.62783353350354664801	0.22779031013258244087	0.24594090239102281426	1.33027458454027680546	1.07021685452114634352
28.30000000000000071054	0.99182778563663676064	-0.57889033844520743077	-0.63322073368466536003	0.22911560242392237097	0.24675628890207446098	1.31576325156096873847	1.08472063977633981224
28.40000000000000213163	0.99179079854341078981	-0.58764834516229014216	-0.63852119168333876242	0.23043384486597937033	0.24755238635729120977	1.29876471422428063640	1.09746560387084257648
28.50000000000000000000	0.99175427715995900790	-0.59632931809061706652	-0.64372847690964485334	0.23174205343661397061	0.24832908783655793794	1.27944782075202745375	1.10846196516910278085
28.60000000000000142109	0.99171814909284328188	-0.60492136288244180431	-0.64883622018859266056	0.23303687186977084522	0.24908621346605033797	1.25799478237082396070	1.11772603604310938330
28.70000000000000284217	0.99168270336116515207	-0.61341326940648455146	-0.65383854998208867926	0.23431492791319200042	0.24982351770818306269	1.23458678768230800671	1.12527952784288665100
28.80000000000000071054	0.99164786909443569662	-0.62179379890559505206	-0.65872944973554647952	0.23557281795545448322	0.25054064463636166460	1.20940423317519440971	1.13114943271348655784
28.90000000000000213163	0.99161369590503123383	-0.63005217208446739896	-0.66350318899576410381	0.23680710226688297948	0.25123711197729070577	1.18262563816129318006	1.13536738274816118022
29.00000000000000000000	0.99158022133961509770	-0.63817794360768120843	-0.66815420849536477643	0.23801432220207199841	0.25191281291402062292	1.15442715952470265073	1.13797241911399549252
29.10000000000000142109	0.99154749011459086816	-0.64616102744596770613	-0.67267713828783526342	0.23919098471841263032	0.25256639520074219973	1.12498053978493950389	1.13900350357716373395
29.20000000000000284217	0.99151555197632890160	-0.65399170001032758126	-0.67706679420640336620	0.24033357568313312713	0.25319708948261493431	1.09445328700698918389	1.13850524370652972372
29.30000000000000071054	0.99148444648825850845	-0.66166058969721464056	-0.68131816832077918278	0.24143856528722124066	0.25380402375619282029	1.06300771419704020992	1.13652447380111398800
29.40000000000000213163	0.99145420480931367724	-0.66915868272133571804	-0.68542643303326189486	0.24250240916651000234	0.25438622580548009289	1.03080048224534936985	1.13311222333908045989
29.50000000000000000000	0.99142486345327629493	-0.67647734017905003512	-0.68938695740883704222	0.24352155472244507717	0.25494263877764811177	0.99798128752048465007	1.12832328009222826459
29.60000000000000142109	0.99139645754611671613	-0.68360829404196832293	-0.69319530231316728308	0.24449244037743528279	0.25547210135257453212	0.96469278477384845516	1.12221491994488120625
29.70000000000000284217	0.99136902081972078093	-0.69054364930840828052	-0.69684722230865070447	0.24541150538640377210	0.25597335715062341510	0.93107072207448260404	1.11484684648642695670
29.80000000000000071054	0.99134258540852671082	-0.69727590455107235634	-0.70033866775900610602	0.24627660245374824455	0.25644505840403952757	0.89727411735694062589	1.10628087794361817942
29.90000000000000213163	0.99131718199136797942	-0.70379791113878797937	-0.70366578092458675897	0.24708120757570897763	0.25688558632489810751	0.86336178337222169166	1.09658005667526969873
30.00000000000000000000	0.99129263644827558810	-0.71010265070221845196	-0.70682471581874073419	0.24782137931368669603	0.25729366273672105159	0.82944842574596489015	1.08581138343117045153
30.10000000000000142109	0.99126925299819002024	-0.71618292154771057145	-0.70981147379576836620	0.24852780318851866448	0.25771351301565192937	0.79611796036000903598	1.07434493259988794733
30.20000000000000284217	0.99124706643476556689	-0.72202969092927515860	-0.71262037736710703850	0.24922718482467931533	0.25818217982216895567	0.76375061144869971219	1.06254394841677868300
30.30000000000000071054	0.99122607182889743704	-0.72763340321492098184	-0.71524506939780807535	0.24990498242860564870	0.25868699504526071475	0.73239811117024111731	1.05046363917106000407
30.40000000000000213163	0.99120628864198401242	-0.73298502605338822224	-0.71767946946711946854	0.25054768131368215789	0.25921596248025124964	0.70207842345287452268	1.03815282143171749851
30.50000000000000000000	0.99118777435399629816	-0.73807608548437064755	-0.71991780661002247044	0.25114273877577153460	0.25975766546310918859	0.67280146745464541880	1.02564830030206133316
30.60000000000000142109	0.99117056215121623897	-0.74289861335917806162	-0.72195457294722242825	0.25167811188317756876	0.26030116804783270945	0.64455436619240824569	1.01298500968822002832
30.70000000000000284217	0.99115463735569964143	-0.74744515387450749522	-0.72378451962438727918	0.25214381965429172316	0.26083620595055556635	0.61733713082018604190	1.00019600961633781111
30.80000000000000071054	0.99114014058373367533	-0.75170891164343434099	-0.72540287532732294906	0.25252571310208682398	0.26135303523753949939	0.59111165010849542334	0.98730895395194162578
30.90000000000000213163	0.99112704246482952186	-0.75568347976134020438	-0.72680504228194964256	0.25281701392486821689	0.26184239698837447063	0.56586790927165409038	0.97434733701435161102
31.00000000000000000000	0.99111537135386718056	-0.75936315658859654398	-0.72798683425225130250	0.25300936428358133945	0.26229551331636208333	0.54157905900502867347	0.96133187151034127371
31.10000000000000142109	0.99110515325911974216	-0.76274285240033834476	-0.72894443155811239343	0.25309514431361168629	0.26270406846263677503	0.51821558957523072841	0.94828032355891855865
31.20000000000000284217	0.99109641154592065249	-0.76581809748041829167	-0.72967439374810516561	0.25306735543813552169	0.26306019394028057334	0.49574587267292230530	0.93520796006228357200
31.30000000000000071054	0.99108915703040678657	-0.76858503829573188160	-0.73017366194968824633	0.25291962010894081248	0.26335645707210286748	0.47413676084232253549	0.92212788221328323424
31.40000000000000213163	0.99108340840105468850	-0.77104046588087216119	-0.73043958961419130915	0.25264617256982180304	0.26358586375082249109	0.45335436762921466070	0.90905105298797239666
31.50000000000000000000	0.99107920298702245621	-0.77318182326134654581	-0.73046996195766300541	0.25224189985949296844	0.26374184582508264363	0.43336468512907450057	0.89598554926583062752
31.60000000000000142109	0.99107654204121264918	-0.77500716634347210920	-0.73026297135877449307	0.25170234846626421410	0.26382065680930855134	0.41413555248056888036	0.88291641282630395349
31.70000000000000284217	0.99107542910100709932	-0.77651520246700189709	-0.72981727104269622508	0.25102437483869410872	0.26381494042187803029	0.39564148632272244654	0.86986219284512200645
31.80000000000000071054	0.99107586984946016706	-0.77770527933193633885	-0.72913193597173453497	0.25020335615491517967	0.26371887069475896670	0.37784468358753436901	0.85683355282609352521
31.90000000000000213163	0.99107786636659567225	-0.77857737654721692611	-0.72820646200207717058	0.24923634237468650365	0.26352786840582087535	0.36071003814581487079	0.84383355283272654113
32.00000000000000000000	0.99108141768697122220	-0.77913211274703408904	-0.72704079259130216517	0.24812102087805340545	0.26323730029155323340	0.34420846911532371193	0.83086633069288429176
32.10000000000000142109	0.99108651976688166840	-0.77937074266531858324	-0.72563531819018900482	0.24685567598271893064	0.26284309031498898079	0.32831525500553176977	0.81793494270851863082
32.20000000000000284217	0.99109315545171372541	-0.77929514154701717832	-0.72399087033759723653	0.24543896911140447581	0.26234153306671315065	0.31300159585790071626	0.80504193107512189709
32.30000000000000426326	0.99110133418608192812	-0.77890783797999363358	-0.72210876154521219661	0.24387011173480316328	0.26172931262609877567	0.29824227112928158867	0.79218918448849739988
32.39999999999999857891	0.99111103306660508494	-0.77821194759102230165	-0.71999072708636235873	0.24214880903464242046	0.26100350127934496269	0.28401382935379254624	0.77937807088680843837
32.50000000000000000000	0.99112223566985691026	-0.77721120291086587262	-0.71763896173568764159	0.24027524102880493118	0.26016154003346364521	0.27029433111373923904	0.76660957236852389496
32.60000000000000142109	0.99113473242170901933	-0.77590974866331641202	-0.71505591853043470874	0.23825005042204705497	0.25920126509719426666	0.25706332146564664365	0.75388396774948152057
32.70000000000000284217	0.99114885424350718246	-0.77431284304251879469	-0.71224503586160414770	0.23607425654235669743	0.25812088822407280864	0.24430412630025197251	0.74119575856581798590
32.80000000000000426326	0.99116443706181023288	-0.77242583852713786463	-0.70920969508544051685	0.23374942691672298545	0.25691813468416724309	0.23199742571068024399	0.72852495659463423205
32.89999999999999857891	0.99118143261712199354	-0.77025476571369344558	-0.70595382548283902580	0.23127756934865389971	0.25559208914178827010	0.22012571458532956270	0.71587417406051589985
33.00000000000000000000	0.99119980650693273461	-0.76780621107239754863	-0.70248180288428518914	0.22866475981678080487	0.25414209224199713066	0.20865738404381287130	0.70324210357126371029
33.10000000000000142109	0.99121952480770358918	-0.76508728611780552065	-0.69879841063958747505	0.22591235084858365956	0.25256581171797509722	0.19758384723479796574	0.69059849682540819238
33.20000000000000284217	0.99124055134259170252	-0.76210561565595247302	-0.69490884972993138824	0.22302288291094402028	0.25086555745456312616	0.18689601142788686561	0.67796959945570756112
33.30000000000000426326	0.99126284736671221864	-0.75886931846125560419	-0.69081874454192582213	0.21999990947826952858	0.24904174491179831286	0.17658232635187123827	0.66535245021364153306
33.39999999999999857891	0.99128637164828081740	-0.75538698891204580921	-0.68653411283881504712	0.21684731713647642515	0.24709564030135960921	0.16663259707577601776	0.65275236572897454845
33.50000000000000000000	0.99131108047217042500	-0.75166767812606882782	-0.68206135323902805645	0.21356938152705332024	0.24502810040925215862	0.15703749628195279309	0.64015907030959118273
33.60000000000000142109	0.99133692784955962374	-0.74772087439204037995	-0.67740723174954897701	0.21017077492379959702	0.24284075808868482715	0.14778842269000325160	0.62757108514384662978
33.70000000000000284217	0.99136386552923050353	-0.74355648275669994351	-0.67257886988001813755	0.20665644281521747261	0.24053552022008931055	0.13887725967794195547	0.61498520416712632031
33.80000000000000426326	0.99139184310785710696	-0.73918480426610400080	-0.66758373057181452648	0.20303167909437599969	0.23811462436927832709	0.13029695270165780885	0.60239809716344094870
33.89999999999999857891	0.99142080831647505512	-0.73461651505644254279	-0.66242960356929536658	0.19930203889678235751	0.23558063862621331230	0.12204162160145319571	0.58980619193750316587
34.00000000000000000000	0.99145070667993107083	-0.72986265488159318693	-0.65712458940034845778	0.19547270881046929780	0.23293643608573472159	0.11410637817608491884	0.57720576374004894937
34.10000000000000142109	0.99148148199225283328	-0.72493458540049382499	-0.65167708358895137799	0.19155116834744351229	0.23018520096764616412	0.10648398464617868375	0.56459293546693689603
34.20000000000000284217	0.99151307614564321291	-0.71984395154800506766	-0.64609576026720172415	0.18754384648878219544	0.22733040764889253516	0.09916975160831370539	0.55196370476237222036
34.30000000000000426326	0.99154542975421267048	-0.71460267718705472451	-0.64038955440695410903	0.18345740110577618553	0.22437582456715998713	0.09215937919794112143	0.53931372452680004237
34.39999999999999857891	0.99157848197554498970	-0.70922294089543125306	-0.63456764438802959472	0.17929869093370343069	0.22132549573707868684	0.08545074190476417697	0.52663844101587520274
34.50000000000000000000	0.99161217063469664357	-0.70371715147890789854	-0.62863943387093568216	0.17507472180979299914	0.21818373952435318741	0.07904124115088061175	0.51393321382145229492
34.60000000000000142109	0.99164643254235829151	-0.69809792372506218605	-0.62261453362911167719	0.17079268418783330463	0.21495514421949554751	0.07292883684555194479	0.50119338298201121518
34.70000000000000284217	0.99168120396304215713	-0.69237805380491213025	-0.61650274311421837670	0.16645991445384944463	0.21164455519014599427	0.06711189438865237944	0.48841463562502862583
34.80000000000000426326	0.99171641994079495763	-0.68657049337995257332	-0.61031403167256104147	0.16208387570840437908	0.20825512488276265444	0.06158908681443803906	0.47556891350088181802
34.89999999999999857891	0.99175201649710587049	-0.68068832680913216038	-0.60405852052272535069	0.15767208227135842691	0.20479638602028060745	0.05635856477899693628	0.46271151537409838106
35.00000000000000000000	0.99178790511213155145	-0.67474471884713771441	-0.59774643608162614239	0.15323225458002573407	0.20127420240671453633	0.05141926127317340833	0.44984445065261435825
35.10000000000000142109	0.99182403923884410180	-0.66875338296227482271	-0.59138862908150835462	0.14873540819017361247	0.19763018258790826520	0.04693040877732058275	0.43727810715601117542
