0.00000000000000000000	1.00000000000000000000	1.00000000000000000000	1.00000000000000000000	0.00000000000000000000	0.00000000000000000000	nan	nan
0.10000000000000000555	0.99999923968770143556	0.99920010960185823290	0.99935189548883085475	0.00039786559316452229	0.00032229564963681873	0.00000000000000000000	0.00000000000000000000
0.20000000000000001110	0.99999031968999319009	0.99680186727546959968	0.99740728521294097497	0.00157733902168648516	0.00127783746235581551	0.00000000000000000000	0.00000000000000000000
0.30000000000000004441	0.99997333418886003020	0.99282271258927290436	0.99417973980658569388	0.00351660068998290148	0.00284923310954435585	0.00000000000000000000	0.00000000000000000000
0.40000000000000002220	0.99994838850038791911	0.98728246721860801749	0.98968439132160457294	0.00619302476887561345	0.00501861601378903767	0.00000000000000000000	0.00000000000000000000
0.50000000000000000000	0.99991559870216872863	0.98020326112004541042	0.98393788550896910117	0.00958322943768202297	0.00776767703251648404	0.00000000000000000000	0.00000000000000000000
0.60000000000000008882	0.99987509127208373805	0.97160945601262660443	0.97695833265919773680	0.01366313732973352922	0.01107770834488832137	0.00000285825721819692	0.00000435206620536532
0.70000000000000006661	0.99982700170830141051	0.96152756543568607128	0.96876525730823936922	0.01840814155968078375	0.01492976565762154512	0.00003348699824956959	0.00005115907405964829
0.80000000000000004441	0.99977147360971874157	0.94998616384141987279	0.95937954603522723751	0.02379331508891661603	0.01930482225840930363	0.00012944007934317584	0.00019802284089644463
0.90000000000000002220	0.99970865797668739816	0.93701577925430601379	0.94882339435377494041	0.02979356034700560846	0.02418379702632294376	0.00032257712964663224	0.00049364987899289678
1.00000000000000000000	0.99963872411287646447	0.92264876354976033124	0.93712026410476190197	0.03638373461688123450	0.02954757054937023897	0.00063689781707261062	0.00097435800759519805
1.10000000000000008882	0.99956185740910019621	0.90692376891315307219	0.92429829059529355906	0.04349046467552389328	0.03534007704281773993	0.00109374121273886175	0.00166611066194411166
1.20000000000000017764	0.99947827899671515262	0.88988956091860638153	0.91039358770809375443	0.05102945293626052342	0.04149401982966226948	0.00170695114823480004	0.00259365953289664901
1.30000000000000004441	0.99938825857308266620	0.87160002447143158921	0.89544633057018985234	0.05895558113873045070	0.04797488684885249655	0.00248919444125217122	0.00377533644835339978
1.40000000000000013323	0.99929206801093783952	0.85210970359786752937	0.87949706465601362737	0.06722536983111060405	0.05474957765974795831	0.00345133431905412591	0.00522595116171319964
1.50000000000000000000	0.99918998017014293289	0.83147366142976886216	0.86258661720930462913	0.07579698727130179670	0.06178638249338063576	0.00460296050852274530	0.00695732813100886568
1.60000000000000008882	0.99908226599788019229	0.80974734102701084737	0.84475600817698959233	0.08463247527908564216	0.06905784660027076971	0.00605630410475279605	0.00914952029874487559
1.70000000000000017764	0.99896919272132245204	0.78698642769646109940	0.82604636149724774974	0.09369717599186554169	0.07653974168819151214	0.00795165900796199199	0.01200188989157288666
1.80000000000000004441	0.99885105488906744675	0.76324668478891477541	0.80649879589262329915	0.10295712085863534258	0.08420788867795053756	0.01033577418802348463	0.01558041032245906059
1.90000000000000013323	0.99872810900605002438	0.73858387171679606986	0.78615440816437698324	0.11238067469932157272	0.09203993496851474443	0.01325235066495871958	0.01994495897403406048
2.00000000000000000000	0.99860062472640953590	0.71305354603683024362	0.76505414557902573502	0.12193854492307223958	0.10001526004262049907	0.01674083100690135564	0.02514755604633574573
2.10000000000000008882	0.99846887899653224974	0.68671519109683298865	0.74324205954110456052	0.13152093626164812479	0.10805130403342597112	0.02085513957169249019	0.03124979174477273552
2.20000000000000017764	0.99833318548868854592	0.65963558604941474606	0.72076819766270516787	0.14101891450704803765	0.11606137867792350182	0.02563908275364048042	0.03831624409871841469
2.30000000000000026645	0.99819388170322365106	0.63188383497213562734	0.69768472324526475958	0.15040132870459702041	0.12402380416321120982	0.03113146611075649425	0.04639115615351417643
2.40000000000000035527	0.99805129554675475756	0.60352717614538864410	0.67404239402674603898	0.15964095732610006362	0.13191997243490383163	0.03736789974341143961	0.05551106453120122769
2.50000000000000000000	0.99790574358688910461	0.57463090940847239008	0.64989051988212054312	0.16871427158995846995	0.13973410436172734039	0.04438086397268707628	0.06570422932559806528
2.60000000000000008882	0.99775752220155777827	0.54525831812961556011	0.62527690868166951876	0.17761073127333945609	0.14746543062575767635	0.05240176589494811854	0.07730438866335437309
2.70000000000000017764	0.99760690811059371530	0.51547060438639669133	0.60024781978904850899	0.18632662376019520911	0.15511925980266844105	0.06168804530554591187	0.09064387054293424062
2.80000000000000026645	0.99745418411782482693	0.48532683284382227562	0.57484793549991874961	0.19485364160417145696	0.16269386591146847709	0.07229394393630242388	0.10576362728577887173
2.90000000000000035527	0.99729962157051688099	0.45488390971885073188	0.54912036925420126821	0.20318679081289270361	0.17018980288925628086	0.08426346263887080079	0.12268308121270142530
3.00000000000000000000	0.99714348044172729235	0.42419654628238900873	0.52310666329280131048	0.21132412200200728636	0.17760958610251262324	0.09762861692750844644	0.14139855578791804547
3.10000000000000008882	0.99698602197344543541	0.39332106240458342139	0.49684982805290073271	0.21916207463364500985	0.18487669105126186553	0.11246916430693630617	0.16195258499626072335
3.20000000000000017764	0.99682753110388655493	0.36231835500045500575	0.47039694713159652117	0.22660839995028833616	0.19191699245771537408	0.12884651484113981978	0.18438126328808662757
3.30000000000000026645	0.99666830263765304743	0.33124931589977724133	0.44379552574997538361	0.23367364017025793466	0.19874255838065188473	0.14677703818943840797	0.20863710991838646525
3.40000000000000035527	0.99650861575322646768	0.30017115442691122418	0.41709032058701434043	0.24037149202725838215	0.20536752897297047560	0.16626193890268409215	0.23464470761569003465
3.50000000000000000000	0.99634871660803925320	0.26913752434137472314	0.39032344120351147865	0.24671828332807851925	0.21180762586630602629	0.18728568018825755837	0.26230086016004344751
3.60000000000000008882	0.99618885086921016292	0.23819857389329340824	0.36353437470749389027	0.25275579783254503718	0.21811006505369179287	0.21011006006093083109	0.29186071769225302441
3.70000000000000017764	0.99602920413574769221	0.20740113374264468327	0.33676007485185427415	0.25853231058519599017	0.22432676493512163085	0.23499233610349548607	0.32353820494766566407
3.80000000000000026645	0.99587002457249029774	0.17678875397860263630	0.31003508034205545796	0.26407556153210465233	0.23048398801109898359	0.26184186459712949224	0.35709023180037224865
3.90000000000000035527	0.99571148188983826799	0.14640201728974089335	0.28339170655137091437	0.26941415242376293149	0.23660772739953458976	0.29053350788544141103	0.39223727233125782465
4.00000000000000000000	0.99555376627581770865	0.11627857435697307176	0.25686013572449317710	0.27457710264849993775	0.24272334205116885553	0.32090575264215120965	0.42863592772316566615
4.10000000000000053291	0.99539708179558838985	0.08645668511221238361	0.23047124911528790725	0.27948143029497313217	0.24876760539471898248	0.35289273659473902045	0.46604068591862235493
4.20000000000000017764	0.99524162536942084589	0.05697781891153291811	0.20425901657573625192	0.28406142646140758456	0.25468328690084562904	0.38639201978629328371	0.50418238031754436523
4.29999999999999982236	0.99508761278372692693	0.02788261653574502022	0.17825716776344996406	0.28836239468978186462	0.26050703082196829952	0.42116224091254106376	0.54267310471229668334
4.40000000000000035527	0.99493523992900456676	-0.00079217200209762487	0.15249646105182446121	0.29242857499505225949	0.26627369170306669499	0.45689131764180268558	0.58108701187766198526
4.50000000000000000000	0.99478468702376920962	-0.02901341098602101126	0.12700489622443977833	0.29630263514412608084	0.27201586470240024518	0.49329062374576143624	0.61898626033756432019
4.60000000000000053291	0.99463605824653744669	-0.05675128147613284213	0.10180791927644869399	0.30006809974553522169	0.27781918492248758312	0.53033169748541819644	0.65623660346768508678
4.70000000000000017764	0.99448948925621949435	-0.08397908873373283178	0.07692854451997827026	0.30381015867163907451	0.28376782201408301543	0.56791682752357086628	0.69263970199741842215
4.80000000000000071054	0.99434512613271197612	-0.11067288358588091290	0.05238762053855611223	0.30756776915579780995	0.28989093806856253144	0.60554581702275567245	0.72758460113669520819
4.90000000000000035527	0.99420309884004565149	-0.13681118987410051391	0.02820410218569998489	0.31137623566987898682	0.29621329375850025123	0.64271614891846107209	0.76053390058331349355
5.00000000000000000000	0.99406351251811053693	-0.16237476570612610627	0.00439528133616486072	0.31526697409577908449	0.30275514492008120948	0.67893565717808657123	0.79101753882773517823
5.10000000000000053291	0.99392652107328771649	-0.18734351179728492287	-0.01902069584634424881	0.31915936932153532446	0.30944648047963918547	0.71385931564534688132	0.81879564929772985504
5.20000000000000017764	0.99379222713018489088	-0.21169425440485725720	-0.04202267636642292165	0.32299264106835950949	0.31622504976828469392	0.74719242502994331900	0.84356911701005388160
5.30000000000000071054	0.99366079595792344836	-0.23540434609488189444	-0.06458961683888886363	0.32681152545951780430	0.32311936926535134162	0.77843268594194725551	0.86499552161610038237
5.40000000000000035527	0.99353236771912234460	-0.25845420870741481201	-0.08670286468702952110	0.33065490952035686556	0.33015211896952756376	0.80718730729479304387	0.88293337053534115544
5.50000000000000000000	0.99340705141694385372	-0.28082695334192048220	-0.10834592469859072317	0.33455583463247590137	0.33734008313115149136	0.83308809513616488562	0.89725738939672383676
5.60000000000000053291	0.99328492420690295273	-0.30250808508796789287	-0.12950418789674381093	0.33860729753077767334	0.34477928397670432048	0.85593304075764320427	0.90777693980765417070
5.70000000000000017764	0.99316602960305944148	-0.32348506474464394644	-0.15016474603095780749	0.34289708658695539079	0.35255635514484018334	0.87562808715650242153	0.91462710847766948152
5.80000000000000071054	0.99305047268188528786	-0.34374705493661472655	-0.17031622350355968276	0.34743677270924017142	0.36066805790424727451	0.89187522070617020198	0.91781883485393933597
5.90000000000000035527	0.99293835175884914701	-0.36328476011655913558	-0.18994840261415488203	0.35223237524700184986	0.36910402048671564490	0.90449211342780821976	0.91745643401291543384
6.00000000000000000000	0.99282975675482887379	-0.38209027451427035604	-0.20905206257582734097	0.35728331403683188938	0.37784850064673219938	0.91343611495777421450	0.91373072619181072707
6.10000000000000053291	0.99272476106010887342	-0.40015431606377777074	-0.22761678953856590013	0.36248613656615830125	0.38680201382809509258	0.91864667824943546659	0.90689159705976241099
6.20000000000000017764	0.99262343404856634432	-0.41746457553613686153	-0.24562930222462081575	0.36776037668028083161	0.39587526501730629924	0.92034871498107995169	0.89716496546465818174
6.30000000000000071054	0.99252588302083033511	-0.43400902383261918960	-0.26307622641290395737	0.37311846982119478700	0.40506178836644890495	0.91866726384720376331	0.88479947994757335294
6.40000000000000035527	0.99243221790185720543	-0.44977798468671958965	-0.27994615515603216149	0.37856561513695186072	0.41434836600205260382	0.91372684622875599558	0.87019688978300679949
6.50000000000000000000	0.99234250388570444112	-0.46476382604956995026	-0.29622938383326186118	0.38410020173491865592	0.42371567118961989129	0.90583052763281290964	0.85371878157870173531
6.60000000000000053291	0.99225681373657992346	-0.47896062595123783945	-0.31191761389274991201	0.38980279531491590639	0.43325265540313018242	0.89519760103999690415	0.83545749461265539360
6.70000000000000017764	0.99217514133055406678	-0.49236352777137226688	-0.32700367021139348234	0.39574285422499067000	0.44303187211609207363	0.88216289082473486882	0.81580211184545636804
6.80000000000000071054	0.99209756814327165753	-0.50496875527479756496	-0.34148160603850552519	0.40188677392752247819	0.45300340367926278384	0.86703069612088756735	0.79510937561381855865
6.90000000000000035527	0.99202416161709039422	-0.51677371717107845051	-0.35534631873163546878	0.40819797812118940872	0.46311129018779950695	0.85020190806120321536	0.77374001672861847378
7.00000000000000000000	0.99195495239648490138	-0.52777697718037275276	-0.36859347335919045996	0.41463510382954693601	0.47329852063372745974	0.83207613407255054394	0.75201912378791413438
7.10000000000000053291	0.99188998397013716790	-0.53797590521198390690	-0.38121780270473781815	0.42106983954304094686	0.48343715271031295622	0.81277869454886886302	0.73009729637417342119
7.20000000000000017764	0.99182928629722433289	-0.54736555279465415325	-0.39321176699748577876	0.42740180462659904670	0.49341423485247648539	0.79261007775422021027	0.70811493854967122452
7.30000000000000071054	0.99177291852587645682	-0.55594165675100715163	-0.40456808619039502650	0.43361058300331423165	0.50319186194882026264	0.77193051473582763311	0.68630885370387384459
7.40000000000000035527	0.99172092627595109793	-0.56370223752049275490	-0.41528147040425783532	0.43967145451763545161	0.51272852085856523985	0.75105002290322731007	0.66493575733710430509
7.50000000000000000000	0.99167333611279817607	-0.57064739603120007150	-0.42534844801432092343	0.44555624691704387441	0.52198042203707617492	0.73027636651113192467	0.64420440338382456424
7.60000000000000053291	0.99163014546278505090	-0.57677873047099348369	-0.43476673811147659165	0.45134018605322889783	0.53103814042919283978	0.70975427259031531602	0.62407670828586581102
7.70000000000000017764	0.99159133790793529961	-0.58209857918138041555	-0.44353505192321696082	0.45708341323232026809	0.53997250289864240358	0.68967557032729664979	0.60471153238339425684
7.80000000000000071054	0.99155694211572886765	-0.58661023653399091415	-0.45165348581007647155	0.46272370099267440269	0.54870605083928014611	0.67026080540362642513	0.58627326861676531955
7.90000000000000035527	0.99152695424226555687	-0.59031848253810337290	-0.45912305772778549962	0.46820302403541225189	0.55715831583488462098	0.65175547591804716685	0.56888502939067464581
8.00000000000000000000	0.99150135941806138984	-0.59322965017591089421	-0.46594575117583247881	0.47346317985461616740	0.56525774748923818258	0.63436124194103638008	0.55265793485797209961
8.09999999999999964473	0.99148012725694290026	-0.59534948330814585482	-0.47212325933377624620	0.47837492069799014693	0.57287550281279853159	0.61783777517273119617	0.53748886768040904371
8.20000000000000106581	0.99146321143495041994	-0.59668247246572880815	-0.47765593693913122042	0.48284388035743763812	0.57990389811870046710	0.60229244475655041580	0.52331154529032875011
8.30000000000000071054	0.99145060475030444280	-0.59723453866441666982	-0.48254501139716821090	0.48684521008700482048	0.58630454760624672872	0.58791844125469294724	0.51020679442207717003
8.40000000000000035527	0.99144228063664852080	-0.59701407002087070186	-0.48679391482490907972	0.49035511382014718151	0.59204025216151723310	0.57477557935369194553	0.49828761932402354518
8.50000000000000000000	0.99143818806591799131	-0.59603170778217484660	-0.49040808946954667080	0.49335103290930915065	0.59707687261527075950	0.56300624794520848226	0.48761938127845738666
8.59999999999999964473	0.99143827840232201520	-0.59429948306079571907	-0.49339401740489435833	0.49592798034308704924	0.60153115712958771244	0.55257338876393091720	0.47800865475512344105
8.70000000000000106581	0.99144245670850839058	-0.59182964966743389912	-0.49575890798091715173	0.49816184015442799282	0.60549898447587058303	0.54350018741056316252	0.46958275700931734198
8.80000000000000071054	0.99145066828213135324	-0.58863531751921271962	-0.49751143878896986195	0.49999640959211755220	0.60890921057855107446	0.53585372520788809858	0.46239644196266282972
8.90000000000000035527	0.99146283837133353245	-0.58473139960969744422	-0.49866128022731032177	0.50138715581320492110	0.61169370636185937951	0.52975705647403237286	0.45644029970104410543
9.00000000000000000000	0.99147885835480376038	-0.58013460469770006256	-0.49921924856099242351	0.50229363047303321466	0.61380227866750691756	0.52529141832876991014	0.45178265890609664579
9.09999999999999964473	0.99149866352067150821	-0.57486160583504875010	-0.49919646195092687302	0.50261457085956506852	0.61513699797376142353	0.52204806986099983046	0.44826562386561474849
9.20000000000000106581	0.99152211482186303204	-0.56892859823810681963	-0.49860339992824875832	0.50228850004032643550	0.61562586167109767388	0.52014151852111323304	0.44580126284035581641
9.30000000000000071054	0.99154912403033879098	-0.56235359221503078420	-0.49745178886277680030	0.50131711991121807870	0.61526228300817265016	0.51968841210193472691	0.44445415969211415907
9.40000000000000035527	0.99157958663660972221	-0.55515687133130497966	-0.49575547113352380624	0.49970750293418364496	0.61404355247274655660	0.52068599718736685578	0.44432742590124896243
9.50000000000000000000	0.99161336816002643157	-0.54736072811372193936	-0.49353015036721481490	0.49746994693655677278	0.61197354743325316218	0.52326736475190760434	0.44548503569435737859
9.60000000000000142109	0.99165037321087456945	-0.53898824190086513930	-0.49079206451610146722	0.49473417303827843527	0.60920905150746973433	0.52737290226615285427	0.44771010482477113790
9.70000000000000106581	0.99169043300304893229	-0.53006167624624023205	-0.48755741369601990343	0.49160507457100000028	0.60588246175851878661	0.53300523311282976824	0.45119663628873835082
9.80000000000000071054	0.99173343382090817233	-0.52060365292416144190	-0.48384358262210858115	0.48805536482681888266	0.60195371741200198734	0.54022251905982954234	0.45598941882300136896
9.90000000000000035527	0.99177923816956436998	-0.51063850544759448180	-0.47966879179387816867	0.48407390906014680088	0.59738757303947187527	0.54915784511938459111	0.46206334472241877842
10.00000000000000000000	0.99182770769594430504	-0.50019223517537181323	-0.47505230629400246878	0.47965470813377675263	0.59217319693244163670	0.55989752002497161776	0.46952733822819270326
10.10000000000000142109	0.99187870533909316961	-0.48929086613346173262	-0.47001386297669434100	0.47473184386032601934	0.58625387385283245223	0.57198987469663509220	0.47824953135274994587
10.20000000000000106581	0.99193205337072387628	-0.47796035848160073334	-0.46457299310175420581	0.46928027497359658948	0.57960068054647695401	0.58563768340890265396	0.48817731533019154133
10.30000000000000071054	0.99198760700856192241	-0.46622832860755503148	-0.45875042795859755085	0.46333659564030471589	0.57224754233460428665	0.60093562026393532172	0.49941025511165026973
10.40000000000000035527	0.99204521291928804416	-0.45412401927243384314	-0.45256853241670885746	0.45694406779407081842	0.56423076420652162888	0.61784824125062709488	0.51208214885192049337
10.50000000000000000000	0.99210468851471844687	-0.44167800682349411812	-0.44605100730592417424	0.45014640865685717763	0.55559336304160189535	0.63650945082383814100	0.52628548798963403765
10.60000000000000142109	0.99216592233480094265	-0.42892062181352719197	-0.43922123188562800511	0.44309506762342876218	0.54651759095273089173	0.65680228648739380493	0.54177874183981278300
10.70000000000000106581	0.99222869504165345234	-0.41587999027047861667	-0.43210141738890223140	0.43590975290379307960	0.53715605228838814167	0.67865209158471029305	0.55880843690024950554
10.80000000000000071054	0.99229287521458653387	-0.40258387564532299718	-0.42471438984263581995	0.42858782195288341876	0.52749611052184885995	0.70205265880323008965	0.57739736873241886972
10.90000000000000035527	0.99235831877707703086	-0.38906145129156455287	-0.41708351200247573143	0.42114321096092788288	0.51752865138659898125	0.72706185206058937531	0.59749435112159610117
11.00000000000000000000	0.99242484746378178961	-0.37534314285824982305	-0.40923286175340428672	0.41359265231536451735	0.50727116877824318664	0.75366099231466499031	0.61922359581504071713
11.10000000000000142109	0.99249233476770759577	-0.36145938325930837554	-0.40118701764557701539	0.40588628971181939242	0.49669037939470472853	0.78126773316376019185	0.64243582801539378391
11.20000000000000106581	0.99256058015487114154	-0.34744065484270464372	-0.39297048339962997732	0.39801199558721500615	0.48578032605900045571	0.81003968519388203084	0.66709223928840510887
11.30000000000000071054	0.99262942268035148086	-0.33331868511465173599	-0.38460866273957400319	0.39002384988272692512	0.47459695751760144766	0.83984286989313350347	0.69326712486182195949
11.40000000000000035527	0.99269869844865921138	-0.31912598930777291706	-0.37612788036535038660	0.38198139282873005973	0.46319360755675359487	0.87038454721722791074	0.72103049449399680970
11.50000000000000000000	0.99276823915548872979	-0.30489559605231913997	-0.36755509796008389856	0.37393787803908118406	0.45162808575536173006	0.90153436826422961303	0.75039283294068492847
11.60000000000000142109	0.99283790413890271598	-0.29065906208273234457	-0.35891585838257061836	0.36603217629734474681	0.44007149879106921553	0.93283601383685488262	0.78098805698607420833
11.70000000000000106581	0.99290749486096030463	-0.27644441759329957398	-0.35023333921406141211	0.35836582424932905688	0.42866025315420663855	0.96384517103498046353	0.81294072935809214009
11.80000000000000071054	0.99297688464211275594	-0.26227857208654054011	-0.34153060094497295074	0.35093802072327717756	0.41738628567298369232	0.99421124368340318966	0.84609015703702394884
11.90000000000000035527	0.99304593620614278748	-0.24818948879182217704	-0.33283090145887683775	0.34376229601750663001	0.40624194770731580917	1.02361461700434186461	0.88019143014680045756
12.00000000000000000000	0.99311449163412401919	-0.23420595766814839012	-0.32415785222725257420	0.33685109502613647114	0.39524537097013057174	1.05164662466385649964	0.91519249061847740556
12.10000000000000142109	0.99318245616799993858	-0.22035661412513213309	-0.31553539021289145339	0.33014029501816899437	0.38435624447881644450	1.07756506113495453825	0.95080658204754675555
12.20000000000000106581	0.99324964053220587967	-0.20667006539329055292	-0.30698729290249304746	0.32359857285555054807	0.37356080604796748634	1.10130201557157803016	0.98685750961915408297
12.30000000000000071054	0.99331590511477729777	-0.19317556489225612415	-0.29853771240917520435	0.31727150074714516315	0.36290829868362489696	1.12230383227488506037	1.02317380995239726182
12.40000000000000035527	0.99338110793707923296	-0.17990218000730293091	-0.29021085779702532337	0.31120818534376426534	0.35243931625685370745	1.13996122042309067091	1.05949911902641691341
12.50000000000000000000	0.99344508347619475686	-0.16687851075070947449	-0.28203070512352101940	0.30544326851015934920	0.34219656369513556937	1.15385686836107570485	1.09550803636278115683
12.60000000000000142109	0.99350775019709114400	-0.15413050826664551063	-0.27401872534316779051	0.30007004945794601980	0.33230424700387950487	1.16345064762494643240	1.13059905312505248887
12.70000000000000106581	0.99356894275485341250	-0.14167928243793104226	-0.26619273919771191395	0.29514307121024874192	0.32284957625127108649	1.16832895999080088600	1.16454100760460210751
12.80000000000000071054	0.99362858154108546493	-0.12954411332209225804	-0.25856972191995769572	0.29064338236630032908	0.31380829559284273422	1.16825684894658521351	1.19683792740051431203
12.90000000000000035527	0.99368657410078364833	-0.11774489766352180808	-0.25116648878918673704	0.28656350276567454927	0.30515383761662051576	1.16310340257370636863	1.22700407656347443286
13.00000000000000000000	0.99374280607956366751	-0.10630183804715184759	-0.24399978031422803193	0.28289184074370393729	0.29688335494913442592	1.15280558160916712929	1.25474435453955868169
13.10000000000000142109	0.99379724489866849702	-0.09523465196389339915	-0.23708634996216204627	0.27953199920149229829	0.28892988716416029282	1.13763252800846226265	1.27985198777828346195
13.20000000000000106581	0.99384974997386432705	-0.08456271802056487819	-0.23044253056030672422	0.27641599255697840709	0.28125370196443871817	1.11808378161998511757	1.30223664529164828707
13.30000000000000071054	0.99390023301452323778	-0.07430533386037674326	-0.22408438246102535540	0.27356748436954186898	0.27388048868618874998	1.09418086411599047025	1.32163265577424127173
13.40000000000000035527	0.99394860856083144807	-0.06448062293832942937	-0.21802719922100452510	0.27101253411347991928	0.26682268017676524785	1.06615049107622494873	1.33765958214195790354
13.50000000000000000000	0.99399478137449537307	-0.05510534103662371314	-0.21228528349416567189	0.26875584856994838567	0.26009412655042474238	1.03429680942515167530	1.35001368371232111087
13.60000000000000142109	0.99403871920051900535	-0.04619254681606427965	-0.20686942807938860089	0.26683444487229340814	0.25375890363885700296	0.99925381038773253284	1.35875454142847873484
13.70000000000000106581	0.99408033658488592632	-0.03774955022709250430	-0.20178584347486083761	0.26525072394615911708	0.24784655180559278520	0.96165082657566269830	1.36383673955620721152
13.80000000000000071054	0.99411962311328128106	-0.02978137848002436472	-0.19703940388948781859	0.26396758122280222780	0.24231554514338785045	0.92203050278960518860	1.36515474307352535632
13.90000000000000035527	0.99415656491425330454	-0.02229343985409264553	-0.19263470421338793614	0.26295731763283675120	0.23712084023394949805	0.88091613394262524572	1.36281798834859091407
14.00000000000000000000	0.99419112342459681209	-0.01529116354937964939	-0.18857608145837906344	0.26218715271853154647	0.23223920896268121505	0.83883435908901271549	1.35702484754571339742
14.10000000000000142109	0.99422333275997343272	-0.00877930937549318072	-0.18486773428633823668	0.26153665293760325339	0.22758294894479741410	0.79685727953020424330	1.34856502069322314874
14.20000000000000106581	0.99425313444332186208	-0.00276220640680894039	-0.18151338125726526607	0.26091130772873588617	0.22309388178719241624	0.75549343102290733576	1.33814222838099117219
14.30000000000000071054	0.99428051546768081437	0.00275624300698606994	-0.17851613528328807989	0.26032241412238865674	0.21878045001450066587	0.71493570692899632846	1.32601812927112905349
14.40000000000000035527	0.99430546617988235791	0.00777377403542509060	-0.17587800429269245805	0.25978357985507150030	0.21463568394234042169	0.67557032198552868785	1.31224703928633523731
14.50000000000000000000	0.99432796493800168491	0.01228978543077161381	-0.17359976422476380842	0.25928282813793912531	0.21065518698079543913	0.63751865462413193075	1.29705792368510919310
14.60000000000000142109	0.99434804782150421065	0.01630760792541905563	-0.17167834522505232009	0.25881853308182728446	0.20685867194538726244	0.60131188824671688575	1.28183735928834008355
14.70000000000000106581	0.99436570443906568961	0.01983633067001365144	-0.17010589925101340936	0.25836312818096773825	0.20323803342671470373	0.56726063050302677482	1.26677614999516596761
14.80000000000000071054	0.99438102327749511300	0.02288694305243507005	-0.16887344106025575785	0.25788282884673885409	0.19975439455430754609	0.53539504374280733057	1.25215953071664198859
14.90000000000000035527	0.99439405367123390178	0.02546965195834703308	-0.16797212361321761653	0.25735186950457389354	0.19636520730211615149	0.50569097076602942398	1.23847836263139687851
15.00000000000000000000	0.99440482103906646660	0.02759421689857561796	-0.16739325555329470641	0.25673990358056181238	0.19304784297686156114	0.47813033580114283616	1.22600672901764951028
15.10000000000000142109	0.99441344134415488032	0.02927057070759146729	-0.16712843134388050137	0.25593271908699055661	0.18972127159759838433	0.45331536568515040653	1.21586498231960260519
15.20000000000000106581	0.99441991552936903620	0.03050856491742776760	-0.16716918294072757867	0.25484070115112733568	0.18633574495103305546	0.43095382036531215686	1.20890287041848321081
15.30000000000000071054	0.99442429286085087803	0.03131802241971326506	-0.16750674222107339584	0.25348733856612493121	0.18290426082657323947	0.41088515060928287870	1.20529784324441924248
15.40000000000000035527	0.99442660034480878650	0.03171001439658381604	-0.16813159524929899291	0.25189824669026056325	0.17942391616574371316	0.39317234533579004108	1.20497770235345691425
15.50000000000000000000	0.99442693132968640324	0.03169662475452988959	-0.16903352145744407475	0.25007133899817318712	0.17589582015731680675	0.37756830639124866478	1.20788815535959637160
15.60000000000000142109	0.99442534366551971203	0.03129325684340976410	-0.17019879584039601661	0.24799848557867093524	0.17232630124431250196	0.36429059844087074982	1.21624891298743342816
15.70000000000000106581	0.99442188962244737471	0.03052007465233775099	-0.17160955641671987726	0.24565594459775755287	0.16870213537216149913	0.35329739826115735823	1.22966351671330542672
15.80000000000000071054	0.99441668336342348145	0.02939805674240379696	-0.17324754580014664618	0.24303957305169943126	0.16501127918356159330	0.34441444500225687486	1.24835507942210255372
15.90000000000000035527	0.99440982912128694782	0.02794638450878873803	-0.17509558222458787569	0.24015111715319933938	0.16123733392872380277	0.33748010866049954481	1.27290237725564558957
16.00000000000000000000	0.99440139821421857924	0.02618287061544341543	-0.17713746432992333313	0.23698789755049926020	0.15738082371367734247	0.33239714319828039812	1.30348028469998289403
16.10000000000000142109	0.99439152576554490359	0.02412464862434232638	-0.17935801345388735495	0.23347252737557003255	0.15339521725169208421	0.32977655701508729047	1.34167594049821681246
16.19999999999999928946	0.99438023877701964270	0.02178792376521274804	-0.18174271064321304014	0.22955036686605273522	0.14926367832339695885	0.32922866294284902633	1.38861105441535603866
16.30000000000000071054	0.99436765454846220980	0.01918801333580771179	-0.18427740266073225350	0.22527442052294444075	0.14501954417111681539	0.33071359985176645990	1.44471647987905060795
16.40000000000000213163	0.99435382974231090181	0.01634073332444241355	-0.18694785753146569984	0.22069798015648733891	0.14067992417445882025	0.33443836296563489441	1.51021938835126778855
16.50000000000000000000	0.99433882913841409312	0.01326210643196447381	-0.18973978023558227268	0.21584524368380214598	0.13626582542610329862	0.34025539348613992319	1.58539753645572867313
16.60000000000000142109	0.99432276262023056024	0.00997041198059653300	-0.19263616436574551583	0.21072338921482938745	0.13179202186467253721	0.34850608145519201830	1.67411838319464956193
16.69999999999999928946	0.99430570569024845362	0.00648759204703563182	-0.19561665378250814307	0.20533199751139774580	0.12726053523267186196	0.35927426210135349205	1.77598239579359007401
16.80000000000000071054	0.99428777779031829454	0.00283537667142545313	-0.19866128405083172126	0.19970423827809499762	0.12269235054803284690	0.37257817649968805185	1.89208376876362138752
16.90000000000000213163	0.99426909208432701082	-0.00096705004122706138	-0.20175197804176209226	0.19387501960287617520	0.11810186561430496832	0.38847984676147984118	2.02404069390773866388
17.00000000000000000000	0.99424973912208536309	-0.00490257823917325530	-0.20487234419421401777	0.18787439483330636847	0.11351576919062758564	0.40707948846266511778	2.17266655318163737221
17.10000000000000142109	0.99422980629606783065	-0.00895530741675428996	-0.20800750239610185655	0.18167014649264404125	0.10892877369564434031	0.42952146816579411803	2.34125655286353540063
17.19999999999999928946	0.99420937567634437571	-0.01311076605085238767	-0.21114380028191118144	0.17524859595912081756	0.10435903990371353522	0.45561586807139181632	2.53214268783914464578
17.30000000000000071054	0.99418851862040136247	-0.01735568593296228646	-0.21426827942421344808	0.16868363857593449140	0.09985267061776167963	0.48566471419613560512	2.74603741937497858316
17.40000000000000213163	0.99416731159616578140	-0.02167679318174734263	-0.21736844845557798389	0.16204597761737010719	0.09543916054379129876	0.52030608433885383590	2.98292146674561697850
17.50000000000000000000	0.99414582008624785558	-0.02606101528333159417	-0.22043217824871411126	0.15537617308040430064	0.09114992856942824573	0.55956655549036793396	3.24235810228218257478
17.60000000000000142109	0.99412412384836634782	-0.03049354874983837421	-0.22344508139557484050	0.14869225360467747121	0.08700619712562313035	0.60426528163947801353	3.52844407875157362042
17.69999999999999928946	0.99410230104027452747	-0.03495660423793887223	-0.22638995787167934259	0.14200879125546145287	0.08302024786396153266	0.65470662811899538180	3.83711147159709398125
17.80000000000000071054	0.99408047060435655862	-0.03943303401296360117	-0.22925043277769735495	0.13537624639268597271	0.07922645304221986873	0.71116502938241354936	4.16556361186181156597
17.90000000000000213163	0.99405872939995498783	-0.04390835276390157860	-0.23201239546641996836	0.12884213409170458542	0.07564985349134761838	0.77398425315455998685	4.50967363530418019479
18.00000000000000000000	0.99403713616487865412	-0.04837020416663563582	-0.23466369342089388184	0.12244720366109250465	0.07232285438238719721	0.84341152360157434220	4.86116933069946988155
18.10000000000000142109	0.99401580113116894122	-0.05280752344519276664	-0.23719392272391995324	0.11618805884617761093	0.06926460827333001669	0.92144904332412436165	5.21286411625566259431
18.19999999999999928946	0.99399475325745711984	-0.05721043508591149018	-0.23959391794604159576	0.11007185004590927524	0.06650738804518772918	1.00779984672172928661	5.55206011088029249834
18.30000000000000071054	0.99397406187236558850	-0.06157022682125312674	-0.24185537235553203339	0.10416226391731323031	0.06408279077859105333	1.10254625027034935947	5.86125136314449424191
18.40000000000000213163	0.99395378943749368439	-0.06587821131486958082	-0.24397063082256650879	0.09851692140969335598	0.06200706013415386436	1.20588745533753582961	6.12140203425304907370
18.50000000000000000000	0.99393398742867344886	-0.07012594522787417295	-0.24593257715674374242	0.09316438458446243964	0.06029632483576386620	1.31646058045004155090	6.31347105101109384862
18.60000000000000142109	0.99391471733794944932	-0.07430344156531415445	-0.24773206436004360786	0.08811078251017005758	0.05895990445258759982	1.43355706861137788266	6.42483553470420254428
18.69999999999999928946	0.99389601751813083652	-0.07839799002831643326	-0.24935737113786968222	0.08336077598808053213	0.05800053959499543166	1.55479778339724461489	6.43771327930643977311
18.80000000000000071054	0.99387801398446928847	-0.08239767323514736452	-0.25079786888203592365	0.07894998536630688790	0.05743566591134070809	1.67710767429681006924	6.34551901069215329443
18.90000000000000213163	0.99386076864172334666	-0.08629308183798024834	-0.25204533934091449821	0.07490837815616570305	0.05727266061787855689	1.79704506401715913277	6.14875622055579285075
19.00000000000000000000	0.99384431818080565257	-0.09007684417964056944	-0.25309366213969780590	0.07125885198901985018	0.05752369608078536367	1.91004317302883674934	5.85438403035200671809
19.10000000000000142109	0.99382874314610902822	-0.09374275931380847415	-0.25393851835185660137	0.06800264557839735824	0.05820967673974612039	2.01320478519838808040	5.47638582351190805753
19.20000000000000284217	0.99381405357181473725	-0.09728558145453822248	-0.25457683527847746463	0.06514313181191146163	0.05935330028054394691	2.10047500237305007076	5.03346385397713813603
19.30000000000000071054	0.99380029564762306649	-0.10070116703513938561	-0.25500647979817592237	0.06270437979002403683	0.06094693529884346456	2.16611219280772893114	4.55025381634134351572
19.40000000000000213163	0.99378750382601155344	-0.10398553532573499847	-0.25522615657287872626	0.06070487148754201423	0.06297261679199878115	2.20517440735321157419	4.05160703641614272641
19.50000000000000000000	0.99377570479195942443	-0.10713511010690719705	-0.25523530961081336565	0.05913927396390381702	0.06541240894824165708	2.21304742915317520513	3.55940070825745058514
19.60000000000000142109	0.99376491803399469305	-0.11014505778985483886	-0.25503155159350732184	0.05798509573615445722	0.06825080346918453722	2.18748481907670466740	3.08900666054702854879
19.70000000000000284217	0.99375517039314720247	-0.11300823888246809557	-0.25461019948957813730	0.05722072184768262071	0.07146909081664308550	2.12748364112310817120	2.65104046376954016750
19.80000000000000071054	0.99374652150184639154	-0.11571851926140605538	-0.25396789519447837691	0.05684932602910489768	0.07505160771025304323	2.03574607692960363181	2.25494695081449858520
19.90000000000000213163	0.99373900836108908230	-0.11827243763755937445	-0.25310395946188107841	0.05686952181991229704	0.07897560054637041416	1.91842969737294666288	1.90419692463078971123
20.00000000000000000000	0.99373265259144760719	-0.12066871697139827657	-0.25202000062549279047	0.05727569128875766025	0.08322444108207738278	1.78227214403009837085	1.59939653902304113053
20.10000000000000142109	0.99372745292461439615	-0.12290728561915072181	-0.25071947298476965349	0.05806543931468382408	0.08781378464387624982	1.63418132236199564744	1.33763817006064655857
20.20000000000000284217	0.99372340062478514700	-0.12498909483706700796	-0.24920718361096549920	0.05923183258814959662	0.09275109028052183624	1.48189079652839983403	1.11564287124913397165
20.30000000000000071054	0.99372049344629342915	-0.12691640668471568243	-0.24748898715901523904	0.06075425413675959035	0.09798761341338482755	1.33211837638605712364	0.92956791734119947890
20.40000000000000213163	0.99371871868952232898	-0.12869201977096561551	-0.24557179433424133896	0.06261096919248418380	0.10347333049352457068	1.18980324528586800525	0.77497132086323006206
20.50000000000000000000	0.99371805318147177211	-0.13031948819891914226	-0.24346345692867130128	0.06476592595780378270	0.10916103066138772848	1.05838509335665653666	0.64738055772689739875
20.60000000000000142109	0.99371845822955418015	-0.13180153764402216532	-0.24117011474610522415	0.06717337831601240261	0.11501696270183098258	0.93867349339828876076	0.54127163440483128110
20.70000000000000284217	0.99371991599754150304	-0.13313905570358716690	-0.23869578092835844196	0.06979234900262991370	0.12101007846015159053	0.83077929001262618147	0.45332154941529323455
20.80000000000000071054	0.99372242723957027177	-0.13433426596404479669	-0.23604600893442020948	0.07260343496642152061	0.12710147437958932426	0.73561695453007402978	0.38104194236027794096
20.90000000000000213163	0.99372597017894914728	-0.13539225999830895031	-0.23322912323977537663	0.07558666508539303719	0.13325099726356542940	0.65375999092898062770	0.32171536533181011031
21.00000000000000000000	0.99373049684698600004	-0.13632043827227588451	-0.23025573944054247844	0.07872266964995051908	0.13942873826456717024	0.58446864597584347045	0.27337089793380253688
21.10000000000000142109	0.99373596604520375575	-0.13712746268766848323	-0.22713826396791175766	0.08201861592833777082	0.14565836729334274979	0.52576098392308490137	0.23400563720894007602
21.20000000000000284217	0.99374231148470804076	-0.13782293548542154382	-0.22389024457606812590	0.08547184127960921751	0.15194705390069548900	0.47752524637605320290	0.20215391562782741852
21.30000000000000071054	0.99374946463507762839	-0.13841785639143577846	-0.22052613601712123259	0.08903704710441205650	0.15822605121747829182	0.43853954793764832187	0.17644473109592265225
21.40000000000000213163	0.99375735235519813138	-0.13892389147314945785	-0.21706135397108289320	0.09267411594536681396	0.16443613620191646629	0.40737904168578464859	0.15576309899915385948
21.50000000000000000000	0.99376589566685435972	-0.13935352334631861959	-0.21351211554752441701	0.09633993039612909204	0.17052449785724529963	0.38304652951809359251	0.13921578454372168787
21.60000000000000142109	0.99377498819171261601	-0.13971846819264094330	-0.20989262302526512372	0.09998647424095088998	0.17645907681853792437	0.36382674992206248676	0.12547527163230468017
21.70000000000000284217	0.99378456576680274104	-0.14002866694816745730	-0.20621472110331945382	0.10357531489195229146	0.18221839647113277638	0.34863315376832421100	0.11421566658529815064
21.80000000000000071054	0.99379456520182662960	-0.14029529819155661663	-0.20249159924854379100	0.10709078458549869950	0.18776591512425491737	0.33734783455846201194	0.10517657459932212849
21.90000000000000213163	0.99380490706285629088	-0.14053213600717134879	-0.19873884357422630376	0.11052035636673437913	0.19306976342985840422	0.33005217251719343174	0.09797804202662555029
22.00000000000000000000	0.99381550301195398234	-0.14075488042383338394	-0.19497387933306375984	0.11385614290954657046	0.19811214496599230395	0.32648994574685108461	0.09249910964539959091
22.10000000000000142109	0.99382625688541459397	-0.14097993015467596978	-0.19121532638157370809	0.11713327823155569862	0.20294343154666488749	0.32576699261273189823	0.08852195340686321023
22.20000000000000284217	0.99383705788875231768	-0.14122401445263083053	-0.18748225920470476535	0.12037204649886940055	0.20758989399362104411	0.32855906736788215161	0.08595377009582814976
22.30000000000000071054	0.99384779256681787807	-0.14150476864825642376	-0.18379403209328451507	0.12352829709309275097	0.21198874625924896131	0.33451061308073232192	0.08460749325595660897
22.40000000000000213163	0.99385834888555069089	-0.14183998428812547021	-0.18017036547190898310	0.12656796808254094922	0.21609597924716375528	0.34316806661572291093	0.08435648166212557364
22.50000000000000000000	0.99386860066776017142	-0.14224769771692771791	-0.17663114750131733710	0.12946384687236067723	0.21987590381287580588	0.35442354571899969962	0.08512530010210477005
22.60000000000000142109	0.99387844992956253520	-0.14274470960206209202	-0.17319356092656346124	0.13218182403884895515	0.22331263829235747931	0.36747602464506617936	0.08640547422999372840
22.70000000000000284217	0.99388778357737095348	-0.14334547218849316708	-0.16987174487267781009	0.13470210221604425604	0.22640965124796089136	0.38197247573165704626	0.08830888871176109656
22.80000000000000071054	0.99389652125986727160	-0.14406506605703942037	-0.16668065149751842835	0.13703304014498965402	0.22915328578750648880	0.39816912727659475868	0.09089826713647974898
22.90000000000000213163	0.99390456614136979407	-0.14492030782433751313	-0.16363684789705629230	0.13918650095004922451	0.23153789776354111174	0.41642050101162875198	0.09413393102010939040
23.00000000000000000000	0.99391181412760742919	-0.14592898629150727330	-0.16075791784836065967	0.14117998314200302934	0.23357257152439286907	0.43675861894955675391	0.09814838474863137041
23.10000000000000142109	0.99391815843267994346	-0.14710855398676200845	-0.15806171964778303884	0.14308094928567688386	0.23533952925731801975	0.45851308718398942066	0.10297158535665214274
23.20000000000000284217	0.99392349184858141964	-0.14847574965193893748	-0.15556560758022153212	0.14493575525418384009	0.23688992928108471014	0.48255923211042373033	0.10871212637441181326
23.30000000000000071054	0.99392772255951378213	-0.15004733520675575531	-0.15328641548445229303	0.14671330027537335394	0.23817903005290769203	0.50851987824447275610	0.11533886100025686483
23.40000000000000213163	0.99393074095597222506	-0.15183935908628631850	-0.15124057372266566657	0.14839413872559686913	0.23918642936345738126	0.53591301381937450632	0.12284159640851098627
23.50000000000000000000	0.99393245449861977736	-0.15386731476290840814	-0.14944399859546103615	0.14997202027859285467	0.23989914013619520472	0.56460122116340871745	0.13125064119093698967
23.60000000000000142109	0.99393278655087802242	-0.15614476145887698499	-0.14790918506185971038	0.15142415835342906694	0.24031379784411988076	0.59361616523714477722	0.14004556542973689570
23.70000000000000284217	0.99393165913358638708	-0.15868234362114158609	-0.14664507366430909463	0.15274649062793174692	0.24045492379473248912	0.62257580566310999348	0.14939099256092963630
23.80000000000000071054	0.99392902561161267094	-0.16149058420328057939	-0.14566089058737408113	0.15397231368567057541	0.24033437334375831740	0.65153263254959215001	0.15935987671490911555
23.90000000000000213163	0.99392481051537462378	-0.16458077414529026505	-0.14496675907578318587	0.15513440977907783092	0.23997189615753600211	0.68055413276118026378	0.16993204154827992736
24.00000000000000000000	0.99391894117576695677	-0.16796421935323638253	-0.14457312723446474889	0.15626915987441500344	0.23939826721764148609	0.70938004269090959575	0.18125784655861332251
24.10000000000000142109	0.99391137500836734819	-0.17165092377836088655	-0.14449000434121597736	0.15746042867157775125	0.23871378012532845636	0.73715522156012858179	0.19335598050652891278
24.20000000000000284217	0.99390204577562879518	-0.17564919952840293838	-0.14472615997451956926	0.15876396292876135408	0.23798151052496385738	0.76442244477835463723	0.20636271939142669662
24.30000000000000071054	0.99389090618429620783	-0.17996667103700478285	-0.14528933111303768411	0.16015533087327016304	0.23716841139357863755	0.79047906166497516889	0.22019199455506813234
24.40000000000000213163	0.99387791736969388623	-0.18460971463516023805	-0.14618647963861489125	0.16162014572197880291	0.23626757808233136982	0.81465692273502543497	0.23475462856095891118
24.50000000000000000000	0.99386303423262645218	-0.18958362031789713353	-0.14742369203330060734	0.16315994909737657759	0.23527633588832344569	0.83662695751756588347	0.25005829508239024728
24.60000000000000142109	0.99384625626437872459	-0.19489148443487103179	-0.14900346682572659929	0.16474501336173827393	0.23418509392814190750	0.85548851633058409227	0.26539983258232224816
24.70000000000000284217	0.99382756457018794904	-0.20053335626301335703	-0.15092475243931111062	0.16636909310584341304	0.23302013124820813994	0.87099988133641959021	0.28087336256329087369
24.80000000000000071054	0.99380696619675878978	-0.20650877250902055504	-0.15318665124195429694	0.16807595930636881620	0.23180673142574556578	0.88316157542886752907	0.29648524998487618687
24.90000000000000213163	0.99378446381954566036	-0.21281745867713522391	-0.15578888948929567326	0.16990155611085500098	0.23057539620963624083	0.89199277149122258024	0.31217863099179066211
25.00000000000000000000	0.99376004944752771575	-0.21945858905839524255	-0.15873124016719292184	0.17188186071548430811	0.22936046319582220621	0.89732962513438274677	0.32802966706461189617
25.10000000000000142109	0.99373373679463250507	-0.22642946802647753723	-0.16201271161547017852	0.17409178734336527850	0.22825641676760244358	0.89901602036595074097	0.34401810877660832233
25.20000000000000284217	0.99370557616137067392	-0.23372528180935739361	-0.16563088464085942708	0.17657144947114630784	0.22731682898720320662	0.89773929304541799645	0.36024134582068062516
25.30000000000000071054	0.99367557145356932846	-0.24134026848507889040	-0.16958221169711418241	0.17928919521160385786	0.22650540926069406833	0.89326536329831440764	0.37652700309769437936
25.40000000000000213163	0.99364375962371376261	-0.24926747691926681716	-0.17386251907020783269	0.18222006200349175065	0.22581141534310711361	0.88558398575707830691	0.39267041276521530424
25.50000000000000000000	0.99361017733004852737	-0.25749894116576782510	-0.17846692801295438446	0.18535543064978809991	0.22522470166695854332	0.87483418659659106797	0.40863822472047389711
25.60000000000000142109	0.99357489650190211616	-0.26602479132309680976	-0.18338733358240594251	0.18863976386160130616	0.22470978496483554054	0.86110067253135602616	0.42374738525815786039
25.70000000000000284217	0.99353796621917012111	-0.27483259387920111472	-0.18861264326247745293	0.19204708859964947365	0.22427486558266435113	0.84479891950129681888	0.43801622771510678733
25.80000000000000071054	0.99349945844775344739	-0.28390948371336527378	-0.19413216522377774176	0.19561620238688762208	0.22394487667841811440	0.82637038180664579290	0.45149805688840910500
25.90000000000000213163	0.99345944145142839332	-0.29324264254610082903	-0.19993587937649345831	0.19936972940225244910	0.22374643301204988344	0.80619760869543366510	0.46425173600873892443
26.00000000000000000000	0.99341797350033989034	-0.30281865544483665964	-0.20601390203178365779	0.20332736322726913114	0.22370107154635071600	0.78455660231634127832	0.47635436350797982774
26.10000000000000142109	0.99337516854147855927	-0.31262219958182069224	-0.21235564200197976081	0.20753715076986278820	0.22387929915073301324	0.76220284270082350186	0.48793355506179814096
26.20000000000000284217	0.99333106788853586799	-0.32263576939101451524	-0.21894907989837944506	0.21200752425051444527	0.22431055320531034791	0.73975241583154893732	0.49918776985189106110
26.30000000000000071054	0.99328575840785215956	-0.33284136943501102524	-0.22578150377071995458	0.21669307022472869551	0.22494604236799625729	0.71720384910274492807	0.51005311759190796739
26.40000000000000213163	0.99323937512336502031	-0.34322042339301916947	-0.23284008098203104464	0.22155150939015560985	0.22576117773299575475	0.69475139333025637267	0.52036562635600847049
26.50000000000000000000	0.99319198234359951094	-0.35375387129065161140	-0.24011169784915367686	0.22655670804156563536	0.22672938950633020339	0.67251570774816304965	0.53021269103531787348
26.60000000000000142109	0.99314373286414436848	-0.36442163384868381248	-0.24758080638776766569	0.23162306715069061469	0.22778321421173275407	0.65074170244442031130	0.53930916130436146183
26.70000000000000284217	0.99309470727154336434	-0.37520200726893043752	-0.25522971458093751673	0.23670173813341041646	0.22890608267103296214	0.62965717987351343954	0.54768073548410312057
26.80000000000000071054	0.99304501580478310441	-0.38607335818835353258	-0.26304157419383628058	0.24182324782400618779	0.23011881266637368437	0.60944403343681019525	0.55551648653682617063
26.90000000000000213163	0.99299476501836492215	-0.39701437915333964712	-0.27100041913634020929	0.24699453838817583828	0.23144085884766790739	0.59018167801207277456	0.56305153536105490009
27.00000000000000000000	0.99294404867851215890	-0.40800357258008029815	-0.27909068461811903372	0.25221854361936230093	0.23287764871862368099	0.57188589011070911639	0.57042408564330782106
27.10000000000000142109	0.99289299690931720477	-0.41901787957321912081	-0.28729628454597433418	0.25751739568788278856	0.23447381312798781794	0.55522453390574078025	0.57796796018616025670
27.20000000000000284217	0.99284169236744901355	-0.43003259590362802323	-0.29560003180556887470	0.26287107383620011980	0.23623612227527959750	0.54020608065502384587	0.58590812016180704447
27.30000000000000071054	0.99279027796868846156	-0.44102338866522539096	-0.30398462041159024505	0.26822905303880584249	0.23810749756940624566	0.52661530857576210884	0.59420882807724428876
27.40000000000000213163	0.99273886577977576984	-0.45196629288716883011	-0.31243322670996231949	0.27354114860759137784	0.24005393439388211796	0.51442621161513502059	0.60275333314406664975
27.50000000000000000000	0.99268756310268013721	-0.46283790493028659219	-0.32092945295291147589	0.27877284940693070059	0.24203845031103241037	0.50349215417026393915	0.61164654438359211674
27.60000000000000142109	0.99263652179003469822	-0.47361492783050529454	-0.32945532182851833269	0.28382327431622372815	0.24397347487106030295	0.49388467603345553858	0.62099441641855712692
27.70000000000000284217	0.99258583554826318451	-0.48427373767099718416	-0.33799172630021784292	0.28863546142737184219	0.24582773046952310914	0.48559587868083770035	0.63061166805409996083
