0.00000000000000000000	1.00000000000000000000	1.00000000000000000000	1.00000000000000000000	0.00000000000000000000	0.00000000000000000000	nan	nan
0.10000000000000000555	0.99999923968770143556	0.99920010960185823290	0.99935189548883085475	0.00039786559316452229	0.00032229564963681873	0.00000000000000000000	0.00000000000000000000
0.20000000000000001110	0.99999031968999407827	0.99680186727547048786	0.99740728521294186315	0.00157733902168648646	0.00127783746235581594	0.00000000000000000000	0.00000000000000000000
0.30000000000000004441	0.99997333418886202860	0.99282271258927490276	0.99417973980658780331	0.00351660068998290581	0.00284923310954436019	0.00000000000000000000	0.00000000000000000000
0.40000000000000002220	0.99994838850039013955	0.98728246721861023794	0.98968439132160679339	0.00619302476887561952	0.00501861601378899517	0.00000000000000000000	0.00000000000000000000
0.50000000000000000000	0.99991559870217305850	0.98020326112004951824	0.98393788550897387513	0.00958322943768205246	0.00776767703251632271	0.00000000000000000000	0.00000000000000000000
0.60000000000000008882	0.99987509124929585536	0.97160945610583804299	0.97695833277648280735	0.01366312754649898382	0.01107769624264542431	0.00000000000000000000	0.00000000000000000000
0.70000000000000006661	0.99982700257990186898	0.96152756699540287144	0.96876525791990697467	0.01840797760326158897	0.01492957477556330036	0.00000000000000000000	0.00000000000000000000
0.80000000000000004441	0.99977147871134008916	0.94998618052232153275	0.95937954872544684015	0.02379243499121509384	0.01930386665251819511	0.00000000000000000000	0.00000000000000000000
0.90000000000000002220	0.99970867482790415348	0.93701587217619219938	0.94882340354164640406	0.02979060332366774075	0.02418081057137749790	0.00000000000000000000	0.00000000000000000000
1.00000000000000000000	0.99963875486115694180	0.92264912115949315741	0.93712027791903251828	0.03637608584429487257	0.02954036159664738537	0.00000000000000000000	0.00000000000000000000
1.10000000000000008882	0.99956189101652037632	0.90692022361432911293	0.92429483036825066389	0.04352204653824005148	0.03536223476333279214	0.00000089670469213260	0.00000136246987139719
1.20000000000000017764	0.99947826232917957867	0.88986520420187120717	0.91037286734956723855	0.05120137122660353007	0.04162606684811972352	0.00001207194861276050	0.00001834067684748590
1.30000000000000004441	0.99938805306946021378	0.87152172390324533779	0.89538128706551012304	0.05938684360833421105	0.04831156947192558754	0.00005208245966487675	0.00007910412804812581
1.40000000000000013323	0.99929145121004570029	0.85192898163844676951	0.87934802237348708154	0.06805123998036678723	0.05539855610073546321	0.00014192658507358546	0.00021546044191665166
1.50000000000000000000	0.99918867912890052541	0.83112760078520031559	0.86230198831064330811	0.07716741457274943483	0.06286695781384646353	0.00030182223244059968	0.00045791812403577512
1.60000000000000008882	0.99907992972571924017	0.80915957872229882231	0.84427301336230564655	0.08670777920820595119	0.07069683589603582841	0.00055008559379313496	0.00083389297552253084
1.70000000000000017764	0.99896541443797870485	0.78606819310522646482	0.82529178868823382942	0.09664498465258679338	0.07886839796743068398	0.00090278336459835085	0.00136725846659621814
1.80000000000000004441	0.99884534950478964799	0.76189789357041004525	0.80538980691143846613	0.10695174403589977064	0.08736201189076793494	0.00137382357819298192	0.00207845357168773065
1.90000000000000013323	0.99871995538129176850	0.73669420660582418670	0.78459930305829106434	0.11760086875594971678	0.09615821979556964105	0.00197516891378544295	0.00298479849645245671
2.00000000000000000000	0.99858945529960607690	0.71050364116367370482	0.76295319646023729288	0.12856530292656978554	0.10523775165362805883	0.00271708364646540456	0.00410086389547872129
2.10000000000000008882	0.99845408785101219529	0.68337772292513399019	0.74048837515288590261	0.13973501216167433236	0.11451513639668361999	0.00361157488938175682	0.00544152130502371500
2.20000000000000017764	0.99831415898443809365	0.65537647572525958850	0.71724867204875242255	0.15099280816469229372	0.12389648830742037988	0.00466942436324909588	0.00702325583158344095
2.30000000000000026645	0.99816996464922436161	0.62656373525637287791	0.69328114234886650813	0.16229895195418894693	0.13335204480040177555	0.00590046251508653027	0.00885918047126914125
2.40000000000000035527	0.99802181448591953394	0.59700286743042474402	0.66863250059543910542	0.17361574592604470113	0.14285364105606698781	0.00731414107872919387	0.01096138015299516835
2.50000000000000000000	0.99787001468803582238	0.56675666550275449751	0.64334906297898675209	0.18490751900517535256	0.15237467696074075141	0.00891960312322368463	0.01334092964085828101
2.60000000000000008882	0.99771486748120818966	0.53588723751047029342	0.61747667753522494927	0.19614060903765928590	0.16189013168855401203	0.01072575245198205407	0.01600915447580653073
2.70000000000000017764	0.99755667071264275680	0.50445590061754441713	0.59106065886662062514	0.20728334104826812156	0.17137648555679343976	0.01274130560750821872	0.01897633333137209097
2.80000000000000026645	0.99739571742639987484	0.47252308248669250279	0.56414572738958468356	0.21830600174409431347	0.18081170172082494663	0.01497483060041772396	0.02225219373428009156
2.90000000000000035527	0.99723229549571223984	0.44014822960886673675	0.53677595309739789542	0.22918081043805449415	0.19017519127868456885	0.01743477506322720777	0.02584594719624667275
3.00000000000000000000	0.99706668617739413474	0.40738972337448803307	0.50899470447579053811	0.23988188607440585898	0.19944777584577610963	0.02012949047870325400	0.02976622304817697073
3.10000000000000008882	0.99689915660708416922	0.37430479187262422069	0.48084458951706710028	0.25039279147699466943	0.20862115732673858215	0.02318419450694700693	0.03419788143297384370
3.20000000000000017764	0.99672995925186946842	0.34094943189927517935	0.45236739909276380001	0.26070143358811892487	0.21769112511159235956	0.02674127022219451727	0.03933812830679618566
3.30000000000000026645	0.99655935466735501294	0.30737833187711499638	0.42360406085769741757	0.27079133488704937305	0.22664723397215941203	0.03083243153209246426	0.04522423761805207526
3.40000000000000035527	0.99638759574787449935	0.27364482986623578364	0.39459462247375742816	0.28064812962463231427	0.23548057051327281330	0.03548898021495148353	0.05189123824382913669
3.50000000000000000000	0.99621492887875340294	0.23980085628716721335	0.36537822332045477580	0.29025951535715582841	0.24418364166040446017	0.04074113295417920722	0.05937095802747502371
3.60000000000000008882	0.99604159371724887428	0.20589691610595184379	0.33599307229086827764	0.29961409062437227568	0.25275026388731419713	0.04661765936903813912	0.06769122802258824290
3.70000000000000017764	0.99586782316781274904	0.17198206839147378577	0.30647642980709510763	0.30870257157309122231	0.26117545526177543547	0.05314531051473350004	0.07687523070288639071
3.80000000000000026645	0.99569384327102572474	0.13810388728078290543	0.27686459540616398245	0.31751723177695112543	0.26945532943827626982	0.06034853993860806592	0.08694099007599288831
3.90000000000000035527	0.99551987316163648156	0.10430844421344702411	0.24719290003325564142	0.32605179966012726167	0.27758699209786574791	0.06824924184642056080	0.09790097324772871479
4.00000000000000000000	0.99534611717087018157	0.07064029671582371106	0.21749570795724348926	0.33430135567046614931	0.28556843732276332437	0.07686663659885807631	0.10976178787360969802
4.10000000000000053291	0.99517281946418478800	0.03714567585426848534	0.18780912225666140936	0.34213512619250208147	0.29329517534461130301	0.08625109035908638810	0.12256738705578321125
4.20000000000000017764	0.99500023197350240256	0.00387506172826973354	0.15817333435963901178	0.34943029651820228798	0.30066446170100397106	0.09645262365925227899	0.13636536806255553089
4.29999999999999982236	0.99482859313788218891	-0.02912074960848630781	0.12862938381862318304	0.35619240276527036615	0.30768129268173638469	0.10749666422299807012	0.15116268997225945636
4.40000000000000035527	0.99465812888144111703	-0.06179384839882109265	0.09921629161899613025	0.36242939138416857547	0.31435228001638892970	0.11940591875321747428	0.16695998600924680244
4.50000000000000000000	0.99448906228989242262	-0.09409917066921297257	0.06997111842612702137	0.36815135826913464312	0.32068543028721391286	0.13220002868745864277	0.18375038129087883920
4.60000000000000053291	0.99432160402196079207	-0.12599441854559484399	0.04092902082191830770	0.37337030266811138679	0.32669019018719369640	0.14589514282357191055	0.20152217075668107937
4.70000000000000017764	0.99415595296400194325	-0.15743998453106131108	0.01212330834089584558	0.37809989023234080729	0.33237695776662234959	0.16050353544867204669	0.22025527385535523250
4.80000000000000071054	0.99399229659074483934	-0.18839887037560359984	-0.01641449599025652378	0.38235522580180242302	0.33775699935376457539	0.17603319997669752972	0.23992210940081251658
4.90000000000000035527	0.99383081140273443754	-0.21883660175137312209	-0.04465459260101771466	0.38615263623533391257	0.34284227638629438673	0.19248744427583291960	0.26048742915753347882
5.00000000000000000000	0.99367166267964301962	-0.24872113885313976156	-0.07256883972135559635	0.38950946107211836811	0.34764528387159931988	0.20986448329040569005	0.28190845186109847464
5.10000000000000053291	0.99351496885008394599	-0.27802274700843243593	-0.10013067619587387447	0.39247475903575257394	0.35221760646213617907	0.22839365128444311104	0.30443678333781853951
5.20000000000000017764	0.99336083090850946231	-0.30671387728631221981	-0.12731506474385126393	0.39510225652589719969	0.35661463501076207105	0.24832415748195374450	0.32832514027252335254
5.30000000000000071054	0.99320938437449812763	-0.33476906110805809691	-0.15409840440578442822	0.39741627907992121971	0.36085573804717829827	0.26963134523404341802	0.35347696510204268394
5.40000000000000035527	0.99306075857335907031	-0.36216478835052612339	-0.18045840655574801881	0.39944125126636176315	0.36495984972390527190	0.29227633395422430995	0.37977668499984290618
5.50000000000000000000	0.99291509055885329715	-0.38887941490703037406	-0.20637401138343289264	0.40120151578857893293	0.36894526721090986632	0.31620536077762301241	0.40709161414978123350
5.60000000000000053291	0.99277248976707299644	-0.41489300200621231918	-0.23182530856424565791	0.40271995003617100384	0.37282946413061057722	0.34134995132406303897	0.43527296586890934504
5.70000000000000017764	0.99263306798749728621	-0.44018722989127523348	-0.25679345598592168143	0.40401930498541560599	0.37662893508654776697	0.36762562165012485638	0.46415725697294818453
5.80000000000000071054	0.99249693127899329959	-0.46474529500491940093	-0.28126060260248725298	0.40512150109278666221	0.38035905396382879706	0.39493229725966805255	0.49356847782770829625
5.90000000000000035527	0.99236418035845452845	-0.48855180896337524477	-0.30520981412184622350	0.40604748295690995530	0.38403395305240217716	0.42315475591965989732	0.52332046387850994495
6.00000000000000000000	0.99223490968439354010	-0.51159270057242056673	-0.32862500117901111141	0.40681708612271383352	0.38766642309435395131	0.45216333386900098290	0.55321978453634934603
6.10000000000000053291	0.99210920856995943318	-0.53385299889871451473	-0.35148885465548862506	0.40732096202281548036	0.39116002376331937551	0.48193794047646743017	0.58321379433248066171
6.20000000000000017764	0.99198718045752742878	-0.55531526986858703587	-0.37378124106863264142	0.40746665113389279878	0.39442708048134444976	0.51246536767431105641	0.61320768023642968636
6.30000000000000071054	0.99186893977129064748	-0.57596232166588612333	-0.39548169173830449719	0.40729339094261052256	0.39749428629700267468	0.54358594689015904411	0.64298520742340203871
6.40000000000000035527	0.99175459223994200109	-0.59577922980904551853	-0.41657139853545116503	0.40683874036058553791	0.40038656621651785850	0.57512183855730292237	0.67232850863112614270
6.50000000000000000000	0.99164423703930992815	-0.61475316828919446266	-0.43703309803196488392	0.40613844414014133033	0.40312690501586184721	0.60685161768587148057	0.70101935078229760112
6.60000000000000053291	0.99153795948281819861	-0.63287324497356078901	-0.45685095143402382201	0.40522618884064071088	0.40573684522601122238	0.63858283749199307167	0.72884529232693029410
6.70000000000000017764	0.99143583924800648965	-0.65013034746357378779	-0.47601044515546142577	0.40413351706789385487	0.40823563297224685353	0.67009761256439215327	0.75560018957618302338
6.80000000000000071054	0.99133794789215790022	-0.66651700132921765096	-0.49449829373474790684	0.40288970290949466246	0.41064041820279351125	0.70117059216180088743	0.78108904119476418870
6.90000000000000035527	0.99124434978398723306	-0.68202723740541448816	-0.51230235041951599495	0.40152166933370592172	0.41296621567841695910	0.73157227154538240210	0.80513150259123089647
7.00000000000000000000	0.99115508503519167416	-0.69665645717626512035	-0.52941150912056123001	0.40005392947870466180	0.41522588982594332840	0.76107192913679388990	0.82756655700177994550
7.10000000000000053291	0.99107019319664180212	-0.71040105209876280856	-0.54581545826555832868	0.39857425179766148293	0.41751260104367721171	0.78959814199394640077	0.84835740380119062376
7.20000000000000017764	0.99098965249010284584	-0.72325787216835346616	-0.56150429266092205527	0.39716916237541211032	0.41991680067034931056	0.81707992808182672295	0.86748095217248688549
7.30000000000000071054	0.99091352327965276370	-0.73522436875739372031	-0.57646867753920771893	0.39585461864362236906	0.42244364856758614968	0.84318995009274444463	0.88472585709097661955
7.40000000000000035527	0.99084186074793845211	-0.74629871388671531474	-0.59069985687357395854	0.39464341251723955573	0.42509520824857660592	0.86761708980377838518	0.89990134618580919224
7.50000000000000000000	0.99077471536323691303	-0.75647973060184559024	-0.60418955351306125046	0.39354523720203515857	0.42786968113041889961	0.89007429108381819205	0.91285363412635711633
7.60000000000000053291	0.99071213508609101694	-0.76576682361653403142	-0.61692995755725932305	0.39256580590545925302	0.43076346504370011115	0.91030553336083952498	0.92347670577121310220
7.70000000000000017764	0.99065416444068377100	-0.77415992469943473164	-0.62891375277474292904	0.39170823419763123319	0.43376970697158534485	0.92808852970181154873	0.93170445091867148957
7.80000000000000071054	0.99060084495483646805	-0.78165946235390082464	-0.64013407039679315336	0.39097272173194042022	0.43687885167568896172	0.94323859280879207567	0.93751157625498438009
7.90000000000000035527	0.99055221460625686447	-0.78826633607741858345	-0.65058447959817400363	0.39035668522989197537	0.44007880676685207089	0.95561151896901885827	0.94091148971373206322
8.00000000000000000000	0.99050830042658644103	-0.79398190786474720504	-0.66025897520227272430	0.38985504131661274929	0.44335512344632854731	0.96511988964960138127	0.94195353127026282269
8.09999999999999964473	0.99046915455790207616	-0.79880679256024911261	-0.66915071960003258411	0.38936340610726150047	0.44660417313051348209	0.97178478362134290691	0.94070244022040960807
8.20000000000000106581	0.99043475244477063857	-0.80274014632790802182	-0.67725107163637110474	0.38879777749085120409	0.44973573872893535253	0.97555788031505386027	0.93721149288681615541
8.30000000000000071054	0.99040513322185452783	-0.80578144707423038362	-0.68455148332067550232	0.38817417496358486151	0.45275298110853701150	0.97638894979785428863	0.93154228179980202995
8.40000000000000035527	0.99038033182334872517	-0.80793151043299982206	-0.69104476072822540456	0.38750471406255121432	0.45565591411267064581	0.97426944712693541728	0.92378600888136697122
8.50000000000000000000	0.99036037694430112399	-0.80919240365148348282	-0.69672500705660589393	0.38679810739218262183	0.45844158299968618131	0.96919426332248848066	0.91406029172349700929
8.59999999999999964473	0.99034528672149613193	-0.80956735641462840292	-0.70158757056363141302	0.38605940561292872992	0.46110528975854331302	0.96126842386450850331	0.90250434318167005454
8.70000000000000106581	0.99033507286746180753	-0.80906068920354312635	-0.70562900634151159984	0.38529060011978383260	0.46363952687203902059	0.95061434684747658785	0.88927578619192604314
8.80000000000000071054	0.99032973981059935209	-0.80767775997063029347	-0.70884704681686916405	0.38449077482231852620	0.46603467796840791770	0.93739144827870990451	0.87454723749606377847
8.90000000000000035527	0.99032928497727912287	-0.80542491757943657227	-0.71124057772166426883	0.38365636709565964502	0.46827927875652208822	0.92179117348986328029	0.85850145566282431986
9.00000000000000000000	0.99033369800074677602	-0.80230945863583247313	-0.71280961749849469644	0.38278138670622646744	0.47036024849992769115	0.90404776269784459242	0.84132597974371214899
9.09999999999999964473	0.99034293661824779331	-0.79833870630039560634	-0.71355450913242002287	0.38195411694566133720	0.47238486057468953572	0.88422604578319863311	0.82308444279384695985
9.20000000000000106581	0.99035695698039749590	-0.79351898487650274205	-0.71347516830356749740	0.38125447458017924784	0.47444958263753711503	0.86245727021099238829	0.80384587001081253543
9.30000000000000071054	0.99037577328665260534	-0.78785643763086576907	-0.71257180579205336990	0.38065655319875535412	0.47652040414888185982	0.83899617899529055354	0.78379644116326385728
9.40000000000000035527	0.99039937728362792413	-0.78135790612759969953	-0.71084553147303997100	0.38013282216830734939	0.47856221934231057968	0.81411562118186031611	0.76313133931171461821
9.50000000000000000000	0.99042775836264096423	-0.77403099077587589338	-0.70829833008756259982	0.37965447682124786599	0.48053725197516861112	0.78809870853813268621	0.74200161111051399221
9.60000000000000142109	0.99046089846224560915	-0.76588408226327131523	-0.70493314215476454709	0.37919121672557576375	0.48241007308603367498	0.76122837587804226267	0.72060963941464606375
9.70000000000000106581	0.99049877229238014742	-0.75692640867971205942	-0.70075398737491756407	0.37871241197730876049	0.48414412353248387211	0.73378325352803286385	0.69912801731999463239
9.80000000000000071054	0.99054134685264283444	-0.74716808832824987974	-0.69576596217922037635	0.37818720649735904082	0.48570306232731086382	0.70603286620856131606	0.67771795598198403265
9.90000000000000035527	0.99058858120527137903	-0.73662018166084142212	-0.68997528315170664204	0.37758481951796390996	0.48705110012793595420	0.67823177436340076341	0.65652760594446601949
10.00000000000000000000	0.99064041022365290079	-0.72529473251825760105	-0.68338930566515021514	0.37687511032325771154	0.48815322142798489580	0.65063386105777598623	0.63569943028271302943
10.10000000000000142109	0.99069676623395641624	-0.71320427056088553375	-0.67601582994843012475	0.37597268331736921620	0.48891976847642271142	0.62305456729557395779	0.61510659916111598555
10.20000000000000106581	0.99075754959529882537	-0.70036164418178570301	-0.66786271542161856907	0.37481328976562561239	0.48927817975436205256	0.59548064883162821204	0.59468266633226873896
10.30000000000000071054	0.99082270341010203474	-0.68678096104452157622	-0.65893904978031392350	0.37339059432502363922	0.48921779496778849960	0.56812392167773895224	0.57454703552772912190
10.40000000000000035527	0.99089216023132287159	-0.67247794665496063438	-0.64925580894688650346	0.37169695766407162552	0.48872758893762197063	0.54116810347253874180	0.55481089581413922662
10.50000000000000000000	0.99096584376223306734	-0.65746991026479095765	-0.63882581426506335198	0.36972465276759447494	0.48779649326301544043	0.51475506000643300730	0.53557641761343088849
10.60000000000000142109	0.99104366282054501269	-0.64177569002025158795	-0.62766367653863230913	0.36746461156190318720	0.48641491150201249249	0.48905382203549779829	0.51693483439242782218
10.70000000000000106581	0.99112551680398697229	-0.62541561776341514367	-0.61578574919603001891	0.36490805871763343227	0.48457337594930116609	0.46419856349233973303	0.49896820819924109225
10.80000000000000071054	0.99121129443196076547	-0.60841148907891873243	-0.60321008741901949168	0.36204648456597882111	0.48226337518293388440	0.44030495247692846839	0.48174949661123617206
10.90000000000000035527	0.99130087417714696230	-0.59078653072860609630	-0.58995640238558322288	0.35887193760163882406	0.47947761527554549899	0.41747050137658142654	0.46534266439023619366
11.00000000000000000000	0.99139412091478928968	-0.57256535855670620538	-0.57604600899465430164	0.35537715827207372321	0.47621014167640840498	0.39576520518185087649	0.44980382634133925235
11.10000000000000142109	0.99149091561809798989	-0.55377230112315256605	-0.56150023080410782494	0.35166201638136301844	0.47259194558971634459	0.37511369093134361297	0.43500166953272273451
11.20000000000000106581	0.99159108057252265400	-0.53442953708971752125	-0.54633886014944221809	0.34781166569139726485	0.46873594252053030207	0.35548128694219632839	0.42092794014469869790
11.30000000000000071054	0.99169454997843597965	-0.51455901723082597687	-0.53058191664915488328	0.34379473145569955372	0.46460649746350646261	0.33695031233510708280	0.40765069536325815314
11.40000000000000035527	0.99180117504986575749	-0.49418415718523389657	-0.51425094478637023432	0.33958271052916433330	0.46017152517810394619	0.31958521686037366649	0.39523460970768892198
11.50000000000000000000	0.99191081684220916426	-0.47332993125161876291	-0.49736900045633564149	0.33515014469153020515	0.45539969025631177324	0.30343494318928143638	0.38369302047412767731
11.60000000000000142109	0.99202332628397005276	-0.45202284272365417239	-0.47996067562751038027	0.33047454139646381677	0.45026787684424879332	0.28853236572171697683	0.37309486417159865024
11.70000000000000106581	0.99213854460289174764	-0.43029091387474288632	-0.46205216405703658511	0.32553688696227195409	0.44475519445968036969	0.27490105677655440886	0.36348038327199283515
11.80000000000000071054	0.99225630345829585188	-0.40816366394618780467	-0.44367117689169338624	0.32032167759516150252	0.43884469374787371532	0.26255812023861008209	0.35488586484118167519
11.90000000000000035527	0.99237642510730583734	-0.38567207740652043046	-0.42484690247682027620	0.31481693475300975837	0.43252342735161802834	0.25151567033281702068	0.34734531188724154793
12.00000000000000000000	0.99249872042430342667	-0.36284856504873247429	-0.40560994400592725873	0.30901450971642713261	0.42578224467421105226	0.24179654068816608392	0.34088807207934840315
12.10000000000000142109	0.99262298281319039095	-0.33972667450826893321	-0.38599189001590794579	0.30288500732026829576	0.41858765315898355253	0.23296258581816670086	0.33527529754088652991
12.20000000000000106581	0.99274898955171830828	-0.31634107444808962084	-0.36602517732099332237	0.29641560960193885643	0.41092284428440517541	0.22487590748030078514	0.33036000851869956607
12.30000000000000071054	0.99287654117326473724	-0.29272786274984918808	-0.34574361017799509765	0.28961854111263785061	0.40280290567534404733	0.21763086568650572006	0.32623409039940270970
12.40000000000000035527	0.99300543059672197188	-0.26892447784629880392	-0.32518249731617476783	0.28250734322210646621	0.39424475453452273443	0.21130636291329538134	0.32299053669554855794
12.50000000000000000000	0.99313544433082634466	-0.24496957880819325570	-0.30437851912349705996	0.27509860956782078434	0.38526720555554583303	0.20598059983023950248	0.32072538279055184951
12.60000000000000142109	0.99326635736264834442	-0.22090289790853084861	-0.28336956800954088420	0.26740844939886082576	0.37589207642333127835	0.20173723582252481301	0.31953880272371021354
12.70000000000000106581	0.99339794973718731352	-0.19676511900842211245	-0.26219461401891108743	0.25945548322183786816	0.36614262588749690863	0.19866499541981716415	0.31953950964887889441
12.80000000000000071054	0.99352997576203394559	-0.17259773040844786363	-0.24089354205035543033	0.25126003479239489291	0.35604402168179194454	0.19686355957767043279	0.32084721041666763863
12.90000000000000035527	0.99366219499323504838	-0.14844290162967038738	-0.21950703426735831969	0.24284411115364673561	0.34562331178045335722	0.19644881941928163394	0.32359641787348447650
13.00000000000000000000	0.99379435370276547612	-0.12434332596072325550	-0.19807640922215144497	0.23423116884265421378	0.33490915679149885209	0.19752823230852184500	0.32793840260806095266
13.10000000000000142109	0.99392624213317448678	-0.10033971477239454761	-0.17664119784685589076	0.22553267812444655060	0.32404463656012139072	0.20016126973651920951	0.33378236528889354551
13.20000000000000106581	0.99405759662980608393	-0.07646820492328683383	-0.15523687815848172256	0.21683934011894626104	0.31314888986933336890	0.20442128130281927989	0.34126750104519670836
13.30000000000000071054	0.99418828041220352887	-0.05276332101096821436	-0.13389770950239468505	0.20814541492734614514	0.30221234420132203624	0.21054917412259036014	0.35061505839279671903
13.40000000000000035527	0.99431806239627895661	-0.02926047837162523702	-0.11265880179836273989	0.19944955418127502389	0.29123073026849849443	0.21883584824340021613	0.36209216646055902844
13.50000000000000000000	0.99444673287143459106	-0.00599594237011111773	-0.09155600387432831500	0.19075448990989771203	0.28020119161070666802	0.22963659450761217395	0.37595110219674843233
13.60000000000000142109	0.99457407973848488414	0.01699333503586579475	-0.07062581441530806081	0.18206667228837583594	0.26913093149944511406	0.24338582734727381984	0.39257831572221124627
13.70000000000000106581	0.99469988849423462973	0.03966986078891880652	-0.04990532805602816702	0.17339611916241737255	0.25802928328372221056	0.26062494394706769985	0.41239527038817258564
13.80000000000000071054	0.99482394295718412636	0.06199575171446770894	-0.02943204457403366531	0.16475611774134873988	0.24690941408904445997	0.28203167773715942523	0.43590380612379864278
13.90000000000000035527	0.99494603883610854833	0.08393287532200267853	-0.00924373644057101783	0.15616283575413192342	0.23578798377604820447	0.30845496893520862880	0.46370516687740470640
14.00000000000000000000	0.99506595310111434216	0.10544303466722777796	0.01062173818402692600	0.14763523921504842495	0.22468444951416652322	0.34098953068432646951	0.49649730398176405988
14.10000000000000142109	0.99518347203853996241	0.12648811687449457164	0.03012663370698647619	0.13918256658182867613	0.21360980447064653598	0.38003913687794493859	0.53467233644002087889
14.20000000000000106581	0.99529837241400487269	0.14703009577735531854	0.04923334857485426458	0.13082181740978215956	0.20258674459380771049	0.42686824298084696805	0.57891566709498398779
14.30000000000000071054	0.99541044230610742360	0.16703110767657888824	0.06790438508024296271	0.12258022878637020447	0.19164748256864908016	0.48350127300755224580	0.63050635231774021516
14.40000000000000035527	0.99551947266373730372	0.18645379441039469648	0.08610257041475315176	0.11448548614774313459	0.18082478610904520466	0.55249143122925503668	0.69100326266906464401
14.50000000000000000000	0.99562525929197220886	0.20526147585073431512	0.10379122613151821330	0.10656806446105837605	0.17015178538424513555	0.63723684516816359036	0.76232044388167263804
14.60000000000000142109	0.99572760050140984855	0.22341832771675868008	0.12093436489836030534	0.09885482549147299458	0.15966239593308678701	0.74193651428798590430	0.84681462493270875935
14.70000000000000106581	0.99582630068133748402	0.24088952822457943004	0.13749685795807886635	0.09137396551680240786	0.14939005219263132296	0.87209355273639588280	0.94740832637597593990
14.80000000000000071054	0.99592117033921767622	0.25764141224744557812	0.15344458139537095476	0.08415339305997179831	0.13936776826071017865	1.03484479659820838293	1.06773099980761010386
14.90000000000000035527	0.99601202708420510934	0.27364161354071742105	0.16874456365383586065	0.07722049777435775753	0.12962796896384654044	1.23944685838146284595	1.21230326081358152912
15.00000000000000000000	0.99609869519552363126	0.28885920269795867243	0.18336511647769507261	0.07060183512570836206	0.12020208832999704218	1.49753351750030394562	1.38676005257613077504
15.10000000000000142109	0.99618102608624170546	0.30326771547080216829	0.19727881566584265505	0.06436503432767809452	0.11117972237915786649	1.82261137123735839083	1.59638829231715817514
15.20000000000000106581	0.99625886146490905126	0.31684790564587217432	0.21046495774367482423	0.05855523029457395529	0.10262681093949016509	2.23009488188781945794	1.84797577346929076114
15.30000000000000071054	0.99633217748193181329	0.32958387375831366128	0.22290580628481726500	0.05316948679127928706	0.09453638575348553841	2.74100770504092938751	2.15087260163670679347
15.40000000000000035527	0.99640085207920403576	0.34145994108719018856	0.23458388156377527056	0.04820764112020312075	0.08690535457944111031	3.38026400323610287657	2.51661888567900549063
15.50000000000000000000	0.99646479716703562080	0.35246072873949640947	0.24548209666868106571	0.04367171835184170681	0.07973029286493564516	4.17583921398581381368	2.95889108671125722339
15.60000000000000142109	0.99652392932961519900	0.36257134097940629802	0.25558387641887680974	0.03956537627005285440	0.07301608980508182689	5.15632580366923765069	3.49408467521886612062
15.70000000000000106581	0.99657816975741486676	0.37177753398024721010	0.26487324933476275035	0.03589356782701376425	0.06676748906466663247	6.34581520088226636034	4.14086233676871540155
15.80000000000000071054	0.99662744007773085286	0.38006587372594724528	0.27333504171117828374	0.03266212069358394310	0.06099073233717404452	7.75483369047829551590	4.91956119827159099600
15.90000000000000035527	0.99667169591219917368	0.38742385841628967924	0.28095498193750734206	0.02987726830155651089	0.05569311841089392978	9.36667803684362709760	5.85043108559644853273
16.00000000000000000000	0.99671084973471690827	0.39384011809369151580	0.28771992391713285819	0.02754537238680264399	0.05088223021073924601	11.12083846002830611610	6.95057674078677223406
16.10000000000000142109	0.99674487029962077766	0.39930436792461393436	0.29361778299642160572	0.02565998660427853267	0.04656362554336059695	12.89911979408684672421	8.22721306550018738335
16.19999999999999928946	0.99677369890679434761	0.40380736469975353486	0.29863748051392274840	0.02421590182183446655	0.04274964161820124509	14.54230616501477513225	9.67184195710585292716
16.30000000000000071054	0.99679728769361020113	0.40734113247338854524	0.30276914914513736177	0.02321996790442552167	0.03944907241879360565	15.84536656696857725990	11.25208657726225602858
16.40000000000000213163	0.99681559944249720218	0.40989935798147719703	0.30600448935311824750	0.02267789651787665423	0.03666948301550406603	16.60729788737057077697	12.90001178274100013255
16.50000000000000000000	0.99682860732946898530	0.41147750621026535356	0.30833686124921833027	0.02259728859338411971	0.03441704233119129153	16.69427848429279492848	14.50603510345445101848
16.60000000000000142109	0.99683629432667619774	0.41207289427716603525	0.30976139427799342929	0.02297896163172904321	0.03269639346423602877	16.08466230281950970493	15.92308840128247560131
16.69999999999999928946	0.99683865436355489908	0.41168472554640472838	0.31027506439628399493	0.02382398750041421487	0.03151025715237556341	14.88207737182778167551	16.98679678941074655540
16.80000000000000071054	0.99683569227373658439	0.41031415675268173571	0.30987673931015669027	0.02513159115491833684	0.03085929225782373803	13.27704047758926719780	17.55091592550590107180
16.90000000000000213163	0.99682742405324076262	0.40796433781737845292	0.30856722274443687537	0.02689900694509838458	0.03074207508228922470	11.48543839407708411215	17.52806317977461247892
17.00000000000000000000	0.99681386427192320010	0.40464045717904195687	0.30634928308866288260	0.02912143700433326293	0.03115497045173865054	9.69272358792147414874	16.91769946199366003725
17.10000000000000142109	0.99679508326678212260	0.40035274316565755415	0.30323064694803752994	0.03177957555742530471	0.03208518956636316477	8.03906051402378096782	15.81719420755563021430
17.19999999999999928946	0.99677115047990783037	0.39511893074856202501	0.29922624385929069701	0.03483914250138776814	0.03350736279108817994	6.59639522235333419786	14.38753602634440298402
17.30000000000000071054	0.99674217787415797520	0.38895995651992837372	0.29435399300614606410	0.03828208433903369790	0.03539914294311739124	5.37890033903760400591	12.79276405879504174834
17.40000000000000213163	0.99670829145321682141	0.38189651762156162640	0.28863167684748247677	0.04209163648100493205	0.03774049588656739479	4.37361673241189397032	11.17289757333622546298
17.50000000000000000000	0.99666959917058417506	0.37394928414465744559	0.28207718822064381525	0.04625178141548987043	0.04051002051203615034	3.55496069681720561206	9.62961491486019482977
17.60000000000000142109	0.99662621772917447949	0.36513902884577609242	0.27470860890604209548	0.05074674305105082023	0.04369260811962429047	2.89377115967569986665	8.22292044944443745180
17.69999999999999928946	0.99657826435777585594	0.35548679339763195051	0.26654431514858956120	0.05556083670590834106	0.04727186893845557875	2.36204503115070307828	6.98105669005535656169
17.80000000000000071054	0.99652585829010675855	0.34501401781822427228	0.25760312518229960821	0.06067816406295348242	0.05123168963508551582	1.93508757055347313525	5.90932626579009490086
17.90000000000000213163	0.99646912112595298350	0.33374265749214537813	0.24790440549572445583	0.06608232501033001194	0.05555602098481941115	1.59212421456274566545	4.99902259542705973416
18.00000000000000000000	0.99640817056969721577	0.32169528488951071310	0.23746818040836983887	0.07175622422048873184	0.06022818683471407170	1.31608046793402966301	4.23399161537068913219
18.10000000000000142109	0.99634315930099071057	0.30889508999748610529	0.22631502267970626807	0.07766693729221602061	0.06523690481652068274	1.09483694930224983999	3.59703223315309505992
18.19999999999999928946	0.99627420139418187972	0.29536581829095676088	0.21446594795520509957	0.08378131103988706307	0.07057552009652041936	0.91794140068239082897	3.07002805915158027972
18.30000000000000071054	0.99620142324257299205	0.28113194362650772984	0.20194268105316154349	0.09008547536731423278	0.07622487558005539010	0.77563793084291265956	2.63474754590470894300
18.40000000000000213163	0.99612496325707944322	0.26621896809040013210	0.18876797011728863041	0.09656429933021787315	0.08216482999731580805	0.66042711989519653493	2.27520565775013228205
18.50000000000000000000	0.99604496152059807113	0.25065348102242701600	0.17496559651206664010	0.10320489818106344526	0.08837427389380601850	0.56689733307293055375	1.97781466251658533118
18.60000000000000142109	0.99596156569065263930	0.23446310707250467287	0.16056038191161192685	0.10998713213855239312	0.09483063685163654888	0.49040730764009909937	1.73128295713952806700
18.69999999999999928946	0.99587492831828117179	0.21767643121655844141	0.14557817692971586343	0.11689180137096133461	0.10151048075412125171	0.42753341802992755882	1.52632288799605619900
18.80000000000000071054	0.99578521890876769973	0.20032298592093053524	0.13004580509572888358	0.12389848685221650781	0.10838927162538558591	0.37561025701762718043	1.35535923569893457241
18.90000000000000213163	0.99569259014302002875	0.18243322809734885404	0.11399104871207574319	0.13098558894799436358	0.11544156278454373310	0.33255362616910810747	1.21225341609263281839
19.00000000000000000000	0.99559719650927314127	0.16403848219631106398	0.09744256890184382902	0.13813069895154059252	0.12264122143805047949	0.29672802941747206118	1.09206106078463904829
19.10000000000000142109	0.99549922962132797455	0.14517359459381373732	0.08043259951747122605	0.14525171613179740926	0.12989830096235938095	0.26717153076290861557	0.99210854134652537439
19.20000000000000284217	0.99539888429460032793	0.12587876074993417652	0.06299863930920764077	0.15226631840077534119	0.13712980187341056171	0.24282813373868492035	0.90910437390750531428
19.30000000000000071054	0.99529640656185880410	0.10619539383314222092	0.04517933414167457640	0.15916684835276886933	0.14432427969487957031	0.22268019188372709105	0.83973617310328096952
19.40000000000000213163	0.99519199057041174417	0.08616315515885460130	0.02701175670045766544	0.16594583515390698425	0.15147049381654659195	0.20595412481297162288	0.78138477343474144199
19.50000000000000000000	0.99508584883016515388	0.06582010515741579249	0.00853157686943699020	0.17259570438387850100	0.15855647651922560870	0.19205416910774500416	0.73212374690599935079
19.60000000000000142109	0.99497817969248059100	0.04520291890226858789	-0.01022678942264463806	0.17910852340727606569	0.16557427109188660452	0.18052138898929531718	0.69042790649106433598
19.70000000000000284217	0.99486918316827832598	0.02434704716477169989	-0.02923004234213173042	0.18547609304527673535	0.17251440938991999263	0.17099607703310878981	0.65509477851079744859
19.80000000000000071054	0.99475901854733506102	0.00328690261133129501	-0.04844580098752661323	0.19168987057727160384	0.17936732062545446276	0.16319615195106371153	0.62517172722207425828
19.90000000000000213163	0.99464789073306147937	-0.01794410043568463176	-0.06784256953346406993	0.19774092618697733381	0.18612333315323442706	0.15690015924993913621	0.59989969238047213818
20.00000000000000000000	0.99453594718842652789	-0.03931335310373837433	-0.08738952151762627296	0.20362001750839991976	0.19277231273520056831	0.15192019493956523957	0.57867068574882107868
20.10000000000000142109	0.99442339345586761024	-0.06078895320576967187	-0.10705662177125588319	0.20930855006378837335	0.19932350402152904101	0.14851637832787725757	0.56139788072260010665
20.20000000000000284217	0.99431035557291247429	-0.08233964961978704200	-0.12681455197768351506	0.21478873017294830561	0.20578842878866909771	0.14665481725869583540	0.54796364298213351418
20.30000000000000071054	0.99419699414939866067	-0.10393492198814463512	-0.14663454816420939952	0.22005828137101290931	0.21215157229918016335	0.14611577183817475722	0.53779839182575561729
20.40000000000000213163	0.99408346706942851689	-0.12554473006947233782	-0.16648816983129749447	0.22511354233078331721	0.21839738002494737956	0.14673977645280833482	0.53044204715818654705
20.50000000000000000000	0.99396993101114172742	-0.14713945982476608898	-0.18634730539380850445	0.22995359396543771369	0.22451040758917342743	0.14844924621826974254	0.52552222132170567370
20.60000000000000142109	0.99385654183173233189	-0.16869000996852487329	-0.20618416926271623812	0.23457096603717697558	0.23047461328316870555	0.15111011609019850410	0.52273854544316977755
20.70000000000000284217	0.99374345227103033640	-0.19016786042608535556	-0.22597131199631242948	0.23895972929696612796	0.23627460697138383261	0.15464819452485861762	0.52184603629847958750
20.80000000000000071054	0.99363080332064834810	-0.21154504391519729500	-0.24568165077200737612	0.24311358068737742855	0.24189532793058432514	0.15900968798155201700	0.52266821450768818913
20.90000000000000213163	0.99351875986185222978	-0.23279420402004535884	-0.26528853075989000665	0.24702597358503369795	0.24732226480150082404	0.16415590298642945832	0.52497284824024947891
21.00000000000000000000	0.99340744325043706109	-0.25388854954583855994	-0.28476570939153028617	0.25069071685158139662	0.25254189436638840860	0.17006091722641830666	0.52866757184353596610
21.10000000000000142109	0.99329702406887632193	-0.27479983587201883832	-0.30408524659998392714	0.25401823069206513894	0.25744970383148446658	0.17684405640830608286	0.53414536748049867843
21.20000000000000284217	0.99318761422698231822	-0.29549706056782526487	-0.32321625019118715993	0.25693265642320911590	0.26196494727824809479	0.18451801026736097677	0.54128426936848150763
21.30000000000000071054	0.99307944583979823605	-0.31594991041716524727	-0.34212841047137682038	0.25946495579671596809	0.26611542246061026251	0.19305152559175794980	0.54988855939068059797
21.40000000000000213163	0.99297264055012735007	-0.33613077519692258210	-0.36079389953718432604	0.26164368211475569348	0.26992606439569705179	0.20242456891819832210	0.55974475049343253019
21.50000000000000000000	0.99286733779263647293	-0.35601456895876659736	-0.37918719004974060782	0.26349502297094240522	0.27341932452000416998	0.21262489605706438867	0.57072820231884724418
21.60000000000000142109	0.99276366378095171061	-0.37557842187241274878	-0.39728481088588146752	0.26504295471749877988	0.27661817048225006976	0.22364983856103926030	0.58273457287464214271
21.70000000000000284217	0.99266173538289270706	-0.39480141894747383668	-0.41506512138043522020	0.26630906844560942037	0.27954251729367063373	0.23551479967474459043	0.59566904279428312119
21.80000000000000071054	0.99256166010882362905	-0.41366441451944124807	-0.43250810132213557413	0.26731413041751295179	0.28221047320745318299	0.24819702848024632891	0.60944937898772844065
21.90000000000000213163	0.99246353734631564958	-0.43214985410839207303	-0.44959517247458441469	0.26807667059581008484	0.28463853914172110304	0.26170112407426160406	0.62400225744506288006
22.00000000000000000000	0.99236746172719592085	-0.45024159965940846462	-0.46630903438623955148	0.26861391772624237939	0.28684161973807142942	0.27602922270900842605	0.63927580346393664268
22.10000000000000142109	0.99227349913106133172	-0.46792441229617065535	-0.48263344344554554022	0.26895197303982643078	0.28887417172594831438	0.29167029693465534868	0.65544394464374367004
22.20000000000000284217	0.99218170570543118281	-0.48518386813739805552	-0.49855303619539820259	0.26911660114421720458	0.29078635498501204104	0.30870016520773768676	0.67263104459968936499
22.30000000000000071054	0.99209216823594048584	-0.50200660549184727977	-0.51405326804133111285	0.26912309935084144374	0.29257527677724409765	0.32699029510409793886	0.69060957509005849175
22.40000000000000213163	0.99200496833011486686	-0.51838014202839888256	-0.52912036715005728027	0.26898386888255371163	0.29423790481005890340	0.34644759814326120395	0.70917519193156486335
22.50000000000000000000	0.99192018292774752908	-0.53429275944753662486	-0.54374129711838103951	0.26871306352844553933	0.29577128278298348008	0.36696914637187216801	0.72814369996667771545
22.60000000000000142109	0.99183788579847775857	-0.54973354681217112550	-0.55790371614210954032	0.26831831895642682673	0.29717183563491839093	0.38841620591280001662	0.74734796612205955935
22.70000000000000284217	0.99175814496514247409	-0.56469239980759144970	-0.57159594488032894333	0.26780778196486826337	0.29843681785975828546	0.41066921416287877067	0.76665338914843850215
22.80000000000000071054	0.99168102513200928616	-0.57915993779204788527	-0.58480696285256783540	0.26718864780971474104	0.29956382016853999595	0.43360877650275830852	0.78589063519603685748
22.90000000000000213163	0.99160658657737610344	-0.59312746492879997451	-0.59752639482536218374	0.26646733611826861621	0.30055111057571848310	0.45711265769504660916	0.80493171149332920500
23.00000000000000000000	0.99153487364921677472	-0.60658691036670464580	-0.60974449988899992459	0.26565010339274308659	0.30139801419057671295	0.48106387409441653258	0.82367261333917141108
23.10000000000000142109	0.99146594761200856905	-0.61952941643017023221	-0.62145058821103416058	0.26465962054545094650	0.30201599605657980518	0.50551457833441892920	0.84235035562061366665
23.20000000000000284217	0.99139984279231807562	-0.63194460119333162318	-0.63263228778724489576	0.26343919854480490894	0.30234746534641737670	0.53038828745421995325	0.86085308404799132376
23.30000000000000071054	0.99133664686313083259	-0.64382284620234098149	-0.64327805461081355443	0.26203823703432205239	0.30244020795117881883	0.55549595493408432390	0.87895338442882786634
23.40000000000000213163	0.99127641198353511065	-0.65515656141140743429	-0.65337843455712163454	0.26050016096466427351	0.30233566083643681477	0.58064468022628457078	0.89637723944807445875
23.50000000000000000000	0.99121919844126427090	-0.66593990404419167728	-0.66292579584291333461	0.25886286650972312184	0.30206980547059253395	0.60563872714465416536	0.91292833550284135935
23.60000000000000142109	0.99116504963470219991	-0.67616846785995088354	-0.67191406397580644150	0.25715949572924118316	0.30167541872472192210	0.63028375600493535824	0.92844685370172053140
23.70000000000000284217	0.99111397900179565301	-0.68583900492987426301	-0.68033847308967931866	0.25541799432611239640	0.30118014432340523001	0.65441140707716227709	0.94277041620317181270
23.80000000000000071054	0.99106601173210373545	-0.69494928358173879701	-0.68819540361903830394	0.25366387396135958721	0.30060767336098515035	0.67778097672258397210	0.95575413533080799677
23.90000000000000213163	0.99102116816615193340	-0.70349790391172206672	-0.69548219328119487148	0.25191804989264721115	0.29997817976648200045	0.70020048312591287587	0.96726666496886526403
24.00000000000000000000	0.99097943788308395785	-0.71148410711907572601	-0.70219695109786373077	0.25019847073979106788	0.29930859856238334338	0.72145313162374891114	0.97721779186858392929
24.10000000000000142109	0.99094086095205480280	-0.71890706489226086084	-0.70833815016513257401	0.24856029574432420004	0.29867841212471601953	0.74181513036555823959	0.98547737720860550947
24.20000000000000284217	0.99090540508221391924	-0.72576542066281268806	-0.71390403941912561336	0.24705109431299010492	0.29815246469190476164	0.76101105052943940343	0.99193970656186414292
24.30000000000000071054	0.99087309727496353240	-0.73205806720744326377	-0.71889311590198268220	0.24566678762284704929	0.29771164760108287384	0.77868900908769767000	0.99645147783694776322
24.40000000000000213163	0.99084396165034105408	-0.73778429705755210755	-0.72330445962075318178	0.24440028073256223062	0.29733755355278246313	0.79462127910226709737	0.99890924138860393011
24.50000000000000000000	0.99081801542682346184	-0.74294370852784352710	-0.72713769497495539529	0.24324603133169223068	0.29701262797372574020	0.80848875361969496645	0.99924404301674141227
24.60000000000000142109	0.99079527405024492293	-0.74753628201854016577	-0.73039296732920067079	0.24219373822852938161	0.29671980900129840686	0.82011301220672916390	0.99743832827874456814
24.70000000000000284217	0.99077574619911412679	-0.75156239902759025551	-0.73307091995110529314	0.24123351385147420722	0.29644364290432839715	0.82934688535234946105	0.99350326410766853780
24.80000000000000071054	0.99075944895862955164	-0.75502278991972604505	-0.73517270749906238336	0.24035501373072287734	0.29616960959156868327	0.83609263671984412891	0.98747074508643850610
24.90000000000000213163	0.99074637658164410592	-0.75791849018224655143	-0.73669996126517878210	0.23954764737137351771	0.29588469387631322061	0.84029372819122039040	0.97940216009192049285
25.00000000000000000000	0.99073652508796539173	-0.76025083489456402042	-0.73765481300179214230	0.23880105142785848504	0.29557749038882696890	0.84194543311860348123	0.96939763906167464302
25.10000000000000142109	0.99072986340930124793	-0.76202062409646675878	-0.73803876381161437337	0.23804018482061367612	0.29517533782892396710	0.84106419554077982426	0.95743831857954420084
25.20000000000000284217	0.99072638668601409329	-0.76322790653826499963	-0.73785242621583302380	0.23721155107725111488	0.29463487566757701197	0.83760225055079062795	0.94351066593456278664
25.30000000000000071054	0.99072610874091493471	-0.76387327862148546309	-0.73709717465016244553	0.23634467610356926781	0.29398648270103000524	0.83157675456272350800	0.92770066523046956775
25.40000000000000213163	0.99072902608175483774	-0.76395852579360534751	-0.73577583092396980913	0.23546252722843635796	0.29325410598608392387	0.82305626684762933643	0.91004912558636041897
25.50000000000000000000	0.99073513356520925832	-0.76348642107987729766	-0.73389245237801969957	0.23458218357211874094	0.29245575577591931271	0.81214326088621657806	0.89068362789714694561
25.60000000000000142109	0.99074441603154628222	-0.76246053650525069667	-0.73145214779128564508	0.23371640885239317043	0.29160580346933967499	0.79900414630336857869	0.86979359138140144303
25.70000000000000284217	0.99075685513511646541	-0.76088509109676571995	-0.72846091495808040772	0.23287265516409141886	0.29071411164385241310	0.78385404327900931598	0.84755454101542870848
25.80000000000000071054	0.99077242702845436106	-0.75876485669235371745	-0.72492550594029048217	0.23205660823275545135	0.28978708943599218451	0.76685028073946281957	0.82415118924619368279
25.90000000000000213163	0.99079110367023215389	-0.75610508028438916384	-0.72085330653300427883	0.23126966472371138228	0.28882803647461702257	0.74822080369380050691	0.79976973609555324085
26.00000000000000000000	0.99081281808753451923	-0.75291137248518336111	-0.71625220227528707539	0.23051090585859604354	0.28783805298625325664	0.72816999230419376943	0.77460239726539792393
26.10000000000000142109	0.99083759449745301140	-0.74918863137142921449	-0.71112984641626675320	0.22984465574572837676	0.28689887311501266476	0.70695551055777139382	0.74861289055549651295
26.20000000000000284217	0.99086536096376143234	-0.74494020462223586865	-0.70549271106917821328	0.22931862420991205864	0.28606850627281737998	0.68458426601679178702	0.72189794372044646664
26.30000000000000071054	0.99089610369359781838	-0.74016949878258531115	-0.69934729605323087132	0.22889262464620993565	0.28530010988307108466	0.66133149038310490297	0.69471687805551862738
26.40000000000000213163	0.99092980172236666547	-0.73488080301955716056	-0.69270106225389760368	0.22852779519756183380	0.28455147708922262639	0.63755367672904250664	0.66730753862267144783
26.50000000000000000000	0.99096639263549135546	-0.72907919513350993856	-0.68556235310521362880	0.22818990136043279526	0.28378476716917705458	0.61337951422747838404	0.63992021375677698991
26.60000000000000142109	0.99100589712320286129	-0.72277074169538335635	-0.67794048117160221611	0.22784553501420137800	0.28296644824266503626	0.58908666212347948754	0.61265889356325320403
26.70000000000000284217	0.99104825331937296262	-0.71596238024759961682	-0.66984552985283607462	0.22746461673713835872	0.28206750448280532018	0.56488210145165917986	0.58569929298174205901
26.80000000000000071054	0.99109340476148921617	-0.70866193577403846504	-0.66128842519882469198	0.22701992378306901088	0.28106240811660043732	0.54094724681572592395	0.55920400574045692199
26.90000000000000213163	0.99114129557004093662	-0.70087809638941811485	-0.65228091094995521715	0.22648705621379269792	0.27992981011631956623	0.51742411724872827694	0.53328950883920200887
27.00000000000000000000	0.99119184819642192075	-0.69262035904079621851	-0.64283549508617165991	0.22584457471914584636	0.27865205723582153752	0.49443991891438610065	0.50807921468758310279
27.10000000000000142109	0.99124500280257910045	-0.68389865507941682843	-0.63296467926243982216	0.22503281263695013026	0.27718521665737810844	0.47183804634115478205	0.48320027056526193565
27.20000000000000284217	0.99130065685550883270	-0.67472326302380658536	-0.62268081071527781045	0.22401196731266093121	0.27550771635625570521	0.44945571925421140547	0.45858895946203459548
27.30000000000000071054	0.99135876436955072677	-0.66510553415144890721	-0.61199727680178539480	0.22279573635105048846	0.27363186560256991253	0.42751906511524412347	0.43447292987506169748
27.40000000000000213163	0.99141925130068442318	-0.65505800533738045566	-0.60092868677979027758	0.22139430812591479047	0.27156743040398151345	0.40622085620890086011	0.41098587010426473887
27.50000000000000000000	0.99148204332797906790	-0.64459428117670614089	-0.58949072840911276305	0.21981486769824640226	0.26932078839251738511	0.38572798273649910872	0.38828079372153828652
27.60000000000000142109	0.99154705528226227962	-0.63372889606139226615	-0.57770001341701326947	0.21806336382812654962	0.26689724219371113723	0.36616877029483696493	0.36649210229035084074
27.70000000000000284217	0.99161419689940899502	-0.62247720986912224994	-0.56557393772328989900	0.21614296364145754725	0.26430068880136464715	0.34765915053223134246	0.34571101254564279293
27.80000000000000071054	0.99168337170667086866	-0.61085534256715257051	-0.55313057305064083913	0.21405732941349442378	0.26153416994306849519	0.33025172439548289294	0.32600293421623349754
27.90000000000000213163	0.99175447825948181979	-0.59888011615993796966	-0.54038855623360249059	0.21180820142299780495	0.25859986017806713132	0.31400379582794074595	0.30740210420464791907
28.00000000000000000000	0.99182739207291492622	-0.58656897631929172388	-0.52736697934983844949	0.20939701979919353447	0.25550007087062948097	0.29893419563031503605	0.28992565840603462535
28.10000000000000142109	0.99190203741316818054	-0.57393825387727037679	-0.51408410639517798657	0.20690210179713292016	0.25232056866297458697	0.28501687948708609444	0.27351101277252526378
28.20000000000000284217	0.99197831347106935063	-0.56100200386010978804	-0.50055621144713458026	0.20437850721552786037	0.24911844970733026949	0.27213949114434726750	0.25808032046045614738
28.30000000000000071054	0.99205613463523889539	-0.54777451760079620691	-0.48679948128858313572	0.20178065207689604987	0.24584636859286912447	0.26037403125473285170	0.24371646310293298976
28.40000000000000213163	0.99213539385231352963	-0.53427191483743652345	-0.47283158147346920908	0.19907002308734123019	0.24246593945128203096	0.24983413280315819316	0.23039665285870750133
28.50000000000000000000	0.99221599249716174729	-0.52051197628768319792	-0.45867151603965400364	0.19621612447442637883	0.23894669525566525348	0.24044831808888331159	0.21812816187061534468
28.60000000000000142109	0.99229781338106270994	-0.50651406584587166382	-0.44433945862005724825	0.19319517496007879154	0.23526590333161967461	0.23226921596560581862	0.20690287830410206138
28.70000000000000284217	0.99238073217854250174	-0.49229904353368619807	-0.42985661072861308662	0.18998942126184520385	0.23140765331495560808	0.22530339540237681595	0.19668177217648780131
28.80000000000000071054	0.99246461911329020289	-0.47788907291431503843	-0.41524509065430653676	0.18658674855374343671	0.22736133960173510182	0.21955575090874021593	0.18747920630176503898
28.90000000000000213163	0.99254934764943236747	-0.46330748212984640411	-0.40052782528923935867	0.18298016588120474823	0.22312216031620132894	0.21504095659731478629	0.17926979444826232624
29.00000000000000000000	0.99263474245795046969	-0.44857855684740116642	-0.38572836635256169124	0.17916728191712555374	0.21868989922971102113	0.21174630313614839494	0.17205219993732828732
29.10000000000000142109	0.99272070986269111970	-0.43372737620005596959	-0.37087026599317141073	0.17512735969917475609	0.21406425651292698698	0.20943804952118699747	0.16537316584748959492
29.20000000000000284217	0.99280706119464556814	-0.41877964706728026956	-0.35597695617598407170	0.17085620032164131055	0.20925819086535435432	0.20788359950054549619	0.15916047581152006907
29.30000000000000071054	0.99289365516715433202	-0.40376195265865494344	-0.34107257611560132249	0.16637747206970954217	0.20428587016886226579	0.20730564883806024135	0.15356367182030397633
29.40000000000000213163	0.99298035909883197725	-0.38870153161695070176	-0.32618181866609358144	0.16171377222063929024	0.19916269113933937618	0.20791508900121113967	0.14867230386728197411
29.50000000000000000000	0.99306701289392618204	-0.37362607103453593371	-0.31132972159746946650	0.15688669985019976227	0.19390277542780331999	0.20994376028110253718	0.14460125670263349051
29.60000000000000142109	0.99315346342524735146	-0.35856356438460246228	-0.29654152354620461063	0.15191805436525607220	0.18852065999927081208	0.21360042035583540199	0.14143108179718080764
29.70000000000000284217	0.99323955752807291386	-0.34354215781604191537	-0.28184248438351361399	0.14682820399326593219	0.18303152908151909539	0.21913600435078556261	0.13923798060961367629
29.80000000000000071054	0.99332515207290428272	-0.32859004868788055376	-0.26725776833921754960	0.14163813158343918630	0.17745094965355800998	0.22681015404932711177	0.13809663159754245743
29.90000000000000213163	0.99341008278484377314	-0.31373534965627425386	-0.25281228167289016007	0.13636769581187641043	0.17179434982471197824	0.23694445312162040751	0.13808262292533213245
30.00000000000000000000	0.99349419495154034365	-0.29900601970279405695	-0.23853058361472406768	0.13103642819802552300	0.16607792971188886644	0.24989739580030187471	0.13926804453889082835
30.10000000000000142109	0.99357733840368822609	-0.28442746644406619039	-0.22443507581321445188	0.12572534377149569007	0.16038233104302146437	0.26599726749806279491	0.14174017749087261531
30.20000000000000284217	0.99365940844403555232	-0.27002113092602098021	-0.21054473290246522588	0.12049019618169932999	0.15476017929902274872	0.28558035502042206089	0.14550413132032929964
30.30000000000000071054	0.99374028597567676258	-0.25580789722373870054	-0.19687771044558918798	0.11530509679130432343	0.14918380786944501759	0.30933574447053868717	0.15073681376558614731
30.40000000000000213163	0.99381985194115962656	-0.24181036269807140715	-0.18345341447574417537	0.11015309364307858397	0.14363517425392827165	0.33822057799833488145	0.15764293341430238304
30.50000000000000000000	0.99389798017756181281	-0.22805242465170344479	-0.17029216700768601278	0.10502474475571624279	0.13810412790927564797	0.37311718123128984059	0.16646001768844437274
30.60000000000000142109	0.99397454027280407463	-0.21455904121885913116	-0.15741493882426624284	0.09991907584244714979	0.13258802916400527772	0.41534913980528392896	0.17748052230198538282
30.70000000000000284217	0.99404939764319466544	-0.20135595947393902794	-0.14484307635902762823	0.09484001136902725504	0.12708995611037904316	0.46648457407409432696	0.19100812973828823482
30.80000000000000071054	0.99412240892206349407	-0.18846937349916764726	-0.13259809429879482190	0.08979613366278314801	0.12161709662790311237	0.52835412238326517897	0.20754970416332940708
30.90000000000000213163	0.99419344422867939048	-0.17592566947656340659	-0.12070150308246968551	0.08479994187476208589	0.11618088618401480050	0.60351606571433191739	0.22762982527299735480
31.00000000000000000000	0.99426237624960833728	-0.16375114981647434509	-0.10917458083901514232	0.07986665335978343494	0.11079541759570686599	0.69493452358373619671	0.25191335897463357218
31.10000000000000142109	0.99432906385929331616	-0.15197182284929003360	-0.09803767021810756710	0.07500174156668293346	0.10548453680225976237	0.80561125417361412193	0.28015717734831091512
31.20000000000000284217	0.99439337527697480024	-0.14061343707472057085	-0.08731040889514993242	0.07022154041162737004	0.10027871939151636327	0.93953078472320661341	0.31315502113559079422
31.30000000000000071054	0.99445518442695668426	-0.12970122679784837350	-0.07701219253714604307	0.06555358942715704129	0.09519024471710353652	1.10284502332982436990	0.35208118467934884643
31.40000000000000213163	0.99451437137293208224	-0.11925951293034621481	-0.06716172165883675660	0.06102394383364609376	0.09023381366087995792	1.30319100556725153695	0.39821521727846520555
31.50000000000000000000	0.99457081862829832541	-0.10931155066386501196	-0.05777685842564232038	0.05665709219566724547	0.08542297768466326768	1.55023497361474471568	0.45327502746331754802
31.60000000000000142109	0.99462442866850819811	-0.09987938996516376733	-0.04887450054909923264	0.05247618843684732221	0.08077058942080618531	1.85542632418654229731	0.51902392076455572401
31.70000000000000284217	0.99467508826306505476	-0.09098372720212545561	-0.04047041571494822132	0.04850231122279495544	0.07629028071705516723	2.23278422832753919991	0.59757117866980691279
31.80000000000000071054	0.99472269273739655215	-0.08264385668709205157	-0.03257919096895902505	0.04475495112154269373	0.07199544276109488827	2.69856399540432434492	0.69130851324105724309
31.90000000000000213163	0.99476717437314376991	-0.07487763898307847610	-0.02521417991304432046	0.04125159708065409547	0.06789841344911991261	3.27129401929596408394	0.80291845908791958930
32.00000000000000000000	0.99480841917657214513	-0.06770138296848901560	-0.01838733853806668456	0.03800783019825217102	0.06401106658110612690	3.97049237451910475016	0.93511310028529393001
32.10000000000000142109	0.99484641130756967797	-0.06112730264105024208	-0.01210737262141917299	0.03506355188051388239	0.06037477925496881337	4.80872480535898372267	1.08996669105895316321
32.20000000000000284217	0.99488108758659599129	-0.05516192022688967689	-0.00637835107021015452	0.03243787442926159004	0.05701091207190431276	5.79391443465220046249	1.26960395074538801019
32.30000000000000426326	0.99491239330605385494	-0.04981035004020782642	-0.00120305333868309886	0.03011682466461971727	0.05390371445662932304	6.93085277569680613396	1.47686180586879745036
32.39999999999999857891	0.99494038239899229570	-0.04507903810267602229	0.00341462890005210995	0.02809254337852683941	0.05104414615151624951	8.21180919798301545143	1.71390163167200393346
32.50000000000000000000	0.99496499174376307195	-0.04097503378824059184	0.00747033146010917491	0.02636093606817204241	0.04842796666360407037	9.60804083754495508174	1.98202053894184371252
32.60000000000000142109	0.99498619198399829155	-0.03750577744269068675	0.01095939438025245356	0.02492426142438670250	0.04605552501378326613	11.06374265980834969980	2.28119968129170169746
32.70000000000000284217	0.99500394696949767681	-0.03467870312513984116	0.01387722157249535876	0.02378595256167306479	0.04392971735572579611	12.49201343770108074693	2.60890736768945474822
32.80000000000000426326	0.99501823474675998860	-0.03250088027221995773	0.01621948551657557275	0.02295089380523644002	0.04205493008951827899	13.78238492210774879254	2.96117710310584802968
32.89999999999999857891	0.99502903531329145448	-0.03097870145723139595	0.01798233806654884331	0.02242503948405377007	0.04043694452193441480	14.81330702220358830346	3.33021647959629740754
33.00000000000000000000	0.99503630696423506219	-0.03011759626010357058	0.01916264763061885715	0.02221392939202173136	0.03908155031154975784	15.46913866107385615578	3.70501047747962930501
33.10000000000000142109	0.99504006741476958009	-0.02992204976183654094	0.01975846290340345715	0.02231584191994725325	0.03800392323689660151	15.68492327776903216829	4.06066608471769452393
33.20000000000000284217	0.99504028452438675334	-0.03039555569536040586	0.01976872549739655191	0.02273503182032111242	0.03722457315638633829	15.44598343140682139563	4.38316899693237260749
33.30000000000000426326	0.99503696289377152606	-0.03154028501452944833	0.01919292183718802891	0.02347842657814207257	0.03673775150165644460	14.79001580449143737894	4.65778736780778856996
33.39999999999999857891	0.99503010138080993929	-0.03335661643254300007	0.01803178940729516580	0.02455047914934359310	0.03654009726064468000	13.80264453131357704763	4.87031998545552724522
33.50000000000000000000	0.99501972105506997224	-0.03584312449040071014	0.01628733764355702607	0.02595336873177902376	0.03662715773677863162	12.59611117370881849808	5.01337060123305811032
33.60000000000000142109	0.99500583254564323177	-0.03899651483389313111	0.01396291704890437364	0.02768632574609366376	0.03699220896970630695	11.28173819533020960648	5.08140546066927001334
33.70000000000000284217	0.99498846521355810424	-0.04281165286938527770	0.01106321825988640026	0.02974653591810617198	0.03762962172526097826	9.95597056054491424959	5.07487792041391738707
33.80000000000000426326	0.99496765780076201757	-0.04728160203315013438	0.00759425702991630130	0.03212829525710387407	0.03853337424011807344	8.68884387003623537282	4.99909392910736194438
33.89999999999999857891	0.99494345729501465492	-0.05239767606764960534	0.00356336501354305966	0.03482408759557585609	0.03969617422726047506	7.52479500520103705696	4.86319976960845945513
34.00000000000000000000	0.99491593078195672550	-0.05814952065141690274	-0.00102082668927172332	0.03782433264380180571	0.04111003912060448573	6.48564772018965651768	4.67824598466777707984
34.10000000000000142109	0.99488512861353017858	-0.06452249787689165461	-0.00614640692789669013	0.04109996483246716736	0.04275788354089014170	5.58319803879678655534	4.45892759266614735481
34.20000000000000284217	0.99485115756824959998	-0.07149657324116483192	-0.01179725751650673518	0.04461408872160590317	0.04461809168888225541	4.81494986755380338650	4.22090762945807629336
34.30000000000000426326	0.99481412809683533727	-0.07905079212161576774	-0.01795654085701382796	0.04835986343052455644	0.04668260854810586669	4.16290736434472741223	3.97320434820930712405
34.39999999999999857891	0.99477414473310776799	-0.08716588231213352744	-0.02460892934634253959	0.05233132395347252219	0.04894574798094045859	3.61003422221719993956	3.72310231556455129009
34.50000000000000000000	0.99473130557447919653	-0.09582366214133283822	-0.03174013071786195572	0.05652201347384945562	0.05140275353451741192	3.14157210671943021296	3.47614919782603948306
34.60000000000000142109	0.99468570284566093509	-0.10500664722303304499	-0.03933653075718922254	0.06092825144351041167	0.05405016677113767820	2.74415951509646172113	3.23675906741719732196
34.70000000000000284217	0.99463742658403697661	-0.11469765821649423321	-0.04738485929716158840	0.06554392061840871864	0.05688409815469640252	2.40664963864775138802	3.00784875508400517674
34.80000000000000426326	0.99458656548736634750	-0.12487946467806636253	-0.05587195640162517102	0.07036155337677177379	0.05990012492279930129	2.11963323595529740118	2.79202854652384990786
34.89999999999999857891	0.99453320884746043706	-0.13553450987347095968	-0.06478457920215997812	0.07537273967273894204	0.06309318328894615580	1.87536743872974054348	2.59059864133469686109
35.00000000000000000000	0.99447744053785980256	-0.14664468135708177976	-0.07410920088966095609	0.08056681682600100314	0.06645674505533176457	1.66689150736251412432	2.40418781905821932199
35.10000000000000142109	0.99441937547962200306	-0.15819135399584308144	-0.08383162521124211397	0.08592980360852602029	0.06999381205583582455	1.48966256053346968180	2.23094313292211676725
35.20000000000000284217	0.99435906849061650448	-0.17015536679351969673	-0.09393736057350486612	0.09145017804546853868	0.07371376972453444476	1.33948573796501935185	2.07343119908284823083
35.30000000000000426326	0.99429666409647854408	-0.18251678029631188127	-0.10441186989384865225	0.09711338295618361649	0.07759523249712220461	1.21157776252259763439	1.93100991124929310949
35.39999999999999857891	0.99423224166656898326	-0.19525442172279336428	-0.11523970203376283916	0.10290282584862092685	0.08161955978223398023	1.10215037363817502936	1.80255249487922863949
35.50000000000000000000	0.99416590812991101345	-0.20834603234253734616	-0.12640459106651183441	0.10880058584866281191	0.08576800495457617690	1.00823586754304339586	1.68753721334513850927
35.60000000000000142109	0.99409777730470338941	-0.22176831850821077108	-0.13788949282975559996	0.11478605056230066495	0.09001939676826634096	0.92729961431355090173	1.58451885915395473958
35.70000000000000284217	0.99402796630232226338	-0.23549703927412507509	-0.14967664502202013277	0.12083841028235606241	0.09435501389639029679	0.85739082953574075052	1.49239421660797555447
35.80000000000000426326	0.99395659718522999526	-0.24950713656096135118	-0.16174764077273212637	0.12693494057304294254	0.09875684389969355270	0.79679482658598388412	1.41013486615645255995
35.89999999999999857891	0.99388379525044645568	-0.26377285842502978808	-0.17408348657954061944	0.13305307091856172219	0.10320683094141933078	0.74418936253858403163	1.33676935278074271451
36.00000000000000000000	0.99380968523255008851	-0.27826788161021787094	-0.18666464632832377446	0.13917004315908734768	0.10768737363450875399	0.69844887120054655050	1.27137132552603882019
36.10000000000000142109	0.99373440738155438545	-0.29296310151731985716	-0.19946934178633718426	0.14520915239343054615	0.11214152323795564814	0.65932758423090531696	1.21387270140016090281
36.20000000000000284217	0.99365811136627479883	-0.30782589175663122028	-0.21247284995140028330	0.15110211535365411506	0.11652561065413846730	0.62620859273100271114	1.16432273697741339724
36.30000000000000426326	0.99358095435694704367	-0.32282422928434828524	-0.22565078567936569520	0.15686641561168679360	0.12085202193872260357	0.59792881439158573897	1.12126751444512740008
36.39999999999999857891	0.99350309282153093093	-0.33792879571412925976	-0.23898098596302680408	0.16251435671754507761	0.12513082005776296479	0.57358324360179602230	1.08364331804864288955
36.50000000000000000000	0.99342465467018203906	-0.35311233385970569598	-0.25244297290335171446	0.16805376966939622463	0.12936915070729726462	0.55262244414568628681	1.05059924543027816135
36.60000000000000142109	0.99334576406029684303	-0.36834923316163470375	-0.26601758605423608817	0.17349132222291605010	0.13357245038017243055	0.53456774905315973534	1.02156332590787779502
36.70000000000000284217	0.99326653893775040949	-0.38361512379971440811	-0.27968663221421086185	0.17882841082101735841	0.13774324697468964818	0.51906683039915246791	0.99605326946799521703
36.80000000000000426326	0.99318709138935024061	-0.39888654564449993467	-0.29343263804774732950	0.18406304461129627259	0.14188211848494888812	0.50584822614806190799	0.97373339497577060531
36.89999999999999857891	0.99310752953459258130	-0.41414069019648835912	-0.30723865123760246698	0.18919109924405180800	0.14598763310896228917	0.49472868327121144461	0.95431899741630321632
37.00000000000000000000	0.99302795377501307250	-0.42935519171182467968	-0.32108804800870421881	0.19420549327990965782	0.15005615209742770300	0.48548137461146023686	0.93758246172716941391
37.10000000000000142109	0.99294846942680525803	-0.44450808079750414592	-0.33496415571779847298	0.19910503059519213398	0.15410093322277079730	0.47830064541609695894	0.92325549557904418307
37.20000000000000284217	0.99286917565136667552	-0.45957776626482516047	-0.34885064096970130887	0.20388620421541930883	0.15813971602664483873	0.47325652506991394697	0.91177637366154118403
37.30000000000000426326	0.99279017400249813807	-0.47454283791617513089	-0.36273158200987043465	0.20853247451618509012	0.16214893941711186476	0.46997854938976146855	0.90270386498513488505
37.39999999999999857891	0.99271156408791372261	-0.48938192954315262728	-0.37659082113891373389	0.21302677609878001297	0.16610858286211904744	0.46819163707670286012	0.89568518167503685667
37.50000000000000000000	0.99263345058670648946	-0.50407379368743965298	-0.39041200070397108490	0.21735257283978381970	0.17000006382120488868	0.46770572563386736409	0.89056494591558144069
37.60000000000000142109	0.99255595733964807614	-0.51859739259690385005	-0.40417867339095148171	0.22149201110111926827	0.17380354170422979143	0.46835317979683999123	0.88705586101275568645
37.70000000000000284217	0.99247919178813337471	-0.53293194679035427175	-0.41787436004549749491	0.22542930674354280662	0.17750309749425657868	0.47004169620548980069	0.88499390945130762542
37.80000000000000426326	0.99240323038370958919	-0.54705702780386777917	-0.43148259472955358129	0.22914854631195180623	0.18108495458384504806	0.47265643254049138910	0.88425746643013347636
37.89999999999999857891	0.99232819131989558059	-0.56095272623249736732	-0.44498704262296506773	0.23263597862464036048	0.18453677024928644146	0.47614489506842999633	0.88472848137264126223
38.00000000000000000000	0.99225412750377095517	-0.57459963149195847354	-0.45837143676949282378	0.23587964822999943348	0.18784800399636314427	0.48046074269455629757	0.88633415829503958694
38.10000000000000142109	0.99218120086304972816	-0.58797723801871981664	-0.47161836117761202214	0.23879759370240197236	0.19095344500029887147	0.48593399948982923808	0.88925343768620501717
38.20000000000000284217	0.99210948077982608062	-0.60106347822370465028	-0.48470863507574291074	0.24132807861671898286	0.19381435898294005482	0.49261698013020849274	0.89382799494663156548
38.30000000000000426326	0.99203907605246932633	-0.61383800004726407629	-0.49762409742965141302	0.24352432570449519811	0.19646997766296875332	0.50029827149591332702	0.89966451143791659195
38.40000000000000568434	0.99197008289239962942	-0.62628340929035819507	-0.51034892757961647369	0.24542841555470881754	0.19895247918341144033	0.50877844914861225512	0.90644093918951140765
38.50000000000000000000	0.99190258376038287214	-0.63838467087879535722	-0.52286914017580066183	0.24707404820649345178	0.20128768715377495790	0.51798071139938572927	0.91392503016280257633
38.60000000000000142109	0.99183662711198239403	-0.65012863145636379247	-0.53517217457577392903	0.24848962520206557825	0.20349680324473432003	0.52782939234585168897	0.92203872859240953996
38.70000000000000284217	0.99177231336863402866	-0.66150370209827680235	-0.54724663679561902363	0.24969571613638535945	0.20559573226534161305	0.53827419316352265177	0.93052046489689643760
38.80000000000000426326	0.99170968914583468301	-0.67249946946611538490	-0.55908195669693150354	0.25070752740198726238	0.20759699250581573060	0.54922744373666698703	0.93927870411737768297
38.90000000000000568434	0.99164880382943043635	-0.68310649590174288281	-0.57066824031304475007	0.25153670799635630129	0.20950960619356207015	0.56070621099669215592	0.94822217565259325767
39.00000000000000000000	0.99158970211607899703	-0.69331609855061804293	-0.58199608728671170521	0.25219108644698690069	0.21133949894990070040	0.57270663149361367150	0.95725312362160741575
39.10000000000000142109	0.99153244519943628532	-0.70312011474260449617	-0.59305613209130059182	0.25269824851751526706	0.21312446127211648328	0.58540037937829125791	0.96646278243825256560
39.20000000000000284217	0.99147704570330019713	-0.71251070226064272539	-0.60383922898668829227	0.25307516248500244727	0.21489910933671751980	0.59887093361071641606	0.97586551779870100987
39.30000000000000426326	0.99142355906458667913	-0.72148054076995427053	-0.61433677566895616984	0.25330786130963128810	0.21663622415296679424	0.61294148303918805087	0.98524252142198309734
39.40000000000000568434	0.99137203905291937378	-0.73002291958768938951	-0.62454025979239069510	0.25338436499032596094	0.21831363333081368894	0.62735996691020445848	0.99446544056360897113
39.50000000000000000000	0.99132253225051647494	-0.73813175359350047255	-0.63444125211768098715	0.25329460880845705573	0.21991249462281287075	0.64201575283203371480	1.00339680654450691399
39.60000000000000142109	0.99127508358513205522	-0.74580158292869613845	-0.64403151192606022946	0.25302865605346236411	0.22141503542618154454	0.65681228000765878861	1.01191851924191911216
39.70000000000000284217	0.99122973242145218098	-0.75302758923127066648	-0.65330307186238989470	0.25258025600367889352	0.22280853877550405029	0.67166915904357771261	1.01995955379112523964
39.80000000000000426326	0.99118651517351930025	-0.75980563360156283537	-0.66224824732130427307	0.25194420716170418117	0.22408363119533603047	0.68649428848398319492	1.02745113031584112129
39.90000000000000568434	0.99114546332966002584	-0.76613227127261229743	-0.67085965681492665258	0.25111833775251529710	0.22523352291325099417	0.70123339668828288396	1.03432760504549348113
40.00000000000000000000	0.99110660141087481012	-0.77200474877143099306	-0.67913022108621678985	0.25010304022356705245	0.22625408398352347961	0.71583376333465065233	1.04056692801011996252
40.10000000000000142109	0.99106995724747193321	-0.77741974480504216771	-0.68705215725330415211	0.24883166732781017427	0.22708705118449115656	0.73073617651447775323	1.04619880134013842898
40.20000000000000284217	0.99103555057445358312	-0.78237343050483576512	-0.69461676709655340023	0.24726178476253721228	0.22770588639664546271	0.74580063158318188332	1.05141068748154742352
40.30000000000000426326	0.99100341666863944745	-0.78686355730223178639	-0.70181636337503183753	0.24546252850270935952	0.22816031641616560388	0.76078694221126408337	1.05599475602962766807
40.40000000000000568434	0.99097358298334980997	-0.79088986527292104434	-0.70864509740569736618	0.24348804298354573272	0.22848993677529857993	0.77544555141550108868	1.05964423827093368047
40.50000000000000000000	0.99094606491751879851	-0.79445359959090833257	-0.71509852431890941205	0.24138149820108509291	0.22872580481280810338	0.78961728167026601355	1.06220348711044643153
40.60000000000000142109	0.99092087046071086753	-0.79755712341556006528	-0.72117326874147114069	0.23917775601651372619	0.22889262920187386507	0.80318408905695237721	1.06358061114499080624
40.70000000000000284217	0.99089800264269234376	-0.80020361953642660247	-0.72686674752053592741	0.23690242450371118421	0.22900832181160460377	0.81603229480636130244	1.06372347043763681995
40.80000000000000426326	0.99087746022619571651	-0.80239687711085594390	-0.73217697413820792551	0.23457453612239259622	0.22908655466290783753	0.82804798318862893325	1.06254019998235427202
40.90000000000000568434	0.99085923804995101882	-0.80414110759391554950	-0.73710240328399434517	0.23220849790984546268	0.22913650478547986644	0.83914283179910498234	1.06000423848886904388
41.00000000000000000000	0.99084332380064310541	-0.80544077366421173991	-0.74164179597930823817	0.22981425289405932322	0.22916371646704356002	0.84929020372405816808	1.05606959158906277274
41.10000000000000142109	0.99082971450944512526	-0.80630006302840939725	-0.74579355761563748128	0.22743668587659329750	0.22922411329282010861	0.85841600792364525230	1.05079463650992055435
41.20000000000000284217	0.99081838433115443365	-0.80672258775515515161	-0.74955575682942454652	0.22509999456564641629	0.22935831554911717545	0.86638167149374500919	1.04394499079797098418
41.30000000000000426326	0.99080934378872886903	-0.80671215260427753257	-0.75292688672786578508	0.22277708346274269213	0.22952115803541131567	0.87309675111275253379	1.03561267062584483334
41.40000000000000568434	0.99080259768520528851	-0.80627323993404353963	-0.75590582877127854289	0.22044642378426532181	0.22967592414309997984	0.87833317962387036371	1.02598203823112066324
41.50000000000000000000	0.99079814220612338893	-0.80541096424100744322	-0.75849179576025238525	0.21809047497845648889	0.22979228625061254299	0.88201767632394489915	1.01504951385807640207
41.60000000000000142109	0.99079596993504415181	-0.80413099739553772771	-0.76068441110926210413	0.21569400194260621162	0.22984509560264920758	0.88410871016981662507	1.00293392148022109112
41.70000000000000284217	0.99079606745997916839	-0.80243951829441928503	-0.76248376480593826887	0.21324702343322415876	0.22981579566337190235	0.88457267594589772397	0.98972085428157563491
41.80000000000000426326	0.99079841827344572458	-0.80034318066758647348	-0.76389036594670944869	0.21074181194578536780	0.22969088819539901225	0.88338810655352006940	0.97548827131317406014
41.90000000000000568434	0.99080300126730203036	-0.79784906667025545790	-0.76490512645869201958	0.20817438133838500613	0.22946088193179678405	0.88054208573525749593	0.96028687446438731889
42.00000000000000000000	0.99080977734879227548	-0.79496462120745725599	-0.76552931152287972960	0.20554372531813236424	0.22912004311906414289	0.87603868982754884431	0.94420275135371145581
42.10000000000000142109	0.99081874485084131532	-0.79169684796649009151	-0.76576390993810472541	0.20279923594088036798	0.22862149700350931081	0.87025207691929518106	0.92715419118640995944
