0.00000000000000000000	1.00000000000000000000	1.00000000000000000000	1.00000000000000000000	0.00000000000000000000	0.00000000000000000000	nan	nan
0.10000000000000000555	0.99999911466803448334	0.99980009495694210919	0.99983790571800235103	0.00009798497846809667	0.00007936934793571631	0.00000000000000000000	0.00000000000000000000
0.20000000000000001110	0.99999099918328904213	0.99920104149110866576	0.99935111010682131649	0.00038009599962743573	0.00030788917125943604	0.00000000000000000000	0.00000000000000000000
0.30000000000000004441	0.99997587765900475265	0.99821519872779862492	0.99854963331000623494	0.00082944422759859268	0.00067189510091359914	0.00000000000000000000	0.00000000000000000000
0.40000000000000002220	0.99995397007218900232	0.99685470494645389561	0.99744329570424750120	0.00143025552444603203	0.00115863451347696317	0.00000000000000000000	0.00000000000000000000
0.50000000000000000000	0.99992549219304760477	0.99513147484810726695	0.99604171758012516324	0.00216780523969237453	0.00175621228152239681	0.00000000000000000000	0.00000000000000000000
0.60000000000000008882	0.99989064810377381587	0.99305720474467784609	0.99435432649098232094	0.00302835901623844592	0.00245354256200971607	0.00000319204855065182	0.00000486403268746533
0.70000000000000006661	0.99984965117615764996	0.99064334837375200848	0.99239033541601084920	0.00399914361249874718	0.00324033137900733284	0.00003707639337256581	0.00005680684333815047
0.80000000000000004441	0.99980270266029191983	0.98790113261993872662	0.99015876328686547314	0.00506832881852148365	0.00410705485841366107	0.00014207631671275356	0.00021800631007921038
0.90000000000000002220	0.99974999114644313991	0.98484155049848454144	0.98766843589335207021	0.00622498431857747281	0.00504490647037051515	0.00035097173202932875	0.00053856645779601874
1.00000000000000000000	0.99969172694650021427	0.98147535077125813707	0.98492799118378349110	0.00745902392580681528	0.00604574568539451278	0.00068672289000814765	0.00105322439988721228
1.10000000000000008882	0.99962811311720778384	0.97781416186395209156	0.98194671681383938200	0.00875037715726420702	0.00709384506436787181	0.00116866605711395317	0.00178552836529709573
1.20000000000000017764	0.99955936423790925360	0.97387154880894244435	0.97873546420902668430	0.01007836462859699501	0.00817232998100681125	0.00181104014074218622	0.00275482252769152988
1.30000000000000004441	0.99948571982567269156	0.96966166655791252715	0.97530559526403182158	0.01143246205279135723	0.00927280541596596682	0.00262431860119465661	0.00397415592797515337
1.40000000000000013323	0.99940743221216299386	0.96519810068946587656	0.97166800117100116108	0.01280337490124690454	0.01038786756079668021	0.00361733386550911742	0.00545171009490164841
1.50000000000000000000	0.99932474189344722149	0.96049390691366320905	0.96783314065043479779	0.01418292316016858505	0.01151100735218455254	0.00479735820122648496	0.00719208592628189664
1.60000000000000008882	0.99923786100393185983	0.95556164167929202868	0.96381105599965655184	0.01556440270632243779	0.01263730627275529324	0.00628409366872476581	0.00943919705240050741
1.70000000000000017764	0.99914704524842445910	0.95041330847850746810	0.95961133741094639671	0.01694230443725690607	0.01376245639124933431	0.00822924019211932443	0.01232680354983546091
1.80000000000000004441	0.99905247186400258919	0.94506049173951134357	0.95524326725446240260	0.01831168859687884107	0.01488281186556786664	0.01067154583894350944	0.01595345130577109638
1.90000000000000013323	0.99895433880153761130	0.93951426556821449054	0.95071570691853790613	0.01966842717154453427	0.01599526902696181765	0.01364341210414829475	0.02036555040464384930
2.00000000000000000000	0.99885282693042887203	0.93378524096709880631	0.94603715638891960893	0.02100910831635327894	0.01709723999971804465	0.01716981836272978013	0.02559794598164417262
2.10000000000000008882	0.99874813807207352134	0.92788467339740254847	0.94121659521566725104	0.02231391946769947787	0.01817366856817025783	0.02120116361554363199	0.03169547866982505568
2.20000000000000017764	0.99864047542362266441	0.92182547007517379178	0.93626434513673073567	0.02356499088012446730	0.01920985097863284544	0.02588397996628618095	0.03870483781939410006
2.30000000000000026645	0.99853007740585253416	0.91562083376039005156	0.93119101045688501550	0.02476108328290162197	0.02020502411023057318	0.03120776707582389314	0.04664660414426792523
2.40000000000000035527	0.99841716862300811108	0.90928316613288306947	0.92600654954524763696	0.02590172444900258608	0.02115900323111052569	0.03718658658031859937	0.05553023872528860261
2.50000000000000000000	0.99830196014500338642	0.90282410765735932046	0.92072030785342795500	0.02698707939532018346	0.02207207820959988798	0.04382989463732000351	0.06535504098348537960
2.60000000000000008882	0.99818464527898553840	0.89625457623330007095	0.91534103566176683309	0.02801965282976006180	0.02294753059697049805	0.05139397732479071557	0.07650652488160487874
2.70000000000000017764	0.99806540468360260832	0.88958480005198170559	0.90987693747313636017	0.02900285526170583855	0.02378879347242023393	0.06015335364867711171	0.08935376476263541534
2.80000000000000026645	0.99794441314004711518	0.88282434949231325394	0.90433570529806306393	0.02993884032821776675	0.02459806376173831119	0.07012601813909105641	0.10389781018102023369
2.90000000000000035527	0.99782183437678073634	0.87598216514313909098	0.89872452303099314985	0.03083002758475050439	0.02537754859829774098	0.08131619033529051410	0.12011382183264955603
3.00000000000000000000	0.99769782168913534459	0.86906658575670703293	0.89305010144826646457	0.03167901257372177093	0.02612947868194536588	0.09371406173922294802	0.13795304060502888710
3.10000000000000008882	0.99757251420235781847	0.86208647877792043968	0.88731954702707305227	0.03246838983912139071	0.02684080763234631545	0.10732364539404519455	0.15743014045677405921
3.20000000000000017764	0.99744607918080141484	0.85505215139845835992	0.88154113924454879925	0.03318433811689281560	0.02749980272087523131	0.12222558799308340383	0.17856098734639824777
3.30000000000000026645	0.99731871131483662563	0.84797403907492863162	0.87572330954681187887	0.03383275666194030667	0.02811132401341190357	0.13839137478400068137	0.20126274500211238649
3.40000000000000035527	0.99719058844142793863	0.84086163641533129276	0.86987372979739185919	0.03441951241519856236	0.02868010894823171467	0.15578310630292385719	0.22542740698725990955
3.50000000000000000000	0.99706187261395873289	0.83372356126955227129	0.86399936430485413386	0.03495034776929350356	0.02921071307638550829	0.17434970925314788315	0.25092533063049432540
3.60000000000000008882	0.99693270309475490176	0.82656761434445547021	0.85810650344783911958	0.03543485667927555316	0.02971302010764335574	0.19441524550036345942	0.27816499257514204491
3.70000000000000017764	0.99680320535514321811	0.81940082948383663464	0.85220082668175778373	0.03588282504947522267	0.03019613127257271545	0.21628229004116622525	0.30745439821217140919
3.80000000000000026645	0.99667350164747081642	0.81222952387085367576	0.84628744978522063569	0.03629972526593475829	0.03066454701941096275	0.23982117640835279304	0.33851877630808346886
3.90000000000000035527	0.99654370207149800542	0.80505934788370958621	0.84037094733456996209	0.03669065489043839973	0.03112220037731247904	0.26487679574148431660	0.37105266992585045349
4.00000000000000000000	0.99641390540411756138	0.79789532914168326272	0.83445540031825637950	0.03706030168307867384	0.03157254059007692099	0.29127324348892003059	0.40472771136192442487
4.10000000000000053291	0.99628419268026979783	0.79074298422052613500	0.82854525251171906586	0.03739224443553863103	0.03200284025716334385	0.31894052622788965357	0.43938938228247009787
4.20000000000000017764	0.99615467240349919731	0.78360919069820411664	0.82264606035612042323	0.03767461324696853159	0.03240228972631332277	0.34785532660947865446	0.47487934987648988683
4.29999999999999982236	0.99602548227204479314	0.77650088618296875254	0.81676347476420663174	0.03791579310469159192	0.03277724656504175937	0.37780258737243649358	0.51083934051911050744
4.40000000000000035527	0.99589674187333987465	0.76942403584755436619	0.81090235620545014772	0.03812342994882628178	0.03313334449611769761	0.40855342005614014855	0.54690496561165369283
4.50000000000000000000	0.99576855348517367972	0.76238371853584707694	0.80506684480631374168	0.03830441035457118892	0.03347551441753360973	0.43986799674320009590	0.58271931953330435849
4.60000000000000053291	0.99564099621139989793	0.75538419759808128617	0.79926040210645332706	0.03847173127293196382	0.03381725733156110830	0.47193642588227296963	0.61839556447576471410
4.70000000000000017764	0.99551413291436374742	0.74842899216212543934	0.79348589033231120560	0.03863771563438647000	0.03417010732929322975	0.50488009690094803883	0.65398019044125976773
4.80000000000000071054	0.99538802782002056002	0.74152093670298391270	0.78774562802225567282	0.03880670962419666831	0.03453682845841000298	0.53830101602789048876	0.68893448881343188894
4.90000000000000035527	0.99526273259103259505	0.73466225367647974842	0.78204143210880860959	0.03898232622164133493	0.03491934490909497785	0.57180819182129793976	0.72276902235527973328
5.00000000000000000000	0.99513828619905719819	0.72785460944509072778	0.77637467621095157533	0.03916748163305418251	0.03531889655906798181	0.60503543685761362880	0.75505405139835157780
5.10000000000000053291	0.99501471270989838569	0.72110019950776815811	0.77074712700234726537	0.03934482126485820686	0.03572119663429330905	0.63776062741339889506	0.78564135430519999037
5.20000000000000017764	0.99489206244836758675	0.71440258505364118147	0.76516166963518339461	0.03950211963910733870	0.03611434313376788580	0.66989663727326331788	0.81439274400142414034
5.30000000000000071054	0.99477041551768985439	0.70776539904538027237	0.75962129177122650336	0.03964643281645120060	0.03650298253559824957	0.70109768166993102767	0.84098964369963757903
5.40000000000000035527	0.99464983444214816188	0.70119134583858733212	0.75412822080191399543	0.03978375441203955282	0.03689079686834242228	0.73104548197568797185	0.86518712538765230047
5.50000000000000000000	0.99453035804586831237	0.69468231118420031844	0.74868401513103099987	0.03991906154439522902	0.03728060112920091040	0.75946461617146832079	0.88682374734465374555
5.60000000000000053291	0.99441202231741798734	0.68823941036676150595	0.74328958465065197991	0.04006623603563876090	0.03768756272218176662	0.78641866547285832478	0.90575799049051386458
5.70000000000000017764	0.99429482517522016494	0.68186312265507442731	0.73794532092590836569	0.04023765675416784288	0.03812363685561977883	0.81195436999112580168	0.92224115727546540633
5.80000000000000071054	0.99417877946820032431	0.67555332131361012227	0.73265113152355909598	0.04043407642374673150	0.03858774968369138580	0.83574789724124309842	0.93609181730079216166
5.90000000000000035527	0.99406391158187723534	0.66930935266129076844	0.72740648458225598549	0.04065558971538062172	0.03907815733733368407	0.85756176569451614267	0.94724186775398933058
6.00000000000000000000	0.99395017138348540353	0.66313018561991887712	0.72221055805878242584	0.04090170889457766384	0.03959262054304234918	0.87719109895564140178	0.95573571415404212637
6.10000000000000053291	0.99383757883328394112	0.65701533102484477311	0.71706292207852551090	0.04115365736873344976	0.04011498316722733604	0.89448695392615851230	0.96170274234794161927
6.20000000000000017764	0.99372610907682945580	0.65096578097052282263	0.71196437117725674959	0.04139816918828686382	0.04063189455474026240	0.90967284082294641578	0.96532265156393093353
6.30000000000000071054	0.99361579721429715839	0.64498262480038859312	0.70691582120489182550	0.04163967721443753017	0.04114547229118114408	0.92264773865570093303	0.96669326844041214564
6.40000000000000035527	0.99350666100865703267	0.63906610592447821162	0.70191749219107391067	0.04188162916976941041	0.04165699510139750372	0.93337865071425341057	0.96597803393690473417
6.50000000000000000000	0.99339869681734205287	0.63321574321488460768	0.69696900905026470951	0.04212656768789608402	0.04216705329250538398	0.94189559238546849418	0.96337657942630383623
6.60000000000000053291	0.99329189293341413336	0.62743040007588579687	0.69206943369097406737	0.04238878974799434318	0.04269227149547652478	0.94832065798852882565	0.95862276779483612810
6.70000000000000017764	0.99318620888561504056	0.62170837633828657243	0.68721737444828934205	0.04268033395748992848	0.04324486167621038879	0.95285056541264190333	0.95227406949242243694
6.80000000000000071054	0.99308163469220278596	0.61604748231198469544	0.68241104427987631098	0.04299840611809915142	0.04382018171085427793	0.95553329876089210249	0.94452855298042770471
6.90000000000000035527	0.99297812561303167023	0.61044517987679447479	0.67764836562717811752	0.04333994748911857570	0.04441341096287411416	0.95645933595743981570	0.93560992654354724340
7.00000000000000000000	0.99287561442377736398	0.60489863730695891952	0.67292703173176049436	0.04370172413435256809	0.04501971633433830833	0.95596502449392095624	0.92577314526698417652
7.10000000000000053291	0.99277406345450347480	0.59940570777964985449	0.66824525050016392314	0.04406442132351080787	0.04562218982337550716	0.95411077334560934204	0.91520550947136258824
7.20000000000000017764	0.99267345656775807239	0.59396573983055256374	0.66360246481128892793	0.04441454599495845562	0.04620710667471430999	0.95093009382213533609	0.90397974781247147913
7.30000000000000071054	0.99257377862079954056	0.58857829275668949176	0.65899834216960306854	0.04475474166926400599	0.04677514754767151534	0.94637658058559570584	0.89230528120439733808
7.40000000000000035527	0.99247502186763292276	0.58324214531469209533	0.65443190238471971032	0.04508695070552068418	0.04732645227681438194	0.94084626585333741566	0.88037233573021345112
7.50000000000000000000	0.99237716052527669142	0.57795545090617639339	0.64990165193872895255	0.04541249497952858788	0.04786079576196898555	0.93455354092606035543	0.86839440650386734433
7.60000000000000053291	0.99228016011912167915	0.57271580624501139400	0.64540561706075894044	0.04574684949006127543	0.04839700568494004901	0.92760004321689415452	0.85563543343227332905
7.70000000000000017764	0.99218395978519491329	0.56752035450522075877	0.64094145156448112388	0.04610247674197986978	0.04894830797676191780	0.92011290862541939006	0.84279486373281764511
7.80000000000000071054	0.99208851007873255501	0.56236588072864968080	0.63650651881448527813	0.04647446458343219150	0.04950803983296343802	0.91231306904293774096	0.83016775639810413967
7.90000000000000035527	0.99199375445429649467	0.55724892319949193009	0.63209797934016198617	0.04685816398194737886	0.05006995755724077263	0.90428042825120846793	0.81791920527725636703
8.00000000000000000000	0.99189963002454584196	0.55216583867648594275	0.62771285479077920666	0.04724921579555652063	0.05062833191621514406	0.89626617240283956711	0.80620310495850888710
8.09999999999999964473	0.99180606689810069110	0.54711381682110560298	0.62334881293411903425	0.04762890525826973809	0.05116683331053847872	0.88793071228569020459	0.79488203878842422778
8.20000000000000106581	0.99171302083861467835	0.54209159031760856262	0.61900479751643877613	0.04798463932132975701	0.05167264388280436854	0.87954592794553454471	0.78388490142806199756
8.30000000000000071054	0.99162048456214402226	0.53709812240710452791	0.61467999193201083852	0.04831877786774697869	0.05214659686128195887	0.87119945763772876912	0.77338209111064992740
8.40000000000000035527	0.99152843521491584866	0.53213169518616965092	0.61037301812996003214	0.04863326695167910496	0.05258926472668653401	0.86308630838500821625	0.76347624021443294406
8.50000000000000000000	0.99143682790778653313	0.52719005682941044721	0.60608205968330719493	0.04892968897986135074	0.05300112670627724065	0.85533253967540434637	0.75427032410336547485
8.59999999999999964473	0.99134563440729306372	0.52227046036764268599	0.60180486399413146703	0.04922536221287682201	0.05340364874880296903	0.84776465524811872587	0.74518706607102758177
8.70000000000000106581	0.99125478510421571876	0.51736980738479043662	0.59753888660798082366	0.04953379805978840728	0.05381152381367731302	0.84052817752485609049	0.73663170133597477562
8.80000000000000071054	0.99116422540914239647	0.51248473719061626852	0.59328137015478021876	0.04984938038737295185	0.05421748846131919236	0.83379883206601979051	0.72877556032391510588
8.90000000000000035527	0.99107389550139135537	0.50761175008691261645	0.58902944493127129544	0.05016721485932994218	0.05461522870077379493	0.82758749059336811360	0.72171320508596159549
9.00000000000000000000	0.99098373341402290482	0.50274726852353401885	0.58478018861332048406	0.05048305900069614827	0.05499936600937554293	0.82202058769826646945	0.71551353894562874647
9.09999999999999964473	0.99089367235535186218	0.49788863088255275180	0.58053139471334702648	0.05077925697720496456	0.05535474507473648470	0.81664041123605279893	0.70992694240275711071
9.20000000000000106581	0.99080366751558834881	0.49303475723293527233	0.57628217070371701158	0.05104449460646445086	0.05566995712416463599	0.81155829647446586783	0.70482299993320696174
9.30000000000000071054	0.99071371893607451664	0.48818481670530589067	0.57203188059762910544	0.05128190134148929991	0.05594696292441535268	0.80690331050708941074	0.70033730945611971652
9.40000000000000035527	0.99062380514656234176	0.48333735648176939792	0.56777937485222063074	0.05149433455514374619	0.05618760056042951256	0.80278685427747131786	0.69652944787279091887
9.50000000000000000000	0.99053388703656264358	0.47849044842372312480	0.56352311195862092585	0.05168440789167420835	0.05639373525959767708	0.79925563650788189474	0.69344037756370369152
9.60000000000000142109	0.99044394166014837477	0.47364173167056994318	0.55926116338748443901	0.05187109544131212474	0.05658897105595826066	0.79605101500616914922	0.69047158284230092384
9.70000000000000106581	0.99035389543383101074	0.46878855845529887603	0.55499135725210979597	0.05206879646820418428	0.05678906804206353132	0.79328041105249014198	0.68801833831249981088
9.80000000000000071054	0.99026371997985918050	0.46392806606240999390	0.55071134119093878567	0.05227183444966966575	0.05698677381245265822	0.79106134833834140796	0.68612950099894043365
9.90000000000000035527	0.99017336028519964408	0.45905735372504102854	0.54641873951346042748	0.05247557151002556208	0.05717617185251260004	0.78936754288404142876	0.68489216375463946029
10.00000000000000000000	0.99008278029695495626	0.45417350058385880240	0.54211116991785690544	0.05267624419589057166	0.05735254479022586227	0.78827111824212514612	0.68429962622261275573
10.10000000000000142109	0.98999189452552349699	0.44927460192090540314	0.53778705530098380727	0.05285670856964839320	0.05750149191506895296	0.78722066015237024406	0.68422464237158520106
10.20000000000000106581	0.98990071229987930401	0.44436026469165529340	0.53344606565368590800	0.05300651929059649325	0.05761263093985115324	0.78629755394161526816	0.68446631578480354730
10.30000000000000071054	0.98980922043236385655	0.43943040671361216498	0.52908819190801925636	0.05312984449627482231	0.05768917046798778536	0.78567793496455418101	0.68514218852073083266
10.40000000000000035527	0.98971741265389956421	0.43448431911157386898	0.52471290213877808117	0.05323054944823354950	0.05773417397413056068	0.78542644072411482714	0.68629468677895966167
10.50000000000000000000	0.98962527035038982959	0.42952084410171936790	0.52031929237457386073	0.05331222223143487760	0.05775070170666183472	0.78554212864596928423	0.68795159619108114946
10.60000000000000142109	0.98953277669209160905	0.42453843505067856423	0.51590610461702268719	0.05339461846209422879	0.05776328754475448801	0.78575885493945885063	0.68943795830142917680
10.70000000000000106581	0.98943987359974028273	0.41953528201534667774	0.51147184561638570077	0.05349223152939103915	0.05778774493376385990	0.78617604815222108527	0.69118009039786432179
10.80000000000000071054	0.98934655947590888214	0.41450939524919599988	0.50701487422070556921	0.05359929364195491208	0.05781677053434731289	0.78687737899232079730	0.69326231806513771705
10.90000000000000035527	0.98925278598822841136	0.40945881449125215434	0.50253358322382279955	0.05371125569314610937	0.05784461667058703876	0.78782832485197096251	0.69571204377175110967
11.00000000000000000000	0.98915851737409532518	0.40438161130631927742	0.49802640470160441932	0.05382453862365696451	0.05786684991215218510	0.78909782385000803995	0.69849282325675077221
11.10000000000000142109	0.98906373296608918189	0.39927683350832565701	0.49349253669084375273	0.05392155736674086874	0.05786897263012266701	0.78992802978507314915	0.70133703961526316917
11.20000000000000106581	0.98896841393606460535	0.39414509592555135864	0.48893248327183602697	0.05399197372590317651	0.05784080157783638709	0.79060685837690247713	0.70427763456226066818
11.30000000000000071054	0.98887258079143491862	0.38898723268292129118	0.48434698642768186927	0.05404082641662558140	0.05778646952243935569	0.79134522510146110275	0.70740478496555636578
11.40000000000000035527	0.98877624311929790402	0.38380346323943037579	0.47973627714708033665	0.05407267744336648890	0.05770980102741296580	0.79219383632553719288	0.71074838414189844826
11.50000000000000000000	0.98867939681605943036	0.37859356266835819671	0.47510021748311831447	0.05409167192807633195	0.05761448475343963760	0.79310259650319148150	0.71430680269601365406
11.60000000000000142109	0.98858204730853715958	0.37335691383413005529	0.47043830797421998247	0.05411735480506447288	0.05752472304364982664	0.79390047318329881598	0.71749029057018565148
11.70000000000000106581	0.98848416475558165128	0.36809263878038450679	0.46574981215956917646	0.05416348090230084511	0.05745537670793754437	0.79462811288161805390	0.72060073255451562169
11.80000000000000071054	0.98838574068053552946	0.36279972600857296472	0.46103388153241503522	0.05422394458221397456	0.05739881437686612797	0.79534316613880418068	0.72372469797190075447
11.90000000000000035527	0.98828675529868326155	0.35747718381682858091	0.45628969425000520665	0.05429397849799564441	0.05734910056351623375	0.79601594102871486847	0.72689196942842293492
12.00000000000000000000	0.98818718043869824275	0.35212409130163369042	0.45151650285050565214	0.05436978472615875552	0.05730165570421605348	0.79677071859666859233	0.73011361581860756420
12.10000000000000142109	0.98808701226388884198	0.34674048316477401599	0.44671430677469126103	0.05443262379066887008	0.05724112535300446974	0.79697147681509949990	0.73324613271175143048
12.20000000000000106581	0.98798627026825114328	0.34132788785778306329	0.44188435484293347999	0.05447171316632185012	0.05715695158948782412	0.79676981600650154114	0.73629242131309546870
12.30000000000000071054	0.98788498180835848661	0.33588802284667401699	0.43702811548117659335	0.05449283010046882675	0.05705387840797067345	0.79646321375623818639	0.73931421817003828423
12.40000000000000035527	0.98778317229218082218	0.33042195421562625679	0.43214651400354370248	0.05450098506458183473	0.05693611218082245823	0.79606497102292106405	0.74233403696942956707
12.50000000000000000000	0.98768085639202496395	0.32493028292377179600	0.42724008784721323462	0.05450056716675104329	0.05680754586015161756	0.79548545279326821067	0.74535576953840221304
12.60000000000000142109	0.98757804954520811425	0.31941321105323833285	0.42230900513345065450	0.05451030012938803959	0.05669127928036177960	0.79469529340173405974	0.74758744575529068044
12.70000000000000106581	0.98747473521481765601	0.31387066561352494620	0.41735317826895029780	0.05454275805134095600	0.05660068279873690239	0.79373749377539881689	0.74949769310287273072
12.80000000000000071054	0.98737092329522546663	0.30830243497311621281	0.41237240353095150347	0.05459145097207855624	0.05652770589235357052	0.79264994203738892153	0.75122703863656137280
12.90000000000000035527	0.98726660704564928039	0.30270833467565089192	0.40736651531846490570	0.05465128524195790594	0.05646608030189778638	0.79141883020799619342	0.75284431790664096962
13.00000000000000000000	0.98716175767558911325	0.29708826388598841284	0.40233543645264890909	0.05471811023434526577	0.05641089561940734742	0.79017765283985919034	0.75437114417902306762
13.10000000000000142109	0.98705641370025054560	0.29144300718541304995	0.39727977381316537109	0.05477185135776640318	0.05634572524257793619	0.78844729800070723069	0.75582312123445172247
13.20000000000000106581	0.98695060011899227170	0.28577480234661911673	0.39220135901924685351	0.05480125343458922688	0.05625952252084738536	0.78635087773799106081	0.75715028853340460291
13.30000000000000071054	0.98684435249810842361	0.28008600096706542937	0.38710218447077321402	0.05481290195457957926	0.05615760092211238841	0.78413480618368058828	0.75839836772865654169
13.40000000000000035527	0.98673770746753020067	0.27437826044860563757	0.38198366464468336279	0.05481225010042918566	0.05604446159759664259	0.78181553113520874110	0.75958427984644383280
13.50000000000000000000	0.98663068927233399386	0.26865274682938738993	0.37684680363301559236	0.05480389298255466252	0.05592409667659101191	0.77928506479124115547	0.76072139035156793874
13.60000000000000142109	0.98652332598646796935	0.26291020174744417215	0.37169220964974059029	0.05480564466666161538	0.05581836545192746940	0.77668918919042151394	0.76092152855971328940
13.70000000000000106581	0.98641560632448888057	0.25715107830308642223	0.36652022036088083290	0.05482892845896197159	0.05573914389629242017	0.77403563434299926804	0.76075297117186568840
13.80000000000000071054	0.98630755200813247097	0.25137567744345679088	0.36133104744693589350	0.05486702951786793375	0.05567809577887579409	0.77132731599408588252	0.76042146039840285976
13.90000000000000035527	0.98619916423549192075	0.24558432357509207833	0.35612494356097751380	0.05491466490844119919	0.05562873436427252793	0.76855406140927173819	0.76001012519603960982
14.00000000000000000000	0.98609046328905414214	0.23977737449429420424	0.35090220320276166444	0.05496746876155746142	0.05558592308110189839	0.76582001938868249358	0.75951826898323715476
14.10000000000000142109	0.98598143841277929855	0.23395612872866555776	0.34566386532043952284	0.05500433787587195866	0.05553240340287761423	0.76282655975945612425	0.75906751542824968393
14.20000000000000106581	0.98587213601359091619	0.22812318969363584720	0.34041206896407288918	0.05501390641061663228	0.05545691983329817387	0.75965333892753617029	0.75859947108235492585
14.30000000000000071054	0.98576260371788992920	0.22228120801429160358	0.33514906243568493016	0.05500374787735524962	0.05536549319244165462	0.75645657828642143272	0.75814553669173445627
14.40000000000000035527	0.98565288388257299435	0.21643210439176135962	0.32987648804929209367	0.05497988673049328257	0.05526302700014475849	0.75325867239003119202	0.75771614571154299878
14.50000000000000000000	0.98554300518137361031	0.21057728141203588268	0.32459555436402426354	0.05494724912579925652	0.05515371525104536404	0.74994686535646204462	0.75732523247928928978
14.60000000000000142109	0.98543300236005637593	0.20471769137183579157	0.31930704779692342665	0.05492295722333819658	0.05505846332137694782	0.74676577459992554697	0.75605798750178843104
14.70000000000000106581	0.98532287292978759652	0.19885398177668056618	0.31401146245101491106	0.05491757947827258235	0.05498794934146923608	0.74368825873251720449	0.75445434514330078635
14.80000000000000071054	0.98521263961842575618	0.19298664681390081954	0.30870917345934828502	0.05492437317583080680	0.05493375910820869762	0.74068186378672684622	0.75284015663345371649
14.90000000000000035527	0.98510230286802535904	0.18711619795554257362	0.30340059533091723321	0.05493806326325589851	0.05488936778797248034	0.73773827851880147133	0.75126058739026757571
15.00000000000000000000	0.98499186807200300731	0.18124318267661021498	0.29808619231688721074	0.05495424216428188707	0.05484958285884824342	0.73490065579606678181	0.74971117066499126658
15.10000000000000142109	0.98488135474390114954	0.17536900764439122824	0.29276709918891935525	0.05495135184526536015	0.05479679578493885928	0.73215291225780843032	0.74827036012138070653
15.20000000000000106581	0.98477079295632574674	0.16949634627124418595	0.28744552988492977352	0.05491839711137207897	0.05471993979608689301	0.72935873458181255113	0.74692164391155724257
15.30000000000000071054	0.98466023821488091183	0.16362782711114140510	0.28212373176401733810	0.05486398358510043149	0.05462584449824401528	0.72668838402961000167	0.74565769760758715545
15.40000000000000035527	0.98454973229202025209	0.15776532539158014123	0.27680332690513492766	0.05479477051542788052	0.05451990820407322247	0.72413438155518983219	0.74448918407599795621
15.50000000000000000000	0.98443930422608061370	0.15191017659799985196	0.27148548422100038380	0.05471608682371750798	0.05440662841681453976	0.72157516937508048294	0.74335594845721608692
15.60000000000000142109	0.98432898485392106291	0.14606325663694810779	0.26617093765854338283	0.05464463602911662915	0.05430632347989503700	0.71925965212238018864	0.74193660820361617692
15.70000000000000106581	0.98421876737589786277	0.14022512975573056537	0.26086012011834597280	0.05459040968176395725	0.05422883432383540647	0.71713897665536907589	0.74038121810717583138
15.80000000000000071054	0.98410867215899910931	0.13439620351375547447	0.25555334483198227646	0.05454670689628485919	0.05416570930505636150	0.71515457906883039829	0.73888009832806822441
15.90000000000000035527	0.98399870456851257217	0.12857689273879513436	0.25025095895617416319	0.05450833027418685445	0.05411048434615770009	0.71329261506346119948	0.73746142972144834715
16.00000000000000000000	0.98388886700643207739	0.12276765107314428771	0.24495336453264221488	0.05447092649969303979	0.05405801615194278514	0.71151473047222535406	0.73610223224110482576
16.10000000000000142109	0.98377917911026047104	0.11696975348399600569	0.23966160359460572660	0.05441298807974544183	0.05399074480224698436	0.71003705699426478137	0.73493792978853611508
16.19999999999999928946	0.98366967081076450707	0.11118566877914444480	0.23437774023846205673	0.05432421103649296562	0.05389813573498421218	0.70858644502362166939	0.73395286202334886205
16.30000000000000071054	0.98356039064628364432	0.10541777024095938531	0.22910383419629393176	0.05421409406874048292	0.05378774698122994191	0.70731564195188323385	0.73310425350262165001
16.40000000000000213163	0.98345137618391087475	0.09966765565040924812	0.22384129861025064967	0.05408982130453202086	0.05366542332587519171	0.70619412282089966126	0.73239732444107719100
16.50000000000000000000	0.98334264667017512451	0.09393637902696069797	0.21859108899022311467	0.05395704624910249020	0.05353594252607461745	0.70504241828483171783	0.73176059734769527410
16.60000000000000142109	0.98323423779593588367	0.08822451836423342297	0.21335370408150380883	0.05383221765524352082	0.05341932334486310802	0.70413659896188374177	0.73088815368774406878
16.69999999999999928946	0.98312612580146918617	0.08253236516879178253	0.20812936131943440832	0.05372487778255399110	0.05332478692596687858	0.70342640544406220826	0.72997773511484365105
16.80000000000000071054	0.98301833581656461458	0.07686004209765361084	0.20291814815476480471	0.05362824415477272788	0.05324372736089737906	0.70284049058296549362	0.72911141899263143262
16.90000000000000213163	0.98291086537978145099	0.07120769720758138299	0.19772020612542515194	0.05353710375896891110	0.05316966408352646195	0.70236611450251962285	0.72831671443440337832
17.00000000000000000000	0.98280371969681501465	0.06557551031984429346	0.19253572588356293593	0.05344710388632958886	0.05309746514916567628	0.70191087157473985858	0.72756200789202862822
17.10000000000000142109	0.98269689573432128515	0.05996448370793294735	0.18736554152846793264	0.05333709487614918254	0.05300988486972682545	0.70185481751425815578	0.72703617883501203689
17.19999999999999928946	0.98259043643172738758	0.05437671489981550643	0.18221142653048516546	0.05319760973897395134	0.05289708441134197831	0.70178892329365394342	0.72670136141668795204
17.30000000000000071054	0.98248437731088467118	0.04881418697569316067	0.17707514006344959867	0.05303875010247650901	0.05276713022198523811	0.70187759645171321488	0.72649901959181983901
17.40000000000000213163	0.98237874905090416533	0.04327809397471406999	0.17195777964894276568	0.05286797944466940097	0.05262614280948046952	0.70207692427240808719	0.72643163711634228807
17.50000000000000000000	0.98227354961979895798	0.03776910237572335405	0.16685999901085404873	0.05269108490113189047	0.05247904852700682049	0.70214767995297422409	0.72641305798217237211
17.60000000000000142109	0.98216883501721630179	0.03228737073663787149	0.16178195585171672999	0.05252430063844207991	0.05234572758553940330	0.70241582213266973156	0.72607572877175341475
17.69999999999999928946	0.98206457649636125229	0.02683281233984383118	0.15672355925557709955	0.05237671426556381182	0.05223484471066237866	0.70281938000815580292	0.72564746858935835760
17.80000000000000071054	0.98196077113522894919	0.02140521312729405656	0.15168462655790618254	0.05224122224349251470	0.05213743590421957702	0.70328930822889901275	0.72522826802477635688
17.90000000000000213163	0.98185741642996815504	0.01600437082879612935	0.14666501763099920597	0.05211242700610203837	0.05204684667655691543	0.70381559906391877313	0.72484854442126633867
18.00000000000000000000	0.98175448858857172763	0.01063015499608132783	0.14166468162720288748	0.05198585058783562751	0.05195784325489219424	0.70427286308834924355	0.72445385803682726955
18.10000000000000142109	0.98165201266298085514	0.00528318660919790614	0.13668414454036417749	0.05184085114910928771	0.05185363176156830567	0.70497636500516358549	0.72430618869435392515
18.19999999999999928946	0.98155001301546462855	-0.00003482245684355225	0.13172487596252915876	0.05166883859536678530	0.05172512221111717767	0.70568835163283860634	0.72433390478548376201
18.30000000000000071054	0.98144851899507812298	-0.00532232228016935732	0.12678829141798894642	0.05148018719859803055	0.05158063592861898694	0.70654997036758182549	0.72448209045789102589
18.40000000000000213163	0.98134755424307607008	-0.01057854835567878342	0.12187514554219995577	0.05128238031587249030	0.05142637648287350788	0.70750393565564329013	0.72475156480604863152
18.50000000000000000000	0.98124712468732400161	-0.01580326563861441866	0.11698574294850548616	0.05108113546984891645	0.05126726626198003373	0.70839405667175936454	0.72502281808811841479
18.60000000000000142109	0.98114724929063124037	-0.02099668393293867633	0.11211994484929789506	0.05089244141212585781	0.05112311540884913880	0.70929355609400679405	0.72485086953120736464
18.69999999999999928946	0.98104790543184816620	-0.02615927365070094476	0.10727733835532134166	0.05072487274849262623	0.05100203417673028483	0.71021433121845134462	0.72448614529672217266
18.80000000000000071054	0.98094908363974964161	-0.03129159656938378109	0.10245745305044497153	0.05057082163604366409	0.05089449908689366170	0.71111138477619006970	0.72407919323756608776
18.90000000000000213163	0.98085077546171395291	-0.03639418293131915089	0.09765988151705182196	0.05042457140119375320	0.05079356804296940309	0.71199485731932599109	0.72368037804546547775
19.00000000000000000000	0.98075297322579435555	-0.04146749676237839605	0.09288429888731578044	0.05028144395813644030	0.05069384561876790624	0.71271695093804232624	0.72323374785283278676
19.10000000000000142109	0.98065564896198287315	-0.04651118935557308626	0.08813101970734070478	0.05012136935788528980	0.05057907209965146339	0.71356822911811834675	0.72305317886750586354
19.20000000000000284217	0.98055885489408400879	-0.05152394164331874221	0.08340118927688676409	0.04993660930000549947	0.05044091545383963537	0.71440582496787141675	0.72302401499105495297
19.30000000000000071054	0.98046260492428838340	-0.05650457969506850892	0.07869592051161723723	0.04973758328184652716	0.05028776203044756088	0.71536224206460052866	0.72310835698366271451
19.40000000000000213163	0.98036691618135241022	-0.06145271460560811083	0.07401566322172122014	0.04953162391043065826	0.05012577287245235935	0.71637619047009370998	0.72329905201558553074
19.50000000000000000000	0.98027178259914338199	-0.06636846214253842857	0.06936043709300272753	0.04932426660255741224	0.04995978694216706567	0.71732609264772106972	0.72348023629639979237
19.60000000000000142109	0.98017722205479929087	-0.07125237040229837060	0.06472981906464173041	0.04913124943224706637	0.04980958255136153090	0.71818834573439915836	0.72305498264552625631
19.70000000000000284217	0.98008321459291736222	-0.07610521743214183898	0.06012313047227835217	0.04896058752430837435	0.04968270097934233270	0.71898402407978789785	0.72235382414103377346
19.80000000000000071054	0.97998973767740960028	-0.08092783064729437703	0.05553967589535698662	0.04880408641192220814	0.04956897240547539218	0.71968569527270276343	0.72160194523543186307
19.90000000000000213163	0.97989678569005278508	-0.08572099686294444576	0.05097883279495199482	0.04865567562403880914	0.04946115113706010813	0.72031871639993561018	0.72086994069766840987
20.00000000000000000000	0.97980435148503730591	-0.09048541315702973709	0.04644008112676984573	0.04851047305464024212	0.04935368724230843052	0.72077839012884836745	0.72011973074240298587
20.10000000000000142109	0.97971241996403968244	-0.09522098034813894496	0.04192352639715590107	0.04834904380307673832	0.04923094191440192252	0.72136523733079671583	0.71949864894611703647
20.20000000000000284217	0.97962099281911307891	-0.09992660747273579558	0.03743013479554409273	0.04816450967602594474	0.04908531315696076230	0.72198560165399838784	0.71896428879558160752
20.30000000000000071054	0.97953009667326174092	-0.10460142832074574570	0.03296076245388297049	0.04796720626245503522	0.04892521046754796932	0.72272572328026551958	0.71851580896249866992
20.40000000000000213163	0.97943974314585091623	-0.10924532917711864133	0.02851563006691717680	0.04776426760913703856	0.04875672790711713805	0.72352765789180406575	0.71816737046788581278
20.50000000000000000000	0.97934992327008374424	-0.11385867987533879186	0.02409454276207700571	0.04756104196169322340	0.04858463206111671151	0.72428621243509561101	0.71778042989698775944
20.60000000000000142109	0.97926064728158479511	-0.11844224717423744442	0.01969688884403075768	0.04737298949128595366	0.04842863792740990242	0.72488009270694797603	0.71738083145154618592
20.70000000000000284217	0.97917188836827973031	-0.12299700210457316374	0.01532181654458648901	0.04720757075073615805	0.04829571843025016326	0.72536462154786085499	0.71678369719654200232
20.80000000000000071054	0.97908362684603034154	-0.12752394036559447366	0.01096847863847350696	0.04705605041462724430	0.04817510158712560303	0.72574150949817828327	0.71611945996076975529
20.90000000000000213163	0.97899584634068426148	-0.13202398064163631264	0.00663613748259452539	0.04691206850038010662	0.04805929463430021198	0.72605428672485117225	0.71547376050694977412
21.00000000000000000000	0.97890852660643667971	-0.13649792992123049862	0.00232417954316989882	0.04677061669605594302	0.04794267249106452106	0.72623746080470041875	0.71485867983372330947
21.10000000000000142109	0.97882166169467099692	-0.14094582500072189157	-0.00196740705090990217	0.04661295010827021246	0.04781026553941407353	0.72667168914357516130	0.71437606003589715353
21.20000000000000284217	0.97873526394421250796	-0.14536674771519716987	-0.00623780464311691953	0.04643300487683009459	0.04765524294121429444	0.72715625663248462107	0.71400342116255155478
21.30000000000000071054	0.97864934889440258203	-0.14976000203547590317	-0.01048629939333261228	0.04624106291990461720	0.04748603944963553786	0.72777243784110090541	0.71374385641217952259
21.40000000000000213163	0.97856392483411103189	-0.15412563579015645110	-0.01471280918969579410	0.04604410099011895657	0.04730871891992430994	0.72845961894301169970	0.71360617256539371489
21.50000000000000000000	0.97847898894511342593	-0.15846416612998343032	-0.01891765869471573325	0.04584733101518578824	0.04712801175227381706	0.72915779145033809971	0.71349703900858096883
21.60000000000000142109	0.97839453690323729962	-0.16277645827641368248	-0.02310155102559414281	0.04566592694718243223	0.04696352772707539092	0.72966739800173974206	0.71330848678928493456
21.70000000000000284217	0.97831054321755783754	-0.16706356492678736680	-0.02726542401807709876	0.04550679677106417298	0.04682165802226311013	0.73006092378663978160	0.71292729360819040441
21.80000000000000071054	0.97822698716696288024	-0.17132653275823769845	-0.03141018102624465458	0.04536077707186276370	0.04669113892773158608	0.73037006230041889854	0.71251148952011766902
21.90000000000000213163	0.97814385099406064850	-0.17556630930953789904	-0.03553659197379817336	0.04522132613812883395	0.04656434521727093045	0.73065063233662863595	0.71213865681212906722
22.00000000000000000000	0.97806111409230434006	-0.17978371425554559582	-0.03964528696047591588	0.04508342196238745297	0.04643567656390475140	0.73089668261825568862	0.71183411703969134976
22.10000000000000142109	0.97797876187261079117	-0.18397879491758209469	-0.04373629034455124576	0.04492895255002498506	0.04629083829929507565	0.73136731386632725105	0.71168446157853815226
22.20000000000000284217	0.97789681378457515848	-0.18815069432233133551	-0.04780884282707363597	0.04475264031329859865	0.04612374808327659309	0.73185521469966319241	0.71171382530120308463
22.30000000000000071054	0.97781528366744629999	-0.19229878839194097795	-0.05186229477447574371	0.04456481397592652882	0.04594292711704994758	0.73252595464132652658	0.71192044668300125121
22.40000000000000213163	0.97773417854915234404	-0.19642318260694191512	-0.05589661834257892564	0.04437236477976470167	0.04575445837127297549	0.73331006260983666589	0.71229598556182227576
22.50000000000000000000	0.97765349482059737962	-0.20052443035198228016	-0.05991217623037585482	0.04418042814843948368	0.04556307195917699837	0.73416168868618181254	0.71280524300792302839
22.60000000000000142109	0.97757322764249376945	-0.20460340732765083804	-0.06390969344027980226	0.04400384261943380421	0.04538816781220912644	0.73482570356442844517	0.71310545878968900624
22.70000000000000284217	0.97749335143348192734	-0.20866114686216416518	-0.06789011053289564779	0.04384895132268248896	0.04523552629346986459	0.73537211658903178790	0.71319179630657325575
22.80000000000000071054	0.97741384532813357922	-0.21269865148685793144	-0.07185430860424411870	0.04370629454177378526	0.04509352352478267906	0.73585374574417827809	0.71323878427308418093
22.90000000000000213163	0.97733469211391044151	-0.21671680761934755677	-0.07580301541724464298	0.04356925230774248703	0.04495450696947641406	0.73633049368872416363	0.71333781779832572401
23.00000000000000000000	0.97725586853737556048	-0.22071635745543860541	-0.07973680218964059041	0.04343286483809880028	0.04481297050080050581	0.73686825529841926130	0.71353105848780795650
23.10000000000000142109	0.97717736604187366289	-0.22469728837345681605	-0.08365565015082411515	0.04327955641848359875	0.04465524954559724896	0.73751468793007324276	0.71397650041924909381
23.20000000000000284217	0.97709920689442353314	-0.22865871676012244906	-0.08755878443872049111	0.04310479107934082899	0.04447595901952310776	0.73822349125611552711	0.71462096059304403006
23.30000000000000071054	0.97702140232656342622	-0.23260000817133685835	-0.09144555195392024827	0.04291904337737346281	0.04428375660437303130	0.73912836984601781865	0.71547097108158619339
23.40000000000000213163	0.97694395967362901434	-0.23652124868599397334	-0.09531591526645878665	0.04272917514116021664	0.04408477234933593641	0.74014588349024890146	0.71650123003436383406
23.50000000000000000000	0.97686687523031456859	-0.24042295270680727470	-0.09917021260772199143	0.04254027635265458102	0.04388373848623394746	0.74124333051458102251	0.71773029367644591847
23.60000000000000142109	0.97679014666688546153	-0.24430593646717219114	-0.10300913288518434574	0.04236676624297688876	0.04369971547271492285	0.74216625358241783417	0.71858348664522975202
23.70000000000000284217	0.97671374814003508735	-0.24817114418117572350	-0.10683356147247953516	0.04221439052681025955	0.04353781379138887964	0.74295931972581397140	0.71916206937741045113
23.80000000000000071054	0.97663765995034701461	-0.25201947042428179957	-0.11064430347395608212	0.04207350558012119823	0.04338616554629764338	0.74368396589653262829	0.71969661862682188236
23.90000000000000213163	0.97656186665097055588	-0.25585168127181673325	-0.11444199421182481291	0.04193748733073456025	0.04323716544741880441	0.74440082448285993522	0.72028982924867934745
24.00000000000000000000	0.97648634434480197086	-0.25966838782073298209	-0.11822710044460674195	0.04180148184915193077	0.04308543637655583292	0.74522727899622309700	0.72098280514144219566
24.10000000000000142109	0.97641109337867704188	-0.26346946948616800643	-0.12199951981834002146	0.04164833855270409779	0.04291786529942782924	0.74607979103237220819	0.72197515387820043742
24.20000000000000284217	0.97633613287135045944	-0.26725396093450343171	-0.12575841381332383828	0.04147419624563138119	0.04272968230170934301	0.74705481847249255445	0.72317473664364528840
24.30000000000000071054	0.97626147677400332281	-0.27102117552629750863	-0.12950309087826611387	0.04128974420311794929	0.04252971433833206694	0.74819473242892575726	0.72458193503674606095
24.40000000000000213163	0.97618713329035389226	-0.27477113608946096557	-0.13323346661118307122	0.04110184334739300921	0.04232413846722755946	0.74941883437475198537	0.72615552993852849895
24.50000000000000000000	0.97611309914774990748	-0.27850427708923169989	-0.13694981974888253973	0.04091553884098125815	0.04211766072689313023	0.75070537247823132532	0.72794901226505581704
24.60000000000000142109	0.97603937558761755255	-0.28222131799370914207	-0.14065277077981847009	0.04074473630758206760	0.04192887252929209524	0.75184687840956276883	0.72926090983916269650
24.70000000000000284217	0.97596593701193112835	-0.28592307986677384379	-0.14434312023742829068	0.04059454356883964582	0.04176215119322886776	0.75283446500158535120	0.73024348639292691043
24.80000000000000071054	0.97589276559998372473	-0.28961031973921769200	-0.14802157071747401584	0.04045521933507381651	0.04160547708159552383	0.75373312338338005478	0.73116772519195949442
24.90000000000000213163	0.97581984825125134275	-0.29328365840582459878	-0.15168864240587132119	0.04032018187545941684	0.04145133802083016822	0.75460761436246281963	0.73213728338486872005
25.00000000000000000000	0.97574716457094590183	-0.29694355915146064540	-0.15534468217802141488	0.04018469699067712952	0.04129449406133274547	0.75558539180507033883	0.73318601325995291784
25.10000000000000142109	0.97567471835723362794	-0.30058977173403372829	-0.15898948312312907727	0.04003194990882897458	0.04112230195777906439	0.75659093357415374559	0.73455517172401596504
25.20000000000000284217	0.97560252620122978051	-0.30422123515947196992	-0.16262212954902593998	0.03985868503946971009	0.04093053156635131223	0.75774470507144187081	0.73613602165994029836
25.30000000000000071054	0.97553060678423242358	-0.30783719950123966669	-0.16624188037449733057	0.03967584795818216575	0.04072818878041000595	0.75903183508162563875	0.73791628238487039226
25.40000000000000213163	0.97545896939813092619	-0.31143761341307318880	-0.16984859339903424225	0.03949030424086550500	0.04052148041479487067	0.76037720630498284446	0.73984184243707307171
25.50000000000000000000	0.97538761102591053920	-0.31502282263842390497	-0.17344247869424694874	0.03930703704257922787	0.04031504460973608928	0.76176463253071791115	0.74196922667845521815
25.60000000000000142109	0.97531654969357206575	-0.31859345573161274023	-0.17702409407011351905	0.03913936470019838826	0.04012690336823718229	0.76304409567126441072	0.74356550763478057586
25.70000000000000284217	0.97524574373904371338	-0.32215019274960887685	-0.18059413456962780664	0.03899172626873613490	0.03996066575806980076	0.76415136067497180239	0.74482251496588580686
25.80000000000000071054	0.97517519251894813070	-0.32569366900456703240	-0.18415321267172363173	0.03885434874159862662	0.03980423177093279224	0.76515451889271235419	0.74602977576770002077
25.90000000000000213163	0.97510487584044480691	-0.32922435595858767776	-0.18770172621375130761	0.03872072234171505811	0.03965020943735593495	0.76612679965514307590	0.74727907048260810985
26.00000000000000000000	0.97503477550209527447	-0.33274257625227926516	-0.19123990587525080409	0.03858623751175818684	0.03949349665650038477	0.76716507404140288351	0.74859427173079939877
26.10000000000000142109	0.97496490970831761746	-0.33624797191522554085	-0.19476745772389741918	0.03843436466475890628	0.03932186611217433625	0.76836083007239519560	0.75015124879861216911
26.20000000000000284217	0.97489528081075071952	-0.33973939126054331084	-0.19828338768531375558	0.03826241127625038679	0.03913157398642558293	0.76962838309173076112	0.75185680700732671067
26.30000000000000071054	0.97482591307246646561	-0.34321603606594708324	-0.20178691556543321139	0.03808159251848336480	0.03893180064857493933	0.77102843347384009132	0.75369911311336801329
26.40000000000000213163	0.97475681623921051067	-0.34667779490725192382	-0.20527785150834507166	0.03789877001272459744	0.03872876139840236015	0.77249430404141439244	0.75562477197401145546
26.50000000000000000000	0.97468798127866085323	-0.35012493428226443282	-0.20875634242907886717	0.03771884043386290047	0.03852699294165021909	0.77396295363786205002	0.75765657051161661162
26.60000000000000142109	0.97461942329761130921	-0.35355799254894443306	-0.21222287836245518067	0.03755448283505043866	0.03834388072785555740	0.77535669257639316942	0.75950215930380349239
26.70000000000000284217	0.97455111011300854518	-0.35697755215316956390	-0.21567808501976934443	0.03740947777896488913	0.03818228042025594016	0.77656916399382935889	0.76104168287475371102
26.80000000000000071054	0.97448303856199613993	-0.36038413102059430049	-0.21912248297248351769	0.03727407155981053016	0.03803005356024188877	0.77768390959209598989	0.76252979427457900918
26.90000000000000213163	0.97441519719964386770	-0.36377809233295310687	-0.22255638082829154456	0.03714184887662713014	0.03787995528298696013	0.77878911492623636992	0.76404409794741101614
27.00000000000000000000	0.97434757874496824570	-0.36715965523419880068	-0.22597992292192928265	0.03700833546026910392	0.03772703555673238840	0.77996008837764407851	0.76560395922531943036
27.10000000000000142109	0.97428018740638078210	-0.37052835470674178042	-0.22939272173242233888	0.03685728023006499404	0.03755944378005190987	0.78135792916875057568	0.76746786839936143032
27.20000000000000284217	0.97421303807122683338	-0.37388300748798236617	-0.23279375604228833008	0.03668654140221348087	0.03737392131734834644	0.78290899840415284494	0.76952285816670606966
27.30000000000000071054	0.97414615257783077062	-0.37722279033937711201	-0.23618222223052948161	0.03650759163624310577	0.03717980069445640801	0.78460858669874633531	0.77173735991751046814
27.40000000000000213163	0.97407954103876803753	-0.38054756228458475054	-0.23955790598646697909	0.03632727037279217391	0.03698328467512479456	0.78637852710858680005	0.77404910041848951074
27.50000000000000000000	0.97401319696270260984	-0.38385755087072914726	-0.24292092371075540980	0.03615036509152845523	0.03678878365378069476	0.78803315546798602398	0.77645364135204353317
27.60000000000000142109	0.97394713693076151451	-0.38715324025491415494	-0.24627172572050642918	0.03598891679534010901	0.03661304946682966688	0.78966755558641632540	0.77852874011162787049
27.70000000000000284217	0.97388132400141935729	-0.39043513451306488538	-0.24961088141706649912	0.03584607330795697155	0.03645821345569048161	0.79111542321156291813	0.78034542984198962401
27.80000000000000071054	0.97381576113871104461	-0.39370367687089802278	-0.25293885306683322467	0.03571213125799778398	0.03631213232985945616	0.79246868351337496073	0.78209652527493045415
27.90000000000000213163	0.97375041667839412618	-0.39695913045775149675	-0.25625586017871987421	0.03558078515130324443	0.03616771560756411319	0.79382680758856483116	0.78385542626716664394
28.00000000000000000000	0.97368532403045893187	-0.40020167652563171101	-0.25956201696847142069	0.03544770899996639579	0.03602017925603874515	0.79526856943926471644	0.78582681058022685328
28.10000000000000142109	0.97362046027366933032	-0.40343077321853793027	-0.26285686183092205059	0.03529696176485117715	0.03585806429454546640	0.79714683970689537151	0.78798064741784434872
28.20000000000000284217	0.97355585548779854932	-0.40664524351248765299	-0.26613937822124711374	0.03512694481062731550	0.03567860069506138820	0.79910499070313512071	0.79039066552415049305
28.30000000000000071054	0.97349152583653963955	-0.40984427202254675171	-0.26940876429656823721	0.03494936375734352535	0.03549124419907707245	0.80122054914898610534	0.79298945972710388475
28.40000000000000213163	0.97342748166067838422	-0.41302772312184793391	-0.27266480898140826872	0.03477101030753030481	0.03530216331228455684	0.80339255826316657849	0.79569687245216969007
28.50000000000000000000	0.97336371213673145153	-0.41619581307479114329	-0.27590761934974877834	0.03459654457506148445	0.03511562652151210828	0.80530048900570705417	0.79848018735970061055
28.60000000000000142109	0.97330024197194020541	-0.41934901328693868772	-0.27913764120497791543	0.03443739255787431341	0.03494779108106414733	0.80718967626517301728	0.80089255849001772525
28.70000000000000284217	0.97323702465302563969	-0.42248778054648178371	-0.28235540909128598042	0.03429611393644416834	0.03480011067172863320	0.80888146212455691586	0.80297277910411812840
28.80000000000000071054	0.97317407311387882363	-0.42561252346097938615	-0.28556135886646066835	0.03416307023455750908	0.03466044906421995170	0.81047558873511804656	0.80488504276609440513
28.90000000000000213163	0.97311137356127852538	-0.42872348005008070748	-0.28875568751204494511	0.03403207715531967464	0.03452189120679430290	0.81208298365950859488	0.80675597356575301511
29.00000000000000000000	0.97304892588671199061	-0.43182076206377506544	-0.29193844010405795020	0.03389895903407185579	0.03437979646322938954	0.81379497888252216864	0.80852746138789255426
29.10000000000000142109	0.97298671639155587254	-0.43490381821505225135	-0.29510914232806761959	0.03374812764999133435	0.03422315677509524950	0.81602492686575889280	0.81074236300612290140
29.20000000000000284217	0.97292478276444127605	-0.43797150571609116954	-0.29826680260925547694	0.03357854419545608371	0.03404969994066665145	0.81821991795374005019	0.81326438568752290603
29.30000000000000071054	0.97286313841234239863	-0.44102305269193631254	-0.30141065062721145162	0.03340209638122904057	0.03386895931644926666	0.82058025125645017717	0.81599419962210417712
29.40000000000000213163	0.97280179321370219281	-0.44405835953019440199	-0.30454050329055720736	0.03322549353944745376	0.03368704435825527199	0.82298882022007679993	0.81884061413024644693
29.50000000000000000000	0.97274073500968805117	-0.44707766494931949763	-0.30765648553765118089	0.03305325226507351694	0.03350807378586021651	0.82502219779629137886	0.82172851222363452184
29.60000000000000142109	0.97267997908483139202	-0.45008144095900404213	-0.31075904635972573242	0.03289621176109152473	0.03334765336487443416	0.82703453937712889665	0.82407439190089892822
29.70000000000000284217	0.97261949729083407856	-0.45307015194981492545	-0.31384873596234913462	0.03275639988413833747	0.03320663212333137271	0.82885342028069919351	0.82608304942815802274
29.80000000000000071054	0.97255929483662051371	-0.45604418485158831897	-0.31692597177613490711	0.03262423446830543805	0.03307286871799673678	0.83058354805267919918	0.82790714708739776562
29.90000000000000213163	0.97249935722524849524	-0.45900376404701970223	-0.31999093420977303692	0.03249365117980686224	0.03293961588587296374	0.83234339201885354509	0.82969777079980466805
30.00000000000000000000	0.97243968345301445844	-0.46194899163114788720	-0.32304365352774461195	0.03236063068810642734	0.03280239272733805056	0.83425727990638642861	0.83136070925659111275
30.10000000000000142109	0.97238026146775646819	-0.46487933060227748516	-0.32608366146390183049	0.03220999016280871180	0.03265067815125134720	0.83664115286382390035	0.83354678014687544341
30.20000000000000284217	0.97232112808967419149	-0.46779369078879567967	-0.32911000424960468180	0.03204125972523004517	0.03248269464928334876	0.83903699921238794612	0.83609000120217580321
30.30000000000000071054	0.97226229573973343978	-0.47069136893468743743	-0.33212196455187453781	0.03186643679001485013	0.03230800829254553558	0.84162757715250291479	0.83885963870503832407
30.40000000000000213163	0.97220377317695494401	-0.47357232250383862748	-0.33511940524805122754	0.03169210712534992896	0.03213264124678288230	0.84427210891507187274	0.84175148083904072216
30.50000000000000000000	0.97214554590171597948	-0.47643683216575916095	-0.33810248573007017914	0.03152262827902049119	0.03196054937449414879	0.84650086118182332751	0.84464263067834710608
30.60000000000000142109	0.97208763592370628359	-0.47928540236842498423	-0.34107168699568923831	0.03136828547899703223	0.03180685593728513338	0.84869697204685679015	0.84704598974374556430
30.70000000000000284217	0.97203001323281257307	-0.48211851049451764917	-0.34402757676550121957	0.03123062182390218267	0.03167183573469743024	0.85069340425998873911	0.84907161302510336665
30.80000000000000071054	0.97197267824325805918	-0.48493654046672890479	-0.34697057031393613302	0.03110008834341087408	0.03154334708340076482	0.85260688211417912097	0.85088227833913454567
30.90000000000000213163	0.97191561636163725790	-0.48773972282774386011	-0.34990084910547736285	0.03097073995759541676	0.03141479441565013520	0.85456494066860477776	0.85260100911637348720
31.00000000000000000000	0.97185880941529967370	-0.49052815282234918381	-0.35281842908836330563	0.03083870603941126290	0.03128185672986759369	0.85672773778072675022	0.85412326967726881488
31.10000000000000142109	0.97180226976237649161	-0.49330134799374625310	-0.35572288500472515338	0.03068927733585774878	0.03113452185885411116	0.85927348708351225515	0.85636332700621908831
31.20000000000000284217	0.97174602500526174875	-0.49605827726729923022	-0.35861330457892337531	0.03052253646953672142	0.03097151709259931066	0.86191938143819957219	0.85900417103946025144
31.30000000000000071054	0.97169008744601659266	-0.49879831877237190696	-0.36148903528477027702	0.03035051365554386829	0.03080238882463008643	0.86481084403482288980	0.86188746101480018247
31.40000000000000213163	0.97163446442175416262	-0.50152149660582545643	-0.36434999520743205359	0.03017963236405961716	0.03063304368440315784	0.86778806426814392161	0.86489340562129568557
31.50000000000000000000	0.97157915283278206697	-0.50422815457072822642	-0.36719640016954191442	0.03001407792851568460	0.03046726789701888899	0.87051816307349827451	0.86785617294034822500
31.60000000000000142109	0.97152415400255531797	-0.50691881105447988975	-0.37002874330681456705	0.02986360941620637421	0.03031973803651808255	0.87296713038032713872	0.87045204480247695411
31.70000000000000284217	0.97146942998778851308	-0.50959395446041810818	-0.37284760738092626031	0.02972930216386981267	0.03019020708708138045	0.87520497509887462684	0.87272380416955652738
31.80000000000000071054	0.97141499394544017498	-0.51225399580255825960	-0.37565343292474923098	0.02960165220550881743	0.03006649311012709117	0.87736853818149418416	0.87482096136895803884
31.90000000000000213163	0.97136080522185752617	-0.51489915244759443258	-0.37844638305790051502	0.02947482350199788492	0.02994215562212837120	0.87959695073414490007	0.87689399101050491403
32.00000000000000000000	0.97130692569266796621	-0.51752961949271858444	-0.38122656206626082120	0.02934512034540875600	0.02981305911269791983	0.88210817802342789129	0.87853222680338904915
32.10000000000000142109	0.97125331050074081851	-0.52014488915589218720	-0.38399351148956650803	0.02919831218985574628	0.02966973054058552953	0.88505438825298110572	0.88086196691221096966
32.20000000000000284217	0.97119999363704978546	-0.52274400860724956619	-0.38674638186532100947	0.02903501333015123115	0.02951137564593206419	0.88800789872724472662	0.88364557711719005084
32.30000000000000426326	0.97114698359102402669	-0.52532643490047870038	-0.38948458410480318870	0.02886722932331126090	0.02934747129474438165	0.89122823252048244402	0.88670225019877713102
32.39999999999999857891	0.97109428622763782624	-0.52789225800499739449	-0.39220809230782277544	0.02870118914751613320	0.02918378490945311085	0.89454164343398623327	0.88989680777638413556
32.50000000000000000000	0.97104189568852072867	-0.53044187042803958576	-0.39491716473328508652	0.02854089910393649634	0.02902392302846159775	0.89755866097429559680	0.89302089378108961970
32.60000000000000142109	0.97098981451411514598	-0.53297582523891873230	-0.39761232952238062532	0.02839561079731017790	0.02888215158369213109	0.90033023245856691474	0.89585137598707920148
32.70000000000000284217	0.97093800412164699143	-0.53549462585956797422	-0.40029418917641673703	0.02826597000629757495	0.02875773133878740603	0.90286851174569915379	0.89842339810960780699
32.80000000000000426326	0.97088647652179727032	-0.53799869197840255453	-0.40296319325226231944	0.02814250130487056314	0.02863844341188414092	0.90533930219344371793	0.90073297664838780641
32.89999999999999857891	0.97083521819920359786	-0.54048827906723972969	-0.40561953681874352018	0.02801948286860454773	0.02851801504684032054	0.90790224540060038283	0.90301802129031838451
33.00000000000000000000	0.97078422159884869558	-0.54296352246012047349	-0.40826326127769679841	0.02789338283511625868	0.02839246094535854970	0.91083062294683980742	0.90525645813354638225
33.10000000000000142109	0.97073349054510571499	-0.54542400198020768443	-0.41089398307159674673	0.02775048137991754579	0.02825287440187815996	0.91427768131070108470	0.90791186575106319623
33.20000000000000284217	0.97068304683227646379	-0.54786881619533300825	-0.41351089193681367373	0.02759189690092934966	0.02809891873131795809	0.91760696607479697029	0.91104398064812952551
33.30000000000000426326	0.97063290178175665179	-0.55029749909281422404	-0.41611346327073112095	0.02742956393799893602	0.02793997088104640397	0.92118709377822771689	0.91446545053535244207
33.39999999999999857891	0.97058305995896898555	-0.55271019767891094165	-0.41870172117240467280	0.02726949835982504441	0.02778164340422159539	0.92483501253030087064	0.91803491685799221145
33.50000000000000000000	0.97053351567387002863	-0.55510734671570471921	-0.42127596268768835452	0.02711552652848646036	0.02762736472484149039	0.92815071703988005769	0.92153364932758885519
33.60000000000000142109	0.97048427032312944984	-0.55748952195884970973	-0.42383674130968673754	0.02697640631814582357	0.02749100053138951380	0.93120239672469640180	0.92448565704719587455
33.70000000000000284217	0.97043528456041483476	-0.55985723292087807845	-0.42638467275948971347	0.02685237862084838972	0.02737134776896273103	0.93397944176342628797	0.92720435786274701950
33.80000000000000426326	0.97038657014417240010	-0.56221089948928193447	-0.42892020985239248665	0.02673400703895694938	0.02725616251171553844	0.93668375224018241010	0.92966627769205667509
33.89999999999999857891	0.97033811362009225743	-0.56455077973820400050	-0.43144354735740192419	0.02661569038424212510	0.02713933707970357656	0.93949558476145178521	0.93212871359255378145
34.00000000000000000000	0.97028990495183464748	-0.56687701157748904279	-0.43395472465594903122	0.02649407010727514167	0.02701705290767849460	0.94273872376290246411	0.93454114585465841714
34.10000000000000142109	0.97024195198285512198	-0.56918920224381286399	-0.43645337830231367704	0.02635592329435477998	0.02688097076895940366	0.94646452345657094973	0.93738396201337392810
34.20000000000000284217	0.97019427484124087790	-0.57148650228399799911	-0.43893874031728613572	0.02620285352905312587	0.02673118843983623288	0.95002052498597222563	0.94075310447469573383
34.30000000000000426326	0.97014688338091004116	-0.57376850614260932471	-0.44141033716447058977	0.02604669722169470139	0.02657695614428719211	0.95382049784487576982	0.94443768101460379150
34.39999999999999857891	0.97009978092735915656	-0.57603540461313462728	-0.44386823288308896451	0.02589324866206814055	0.02642372249151783356	0.95766247722742281479	0.94828094292160258760
34.50000000000000000000	0.97005296122948447834	-0.57828766037776258013	-0.44631275231040046236	0.02574615536207387062	0.02627474032417653066	0.96115823008595746568	0.95207844762475168920
34.60000000000000142109	0.97000642566799966104	-0.58052585984648064077	-0.44874446519213628815	0.02561369377144033510	0.02614348032601223823	0.96437897050959009437	0.95504814226843703917
34.70000000000000284217	0.96996013443792006292	-0.58275050633381164644	-0.45116399093398595888	0.02549572142192450819	0.02602829316774476695	0.96727001769171094825	0.95778919977345822190
34.80000000000000426326	0.96991409845584142246	-0.58496200769748751824	-0.45357177539956816670	0.02538285609751268074	0.02591693409823801406	0.97006991182280899455	0.96030423892345728731
34.89999999999999857891	0.96986830496093756615	-0.58716061392727625368	-0.45596800468754494773	0.02526963169658948127	0.02580347375509804003	0.97297725323274286691	0.96286090397246348882
35.00000000000000000000	0.96982273875302049682	-0.58934645197143775697	-0.45835270498789970617	0.02515286782440113306	0.02568426622605558818	0.97637903992581853707	0.96538723122349601180
35.10000000000000142109	0.96977741912856851858	-0.59151915214786032760	-0.46072553132971921785	0.02501982164666352246	0.02555153061026236086	0.98023416005063868095	0.96837694323535594698
35.20000000000000284217	0.96973235858415163246	-0.59367789814715021812	-0.46308574189524059905	0.02487256127975033190	0.02540576646214404502	0.98396592781635383584	0.97193964381363540106
35.30000000000000426326	0.96968756756024998555	-0.59582233298668707544	-0.46543290528840725040	0.02472280969890732621	0.02525608796321726982	0.98793092147127836711	0.97584003832370014297
35.39999999999999857891	0.96964304845689841539	-0.59795267722722755810	-0.46776711454357966513	0.02457613906420648767	0.02510777632174111818	0.99190997628522581397	0.97990277489791455245
35.50000000000000000000	0.96959879425159867239	-0.60006940708728451206	-0.47008871086545883644	0.02443602195693785409	0.02496390994519189985	0.99554967372107827650	0.98393401476890229862
35.60000000000000142109	0.96955480728010090541	-0.60217310700366344367	-0.47239827012344765000	0.02431025975143548748	0.02483756353856379079	0.99890939676377854539	0.98689220710568725803
35.70000000000000284217	0.96951104716546265827	-0.60426426134944311030	-0.47469640505709886913	0.02419834357366141761	0.02472665409538623085	1.00187424178268380537	0.98966178997641029991
35.80000000000000426326	0.96946752407781744409	-0.60634325455019988382	-0.47698354472946624671	0.02409097074801192992	0.02461896956254221516	1.00471865986950104066	0.99225388781760626156
35.89999999999999857891	0.96942422622293100698	-0.60841031783816557077	-0.47925985785702279740	0.02398282578597855583	0.02450877500744393783	1.00765938153244816178	0.99493157877473659134
36.00000000000000000000	0.96938113667024139453	-0.61046556044415778430	-0.48152535235529653201	0.02387091324732289882	0.02439260177067993640	1.01113256632563430770	0.99761707535537580416
36.10000000000000142109	0.96933827643958392350	-0.61250861539246537202	-0.48377968336660992499	0.02374294402013405261	0.02426320739124174924	1.01510805877394783003	1.00079799790170831386
36.20000000000000284217	0.96929566091710506193	-0.61453869836549701589	-0.48602213715900277613	0.02360142811993705403	0.02412146028110145543	1.01904455588589604176	1.00459355510537773348
36.30000000000000426326	0.96925329763444001419	-0.61655548508158053433	-0.48825231029847820929	0.02345796937505101321	0.02397633542241771332	1.02321021930366384822	1.00874238435540042325
36.39999999999999857891	0.96921118835982145168	-0.61855921353661125206	-0.49047031491332959696	0.02331792112429405608	0.02383294554736815896	1.02736658220723620083	1.01305011233929853631
36.50000000000000000000	0.96916932499431474035	-0.62055036102463501102	-0.49267649828781745480	0.02318458620915558877	0.02369419355619794415	1.03121288081302919792	1.01731951345371118833
36.60000000000000142109	0.96912771199069247530	-0.62252949972059168360	-0.49487143380730946873	0.02306529034286322263	0.02357275252322968417	1.03476918917400562137	1.02031790274787237394
36.70000000000000284217	0.96908631796540323222	-0.62449709399645070285	-0.49705572739264808346	0.02295917553189802396	0.02346611696791495172	1.03786155463087337303	1.02322495909600075237
36.80000000000000426326	0.96904514298968247310	-0.62645348681435164551	-0.49922977447912458837	0.02285704678303622853	0.02336214464154004813	1.04080194727686436984	1.02600839221265416334
36.89999999999999857891	0.96900417666730287447	-0.62839888275560651376	-0.50139371970803670031	0.02275375384393710579	0.02325531070455124152	1.04382701748314654644	1.02892414747351157445
37.00000000000000000000	0.96896341295010945949	-0.63033337855752091805	-0.50354755824607455583	0.02264649085793816324	0.02314232689707123800	1.04739205014206104849	1.03191952623967919678
37.10000000000000142109	0.96892286209409206332	-0.63225658876291757071	-0.50569092603655618756	0.02252339275162816914	0.02301646376107481864	1.05164164172393315155	1.03543033151841767925
37.20000000000000284217	0.96888253563765669440	-0.63416774669828879230	-0.50782312431328613389	0.02238738224117152106	0.02287892391660565836	1.05600479267384672610	1.03949987133184795773
37.30000000000000426326	0.96884244531216401342	-0.63606655838698233918	-0.50994377803317392228	0.02224994955030981658	0.02273854375588766144	1.06066881987315175806	1.04386348627101099851
37.39999999999999857891	0.96880258162655241705	-0.63795325928368318280	-0.51205300056457336844	0.02211623212285068751	0.02260026478102050360	1.06537107333894431882	1.04835418288086246186
37.50000000000000000000	0.96876294737611645669	-0.63982833208421374671	-0.51415115068619321459	0.02198937026278762266	0.02246681539688074811	1.06965671250869931441	1.05267432929508819583
37.60000000000000142109	0.96872355125557885192	-0.64169233019557292419	-0.51623879495993740818	0.02187620665692032243	0.02235045207946156215	1.07346743174913239471	1.05596112553678578294
37.70000000000000284217	0.96868434911628042983	-0.64354567073830737378	-0.51831650451779398558	0.02177554610735768156	0.02224825733517725446	1.07672282483662273833	1.05917770131072730422
37.80000000000000426326	0.96864535054226241773	-0.64538866875196310158	-0.52038465354426655107	0.02167833352521596896	0.02214820196782147504	1.07980262005113281099	1.06231802645003958752
37.89999999999999857891	0.96860654586675365429	-0.64722149705287090882	-0.52244335767433047746	0.02157959752966827696	0.02204498411949497652	1.08301473074097187599	1.06563273005270375826
38.00000000000000000000	0.96856794493221853859	-0.64904423920342046994	-0.52449260109594597612	0.02147672179845636770	0.02193549483181118573	1.08676991945556911112	1.06915439021222180571
38.10000000000000142109	0.96852954068776686558	-0.65085648262760820160	-0.52653199148909013427	0.02135823668535271821	0.02181348631950015202	1.09150027642969416064	1.07333101356440629992
38.20000000000000284217	0.96849134569369799141	-0.65265747857012457178	-0.52856084422786209220	0.02122745189659247175	0.02168047111689829290	1.09637408641036793178	1.07817699339283823434
38.30000000000000426326	0.96845337340920145675	-0.65444695530117036331	-0.53057880505080012856	0.02109574343783573655	0.02154514434853846069	1.10157328765184359121	1.08337977774649396601
38.40000000000000568434	0.96841562519157098343	-0.65622516241936867942	-0.53258600548630785632	0.02096803824193623975	0.02141227778510057175	1.10681087865125271641	1.08870410988346266734
38.50000000000000000000	0.96837809140561714738	-0.65799255776057574696	-0.53458278667703384990	0.02084730998329674401	0.02128441471098423826	1.11155598481620421225	1.09394753070287586993
38.60000000000000142109	0.96834077655622419201	-0.65974966627833220301	-0.53656969765773143699	0.02073991783207120021	0.02117339101614509195	1.11607189323118793922	1.09770425257500114924
38.70000000000000284217	0.96830364574157401503	-0.66149687493284414774	-0.53854729385619493076	0.02064435779859533429	0.02107589494472617009	1.11993216221598412830	1.10144799331559495315
38.80000000000000426326	0.96826670598487940556	-0.66323445851799867068	-0.54051591480573835113	0.02055173166721712200	0.02098004006786426123	1.12356214129790465961	1.10500133253185173210
38.90000000000000568434	0.96822994925919569909	-0.66496255809592197394	-0.54247564677835402591	0.02045725669793591051	0.02088075762264550439	1.12728769010766893821	1.10868202949210070685
39.00000000000000000000	0.96819336457637672488	-0.66668121001787217228	-0.54442642619944625615	0.02035849920123076681	0.02077511637224681643	1.13143303024788810518	1.11258898814378848208
39.10000000000000142109	0.96815696284231833602	-0.66839000746568855149	-0.54636786655276359248	0.02024436194450717624	0.02065732189648719630	1.13649206403219937833	1.11724950345627638271
39.20000000000000284217	0.96812076103919830761	-0.67008822138297452486	-0.54829929980222347208	0.02011852317100274595	0.02052917218631258867	1.14174316167986433790	1.12263781372326665320
39.30000000000000426326	0.96808476986130620467	-0.67177559681493936861	-0.55022038614260870837	0.01999224083938993743	0.02039921496355080396	1.14723564899495622527	1.12837864719096403476
39.40000000000000568434	0.96804899051218284978	-0.67345238512835192690	-0.55213126269030154969	0.01987023170704635064	0.02027204855305009615	1.15267129417398161983	1.13421169806854593709
39.50000000000000000000	0.96801341357165915369	-0.67511903171319098682	-0.55403226476337219530	0.01975530505484283939	0.02015002788918793253	1.15782715706696626157	1.13987991980403369219
39.60000000000000142109	0.96797804312243251879	-0.67677603385014628579	-0.55592392485791453094	0.01965333837867816111	0.02004457185140143261	1.16262214387168794083	1.14386976245915339412
39.70000000000000284217	0.96794284069620428745	-0.67842373820706880494	-0.55780677002717382607	0.01956253441853788785	0.01995199215996240269	1.16669336774143905799	1.14787329473424470905
39.80000000000000426326	0.96790781932384895025	-0.68006238883997671696	-0.55968111426116751161	0.01947418316601612701	0.01986056632609093167	1.17051435142261750499	1.15167742798221039990
39.90000000000000568434	0.96787296992576909993	-0.68169209525955931639	-0.56154701296197462312	0.01938369164315533952	0.01976546658677384022	1.17444273435103752057	1.15561273623159399548
40.00000000000000000000	0.96783828494666512832	-0.68331287234029025601	-0.56340438058195352333	0.01928881500756641360	0.01966394825039194730	1.17870588199496051374	1.15976577517325929456
40.10000000000000142109	0.96780377266728845331	-0.68492430282702521094	-0.56525281910366975691	0.01917879563325543268	0.01955064164893434778	1.18390688198478222226	1.16477839679308936560
40.20000000000000284217	0.96776945316046225631	-0.68652567741697012593	-0.56709167615472189095	0.01905766187272578058	0.01942760268168262916	1.18941089071549011003	1.17059761624077474096
40.30000000000000426326	0.96773533501675690349	-0.68811675926915649715	-0.56892062750269578597	0.01893654789661567209	0.01930322704738897735	1.19517168168792031757	1.17677774288426784111
40.40000000000000568434	0.96770141890175964683	-0.68969780183415374530	-0.57073981593609524055	0.01881995886566947829	0.01918193621931340784	1.20085929941162716794	1.18302978600606212289
40.50000000000000000000	0.96766769594158297263	-0.69126924008669077271	-0.57254957199547129587	0.01871053996728721733	0.01906589587809551581	1.20618181654256662050	1.18903045882799740518
40.60000000000000142109	0.96763416973103022478	-0.69283154639095179128	-0.57435041350742421784	0.01861369512857994485	0.01896612269636828094	1.21105931713932957194	1.19314715234774415542
40.70000000000000284217	0.96760079938330223470	-0.69438503141690555154	-0.57614284193470477469	0.01852735893961079267	0.01887856274583454494	1.21517655470762520054	1.19723131079262690157
40.80000000000000426326	0.96756760241911299314	-0.69592991100063172905	-0.57792714738928352425	0.01844302216565543023	0.01879168374749706424	1.21905155089269978674	1.20114937122313247819
40.90000000000000568434	0.96753457991726232734	-0.69746627862381949114	-0.57970336859383564398	0.01835629018455995146	0.01870090082475772686	1.22306674272721660479	1.20523488424441871381
