0.00000000000000000000	1.00000000000000000000	1.00000000000000000000	1.00000000000000000000	0.00000000000000000000	0.00000000000000000000	nan	nan
0.10000000000000000555	0.99999817134461688184	0.99920022279247988628	0.99935178463154017425	0.00039547540724729020	0.00032035948763241881	0.00000000000000000000	0.00000000000000000000
0.20000000000000001110	0.99997963142989398921	0.99680305039311900561	0.99740621885608948816	0.00155377216847731340	0.00125874403496354747	0.00000000000000000000	0.00000000000000000000
0.30000000000000004441	0.99994472320541161192	0.99284026153509852275	0.99418855245740678228	0.00343304189355975479	0.00278152426003571741	0.00000000000000000000	0.00000000000000000000
0.40000000000000002220	0.99989380800344551670	0.98734558364095981187	0.98972526832349050352	0.00599193701535747150	0.00485563869047965415	0.00000000000000000000	0.00000000000000000000
0.50000000000000000000	0.99982726411964073510	0.98035456071749893514	0.98404399615512228028	0.00918965841517904031	0.00744861655703618532	0.00000000000000000000	0.00000000000000000000
0.60000000000000008882	0.99974548542229046966	0.97190442279106958878	0.97717342749953794989	0.01298600055913540913	0.01052859906152601478	0.00000000000000000000	0.00000000000000000000
0.70000000000000006661	0.99964887999212415082	0.96203395706909122786	0.96914323220619014165	0.01734139414285778419	0.01406435912658158746	0.00000000000000000000	0.00000000000000000000
0.80000000000000004441	0.99953786879428507817	0.95078338100377046693	0.95998397639569643669	0.02221694624751139116	0.01802531963780141730	0.00000000000000000000	0.00000000000000000000
0.90000000000000002220	0.99941288438397413163	0.93819421742418318555	0.94972704202723590150	0.02757447801530579778	0.02238157019211964999	0.00000000000000000000	0.00000000000000000000
1.00000000000000000000	0.99927436964711935374	0.92430917189297168157	0.93840454814381391024	0.03337655985775016959	0.02710388236915646509	0.00000000000000000000	0.00000000000000000000
1.10000000000000008882	0.99912277647148650672	0.90917201235047240271	0.92604927373028211868	0.03958655394550645440	0.03216373556578219772	0.00000098112788322250	0.00000149085010983718
1.20000000000000017764	0.99895856153357198703	0.89282745117420492242	0.91269458228853517223	0.04616875487581556525	0.03753345678103892774	0.00001317980273745214	0.00002003096229895891
1.30000000000000004441	0.99878218043658117953	0.87532102733549088658	0.89837434840303342920	0.05308854497787039717	0.04318634192989308229	0.00005669076096603374	0.00008614322260468377
1.40000000000000013323	0.99859412979451467329	0.85669897404826400589	0.88312288959273210764	0.06031245757863733931	0.04909664783062657467	0.00015399257970443480	0.00023389134988192680
1.50000000000000000000	0.99839486931596987951	0.83700813890655001437	0.86697488886252793705	0.06780782360808430831	0.05523956912092210791	0.00032645153212721827	0.00049546568945968840
1.60000000000000008882	0.99818487516619847089	0.81629587747905596462	0.84996533219619740951	0.07554313508260884769	0.06159121912224791578	0.00059302914462804979	0.00089927148993956081
1.70000000000000017764	0.99796462355693982271	0.79460994223592129604	0.83212944129760024747	0.08348792992215939290	0.06812860957940047868	0.00097001714281350169	0.00146950227713436225
1.80000000000000004441	0.99773462398390777572	0.77199834699910718783	0.81350257470668607684	0.09161278830653830918	0.07482963120115035394	0.00147116399060501983	0.00222632062677566300
1.90000000000000013323	0.99749534316393151379	0.74850934182945105810	0.79412024044232143449	0.09988936621485519640	0.08167303456954508323	0.00210794220702031215	0.00318625902216127573
2.00000000000000000000	0.99724726176065081606	0.72419125923731253458	0.77401797805342187342	0.10829033833835813305	0.08863841105575614998	0.00288984562226157022	0.00436267118999085577
2.10000000000000008882	0.99699088252629675111	0.69909654678181643028	0.75323465969831659983	0.11671420215776745488	0.09564570156114776678	0.00382832444391448604	0.00576943097695162277
2.20000000000000017764	0.99672678109522117040	0.67328529376705270604	0.73181548164988297067	0.12505571228106723836	0.10261015377456066122	0.00493342806494517349	0.00742195432247592761
2.30000000000000026645	0.99645558921095400695	0.64682038876165459662	0.70980807670783729879	0.13328350645128952956	0.10950771125777471193	0.00621399529524639498	0.00933173334117117642
2.40000000000000035527	0.99617792221417411636	0.61976320633408044092	0.68725894425132760812	0.14136916765248286332	0.11631659548117863345	0.00767834416423471191	0.01150894783983301070
2.50000000000000000000	0.99589437848600292913	0.59217353862560295763	0.66421341075719275704	0.14928707775514288292	0.12301720332432165839	0.00933435055214001247	0.01396347653122789398
2.60000000000000008882	0.99560553908757642994	0.56410953601428848181	0.64071559624313945136	0.15701427542937357318	0.12959195975029763614	0.01118952082084383008	0.01670407814137229996
2.70000000000000017764	0.99531196742545735567	0.53562765653828470214	0.61680838632354539897	0.16453031703693227206	0.13602520593785111247	0.01325104558302818772	0.01973874493581479275
2.80000000000000026645	0.99501420900715542572	0.50678262361610715292	0.59253340959472922123	0.17181714079654719640	0.14230308446005374146	0.01552583964159436405	0.02307475762634175406
2.90000000000000035527	0.99471279127639278261	0.47762739164730311225	0.56793102010648233158	0.17885893432840632711	0.14841342377676694508	0.01802057103755658543	0.02671862829051869712
3.00000000000000000000	0.99440822293045072477	0.44821311958163090328	0.54304028502583578941	0.18564200550174542181	0.15434563640034260068	0.02074168529704807293	0.03067610273611180022
3.10000000000000008882	0.99410097717066725487	0.41858914661559448733	0.51789896903590726396	0.19216134950267610426	0.16009895593035158856	0.02383041732435847021	0.03515482295751899688
3.20000000000000017764	0.99379150129027749028	0.38880296726477375779	0.49254351636272725168	0.19841575698012695050	0.16567614780205811020	0.02744633509553636580	0.04037780176614237659
3.30000000000000026645	0.99348024556730785140	0.35890020395643829065	0.46700903529954351789	0.20440008237356399601	0.17107423505955349219	0.03161998392769517496	0.04638003406993492644
3.40000000000000035527	0.99316764189930928364	0.32892462251941745333	0.44132932301820304577	0.21011105429053358873	0.17629152655861005106	0.03638118586732590892	0.05319391373097593495
3.50000000000000000000	0.99285410477655478001	0.29891815124044596175	0.41553687406630507306	0.21554645430869528999	0.18132745936337191228	0.04175831152255896767	0.06084787274741398216
3.60000000000000008882	0.99254003158978720833	0.26892090336110507920	0.38966289261000564004	0.22070568578342811272	0.18618245234070215921	0.04777754785574640090	0.06936544462480205564
3.70000000000000017764	0.99222580278901961748	0.23897118686222848516	0.36373730845926904864	0.22558939024202928625	0.19085777052479316329	0.05446246401296998829	0.07876454936820889707
3.80000000000000026645	0.99191178213748476544	0.20910552816975691570	0.33778879644520715120	0.23019930673844890556	0.19535539981869473602	0.06183367960271952263	0.08905698395765516973
3.90000000000000035527	0.99159831959984490179	0.17935869733288431482	0.31184479625029859484	0.23453819920016913403	0.19967793142315365396	0.06990867249786548998	0.10024807585847933522
4.00000000000000000000	0.99128576202695839470	0.14976372396137421772	0.28593153441993296449	0.23860964884576424394	0.20382846118771610899	0.07870207845537641189	0.11233646608933672839
4.10000000000000053291	0.99097443252313455186	0.12035528067920558959	0.26007685444181738443	0.24231218408314814106	0.20772394252722176100	0.08825934535310095419	0.12536533722688741888
4.20000000000000017764	0.99066472724153809004	0.09117231829161109857	0.23431264023449618894	0.24555304062880803362	0.21128571364629389340	0.09863618346467246945	0.13938570487688578536
4.29999999999999982236	0.99035702208939768720	0.06225414129942031388	0.20867145482109997201	0.24834947077747759892	0.21452685139956073623	0.10985275757475898573	0.15439693538986323795
4.40000000000000035527	0.99005171045255357942	0.03363696100621362678	0.18318359209327039760	0.25071993531730063509	0.21746118992740606779	0.12192746437767680578	0.17039231977017207931
4.50000000000000000000	0.98974913473965375754	0.00535409105020143335	0.15787720100681065794	0.25268383454247328457	0.22010323134377757226	0.13487335207847939156	0.18735905931149418602
4.60000000000000053291	0.98944961657121233145	-0.02256395234280978573	0.13277837156827840270	0.25426126256606856879	0.22246781279041794033	0.14870146900275782453	0.20527678084918393742
4.70000000000000017764	0.98915345380099695127	-0.05008931684008941648	0.10791122994189521200	0.25547278622718572194	0.22456998342611853015	0.16341796630674859658	0.22411768627647046803
4.80000000000000071054	0.98886092056007257600	-0.07719668395829931695	0.08329803417708239732	0.25633924386028139608	0.22642485256513669722	0.17902431061764345621	0.24384655857772899457
4.90000000000000035527	0.98857226835667855180	-0.10386314102800199566	0.05895926793428866997	0.25688156455059651950	0.22804743835278809549	0.19551705437129698884	0.26442067234290467237
5.00000000000000000000	0.98828772631236028179	-0.13006805390258169286	0.03491373194309269068	0.25712060674234227253	0.22945258548491059836	0.21288745825960259106	0.28578708701427779637
5.10000000000000053291	0.98800745024002345485	-0.15579291195765529454	0.01117864634182754065	0.25710201259827308862	0.23068589403222417022	0.23143010111130180029	0.30826841157830653373
5.20000000000000017764	0.98773157732975935819	-0.18102122206676041216	-0.01223030381141321579	0.25687337387145736667	0.23179468274921533055	0.25143766084577462427	0.33218315094803241294
5.30000000000000071054	0.98746028519797646172	-0.20573839252579428916	-0.03529888406817981161	0.25645700724377124002	0.23279553742085715151	0.27285620856246972643	0.35741587923415724104
5.40000000000000035527	0.98719373315979841443	-0.22993157969257763118	-0.05801415436811739601	0.25587445807132569442	0.23370406454891787251	0.29564599224596871396	0.38383243815324685766
5.50000000000000000000	0.98693207811622174486	-0.25358956222447703865	-0.08036438020876346400	0.25514570197342695268	0.23453479030891810631	0.31973992669406792189	0.41128134058121768035
5.60000000000000053291	0.98667544845194987690	-0.27670259473907121706	-0.10233894704501160511	0.25428983084609968479	0.23530107623074070222	0.34505447571113995187	0.43959552453186029330
5.70000000000000017764	0.98642396564139334103	-0.29926232424461157722	-0.12392828031194066951	0.25332471510146453708	0.23601506108222131131	0.37149022565091222026	0.46859428374336131728
5.80000000000000071054	0.98617773900163629985	-0.32126167841427610838	-0.14512376731560103216	0.25226694521927417458	0.23668762083400024521	0.39893242712873722144	0.49808594574031089808
5.90000000000000035527	0.98593686647568279380	-0.34269476680776783661	-0.16591768391741046340	0.25113184799985016626	0.23732834711602707189	0.42725188460138335822	0.52787083598609385593
6.00000000000000000000	0.98570143278248245622	-0.36355678465995155957	-0.18630312342756535915	0.24993337259644915482	0.23794554189609296024	0.45630909549697451499	0.55774485694329822838
6.10000000000000053291	0.98547151114388364945	-0.38384151393490673065	-0.20627176398660609924	0.24858536916015047669	0.23846276645454711485	0.48609301857528963708	0.58767491517602499229
6.20000000000000017764	0.98524720436921608968	-0.40353944477490982790	-0.22581204621054523640	0.24701637598650949545	0.23881266146018897967	0.51663085196786273645	0.61760726540492505432
6.30000000000000071054	0.98502865432062913786	-0.42264081467244341006	-0.24491185638375687073	0.24525913040769414808	0.23901787177884314950	0.54775735754622112417	0.64732988248729794734
6.40000000000000035527	0.98481598942589954060	-0.44113797297012685705	-0.26356078745057598400	0.24334408056027034828	0.23909949734606855687	0.57928909013446328036	0.67660746199367882703
6.50000000000000000000	0.98460930773157384621	-0.45902518002630388061	-0.28175001570410773688	0.24129936055375353354	0.23907673119622271929	0.61099922870851397505	0.70522142135446452826
6.60000000000000053291	0.98440869255876661814	-0.47629845350351240896	-0.29947216537552495685	0.23915070891474468628	0.23896668270791104893	0.64269639907166487003	0.73295875256610676374
6.70000000000000017764	0.98421421264759678671	-0.49295539791984277489	-0.31672118220208522743	0.23692151623357718404	0.23878452737269903472	0.67416481074234435589	0.75961701201389197902
6.80000000000000071054	0.98402593022064355210	-0.50899506376133074603	-0.33349223349751688783	0.23463284593665523214	0.23854355009737857052	0.70518458321806976041	0.78500788578689162378
6.90000000000000035527	0.98384387569623277248	-0.52441778696818042160	-0.34978158581720775189	0.23230346743329444159	0.23825516581189604137	0.73553547425008147798	0.80896046732345494590
7.00000000000000000000	0.98366806082281088575	-0.53922506936508896036	-0.36558651838152977920	0.22994993437455873986	0.23792909389736890957	0.76499615665435238832	0.83132472820944458558
7.10000000000000053291	0.98349848407234352621	-0.55341933311638347170	-0.38090514107212580797	0.22763594847669677002	0.23763446595630535740	0.79361481385848875458	0.85212785970408189140
7.20000000000000017764	0.98333505988248048890	-0.56700349604283839522	-0.39573612903561805609	0.22542240034771979240	0.23743730651250383179	0.82134257696493573331	0.87140474916387677951
7.30000000000000071054	0.98317781193260345152	-0.57998112839351223524	-0.41007886849107183513	0.22331607806502939972	0.23733807111513996468	0.84779163142795532782	0.88890433445939309731
7.40000000000000035527	0.98302674541355439253	-0.59235641598269017649	-0.42393333126305426939	0.22132147416299030596	0.23733521589290973441	0.87267522547919584852	0.90442766940340235671
7.50000000000000000000	0.98288185980506959094	-0.60413408827641668086	-0.43730001193304168794	0.21944049262557818736	0.23742513733645842500	0.89570406904787180924	0.91780384381715440778
7.60000000000000053291	0.98274314718435984428	-0.61531934894016038218	-0.45017987811518750396	0.21767319748474561747	0.23760272678824490011	0.91662553945874158945	0.92893262632191475614
7.70000000000000017764	0.98261059262680017223	-0.62591782793918671057	-0.46257434214603715406	0.21601776210409107115	0.23786123431784228499	0.93523045489907885575	0.93775309878511015071
7.80000000000000071054	0.98248417533938503521	-0.63593553451797568687	-0.47448518563369668222	0.21447063515765324437	0.23819209582851236240	0.95135695132356035142	0.94426731371332073284
7.90000000000000035527	0.98236386727229518812	-0.64537882038967397946	-0.48591455678047767996	0.21302672985096596237	0.23858618805690873232	0.96489134121458519644	0.94848135110465947584
8.00000000000000000000	0.98224961893789108913	-0.65425432926514037746	-0.49686495829640564548	0.21167956457267581016	0.23903302818503602278	0.97577998783316499676	0.95045700380084907621
8.09999999999999964473	0.98214139230590680185	-0.66256732510514804169	-0.50733763836897372013	0.21035118492428006576	0.23945838213815992535	0.98402873715812066990	0.95028322592501646149
8.20000000000000106581	0.98203913700740785853	-0.67032048642123032156	-0.51733125376715372035	0.20898005905650862690	0.23979898194918333743	0.98965862530245096718	0.94803200592141212422
8.30000000000000071054	0.98194286660725405014	-0.67751619561383003010	-0.52684398740314186682	0.20757967303753038779	0.24006097348617319587	0.99262637562750777320	0.94371131852425216291
8.40000000000000035527	0.98185259141961778173	-0.68415811974839479959	-0.53587528470815770643	0.20616063505165221903	0.24024972396543467501	0.99293103447705577391	0.93744458210860781566
8.50000000000000000000	0.98176828250612280247	-0.69025106350850373715	-0.54442577088404509045	0.20473107889717789831	0.24036842186401458088	0.99057900179402980090	0.92934767127435624623
8.59999999999999964473	0.98168992204477134589	-0.69580090170292796525	-0.55249716366266954370	0.20329655347234443230	0.24041832358635858991	0.98567444821665362031	0.91956047688252462446
8.70000000000000106581	0.98161746639538205450	-0.70081443371772944584	-0.56009215190291650188	0.20186051638246355067	0.24039916994397267369	0.97834832058412479761	0.90824375491357545176
8.80000000000000071054	0.98155086321931117599	-0.70529929946590252943	-0.56721433621069416997	0.20042432976665244815	0.24030939942534773612	0.96878754647500109343	0.89556929514612837462
8.90000000000000035527	0.98149004948848272978	-0.70926390683267226400	-0.57386816283521968618	0.19898795237045457940	0.24014630605281928055	0.95717148645125116335	0.88171930279428767374
9.00000000000000000000	0.98143495076515829822	-0.71271737640153065563	-0.58005886328460598556	0.19754981279096339719	0.23990642689334229498	0.94370034882045872315	0.86688850463269850888
9.09999999999999964473	0.98138545820215838944	-0.71566893987408519706	-0.58579192919214650992	0.19617499017524411831	0.23966985751716179953	0.92843807833509384153	0.85105805062225359237
9.20000000000000106581	0.98134143434290577179	-0.71812727896093131452	-0.59107268219766184725	0.19492116082215735218	0.23950876706170992625	0.91140930644933793037	0.83429199324919434133
9.30000000000000071054	0.98130287111396929944	-0.72010110396510573771	-0.59590678920552442310	0.19377055203025728147	0.23940156323784073100	0.89280091830715258006	0.81676566496292013486
9.40000000000000035527	0.98126967589305924555	-0.72159949023812464119	-0.60030036198060654495	0.19270463517379074481	0.23932663532394526928	0.87292591077594661186	0.79869313446817102875
9.50000000000000000000	0.98124177344216911845	-0.72263195456913587034	-0.60426000084327990969	0.19170465866820540768	0.23926214987431612680	0.85206580353263383643	0.78024456031422606550
9.60000000000000142109	0.98121907901042926259	-0.72320842242620597684	-0.60779276601403553482	0.19075203210365759832	0.23918719923047232490	0.83050037866161063871	0.76161807527215175107
9.70000000000000106581	0.98120150103492886906	-0.72333922952215057300	-0.61090618934276896823	0.18982842589196552430	0.23908129320477561341	0.80850815721912006051	0.74299149166062716798
9.80000000000000071054	0.98118894113765475762	-0.72303511771218686999	-0.61360819829033874662	0.18891594249354734525	0.23892372082661492150	0.78635848659823193163	0.72451668556462711646
9.90000000000000035527	0.98118129334568771061	-0.72230722968823346530	-0.61590714879965369200	0.18799726364112029353	0.23869637807064381096	0.76430310090301312176	0.70636372095497468315
10.00000000000000000000	0.98117842713779923614	-0.72116708791743500129	-0.61781186176427671519	0.18705577551122018476	0.23838149083568413444	0.74258754130811555072	0.68867405440762619051
10.10000000000000142109	0.98118023691789890695	-0.71962543887887953087	-0.61933045447801104988	0.18603642977968107286	0.23792406801984367082	0.72086960099680197356	0.67129695548086254497
10.20000000000000106581	0.98118656816763671902	-0.71769149430189116412	-0.62046935061307684212	0.18489969131152184101	0.23727968356374737335	0.69914272627739582067	0.65408659956346970610
10.30000000000000071054	0.98119733886684656898	-0.71537462985449784547	-0.62123489084736716048	0.18364796088712384559	0.23644789765645962687	0.67761693181520865625	0.63711355395647006894
10.40000000000000035527	0.98121245486971531147	-0.71268535533013344097	-0.62163460384262869685	0.18228259913501534961	0.23543055658782696682	0.65649435491406638032	0.62056444937754817737
10.50000000000000000000	0.98123180904344498021	-0.70963523281138052301	-0.62167718406820149379	0.18080463771162505471	0.23422843350930272477	0.63595329226837216119	0.60456124258988530595
10.60000000000000142109	0.98125527973262860471	-0.70623677160951658927	-0.62137232609835035824	0.17921402665783076058	0.23284194287696485803	0.61617011804827837018	0.58921766229670424764
10.70000000000000106581	0.98128273381546227139	-0.70250332361702183537	-0.62073063684214435654	0.17751055903132881286	0.23127156338802995483	0.59730334858374956042	0.57463756737277005282
10.80000000000000071054	0.98131402749948992703	-0.69844898190231163859	-0.61976355175031228040	0.17569357267611215856	0.22951799948222501024	0.57945901305742175680	0.56091547074953729268
10.90000000000000035527	0.98134901506230376445	-0.69408852275769461482	-0.61848326243516804634	0.17376291724115056070	0.22758226188022870340	0.56279404375137354055	0.54813650061626639776
11.00000000000000000000	0.98138751264561630006	-0.68943732474232544138	-0.61690262748326540887	0.17171848248394930292	0.22546605984506848386	0.54738134720717623871	0.53639698228150567427
11.10000000000000142109	0.98142938685564284906	-0.68451038664721119975	-0.61503425927183263955	0.16963170251966899760	0.22326070200505634955	0.53309526467617618373	0.52534839066769534188
11.20000000000000106581	0.98147442096978176895	-0.67932110324592687167	-0.61288962342077868417	0.16756275579279134025	0.22104570346770488487	0.51979278554925822942	0.51504699860239699927
11.30000000000000071054	0.98152253358669128147	-0.67388252028037132213	-0.61048018437093087840	0.16549184162233251949	0.21879759977125140535	0.50759656677288289561	0.50558812188277313382
11.40000000000000035527	0.98157357521981203341	-0.66820822620745778941	-0.60781792704393033944	0.16339999730199389338	0.21649534041233792214	0.49666990666394456033	0.49707857254558052151
11.50000000000000000000	0.98162737622537554749	-0.66231234016106999007	-0.60491531338600157408	0.16127087502290021748	0.21411971523949152596	0.48713551308075936364	0.48958676819089258503
11.60000000000000142109	0.98168377988723642957	-0.65620951287972295596	-0.60178529459764384946	0.15909030356598846678	0.21165490690965443887	0.47910400529995139651	0.48319434909279457280
11.70000000000000106581	0.98174261990552058599	-0.64991486885331695156	-0.59844127475297259622	0.15684625915243055605	0.20908730164547686958	0.47268049554307134397	0.47797475328261940231
11.80000000000000071054	0.98180372392164116935	-0.64344396642333012704	-0.59489699672927831564	0.15452880983861022601	0.20640415806198558757	0.46796714450694881782	0.47393662521971352541
11.90000000000000035527	0.98186691467013842427	-0.63681275418248639575	-0.59116655600289358397	0.15213000481839106248	0.20359791756599157631	0.46506426891789443001	0.47119997737390045822
12.00000000000000000000	0.98193199391952779020	-0.63003749230415262428	-0.58726441122250727656	0.14964368627921137422	0.20066213221812720380	0.46409058903370792315	0.46983205175188896829
12.10000000000000142109	0.98199879012797930411	-0.62313389997631551953	-0.58320450662277045772	0.14704766105325944858	0.19757300362033280994	0.46439275131988427825	0.46954534331578101636
12.20000000000000106581	0.98206709928375957031	-0.61611667769528333238	-0.57899955104696687602	0.14433155715907181049	0.19431476688317050883	0.46586517899744778193	0.47011301263020793817
12.30000000000000071054	0.98213676602665034299	-0.60900069638223042201	-0.57466214258122383374	0.14150248292541792172	0.19089387560329992843	0.46874116209098298791	0.47163033359242506615
12.40000000000000035527	0.98220762597160826690	-0.60180152833861566553	-0.57020565775968490296	0.13856783831572444532	0.18732135203349581376	0.47322365420781198342	0.47431308515416809035
12.50000000000000000000	0.98227950658646345783	-0.59453535406385260575	-0.56564421391181463061	0.13553614050849419059	0.18360721507942637243	0.47956076750547749210	0.47832092912078066904
12.60000000000000142109	0.98235222695695689765	-0.58721882552571591507	-0.56099246277600056665	0.13241514525575467931	0.17976167632815992503	0.48799720433426657662	0.48381640991363517035
12.70000000000000106581	0.98242560091693098556	-0.57986892559145453152	-0.55626547821987926135	0.12921329444755264015	0.17579540547026256680	0.49879922417650657263	0.49096889440565566476
12.80000000000000071054	0.98249943853672061511	-0.57250282476157066114	-0.55147865118408601059	0.12593896643747584663	0.17171954217651883012	0.51225991555231087382	0.49995842365738724089
12.90000000000000035527	0.98257354642591243632	-0.56513780213747166759	-0.54664758982934491538	0.12260147762697753970	0.16754564544606892484	0.52869193673687819857	0.51097839733078775915
13.00000000000000000000	0.98264772632877350755	-0.55779119858293169099	-0.54178803603920122622	0.11921030755085282316	0.16328600960601599712	0.54842627912897445874	0.52426327868070721205
13.10000000000000142109	0.98272180294045696769	-0.55047890806205779235	-0.53691445644172042240	0.11583282079355934624	0.15902624403419335364	0.57133498517954306450	0.53944717711701062335
13.20000000000000106581	0.98279555039604471478	-0.54321386792909287511	-0.53203892308443756498	0.11252281952525441944	0.15483834608138502542	0.59738165749143756766	0.55661260874987916747
13.30000000000000071054	0.98286893878381376144	-0.53600801510212658929	-0.52717289574813142039	0.10926837432297960284	0.15070523373772687359	0.62703728642871181531	0.57597172445510447236
13.40000000000000035527	0.98294178321664071873	-0.52887351406443605661	-0.52232804632477336515	0.10605776387659819615	0.14661300354236231347	0.66077176095481837681	0.59783860983397918432
13.50000000000000000000	0.98301393978280537933	-0.52182284036919368564	-0.51751629245157138026	0.10288316556971147109	0.14255012632696015262	0.69912402439243914731	0.62249944593003025961
13.60000000000000142109	0.98308526348783686899	-0.51486867521003920611	-0.51274971583560668975	0.09973918388405915436	0.13850928940331241890	0.74268582214102640826	0.65028571078115282589
13.70000000000000106581	0.98315560766782172930	-0.50802382454064243245	-0.50804051876869482651	0.09662264709859776091	0.13448547419403772407	0.79211640416734097059	0.68155094886137013166
13.80000000000000071054	0.98322483622227607736	-0.50130115178375411755	-0.50340088672804172987	0.09353234159122388036	0.13047440039810986878	0.84814866321640536295	0.71661210437822175923
13.90000000000000035527	0.98329278320539670322	-0.49471345816150652519	-0.49884294404832352221	0.09046869345473547430	0.12647710980498999556	0.91159202904025105063	0.75595407409725046133
14.00000000000000000000	0.98335928116325221904	-0.48827342458607220221	-0.49437878405095375678	0.08743325036791677052	0.12249520565560303997	0.98333094011755262098	0.80005232983646190625
14.10000000000000142109	0.98342426544500949337	-0.48199303671706589247	-0.49001990766234515551	0.08442018113185435768	0.11852338483856184048	1.06291812113311601173	0.84881693569497129737
14.20000000000000106581	0.98348755125315134862	-0.47588324129689424380	-0.48577657364401777285	0.08143129300585154329	0.11456119691357656565	1.15105228261316283600	0.90237907054066912593
14.30000000000000071054	0.98354902106156461006	-0.46995483736357912541	-0.48165865374411453992	0.07847431614530624155	0.11061602714169692374	1.24898447582025173830	0.96137343935229768732
14.40000000000000035527	0.98360855607432529091	-0.46421865059266409492	-0.47767617897049491349	0.07555749982232845552	0.10670054630282915786	1.35799188523481029200	1.02664375499702842376
14.50000000000000000000	0.98366603721207557243	-0.45868545682202382929	-0.47383930582986327762	0.07269040800570203409	0.10282548589228776570	1.47959555248249841064	1.09902000624741669199
14.60000000000000142109	0.98372134558307267049	-0.45336585115138111624	-0.47015811633881776643	0.06988091988407500732	0.09900134147376134230	1.61527178449978237040	1.17938825614569564593
14.70000000000000106581	0.98377436485658276144	-0.44827011691502666180	-0.46664251880067469935	0.06713737430552015051	0.09523850011717482911	1.76659405321510187825	1.26869590331565662567
14.80000000000000071054	0.98382498226903991601	-0.44340808632127298727	-0.46330215903391158694	0.06446753664661712679	0.09154718727269671452	1.93518680844127444196	1.36795349629743578923
14.90000000000000035527	0.98387308923967231600	-0.43878909973683727364	-0.46014634083739547332	0.06187943184862560592	0.08793740309592196214	2.12253135173726192875	1.47822787570431657400
15.00000000000000000000	0.98391858212849525600	-0.43442201035007249610	-0.45718396998973348522	0.05938068290830303408	0.08441922745473479095	2.32995169043798178166	1.60068050966235420063
15.10000000000000142109	0.98396137828049157203	-0.43031340351284830259	-0.45442188768542690624	0.05701079154937592486	0.08104507741234304175	2.55602305780881300379	1.73397591203634382495
15.20000000000000106581	0.98400141880346336798	-0.42646605452476604725	-0.45186371221568172318	0.05479705053443195695	0.07785551018874818652	2.79889705672465005648	1.87794797278331548895
15.30000000000000071054	0.98403868759815849021	-0.42288119412254193685	-0.44951193281512186184	0.05272984404126690450	0.07483489276533566992	3.05922155031496378896	2.03332123253739593949
15.40000000000000035527	0.98407317512973935258	-0.41956041843626190602	-0.44736933311769666588	0.05079773853044811799	0.07197021721899313218	3.33677845656020899412	2.20072066806445842957
15.50000000000000000000	0.98410485035765671302	-0.41650552918051458873	-0.44543882979716248327	0.04899349226370529331	0.06925038703750058255	3.63115290067607299207	2.38073883975940336910
15.60000000000000142109	0.98413368846995397110	-0.41371848109323433595	-0.44372342523544650028	0.04731168467469137190	0.06666832759655419438	3.94136745670235510985	2.57385339575407234847
15.70000000000000106581	0.98415965434357743913	-0.41120127151718449676	-0.44222613761226126083	0.04574843483652686615	0.06421853085183540366	4.26580314731388821059	2.78034731190268757928
15.80000000000000071054	0.98418274228705304729	-0.40895589339347915292	-0.44094988001207480188	0.04430108655760928854	0.06189588229548006332	4.60210183619281743006	3.00025585921377446752
15.90000000000000035527	0.98420291803355197668	-0.40698419771098043318	-0.43989740432850760188	0.04296783834903653010	0.05969929830559990436	4.94709511172491467335	3.23331213429744357413
16.00000000000000000000	0.98422014458845874518	-0.40528782958544673498	-0.43907128757583074874	0.04174698180826204308	0.05762721246856153390	5.29658191720428650484	3.47891246661371988935
16.10000000000000142109	0.98423443525406939525	-0.40386786222969672799	-0.43847356905630496815	0.04063082552005752024	0.05567688966831806086	5.64371529732680432545	3.73497768605843116774
16.19999999999999928946	0.98424576080983439130	-0.40272477252614674592	-0.43810544861645628334	0.03961637548178337243	0.05384799319274348461	5.98561299874540164723	3.99969586744071836648
16.30000000000000071054	0.98425413036435749348	-0.40185890766224224846	-0.43796770955840763628	0.03870480986310698840	0.05214007691778382858	6.31688286851945246525	4.27146069970278663419
16.40000000000000213163	0.98425952072268907411	-0.40127040208080755335	-0.43806102465888174802	0.03789796450149957724	0.05055799299148685394	6.63139319586750364266	4.54773532130742896840
16.50000000000000000000	0.98426195482375800072	-0.40095919689262937702	-0.43838600903061386571	0.03719887412115741032	0.04910396793383240560	6.92226972534359497047	4.82541867540325242203
16.60000000000000142109	0.98426143658516940249	-0.40092489575340084507	-0.43894300165771432676	0.03660804001225712034	0.04777973592139259790	7.18346326483597596990	5.10075830305034827461
16.69999999999999928946	0.98425796179124114271	-0.40116667507665121351	-0.43973201253906518682	0.03612627071302857568	0.04658661034601848522	7.40876985221877948362	5.36887705688127692127
16.80000000000000071054	0.98425154280207094448	-0.40168319228292281853	-0.44075269051282767174	0.03575359584543810060	0.04552542220119224631	7.59278085968817162410	5.62598183141861962753
16.90000000000000213163	0.98424219576259297515	-0.40247258862328616491	-0.44200426090560385184	0.03548979454848556758	0.04459655203016828218	7.73064851644342265757	5.86719873223163457254
17.00000000000000000000	0.98422994080033154862	-0.40353255481919025893	-0.44348550562959820898	0.03533426490556257349	0.04380030760138951818	7.81769731306490900380	6.08762976873129435518
17.10000000000000142109	0.98421482151475914169	-0.40485850370214004901	-0.44519305188451846478	0.03529004972526215284	0.04314571612170423065	7.85202846926235142888	6.27809781757869433960
17.19999999999999928946	0.98419689492441486678	-0.40644208935395342852	-0.44712029367211553188	0.03535322020179703512	0.04263578402889618701	7.83536002290454192121	6.43483663800257410514
17.30000000000000071054	0.98417627870127366574	-0.40827376549307303755	-0.44925979439115026892	0.03551676277164245166	0.04225760328914447000	7.77276308773187452061	6.55703680558942547663
17.40000000000000213163	0.98415306425518767064	-0.41034477805208369183	-0.45160476253391057533	0.03576983031760774812	0.04199953514428599738	7.66864279393926562278	6.64446560740695968406
17.50000000000000000000	0.98412734089540243598	-0.41264704226593579284	-0.45414886167966184161	0.03610556280823500747	0.04185051576914184529	7.52809862093387405224	6.69770247277118180307
17.60000000000000142109	0.98409919179782467946	-0.41517301710678217175	-0.45688613807290956448	0.03651819313596035843	0.04180381867596304202	7.35626270792422065625	6.71767411707803585585
17.69999999999999928946	0.98406869510953887126	-0.41791557267738771442	-0.45981097794845771087	0.03700244073971452330	0.04185307274057009641	7.15799138288941350083	6.70582895159707792487
17.80000000000000071054	0.98403592481597357278	-0.42086791735337092391	-0.46291792734981807023	0.03755444610902337887	0.04199221474490637956	6.93854729913475054559	6.66449590425097948554
17.90000000000000213163	0.98400095293723865986	-0.42402353233896517004	-0.46620166814388613874	0.03817027449572912845	0.04221743179449609362	6.70276474073899475314	6.59548225017940836779
18.00000000000000000000	0.98396382261254933255	-0.42737601764219512734	-0.46965694112719935660	0.03884538739506745997	0.04252378870294014346	6.45478455450991273068	6.50100261809998691831
18.10000000000000142109	0.98392465667477591040	-0.43091891445243674097	-0.47327838975076946815	0.03956971737131576017	0.04291022202475383573	6.20070492119837091138	6.38441717287849641593
18.19999999999999928946	0.98388349348678927342	-0.43464571598022749832	-0.47706027546733209554	0.04033665624425668284	0.04337639691011474508	5.94784148548344582252	6.24967474201836559189
18.30000000000000071054	0.98384040642288561607	-0.43855015883841313995	-0.48099673507883478063	0.04114418744499041825	0.04391616742888065916	5.69788983388428071919	6.10026058332126464023
18.40000000000000213163	0.98379546688442132130	-0.44262596659324288106	-0.48508195495186373636	0.04199115730327699497	0.04452844284387303536	5.45213435351667108364	5.93845317459694133078
18.50000000000000000000	0.98374874727831751464	-0.44686682999126808857	-0.48931017145156752157	0.04287740196266669884	0.04520939397254181147	5.21121197023664528558	5.76704763741416304157
18.60000000000000142109	0.98370031947921743321	-0.45126633224404372191	-0.49367554891415599272	0.04379975066281142221	0.04595485574588284439	4.97672865093128802272	5.58871086630831026554
18.69999999999999928946	0.98365025771305336644	-0.45581789312003123671	-0.49817215023557492870	0.04475541778797679365	0.04676045658470758676	4.74965881179780424759	5.40547894200695910882
18.80000000000000071054	0.98359863611527831306	-0.46051467200778090083	-0.50279389640988736421	0.04574102501804610393	0.04762126731214331998	4.53087965548841076213	5.22043716743685148884
18.90000000000000213163	0.98354553215535756028	-0.46534962145920261145	-0.50753454242833850873	0.04675272746100305604	0.04853227805966374431	4.32090849402483900832	5.03568493323024402031
19.00000000000000000000	0.98349102058280357674	-0.47031557425305808851	-0.51238766923921674756	0.04778684343865884088	0.04948871568625718559	4.11949837389953454903	4.85306409750282163884
19.10000000000000142109	0.98343519876214957609	-0.47540353185198824804	-0.51734509401980111054	0.04882091780948064064	0.05046869611515525378	3.93117949042169856355	4.67634229269762435877
19.20000000000000284217	0.98337816730969906942	-0.48060136942869607912	-0.52239597136184101611	0.04983238785520549552	0.05145086544096888481	3.75832740802703213490	4.50964002306529820885
19.30000000000000071054	0.98332007009630340022	-0.48589633844764584802	-0.52752915989437842992	0.05082363874558516736	0.05243281742844243393	3.59954952075468082029	4.35258708962987039826
19.40000000000000213163	0.98326103622141081129	-0.49127698391445134840	-0.53273461425227885968	0.05179173038039346783	0.05341159549777261401	3.45296149054380974164	4.20459564801442908788
19.50000000000000000000	0.98320118301604819688	-0.49673298267831161867	-0.53800314384522307520	0.05273670781433934668	0.05438317186508894591	3.31724872655102176466	4.06477372771426903597
19.60000000000000142109	0.98314061653310380606	-0.50225496239137701338	-0.54332631182107538059	0.05365874390888053513	0.05534750649703180231	3.19129867553193191654	3.93282843559182815341
19.70000000000000284217	0.98307943412228115942	-0.50783433863593241409	-0.54869636272736488358	0.05455741612570533944	0.05630359557426858202	3.07390365534593046348	3.80827396990894406770
19.80000000000000071054	0.98301772537060549961	-0.51346321660331395442	-0.55410602152623600336	0.05543360390073821808	0.05725057056668154259	2.96472376433180251354	3.69094930704035428803
19.90000000000000213163	0.98295557321136750595	-0.51913429916769038286	-0.55954844965349759267	0.05628712045128640706	0.05818783063080675694	2.86310518327430996166	3.58018941402213952685
20.00000000000000000000	0.98289304701529811581	-0.52484074010853865033	-0.56501717342791746290	0.05711676726773738666	0.05911325763717632104	2.76826269539799652009	3.47526562190036569788
20.10000000000000142109	0.98283022946518194818	-0.53057594181128708843	-0.57050588014258452052	0.05791998033199310947	0.06003483024393529988	2.68077936330697719214	3.37682985221710163515
20.20000000000000284217	0.98276718122184536508	-0.53633369741944136866	-0.57600826268479499159	0.05869557638309884362	0.06095944084587225087	2.60194071468969490013	3.28509771090688351691
20.30000000000000071054	0.98270396852690256040	-0.54210826808665157905	-0.58151810531735392829	0.05944353928404417370	0.06188089502095672767	2.53052852463619526446	3.19957278077677953476
20.40000000000000213163	0.98264065858928784092	-0.54789406908655080564	-0.58702943647047944875	0.06016471127779573352	0.06279755494341496269	2.46554720529881077340	3.11958557686701665190
20.50000000000000000000	0.98257731812166726471	-0.55368564450471391414	-0.59253652336057682781	0.06086055857552791215	0.06370525454069102256	2.40594542734264438266	3.04473039702593384348
20.60000000000000142109	0.98251401118254488853	-0.55947761213677404957	-0.59803377432811088976	0.06152928416496645375	0.06459973870795364392	2.35122409816317778919	2.97467464579394480495
20.70000000000000284217	0.98245080142808172141	-0.56526463330755438719	-0.60351572086722726773	0.06216952526185424294	0.06547694002931865598	2.30086350844880183075	2.90896578021405494141
20.80000000000000071054	0.98238774986420829283	-0.57104131918045608618	-0.60897698101873853904	0.06277953769976440945	0.06633204932121644637	2.25443064646191926315	2.84769022295517792998
20.90000000000000213163	0.98232491805497235138	-0.57680229790411363666	-0.61441223994487559334	0.06335697604106892145	0.06716072246264988277	2.21158809316383075938	2.79064345970150684551
21.00000000000000000000	0.98226236113767295688	-0.58254230160703890373	-0.61981623856870815548	0.06390022438697906537	0.06795914618148393704	2.17177808991386323001	2.73761487889998766931
21.10000000000000142109	0.98220015077553013416	-0.58825467506706485832	-0.62518239149790078013	0.06437642479957690622	0.06869295309967139718	2.13710085132644023176	2.69017097338354282954
21.20000000000000284217	0.98213835576945840433	-0.59393032922782362792	-0.63050212590713572425	0.06475846254752834485	0.06933353286379911884	2.10869733418007587744	2.64984981955951726107
21.30000000000000071054	0.98207708507097035699	-0.59955996403447753273	-0.63576700210095904442	0.06505967343612470422	0.06989148865683816880	2.08550970645094224665	2.61549355985326714702
21.40000000000000213163	0.98201643144379857642	-0.60513572360463852018	-0.64096983994858591771	0.06528729725350690405	0.07037490161246275078	2.06646818073466853605	2.58606053102166111302
21.50000000000000000000	0.98195647444255429459	-0.61065102579898067336	-0.64610446520891495759	0.06544987613208776145	0.07078912447486217230	2.05081581153902492431	2.56039794550898713865
21.60000000000000142109	0.98189727992313158289	-0.61610033099432759407	-0.65116557708743094679	0.06555492675442115003	0.07114245589117861035	2.03795838723902100753	2.53804288368399744158
21.70000000000000284217	0.98183890474048696184	-0.62147896317002282451	-0.65614864722102506089	0.06560833876050406466	0.07144096046991964266	2.02721313356464571953	2.51846115647139390248
21.80000000000000071054	0.98178139614911952293	-0.62678298676635701980	-0.66104970497406612129	0.06561663926807451142	0.07169037760813047611	2.01855283612545743921	2.50138321698668653070
21.90000000000000213163	0.98172479522465794233	-0.63200909625039014550	-0.66586528543961553961	0.06558447491081739744	0.07189497905982218662	2.01165122828042930436	2.48632498609347996066
22.00000000000000000000	0.98166913583932347009	-0.63715447574095518402	-0.67059236400078203744	0.06551514841199183870	0.07205718533543896409	2.00607030072027603396	2.47274862056287370038
22.10000000000000142109	0.98161444280105958349	-0.64221654602523881028	-0.67522806844426108697	0.06541874332977522244	0.07219687279224998311	2.00199040038369391326	2.46086258060105889101
22.20000000000000284217	0.98156073388760667342	-0.64719307869443842840	-0.67976950385355960904	0.06530342984074645474	0.07233037014334527115	2.00035915839410849415	2.45042719657218688312
22.30000000000000071054	0.98150803737693725903	-0.65208228303257176339	-0.68421388702104890545	0.06516925134557381705	0.07245131951024706696	2.00057203276295902938	2.44109753534488627125
22.40000000000000213163	0.98145638229855858281	-0.65688250386241286982	-0.68855873502673181630	0.06501711675501924137	0.07255739344121769907	2.00219284955700294049	2.43261016705135846294
22.50000000000000000000	0.98140579574734632118	-0.66159218563258237467	-0.69280185123957260807	0.06484837728922261679	0.07264428838577079162	2.00475090918749287994	2.42479922221816046601
22.60000000000000142109	0.98135630129441575598	-0.66620983965918778580	-0.69694124426449710619	0.06466125950753136287	0.07270794288290580165	2.00797013860040518551	2.41756133281007290492
22.70000000000000284217	0.98130792124090837625	-0.67073403620119376178	-0.70097510955482889017	0.06445457059547586576	0.07274498908035918754	2.01162266811527423727	2.41080540926835507065
22.80000000000000071054	0.98126067427930052656	-0.67516330978599492507	-0.70490179245629935867	0.06422697464245431809	0.07275109093136482297	2.01545844626715009440	2.40456397382155584452
22.90000000000000213163	0.98121457925903754482	-0.67949623049805552011	-0.70871976732813390942	0.06397667897920412960	0.07272298462007663333	2.01943791427566798902	2.39878950165707660602
23.00000000000000000000	0.98116965316796078689	-0.68373148774714431752	-0.71242762158051387011	0.06370306514124203512	0.07265815874534251040	2.02338815883958744735	2.39337530458704472736
23.10000000000000142109	0.98112592327296366257	-0.68786665656342105279	-0.71602290358758924338	0.06337204129133687525	0.07252212350663167495	2.02887255749487405154	2.38984607090941958418
23.20000000000000284217	0.98108339844848824196	-0.69189739615292145114	-0.71950167958158428583	0.06295859752615347305	0.07228882987654859649	2.03709231715423921827	2.38937010631041246711
23.30000000000000071054	0.98104213461039380118	-0.69581930081764398199	-0.72286032765116126075	0.06248060552721913102	0.07197563573053293584	2.04715533570760843673	2.39123948685019005467
23.40000000000000213163	0.98100217319643445713	-0.69962923288781175835	-0.72609634244701048988	0.06195009062312090142	0.07159604611422445974	2.05840218247581496769	2.39481712313453742880
23.50000000000000000000	0.98096354418330822256	-0.70332516513323506402	-0.72920809833415167756	0.06137877808944292718	0.07115990798070560841	2.07026065281545124108	2.39929503163293667001
23.60000000000000142109	0.98092626466212273773	-0.70690593085514297211	-0.73219470564274458102	0.06077654236415182265	0.07067875605073892231	2.08227519133717642319	2.40441106627789746852
23.70000000000000284217	0.98089034469546132478	-0.71037105266930411496	-0.73505589768600521072	0.06015108009061589933	0.07016121503412239835	2.09390247645829052914	2.40981785259434255764
23.80000000000000071054	0.98085578595740563479	-0.71372061558089550104	-0.73779182104333207448	0.05950998113591471350	0.06961515098512678634	2.10513547071948670109	2.41533507523504775705
23.90000000000000213163	0.98082258595478577501	-0.71695515719813018851	-0.74040299282361610178	0.05885867420948312501	0.06904608589972124899	2.11568441755563618756	2.42066843643904627825
24.00000000000000000000	0.98079072669668354578	-0.72007553877733365688	-0.74289024412605608738	0.05820119798917160886	0.06845761501678637728	2.12517275785436909885	2.42541394617166439218
24.10000000000000142109	0.98076020894239490655	-0.72308261702395371096	-0.74525435890821312146	0.05755816239779368293	0.06787778865888399737	2.13301589144005143694	2.42895192441941576433
24.20000000000000284217	0.98073100516308364671	-0.72597723692821625185	-0.74749575831042303076	0.05694440999535128195	0.06732834621676780928	2.13952803186876749919	2.43047417430777334957
24.30000000000000071054	0.98070311573914614733	-0.72876050480198484305	-0.74961485950870510031	0.05635433685142375582	0.06679887243521481777	2.14437333842552879659	2.43000713818859814808
24.40000000000000213163	0.98067653729850179367	-0.73143360068206741964	-0.75161236697075861635	0.05578374387290710446	0.06628278185130229150	2.14748381976637725543	2.42772612307508683926
24.50000000000000000000	0.98065126460993723434	-0.73399773283236990906	-0.75348925257919430187	0.05522936336003684415	0.06577266598151614019	2.14890801103066353406	2.42380026177147556155
24.60000000000000142109	0.98062728865719051008	-0.73645412742608096224	-0.75524668342715828295	0.05468568005518040231	0.06526200447290435303	2.14853997894353598852	2.41842629306087308905
24.70000000000000284217	0.98060459903644137114	-0.73880403968287555738	-0.75688599701313918899	0.05414831026139189929	0.06474571236450331335	2.14643589111637034250	2.41192078060896264446
24.80000000000000071054	0.98058318170758562715	-0.74104865652455309544	-0.75840866343033375152	0.05361321924026103691	0.06421784617050325938	2.14252158621506794134	2.40430099710293898596
24.90000000000000213163	0.98056302338233070071	-0.74318916937625800756	-0.75981626143769054327	0.05307663271167407937	0.06367425688648394033	2.13709500872556112938	2.39569770921991631596
25.00000000000000000000	0.98054408741353815682	-0.74522682905662540609	-0.76111043078615348012	0.05253639078348620872	0.06311182458283179364	2.13038097315766927764	2.38608012929835844318
25.10000000000000142109	0.98052640348241959511	-0.74716203086244559195	-0.76229199583391260564	0.05196201106197182590	0.06250198578169240127	2.12335078519154674126	2.37711847864653913476
25.20000000000000284217	0.98050992991926233522	-0.74899363551121489468	-0.76336063526831376969	0.05133286997349535002	0.06182516110600465298	2.11705529494203670282	2.36933485411982047708
25.30000000000000071054	0.98049468133001183023	-0.75072048089059661979	-0.76431637450147349444	0.05066464302795954666	0.06109773982813956894	2.11066815873325941411	2.36232216274334083650
25.40000000000000213163	0.98048066307522496743	-0.75234242142909080187	-0.76516010064965356285	0.04996850060544431177	0.06033213619767299057	2.10390316184594450277	2.35570928066514095889
25.50000000000000000000	0.98046787104369104160	-0.75386019527008374386	-0.76589335822008941523	0.04925444095286118928	0.05953733336774735124	2.09641183484293769368	2.34899778579964468861
25.60000000000000142109	0.98045629096775999134	-0.75527518220436473673	-0.76651821319057489301	0.04853049820057148828	0.05872307824376057916	2.08796392654592644078	2.34211283250687163360
25.70000000000000284217	0.98044590311323598364	-0.75658925329399406845	-0.76703714275420953328	0.04780266983148846044	0.05789642155280581848	2.07831479873530788893	2.33491440765063895668
25.80000000000000071054	0.98043668215305135316	-0.75780465708617816833	-0.76745284391774604149	0.04707652585984510585	0.05706354232743586496	2.06757534528441677679	2.32735929194080926052
25.90000000000000213163	0.98042859938704340905	-0.75892392149645659938	-0.76776820991976357789	0.04635579783776352936	0.05622847811549769315	2.05568874954801472654	2.31938416796463897640
26.00000000000000000000	0.98042162533468257823	-0.75994975897121752606	-0.76798631352961821417	0.04564316586929741820	0.05539361345642680734	2.04263837531321268415	2.31071525044487602329
26.10000000000000142109	0.98041572877385951834	-0.76088455563812606997	-0.76810986951567061798	0.04496530543494378640	0.05459007390827266132	2.02695391638073241225	2.29959423334157930796
26.20000000000000284217	0.98041087813897120906	-0.76173029074757037105	-0.76814087406849040907	0.04434019647920836582	0.05384048555406228259	2.00841341771032322328	2.28499709146534657478
26.30000000000000071054	0.98040705331721578197	-0.76248905698273938825	-0.76808117831479716386	0.04375515161040425399	0.05312955204603243137	1.98732390791547186559	2.26766437595191838739
26.40000000000000213163	0.98040422522546821771	-0.76316309070013199634	-0.76793297271124172365	0.04319997930977869521	0.05244586974261671031	1.96436306885909539588	2.24839334078777142167
26.50000000000000000000	0.98040238841755011912	-0.76375473296251872313	-0.76769877447211221089	0.04266648604538664930	0.05177883887449995226	1.94049929848270608090	2.22785173600708663599
26.60000000000000142109	0.98040150964541028511	-0.76426637429583188510	-0.76738130082553546174	0.04214569916140183808	0.05111961002979584917	1.91590467489007787449	2.20662739962806453420
26.70000000000000284217	0.98040155832777375888	-0.76470049453047195254	-0.76698345472002160683	0.04163058773819173358	0.05046157171437958000	1.89111275768875519709	2.18551354825697297102
26.80000000000000071054	0.98040250274223905702	-0.76505954819624644170	-0.76650827684843036991	0.04111509922441976966	0.04979774407305042477	1.86632500881391028003	2.16446667090180477899
26.90000000000000213163	0.98040431115882564761	-0.76534602373476023907	-0.76595890831039292745	0.04059449797246952873	0.04912356398888791109	1.84213984530788410510	2.14379912060410315888
27.00000000000000000000	0.98040694851140952615	-0.76556249833930989368	-0.76533854069310847112	0.04006598019578041375	0.04843573472456347284	1.81909675295486006341	2.12355256505986389470
27.10000000000000142109	0.98041037499843419756	-0.76571084762372365606	-0.76464962472771158541	0.03950659253020532419	0.04771457747462948262	1.79716849649640897368	2.10477051491539990380
27.20000000000000284217	0.98041456196862331041	-0.76579182535027645606	-0.76389380194868650165	0.03890203547395810341	0.04694878806188941545	1.77680115209017919220	2.08738855906835896192
27.30000000000000071054	0.98041951183788522695	-0.76580617076209500649	-0.76307303923333325013	0.03826416601597449479	0.04615066051397408164	1.75764605784740113315	2.07153202215422771459
27.40000000000000213163	0.98042519916799797386	-0.76575542194112311556	-0.76218990857166701858	0.03760224184677725401	0.04532937729311563302	1.73993576415445549976	2.05722754768360704958
27.50000000000000000000	0.98043160014102748168	-0.76564182065101216157	-0.76124743998810873169	0.03692412120928537100	0.04449172811907348146	1.72370190589700356121	2.04441785273089804420
27.60000000000000142109	0.98043868370218045794	-0.76546807919163650791	-0.76024899150448699281	0.03623607137194619771	0.04364471834665036021	1.70902840620789597814	2.03327580893493564673
27.70000000000000284217	0.98044641455419345721	-0.76523724837991380365	-0.75919814649889916236	0.03554281072996152979	0.04279342912962553341	1.69601515638833633126	2.02389611259780144437
27.80000000000000071054	0.98045475384933655771	-0.76495261659626956341	-0.75809853962544582195	0.03484869920302975654	0.04194214822041886226	1.68484443339664702322	2.01639111745543475607
27.90000000000000213163	0.98046366167684995130	-0.76461762347057915523	-0.75695385494330658105	0.03415676915579449191	0.04109387969418879655	1.67567857419330201729	2.01088322081050874246
28.00000000000000000000	0.98047308091676999009	-0.76423576740297383125	-0.75576782101787431944	0.03346944399612047233	0.04025031597441971337	1.66890711217012888135	2.00711087750827799070
28.10000000000000142109	0.98048299965269936074	-0.76380997220739299536	-0.75454356883730855365	0.03281503643467941628	0.03944152913720325171	1.66262985719877987023	2.00235771063247902646
28.20000000000000284217	0.98049337325895213890	-0.76334231074658576155	-0.75328312412648112950	0.03221175600114593862	0.03868821483735961075	1.65550438938610500195	1.99566895259560461717
28.30000000000000071054	0.98050418258808103023	-0.76283491958390570176	-0.75198831790129971875	0.03164365497776334968	0.03797351447990823803	1.64814655344290694750	1.98831205189968995839
28.40000000000000213163	0.98051540369081513493	-0.76229025242440318078	-0.75066144071791096604	0.03109823671543088253	0.03728425897507579856	1.64163140525064377151	1.98142554613726429302
28.50000000000000000000	0.98052700861321695491	-0.76171096150702177763	-0.74930516289474602409	0.03056592357457897299	0.03660958063826751097	1.63747702893553226389	1.97596829570386245400
28.60000000000000142109	0.98053896521903527450	-0.76109987072443718858	-0.74792243356883614247	0.03003776310294188970	0.03594097112964238228	1.63594802645827641641	1.97274138441247104403
28.70000000000000284217	0.98055123865908833114	-0.76045996418211692092	-0.74651640788487949596	0.02950725020182880243	0.03527256429258767562	1.63763329916554711829	1.97283929162196924878
28.80000000000000071054	0.98056379132559223777	-0.75979424476726042936	-0.74509038396285198758	0.02896919920118602026	0.03459866287292791276	1.64284525978192519347	1.97607479159275900571
28.90000000000000213163	0.98057658577119133358	-0.75910577108210175457	-0.74364775032765162432	0.02842049883814499328	0.03391611740678285303	1.65223706823034044433	1.98290052947096451241
29.00000000000000000000	0.98058957503208943329	-0.75839767675186942064	-0.74219190666709311532	0.02785983297850974302	0.03322296537973011554	1.66665826811666217822	1.99349865888692945326
29.10000000000000142109	0.98060273671646758231	-0.75767255650233589215	-0.74072560895495120903	0.02727336397892899875	0.03250831126176385172	1.68564689453018345944	2.00651682087364280349
29.20000000000000284217	0.98061602260167601841	-0.75693208577063519904	-0.73925095238293980771	0.02665344663276492457	0.03176877005564036210	1.70920627161751359502	2.02317581241898380995
29.30000000000000071054	0.98062941517411761350	-0.75617789539821178568	-0.73777032917795759559	0.02600911036154692282	0.03101264773825656088	1.73770862661805369775	2.04414233669235834157
29.40000000000000213163	0.98064289031488627302	-0.75541221498546162749	-0.73628653112394715219	0.02534850776406137943	0.03024644302701174486	1.77197735669816358595	2.06991729256200018838
29.50000000000000000000	0.98065641803746839145	-0.75463777999400716290	-0.73480261155579240651	0.02467833150907155007	0.02947538719330394449	1.81259411050440810698	2.10093015195178889343
29.60000000000000142109	0.98066996413806339916	-0.75385761614595447888	-0.73332177428459266455	0.02400407332440817124	0.02870446227803875178	1.86015056894710895108	2.13774279361492602902
29.70000000000000284217	0.98068349223791151381	-0.75307492251154295460	-0.73184728150987843343	0.02333005761590339205	0.02793753913483976517	1.91527223201145213594	2.18080488697476626569
29.80000000000000071054	0.98069697633997698905	-0.75229299252394266073	-0.73038230369651158114	0.02266040457795447452	0.02717771088325123680	1.97858267777423724176	2.23057771149981176606
29.90000000000000213163	0.98071037098077318284	-0.75151510720760406059	-0.72892991452586808343	0.02199820528335650130	0.02642768922692523975	2.05083869352558734178	2.28749026991814341514
30.00000000000000000000	0.98072359826918242831	-0.75074446987835496969	-0.72749310770021646810	0.02134623340234748784	0.02568913295286659113	2.13347854461302199880	2.35159127942282797363
30.10000000000000142109	0.98073670654626166066	-0.74998347958591249363	-0.72607411456917481107	0.02072873075809163190	0.02498657717342767093	2.22147479290094418403	2.41684220869184374081
30.20000000000000284217	0.98074963648696633634	-0.74923327224704994176	-0.72467371002336888886	0.02016021271574393314	0.02433618235573898822	2.31320966730943755607	2.48307822001169231640
30.30000000000000071054	0.98076238215503352968	-0.74849501520670591592	-0.72329248136355972498	0.01962596162206551448	0.02372325461971711014	2.41031892404681746811	2.55262778883539542818
30.40000000000000213163	0.98077494023844580262	-0.74777036193790280549	-0.72193160960044744368	0.01911482515220464320	0.02313590873791807404	2.51477024439119034582	2.62725613270162838830
30.50000000000000000000	0.98078727766529549825	-0.74706124406618745759	-0.72059271807572145008	0.01861872082840315690	0.02256538628656118775	2.62980127193838875144	2.70873739025724269425
30.60000000000000142109	0.98079937942243700100	-0.74636984841507958421	-0.71927778035705425275	0.01813102796899579428	0.02200530922686855934	2.75666974635599126842	2.79874664961742558589
30.70000000000000284217	0.98081121818703487225	-0.74569854706631411023	-0.71798898365462260340	0.01764739531845662887	0.02145170230361222868	2.89736942589749535415	2.89941319392636920327
30.80000000000000071054	0.98082276038980964472	-0.74504973085273040745	-0.71672865381676664764	0.01716467026298815549	0.02090108886011075515	3.05202694031078181069	3.01100873055786610877
30.90000000000000213163	0.98083397992685283917	-0.74442582892012065798	-0.71549919371364822940	0.01668181228676962266	0.02035206054640934306	3.22390172964165833136	3.13492149919507312461
31.00000000000000000000	0.98084484644354841265	-0.74382929736548208943	-0.71430298123029301038	0.01619901959480645262	0.01980394354426977949	3.41634346518999620912	3.27213999279134570841
31.10000000000000142109	0.98085533943086722353	-0.74326210111641977107	-0.71314176869079437537	0.01570945862292278880	0.01925133392694695217	3.63032571369330803179	3.41690667016899851660
31.20000000000000284217	0.98086543054589481194	-0.74272542643787697880	-0.71201679482801250032	0.01520969929477837025	0.01869611904784864234	3.86882493747060163258	3.57507451773805540185
31.30000000000000071054	0.98087510644650943714	-0.74222033285841637618	-0.71092955485440267882	0.01470607495502312088	0.01814318352002394427	4.13455326740125794771	3.74868808330233527215
31.40000000000000213163	0.98088435222853354034	-0.74174827987754732295	-0.70988176575249894995	0.01420521549118470422	0.01759665818778192309	4.43035941419766921001	3.93919965104765879005
31.50000000000000000000	0.98089314942543759379	-0.74131104580042572749	-0.70887525151993946437	0.01371215725179110098	0.01706020001946271722	4.75858033860911433521	4.14777550144610174243
31.60000000000000142109	0.98090147712074438058	-0.74091053031300146969	-0.70791184719161182048	0.01323097884163869191	0.01653675672706999070	5.12137797086766166643	4.37580849037736463458
31.70000000000000284217	0.98090932600357394477	-0.74054866804417818216	-0.70699333343290859943	0.01276478720331288008	0.01602875432178529208	5.52051425821063102006	4.62423788440625660456
31.80000000000000071054	0.98091666708267466479	-0.74022732566104154639	-0.70612126557890042555	0.01231658416374984549	0.01553769666659646567	5.95768772452892036995	4.89341678935522228500
31.90000000000000213163	0.98092349358155495054	-0.73994827537234519887	-0.70529705019975774682	0.01188848074897166929	0.01506552364179314027	6.43421445537313019258	5.18399680351168434811
32.00000000000000000000	0.98092973617811096698	-0.73971308462381080151	-0.70452193164234111489	0.01148242130894810628	0.01461321289995446381	6.95243531528339442360	5.49534636244375906955
32.10000000000000142109	0.98093547246207324353	-0.73952233921981214149	-0.70379627504232289414	0.01111300348484597737	0.01419554414576239786	7.48394599067663435221	5.80852309098331254233
32.20000000000000284217	0.98094065912088668213	-0.73937513651489605859	-0.70311882084534871318	0.01078716367780434802	0.01382202809752049524	8.02164626106418232609	6.12253483404209575269
32.30000000000000426326	0.98094531517287952838	-0.73927063547368754293	-0.70248819102719406438	0.01049429207393954601	0.01348232557331125597	8.56965736244861808757	6.44268744414614058513
32.39999999999999857891	0.98094944876065548467	-0.73920862590539904158	-0.70190372880839457803	0.01022644867286929236	0.01316740004932431471	9.13138267155222216331	6.77234232348890152764
32.50000000000000000000	0.98095306215599820110	-0.73918929534026722727	-0.70136534191841348740	0.00997803378325379242	0.01287139628610958764	9.71303954245191825123	7.11478106775395513495
32.60000000000000142109	0.98095614253833085527	-0.73921312305963204903	-0.70087332227114074179	0.00974513295958693258	0.01259029867611637273	10.31539134593609041701	7.47257505026266954928
32.70000000000000284217	0.98095870309374200158	-0.73928084393148207898	-0.70042825032272981733	0.00952537552502403725	0.01232175357246591101	10.93406291681717767972	7.84861168682411225461
32.80000000000000426326	0.98096072630936204106	-0.73939320373611239212	-0.70003084062616682814	0.00931708032935955714	0.01206401470930395722	11.57297851108540598375	8.24211149476455418039
32.89999999999999857891	0.98096220377833032167	-0.73955097378906142769	-0.69968189662561552922	0.00912008489824315746	0.01181654444207326689	12.22994613962533527740	8.65357914083912227454
33.00000000000000000000	0.98096311976510752739	-0.73975491858483788388	-0.69938218717698263927	0.00893459284012370139	0.01157895015139196598	12.90094260584529273217	9.08233755649457563663
33.10000000000000142109	0.98096347950143292227	-0.74000538611880350981	-0.69913193012159813300	0.00875798497350457374	0.01134800680922903697	13.59026193816120731128	9.49983990390706090068
33.20000000000000284217	0.98096327369447167133	-0.74030206223881001026	-0.69893094824179724522	0.00858811246774901678	0.01112802589608552668	14.30025814512704762649	9.92694793290193722157
33.30000000000000426326	0.98096250524227435186	-0.74064447217157525216	-0.69877932663452824169	0.00842822362020723137	0.01092084200602683533	15.02154880630190980639	10.36240475631975677118
33.39999999999999857891	0.98096117693286921657	-0.74103241990713186738	-0.69867726527364870659	0.00828255202648547559	0.01072829588609624900	15.73842148295567078264	10.80238973106825639547
33.50000000000000000000	0.98095928961179545968	-0.74146592266852640041	-0.69862498704480680001	0.00815361696429221794	0.01055216255550602347	16.43562899268040311540	11.24102688494307500378
33.60000000000000142109	0.98095684263874505238	-0.74194503760464247666	-0.69862266081694091024	0.00804318113913928510	0.01039315006419147015	17.09784583588806583521	11.67459368408495201663
33.70000000000000284217	0.98095384768166482559	-0.74246980000073592443	-0.69867034783267634168	0.00795220151101059397	0.01025156477973025206	17.70960120078338562166	12.09616559754822340267
33.80000000000000426326	0.98095028524451755025	-0.74304011941214387349	-0.69876784428958649276	0.00788164349536186852	0.01012726786960052236	18.25938506079746659339	12.50202098647475068560
33.89999999999999857891	0.98094618115009513115	-0.74365581026813443177	-0.69891481666845978182	0.00783172911037537806	0.01002081864034854233	18.73665798412682548246	12.88719161155734838076
34.00000000000000000000	0.98094147612102711165	-0.74431644800218443869	-0.69911075757930007946	0.00780272503388663823	0.00993185309699514372	19.13564159427720312578	13.23901229597849393826
34.10000000000000142109	0.98093628384767084238	-0.74502062260688195483	-0.69935429961278894329	0.00779769108876778461	0.00986444410528663704	19.40842083917018356942	13.53941994309379914796
34.20000000000000284217	0.98093057870819000410	-0.74576542721045180340	-0.69964246846615985032	0.00781497472515517780	0.00982115474162629891	19.57424875548847609252	13.78332530407990397237
34.30000000000000426326	0.98092439167703293634	-0.74654813920469698107	-0.69997227812216045173	0.00784993003463041808	0.00979715544331372784	19.65510724023972599639	13.99034139644308361028
34.39999999999999857891	0.98091776181623979713	-0.74736683354678534741	-0.70034161832730490449	0.00789895028400753631	0.00978719755607240262	19.66359866813795420626	14.16833610631607953678
34.50000000000000000000	0.98091070662582435791	-0.74822008187687194525	-0.70074903866521387474	0.00795942917000872462	0.00978860814673573540	19.61270103745050619182	14.32177964112634782623
34.60000000000000142109	0.98090324059380618049	-0.74910683863244975633	-0.70119356212971573061	0.00803023235285877345	0.00979970246849956594	19.50724023504063353585	14.45321415711817358840
34.70000000000000284217	0.98089537409904759002	-0.75002635193083744269	-0.70167452548072795082	0.00811080067403425684	0.00981950373491234652	19.35011076295307574924	14.56382267679769881852
34.80000000000000426326	0.98088708726180551256	-0.75097792404759311502	-0.70219144634084706968	0.00820060924487963847	0.00984758507475577347	19.14269166097778196445	14.65353895542877005198
34.89999999999999857891	0.98087844204405671977	-0.75196097910547887722	-0.70274403432505272438	0.00829967215441141694	0.00988381981587961242	18.89203004688431164482	14.72388697216020148062
35.00000000000000000000	0.98086940971373914877	-0.75297488064820705667	-0.70333191559658048142	0.00840752833043369348	0.00992769544963942145	18.58746015877377999459	14.77227466388540300102
35.10000000000000142109	0.98086000534319905952	-0.75401867497547758745	-0.70395427493048923218	0.00852460081947199397	0.00997738354076352883	18.26638367887455061123	14.75125095071866532237
35.20000000000000284217	0.98085023491786782479	-0.75509088021345949215	-0.70461003095081742309	0.00864906929066285197	0.01003824104260975930	17.93166396914550375641	14.70665661091665654681
35.30000000000000426326	0.98084011255286474018	-0.75618988163533451541	-0.70529838091492969010	0.00878140759192053491	0.01010965519458886276	17.58191972179807649468	14.64091514010684313973
35.39999999999999857891	0.98082965175429037696	-0.75731431589772058022	-0.70601859429329694162	0.00892347429830129234	0.01019157642037076331	17.21217005346254325104	14.55469908886772856249
35.50000000000000000000	0.98081886567729614779	-0.75846301916935010556	-0.70676994004080273548	0.00907543974704364854	0.01028409148565064685	16.82344976380700174445	14.44651532066546018029
35.60000000000000142109	0.98080776570187944152	-0.75963487576249977273	-0.70755162771400603727	0.00923698725224266805	0.01038607334639828940	16.41886689935672549723	14.32055939332062699521
35.70000000000000284217	0.98079636461113139934	-0.76082876390897358210	-0.70836276560033917260	0.00940728534071152631	0.01049625025876652767	16.00144118590677067004	14.17843246892867448139
35.80000000000000426326	0.98078469819418279130	-0.76204352700310895585	-0.70920226727583668414	0.00958560022418979835	0.01061317694046812546	15.57865358833728919308	14.02350211288500325679
