0.00000000000000000000	1.00000000000000000000	1.00000000000000000000	1.00000000000000000000	0.00000000000000000000	0.00000000000000000000	nan	nan
0.10000000000000000555	0.99999665118853409140	0.99920038387589737994	0.99935162692041756838	0.00039203562364896336	0.00031757310124330403	0.00000000000000000000	0.00000000000000000000
0.20000000000000001110	0.99996439671244119474	0.99680478766816227321	0.99740473985155253533	0.00152026643386702384	0.00123159839705724882	0.00000000000000000000	0.00000000000000000000
0.30000000000000004441	0.99990420182120531845	0.99286559069369684227	0.99420141651366567004	0.00331573993617725058	0.00268647360211662131	0.00000000000000000000	0.00000000000000000000
0.40000000000000002220	0.99981704417132943874	0.98743604378828098156	0.98978412276117710977	0.00571321255878265953	0.00462974143874290284	0.00000000000000000000	0.00000000000000000000
0.50000000000000000000	0.99970391016399073880	0.98057008340079121478	0.98419559343636509041	0.00865101827419808948	0.00701195960397457164	0.00000000000000000000	0.00000000000000000000
0.60000000000000008882	0.99956579158513070293	0.97232215668751564852	0.97747872070540597900	0.01207093943760064250	0.00978657457434338289	0.00000000000000000000	0.00000000000000000000
0.70000000000000006661	0.99940368252892808343	0.96274705726862630506	0.96967644962619570226	0.01591807991037213002	0.01290979917686208359	0.00000000000000000000	0.00000000000000000000
0.80000000000000004441	0.99921857658652857292	0.95189977130607006384	0.96083168069647217902	0.02014074053304170525	0.01634049385838171053	0.00000000000000000000	0.00000000000000000000
0.90000000000000002220	0.99901146428287390666	0.93983533356031989658	0.95098717913064512164	0.02469029700715125522	0.02004005158821798097	0.00000000000000000000	0.00000000000000000000
1.00000000000000000000	0.99878333074542047232	0.92660869308255133792	0.94018549061425260582	0.02952108024055697180	0.02397228633098659467	0.00000000000000000000	0.00000000000000000000
1.10000000000000008882	0.99853515327905761900	0.91227458814492823347	0.92846886313322096740	0.03459026884934566365	0.02810333693276123937	0.00000111495827744297	0.00000169438129999111
1.20000000000000017764	0.99826789388719538998	0.89688742983738811709	0.91587917414605257704	0.03985788221339818527	0.03240168589716643094	0.00001492973446234631	0.00002269117530108987
1.30000000000000004441	0.99798251661078929420	0.88050118856932002576	0.90245786761124036079	0.04528678386547094897	0.03683815320030163487	0.00006391519785734799	0.00009711686386627663
1.40000000000000013323	0.99767995710620194227	0.86316930275502190550	0.88824588989633868064	0.05084241108016548244	0.04138576005068941854	0.00017275317969860549	0.00026232295351416915
1.50000000000000000000	0.99736113943834503459	0.84494459006646183141	0.87328363613541848398	0.05649274432676006791	0.04601958995974532451	0.00036428028190789831	0.00055272672304998709
1.60000000000000008882	0.99702699282880102860	0.82587913763389086963	0.85761087514365130779	0.06220814001766084705	0.05071665832601407464	0.00065814317618301829	0.00099774532741914428
1.70000000000000017764	0.99667840474346847124	0.80602426927774817322	0.84126674824137814834	0.06796122194897216695	0.05545579041050558572	0.00107057513793828605	0.00162144181093279438
1.80000000000000004441	0.99631625450482763640	0.78543043991347838428	0.82428969227535886510	0.07372673408998377254	0.06021750699668912410	0.00161461749316904493	0.00244285494652132741
1.90000000000000013323	0.99594140333264091769	0.76414718180165108752	0.80671741077286063248	0.07948143347076912224	0.06498391717725786332	0.00230049551741289644	0.00347656426926600762
2.00000000000000000000	0.99555469128801798995	0.74222304929030569198	0.78858684236465159678	0.08520397889080305598	0.06973861745902243392	0.00313601671714026963	0.00473329577066980596
2.10000000000000008882	0.99515695963815198333	0.71970965784424800749	0.76993748140669282520	0.09080934014689064082	0.07441352224005115534	0.00413084208070592200	0.00622464909779949470
2.20000000000000017764	0.99474916240720190341	0.69666524230578286137	0.75081436526182743219	0.09621251430271465788	0.07893988138517404884	0.00529377058753641595	0.00796370705155642795
2.30000000000000026645	0.99433234534850878372	0.67314970979324495470	0.73126406999762860739	0.10139684800830729705	0.08330466250266507777	0.00663155325898957902	0.00995875518067252004
2.40000000000000035527	0.99390750563410767970	0.64922023989463562010	0.71133107485528113134	0.10634895072339353717	0.08749737284345873722	0.00815021063981070590	0.01221695633430895135
2.50000000000000000000	0.99347559292659204377	0.62493132122815020502	0.69105779972854508575	0.11105836360645554572	0.09150978420379769773	0.00985510291782067463	0.01474414357815511008
2.60000000000000008882	0.99303751046922172918	0.60033479538772938078	0.67048464706035293403	0.11551725516221739154	0.09533568884751870975	0.01175100888123765085	0.01754503323798235065
2.70000000000000017764	0.99259411625168447735	0.57547990714332208917	0.64965004743070453586	0.11972014082733416218	0.09897067247141136392	0.01384218584290826393	0.02062324608637161952
2.80000000000000026645	0.99214622422462939166	0.55041336005796337449	0.62859050823907136607	0.12366362507479693178	0.10241191075104291719	0.01613241529575614938	0.02398146215546303681
2.90000000000000035527	0.99169460556487809555	0.52517937671100811681	0.60734066494710048367	0.12734616454120878393	0.10565798078383903391	0.01862503763570887844	0.02762144900161125211
3.00000000000000000000	0.99123998977008132005	0.49981976299343761072	0.58593333461537078222	0.13076785074791788532	0.10870868968909332131	0.02132298128447079541	0.03154399829037845410
3.10000000000000008882	0.99078304370055847450	0.47437397524285018768	0.56439956721870909728	0.13393582070819232133	0.11157185705522540409	0.02439175043751844532	0.03599073184736522463
3.20000000000000017764	0.99032439022222895630	0.44887917302581858969	0.54276868530923128020	0.13685972170898463851	0.11425769603347379899	0.02801574594621237049	0.04122278959323636555
3.30000000000000026645	0.98986464034267596102	0.42337027011131694865	0.52106832571701300338	0.13954523002172791735	0.11677092678099097733	0.03222097197704626437	0.04726804274642799203
3.40000000000000035527	0.98940436931606889903	0.39788003736359844886	0.49932451951814882385	0.14199875961940927604	0.11911690383789591552	0.03703221654828440373	0.05415108052895917234
3.50000000000000000000	0.98894411858217845523	0.37243918259829988937	0.47756175103278286631	0.14422748924765441125	0.12130145031339986672	0.04247184576776454057	0.06189130927318120534
3.60000000000000008882	0.98848439693820244756	0.34707642543506816990	0.45580301734937872515	0.14623913659331858050	0.12333071525393686507	0.04855900817077671294	0.07050181353078721624
3.70000000000000017764	0.98802568178198213467	0.32181857439674838028	0.43406988801109763765	0.14804184448945453823	0.12521105186757428007	0.05530909799823728601	0.07998860459907836118
3.80000000000000026645	0.98756842028992786187	0.29669060478750558518	0.41238256464265821144	0.14964401587122672099	0.12694891417398215805	0.06273347619614645654	0.09035020791631856452
3.90000000000000035527	0.98711303054638621646	0.27171573759354106237	0.39075994031776051241	0.15105422084621344947	0.12855076996766992559	0.07083945558069902615	0.10157751322155614271
4.00000000000000000000	0.98665992074016395375	0.24691549803184467682	0.36921964451244987382	0.15228111101360791713	0.13002303278661597741	0.07963102871988810005	0.11365382660863945774
4.10000000000000053291	0.98620944541142052664	0.22231324423272874613	0.34778099991196675944	0.15325033837437745943	0.13130359213349271363	0.08914470528809308181	0.12661915362604597712
4.20000000000000017764	0.98576205173418818273	0.19793700539177139230	0.32646754194753307976	0.15389649408834257804	0.13233664138104569985	0.09944012666706052161	0.14052547644463816989
4.29999999999999982236	0.98531828602670701311	0.17381526357426801965	0.30530343771521983864	0.15424326838616569946	0.13314022268786390724	0.11052747184147683479	0.15535990018828330084
4.40000000000000035527	0.98487862383952795575	0.14997346463550242923	0.28431049812285680289	0.15431401483226001026	0.13373204168807786840	0.12241279432293407370	0.17110268141139836628
4.50000000000000000000	0.98444347853264879689	0.12643421788270642336	0.26350832392482970157	0.15413156017258894392	0.13412930073048648372	0.13509797705559062342	0.18772693372195392580
4.60000000000000053291	0.98401325214293677845	0.10321744291755285960	0.24291442791385151057	0.15371805130833302022	0.13434859802238352522	0.14858201845137974928	0.20519979339260518980
4.70000000000000017764	0.98358826977038460448	0.08034062450922575815	0.22254441844936800887	0.15309483209558158445	0.13440582773428014218	0.16285723887200617699	0.22348035757360254494
4.80000000000000071054	0.98316885185700708671	0.05781892217380613791	0.20241209468173129715	0.15228234778650007186	0.13431612732557171586	0.17791354754786772863	0.24252261432519778284
4.90000000000000035527	0.98275525604553670700	0.03566539930774569739	0.18252961194777456155	0.15130007343321272284	0.13409382460106403223	0.19373385092022152310	0.26227290296490551880
5.00000000000000000000	0.98234771144109811480	0.01389115325345836698	0.16290758389476153734	0.15016646272793945927	0.13375241451331998377	0.21029858964148681610	0.28267584070990214862
5.10000000000000053291	0.98194636681204594542	-0.00749451333055177471	0.14355519990648540896	0.14891760697265915558	0.13332755176219562854	0.22798619560759944558	0.30415061666646148186
5.20000000000000017764	0.98155134543460065277	-0.02848399060667658467	0.12448028263198517018	0.14758923475159066441	0.13285471887946304070	0.24716834243418928097	0.32713273867237435688
5.30000000000000071054	0.98116279857441179857	-0.04907121861028233833	0.10568939185746858977	0.14619678935845881185	0.13234495611729188425	0.26778580411501667902	0.35148062506007238248
5.40000000000000035527	0.98078085574099826971	-0.06925151077984165182	0.08718799103871524570	0.14475421589340403683	0.13180813054870588186	0.28976414111908932458	0.37703554286939300333
5.50000000000000000000	0.98040562404528086571	-0.08902142419275345386	0.06898054315465816655	0.14327417627314409376	0.13125293363722415063	0.31301282017398618374	0.40362417964968033690
5.60000000000000053291	0.98003719125314903149	-0.10837864691533735662	0.05107059906578805680	0.14176800246790019489	0.13068690041987440775	0.33740944476818557352	0.43106091871431878593
5.70000000000000017764	0.97967563723146156018	-0.12732190416693925372	0.03346087444662752125	0.14024575485933873931	0.13011644085221685252	0.36285161012502309408	0.45914838797505969081
5.80000000000000071054	0.97932100261502896821	-0.14585082165990431724	0.01615334267065842225	0.13871623553703582576	0.12954688985510193211	0.38921024684408506156	0.48768385927169083383
5.90000000000000035527	0.97897332198315112350	-0.16396586591212897188	-0.00085070464405186726	0.13718705855523136150	0.12898256477591130142	0.41634534898774716583	0.51646179697243144169
6.00000000000000000000	0.97863261107447285791	-0.18166824515377108518	-0.01755058660861287187	0.13566471225193449390	0.12842683153335626711	0.44410798151023656022	0.54527862477178967726
6.10000000000000053291	0.97829885902885282967	-0.19895712446741059543	-0.03394379016517878878	0.13408289543917215059	0.12782116367572873838	0.47251243866459979870	0.57417562956861567525
6.20000000000000017764	0.97797213535256599659	-0.21582744979827300780	-0.05002396865817348298	0.13238763758517224645	0.12711622921552914733	0.50167767815778330220	0.60315930970778930398
6.30000000000000071054	0.97765258278612743315	-0.23227337941457854020	-0.06578394351768462878	0.13060316547553654787	0.12632992895479258633	0.53144413487890185266	0.63202032683236897270
6.40000000000000035527	0.97734032709363116709	-0.24829108133936375613	-0.08121824099463099966	0.12875120832623274114	0.12547823934293023118	0.56164030105866480369	0.66055383405406975506
6.50000000000000000000	0.97703546622435555324	-0.26387850669781109936	-0.09632291130398246137	0.12685109852187781421	0.12457520837157085025	0.59208663271957528984	0.68856150614288058609
6.60000000000000053291	0.97673804626202409551	-0.27903517418814210993	-0.11109532800673793673	0.12491986038111212165	0.12363287806561398807	0.62259866056785184707	0.71583215003081468453
6.70000000000000017764	0.97644809653088282531	-0.29376202085568303701	-0.12553409018219438553	0.12297237703633311090	0.12266196281405310209	0.65294839450208330689	0.74219550579908599719
6.80000000000000071054	0.97616561926341249844	-0.30806123113234479272	-0.13963891075478404580	0.12102148405743014259	0.12167146023886765693	0.68298137615379439502	0.76748956529272671645
6.90000000000000035527	0.97589059536543121265	-0.32193608667900713849	-0.15341047269219695859	0.11907814216537385144	0.12066892073837483246	0.71251752134408175010	0.79157129747158894162
7.00000000000000000000	0.97562299537536378846	-0.33539084096027149684	-0.16685033326561377054	0.11715157642691909068	0.11966060081611334942	0.74137482095837092810	0.81431325023086531534
7.10000000000000053291	0.97536271443751065835	-0.34843050369639372299	-0.17996075546744208506	0.11528308751650512276	0.11869281897418768046	0.76978876934649487218	0.83587934339795399996
7.20000000000000017764	0.97510962661962696796	-0.36106066494038091541	-0.19274463447542611316	0.11351045191588013394	0.11780847755511530961	0.79785025150584765186	0.85645358539560856315
7.30000000000000071054	0.97486367627489023402	-0.37328748034805503409	-0.20520548159536525223	0.11183363796073012009	0.11700452273827430250	0.82521381867424137280	0.87574343196645887399
7.40000000000000035527	0.97462479040752125758	-0.38511757713506378220	-0.21734726656815375745	0.11025126977543232842	0.11627697849903219363	0.85156110706213916650	0.89352817362371006471
7.50000000000000000000	0.97439288755901798389	-0.39655798317946866494	-0.22917436031314319944	0.10876093114056632760	0.11562108714832543266	0.87660691519742250932	0.90964363904704137465
7.60000000000000053291	0.97416786975986269237	-0.40761605418818980251	-0.24069146856677836599	0.10735926185085684081	0.11503138182874650397	0.90005114528504237548	0.92395938179100989274
7.70000000000000017764	0.97394963312447757620	-0.41829942270821413031	-0.25190355287471505319	0.10604207995211459292	0.11450136209882977312	0.92174475858965321251	0.93632257760312409545
7.80000000000000071054	0.97373807447664717518	-0.42861594810698988578	-0.26281580498529533152	0.10480453106002665664	0.11402484600653771396	0.94154088492962240142	0.94674218728138637147
7.90000000000000035527	0.97353307787160048292	-0.43857365900797301572	-0.27343363768619022292	0.10364120627963936683	0.11359502198015512808	0.95934027595107096431	0.95522745680038145810
8.00000000000000000000	0.97333450233689189357	-0.44818069582181135901	-0.28376260988365109572	0.10254624621991602351	0.11320486504469007283	0.97509896092876047202	0.96182341438980778481
8.09999999999999964473	0.97314221577555692910	-0.45744316572809495813	-0.29380647919908392529	0.10146388247071637390	0.11280274198157011489	0.98883692876271800376	0.96667565121623189039
8.20000000000000106581	0.97295612042380497098	-0.46636345141281776439	-0.30356553603208702441	0.10035063317051451381	0.11234653344968814626	1.00073217194844210631	0.96989887722080903032
8.30000000000000071054	0.97277623477026053944	-0.47494311872938727026	-0.31303925272875066099	0.09921820225309166408	0.11184478481155463170	1.01074173964265545678	0.97149909819534163713
8.40000000000000035527	0.97260253947924912854	-0.48318505871923672634	-0.32222833851620902301	0.09807610957881279790	0.11130448802403304642	1.01882877706255947636	0.97152338556353445842
8.50000000000000000000	0.97243499577394698630	-0.49109333041297081879	-0.33113460476622963435	0.09693188857622284105	0.11073112539554480493	1.02503170363261153497	0.97004396043672624916
8.59999999999999964473	0.97227354328300408248	-0.49867300303862477362	-0.33976078750602106693	0.09579136919884249923	0.11012837206391024036	1.02937286524945936783	0.96706628478210132638
8.70000000000000106581	0.97211810377217411361	-0.50593002701819966838	-0.34811045856345307348	0.09465897226869969538	0.10949977709676719795	1.03182174513298008378	0.96279163528276656692
8.80000000000000071054	0.97196857957234894521	-0.51287110188357565299	-0.35618796178315559331	0.09353763114348315200	0.10884752985193910102	1.03257051824659296102	0.95736602050732488856
8.90000000000000035527	0.97182485949846730833	-0.51950356059760549599	-0.36399827519458333169	0.09242923657486928901	0.10817302531670104637	1.03176639562737548772	0.95094749442343706747
9.00000000000000000000	0.97168681759337960369	-0.52583527245647632142	-0.37154691936514022688	0.09133476037379757717	0.10747702766884774384	1.02952607411770280521	0.94373278713835639930
9.09999999999999964473	0.97155430047002200311	-0.53187433416249318974	-0.37883970764883539983	0.09029801406754307813	0.10681329689319195297	1.02585302196613614711	0.93550345756054575919
9.20000000000000106581	0.97142711564283723558	-0.53762869550943426233	-0.38588254114027348285	0.08935641082440903826	0.10622906466304536666	1.02063857674994507008	0.92633904239841258210
9.30000000000000071054	0.97130519639400014764	-0.54310644263872565052	-0.39268164128294119619	0.08849797788854178726	0.10571032460967674793	1.01402939612920706125	0.91636052081048413598
9.40000000000000035527	0.97118839223152886309	-0.54831581348016078525	-0.39924340112539347114	0.08771098734181070888	0.10524367232091583202	1.00621183539316549904	0.90577063465369833661
9.50000000000000000000	0.97107656826326027577	-0.55326524625314554839	-0.40557441824478157599	0.08698414767712067674	0.10481630451967328954	0.99739964374752854148	0.89475339437169865153
9.60000000000000142109	0.97096958507501018865	-0.55796332669760961842	-0.41168144493743469292	0.08630674516659275763	0.10441625824072926776	0.98775034974302478030	0.88348361159331278980
9.70000000000000106581	0.97086729935585480700	-0.56241874598755747794	-0.41757130225555705305	0.08566839335131004596	0.10403136343653628104	0.97757840385736594069	0.87199688945129683049
9.80000000000000071054	0.97076955855455415723	-0.56664026198834482884	-0.42325087342988065853	0.08505939961501821078	0.10365178503826109890	0.96713258683351177591	0.86055866938621672357
9.90000000000000035527	0.97067621146075300231	-0.57063668071195228215	-0.42872714915375081945	0.08447069026654116519	0.10326784514406511795	0.95665236562520938879	0.84932425183078608111
10.00000000000000000000	0.97058710517853341582	-0.57441682035028251985	-0.43400716320174259621	0.08389379320306636356	0.10287085665939370294	0.94635172442699444506	0.83844539454734434702
10.10000000000000142109	0.97050207350590089739	-0.57798770783541053575	-0.43909632057759484525	0.08329104683775644113	0.10242414394618720719	0.93578607519273115933	0.82774116844153799999
10.20000000000000106581	0.97042096773565167389	-0.58135329042972605507	-0.44399706559307261511	0.08263522388061766977	0.10189909873572747245	0.92502770190329253186	0.81704777860526611732
10.30000000000000071054	0.97034375799039607191	-0.58451690662096511542	-0.44871116895858864648	0.08193240879839569502	0.10130111713131305373	0.91432208397059566707	0.80651248094630034746
10.40000000000000035527	0.97027038784315433606	-0.58748297933101223389	-0.45324145422119482829	0.08118761171180241543	0.10063494124989900980	0.90385942670884555916	0.79627703426694473876
10.50000000000000000000	0.97020077972035934089	-0.59025685681896455925	-0.45759165061769013771	0.08040484684031806717	0.09990461838498948532	0.89382561078894784412	0.78647754006787973236
10.60000000000000142109	0.97013484982334563522	-0.59284468470071127744	-0.46176621533311817958	0.07958747202850137425	0.09911277214783544010	0.88440222434952353581	0.77712257886994506872
10.70000000000000106581	0.97007248165558057629	-0.59525327215734191721	-0.46577024189740262594	0.07873860449935637940	0.09826338702361689381	0.87568660570494161188	0.76844582291490826087
10.80000000000000071054	0.97001354829583441575	-0.59748998362737526513	-0.46960943687321371476	0.07786022983230797556	0.09735936172914777531	0.86791381643841658544	0.76056713719684743147
10.90000000000000035527	0.96995791565729372330	-0.59956261757283146885	-0.47328996566825859427	0.07695424472702755425	0.09640336343342958969	0.86124469020579386136	0.75358498882113722495
11.00000000000000000000	0.96990543710194765392	-0.60147932161155648334	-0.47681835443793091356	0.07602232432483631286	0.09539787689717316166	0.85573528918889529837	0.74768441884092662342
11.10000000000000142109	0.96985596255659056730	-0.60324808490419767892	-0.48020106136199997016	0.07511089307472829102	0.09440073124240723479	0.85106203163440574677	0.74222724963400610321
11.20000000000000106581	0.96980933373380362461	-0.60487618654320596256	-0.48344417196667388570	0.07425772847411019062	0.09346094713728740622	0.84683534321063369532	0.73718546950565388975
11.30000000000000071054	0.96976544328251290672	-0.60637069312472013927	-0.48655379710817597827	0.07344881881835364779	0.09256199570422755929	0.84328912134352895791	0.73269459413889304056
11.40000000000000035527	0.96972415838406011979	-0.60773886006735411414	-0.48953620786593921022	0.07267172059908254267	0.09168925552257028988	0.84064259917041561643	0.72892306800736672567
11.50000000000000000000	0.96968534669827655126	-0.60898810701658734335	-0.49239779972921621232	0.07191551252839721575	0.09082980219800747268	0.83909835441970537229	0.72599760480860919820
11.60000000000000142109	0.96964887323919179973	-0.61012597985871164230	-0.49514505185895457684	0.07117103166236096734	0.08997261543474166512	0.83879731228713094726	0.72404723488368960549
11.70000000000000106581	0.96961459781178205297	-0.61116009198884357900	-0.49778442095531516554	0.07042974039332154657	0.08910685405981025320	0.83995622657094914931	0.72303998297236227177
11.80000000000000071054	0.96958237955750214976	-0.61209807747727185134	-0.50032236155311982095	0.06968467116897893165	0.08822555592824884996	0.84273445923764389587	0.72318688088588944929
11.90000000000000035527	0.96955207610895555170	-0.61294756095954983088	-0.50276536879195632412	0.06892997541097126146	0.08732207275852817141	0.84727259812855437726	0.72457130626775501092
12.00000000000000000000	0.96952353461874252183	-0.61371610539114551663	-0.50511987712136452444	0.06816078445193755886	0.08639113914658930193	0.85370588988635176531	0.72725573197039161677
12.10000000000000142109	0.96949662020809157514	-0.61440971303698777017	-0.50739090251465701620	0.06735546845967406437	0.08541072910702644794	0.86109995093215818684	0.73085873717057037169
12.20000000000000106581	0.96947118502826457043	-0.61503177401752007203	-0.50958087976554911069	0.06650020721379892863	0.08436456217621969567	0.86945220696753922063	0.73509332437685670492
12.30000000000000071054	0.96944723533929577641	-0.61558524867020869564	-0.51169172352666558723	0.06560028991627334105	0.08325836933305791332	0.87902515643269629741	0.74016368874859439497
12.40000000000000035527	0.96942469968011624193	-0.61607391351816453984	-0.51372616854954944454	0.06466066659624097879	0.08209771844558100273	0.89002733597553795875	0.74625178232294098191
12.50000000000000000000	0.96940350647905082493	-0.61650227843835003760	-0.51568769291243510278	0.06368584379449009070	0.08088787483541341750	0.90273379738263204164	0.75352176087124789206
12.60000000000000142109	0.96938357114127149394	-0.61687543513502740566	-0.51758030246410036135	0.06268023748349832447	0.07963266773676801191	0.91735191241757607639	0.76201898560369774049
12.70000000000000106581	0.96936479913119666385	-0.61719896491206771572	-0.51940847566556880288	0.06164879572728880486	0.07833819947077565182	0.93412766617967657456	0.77200857012244761268
12.80000000000000071054	0.96934708433655536464	-0.61747879581787523673	-0.52117712731018561723	0.06059481210012560709	0.07700929110677132150	0.95327950407818817791	0.78364695808807527388
12.90000000000000035527	0.96933031534571445498	-0.61772107718275670596	-0.52289144940727871891	0.05952202652945162709	0.07565061424830467340	0.97500958831650075265	0.79707935964953968710
13.00000000000000000000	0.96931436433205742098	-0.61793210680079135866	-0.52455680345475608206	0.05843414257124253386	0.07426660511477284343	0.99933258545715142329	0.81252731651739207308
13.10000000000000142109	0.96929914566590702485	-0.61811766295879633226	-0.52617815074059692826	0.05737305835844622864	0.07290950297830986471	1.02558359078198857439	0.82894931750021749739
13.20000000000000106581	0.96928454137194264284	-0.61828224065234960172	-0.52775960053374471048	0.05637132198840649755	0.07162219222408124086	1.05299509104924871039	0.84620199471744350639
13.30000000000000071054	0.96927047645452224511	-0.61842989660215785808	-0.52930510747479175837	0.05541604480919649911	0.07038865363062488112	1.08186173446406086462	0.86448739795063633817
13.40000000000000035527	0.96925687056807874331	-0.61856492301860954708	-0.53081879823665789608	0.05449646334137143999	0.06919538882476423958	1.11248721015600926521	0.88400129744836519752
13.50000000000000000000	0.96924363988950623661	-0.61869178249716816342	-0.53230490123064611030	0.05360368698853587577	0.06803101386465873479	1.14515437909607054046	0.90491721795710799991
13.60000000000000142109	0.96923069892204638531	-0.61881506384222950690	-0.53376770030603848394	0.05273117759130058202	0.06688641663738367771	1.18016833562735978802	0.92742245670212752895
13.70000000000000106581	0.96921795922824882652	-0.61893940607994535341	-0.53521141936832028474	0.05187242084055836838	0.06575257934376681213	1.21775791711089409475	0.95156328348493557368
13.80000000000000071054	0.96920533184360846413	-0.61906943504575906445	-0.53664024447726887956	0.05102285559960915290	0.06462507715551968346	1.25816575755497184197	0.97762204677535913255
13.90000000000000035527	0.96919272724461202895	-0.61920972894502146477	-0.53805836713705068597	0.05017898015182863103	0.06349949332107365785	1.30161555242697302148	1.00575108630100662488
14.00000000000000000000	0.96917999848216795922	-0.61936471827869399309	-0.53946982036498536406	0.04933812714120607013	0.06237261678360663669	1.34826391605025897036	1.03603237522182767272
14.10000000000000142109	0.96916717496814486221	-0.61953758070992015483	-0.54087753778173264241	0.04848568907495660885	0.06123028289921034206	1.39690390339273018405	1.06815828351290709186
14.20000000000000106581	0.96915413880217815557	-0.61972920691736954613	-0.54228211739562925953	0.04761317733085387166	0.06006230178685795923	1.44793572648412594006	1.10193934240835011984
14.30000000000000071054	0.96914089189416663395	-0.61994015766348231633	-0.54368371886849131691	0.04672490390210898292	0.05887368387232014971	1.50174536867518537697	1.13770633368053930567
14.40000000000000035527	0.96912742125317097308	-0.62017171132071713391	-0.54508324817875897228	0.04582514086040478246	0.05766938658158615727	1.55870627238414449778	1.17576876606519320489
14.50000000000000000000	0.96911370064583579609	-0.62042570428188137388	-0.54648220588372875550	0.04491788860084118540	0.05645413380672566900	1.61913931616933104429	1.21641155953000246193
14.60000000000000142109	0.96909969407404816799	-0.62070440677513583072	-0.54788248569527597809	0.04400721397263918783	0.05523104734382434239	1.68334489690636868175	1.25981819001014549997
14.70000000000000106581	0.96908535806593532058	-0.62101044552922957109	-0.54928632954980427527	0.04309816710942501045	0.05400589292024113308	1.75179518523385491235	1.30634516937913303103
14.80000000000000071054	0.96907064077479598829	-0.62134665976070835303	-0.55069630005897995950	0.04219319683060149956	0.05278285444301127061	1.82460207893861348083	1.35625121636374679213
14.90000000000000035527	0.96905548754097337039	-0.62171597981277115785	-0.55211512389502304110	0.04129555928829782563	0.05156588471230426352	1.90194363360386775597	1.40977211704262428427
15.00000000000000000000	0.96903983768180335101	-0.62212138657178694956	-0.55354559678219483754	0.04040851623561566436	0.05035850359768533069	1.98365033397003265314	1.46719936163784625549
15.10000000000000142109	0.96902364945644969829	-0.62256506699951974504	-0.55498985737372430460	0.03956240047762028811	0.04919923478464913180	2.06754294274976802015	1.52601342872807310691
15.20000000000000106581	0.96900688606726204100	-0.62304763679616415040	-0.55644895936941940473	0.03877939959253456220	0.04811860008775435682	2.15157677321804419179	1.58566626041389580060
15.30000000000000071054	0.96898954321786867627	-0.62356921190494130069	-0.55792374857587545556	0.03804809759183825496	0.04710201370505531782	2.23614328527765149346	1.64643405543339405028
15.40000000000000035527	0.96897160942399374051	-0.62413027586342240127	-0.55941533352257122313	0.03735918463065731471	0.04613741400423831268	2.32161732844412815879	1.70861396272051724310
15.50000000000000000000	0.96895308803650459506	-0.62473161305187663306	-0.56092501355615020930	0.03670512698301192644	0.04521477851187447050	2.40833132273972205795	1.77244376467268427433
15.60000000000000142109	0.96893394218696504705	-0.62537419778960512406	-0.56245417443688361381	0.03608095163590763210	0.04432621881367281025	2.49679118894858120825	1.83817699685287117006
15.70000000000000106581	0.96891414787584240198	-0.62605915128948230741	-0.56400421238638565047	0.03548076309686586799	0.04346371581333903500	2.58703970746204259257	1.90602509651727047846
15.80000000000000071054	0.96889367083503552536	-0.62678764739931414063	-0.56557653256647744122	0.03490079325120671455	0.04262392478539076685	2.67926329947284935784	1.97627258901267133240
15.90000000000000035527	0.96887250336197383582	-0.62756090645274986706	-0.56717260956829507190	0.03433810160986371790	0.04180312127159444696	2.77359973470877152479	2.04909136078157505523
16.00000000000000000000	0.96885060778483389488	-0.62838007695374897832	-0.56879382777280762529	0.03379030515706728244	0.04099836572698867948	2.86995670198441210630	2.12439504684934332701
16.10000000000000142109	0.96882797122269759260	-0.62924520947107254187	-0.57044055587896991266	0.03324426885855758657	0.04019867319352259105	2.96703086233658686055	2.20236448252277572379
16.19999999999999928946	0.96880457806816089317	-0.63015466542553066898	-0.57211136555216235422	0.03269206635957879609	0.03939601082958314043	3.06726128650362861450	2.28328057983449506096
16.30000000000000071054	0.96878047685586743398	-0.63110663827687785155	-0.57380450103699498499	0.03213710637973016260	0.03859405396909493940	3.17053489838711088922	2.36743377518269859650
16.40000000000000213163	0.96875569927852034358	-0.63209997207467050195	-0.57551889366968678186	0.03158278185869251020	0.03779634793787557678	3.27683255362704350944	2.45502579495617245797
16.50000000000000000000	0.96873026476932733164	-0.63313401258586032849	-0.57725401770527662304	0.03103217868737280158	0.03700615087117197638	3.38594618826586124527	2.54617721212341630022
16.60000000000000142109	0.96870418421825121857	-0.63420849840331239289	-0.57900969754557551905	0.03048842389254929897	0.03622502387455500683	3.49718065808842881736	2.64098265004971732850
16.69999999999999928946	0.96867746106099494874	-0.63532348678668593145	-0.58078607010049787540	0.02995579827885843857	0.03545720438708818006	3.61110685883232873650	2.73942378608721437416
16.80000000000000071054	0.96865009193224416162	-0.63647921465661461138	-0.58258356028294377982	0.02943518541277697492	0.03470518802176772444	3.72702931348610411177	2.84145033416755765643
16.90000000000000213163	0.96862207093262786550	-0.63767599589152734740	-0.58440273407235188152	0.02892855828329888093	0.03397120904654921808	3.84449003808749267819	2.94697363721714156171
17.00000000000000000000	0.96859338087733470868	-0.63891419080169298272	-0.58624420121598508349	0.02843798749904292295	0.03325695615901552021	3.96263571612675757905	3.05592540923067135239
17.10000000000000142109	0.96856403814906444349	-0.64019331124457001803	-0.58810783427030499659	0.02798107810027216855	0.03258583154899566403	4.07704441524207439329	3.16331354851422652530
17.19999999999999928946	0.96853404977417945076	-0.64151119653124344389	-0.58999234121724286606	0.02756969296145890189	0.03197584371921224911	4.18430456212348911293	3.26700119629068330696
17.30000000000000071054	0.96850346285840749339	-0.64286529140623249745	-0.59189633301987942815	0.02719512526675214523	0.03141551409196137457	4.28535717158229711998	3.36761297620241650819
17.40000000000000213163	0.96847231342925477193	-0.64425360158118083476	-0.59381882762736060144	0.02685037874978055128	0.03089544233021455227	4.38104813440200846486	3.46575940923146363914
17.50000000000000000000	0.96844062868672708966	-0.64567458559144719210	-0.59575914057648005073	0.02652985006338885038	0.03040783027052049517	4.47210156263557134793	3.56191508892754038484
17.60000000000000142109	0.96840843127298525950	-0.64712706960257393440	-0.59771678654537463427	0.02623035642471688300	0.02994621351367863712	4.55949913031991105328	3.65610484586961259623
17.69999999999999928946	0.96837573604916393766	-0.64861014256251181553	-0.59969137225330848562	0.02594695223386259131	0.02950435669812221176	4.64336996180515804156	3.74926481075097450812
17.80000000000000071054	0.96834255504152411120	-0.65012308435543553209	-0.60168263420662226881	0.02567678842586073457	0.02908008638431644477	4.72412809962427804322	3.84156830195298892860
17.90000000000000213163	0.96830889683046006411	-0.65166530655879140177	-0.60369043861436078036	0.02541756087379229770	0.02867050367659772225	4.80213969804545293130	3.93325765116327463744
18.00000000000000000000	0.96827474191375284551	-0.65323626589278183108	-0.60571463751942755671	0.02516735846967416146	0.02827308894295062908	4.87732153468718010458	4.02421044381426362690
18.10000000000000142109	0.96824014131627855750	-0.65483464235296295897	-0.60775434152432217250	0.02491431369783126543	0.02787922602877106887	4.95016885916918170096	4.11576738144458431634
18.19999999999999928946	0.96820510703467610458	-0.65645787008819689312	-0.60980719346873291098	0.02465081649031635597	0.02748275945068426318	5.02659244310750796814	4.20982597547605674748
18.30000000000000071054	0.96816969394738594534	-0.65810338377628496698	-0.61187064677420510694	0.02438035649108136194	0.02708663768826356788	5.10566714423873158069	4.30596772101522962117
18.40000000000000213163	0.96813394712838130030	-0.65976923481943317018	-0.61394282197378713395	0.02410623290265098695	0.02669353315235899887	5.18654937551986439104	4.40382626067219717925
18.50000000000000000000	0.96809790195682066116	-0.66145394584882677425	-0.61602236363002071950	0.02383131573839742529	0.02630574590312983671	5.26831136490052909238	4.50298207726950572294
18.60000000000000142109	0.96806158587830315465	-0.66315641545077830266	-0.61810825717344608510	0.02355843827581715136	0.02592387818173745584	5.34924428811069052614	4.60331642410348607086
18.69999999999999928946	0.96802501889133252266	-0.66487583811172357162	-0.62019979271471659121	0.02329134167641854977	0.02555104641876304594	5.42970290388590637320	4.70406491225404810308
18.80000000000000071054	0.96798821496712950108	-0.66661157975364482287	-0.62229654370396469965	0.02303010350772651330	0.02518861231799966738	5.50863987511199493241	4.80477072480930544884
18.90000000000000213163	0.96795118517383371692	-0.66836309993625775405	-0.62439822921635512731	0.02277600400651389259	0.02483769794028144184	5.58543331357958017236	4.90505473805220226780
19.00000000000000000000	0.96791393205335807259	-0.67012992972987661666	-0.62650462022057351597	0.02253054525898549182	0.02449880670389719892	5.65888925387148233881	5.00458067320279909040
19.10000000000000142109	0.96787647897426942745	-0.67191075087130347487	-0.62861473107942522631	0.02230153934382506781	0.02418370441531833559	5.72590902262753420615	5.09613680468621765840
19.20000000000000284217	0.96783884836307010335	-0.67370261832182720685	-0.63072647050953722925	0.02209364186127800445	0.02390134592557680709	5.78504182436037961423	5.17916877185677826390
19.30000000000000071054	0.96780110206501801517	-0.67550231430818274969	-0.63283776376596434510	0.02190181858661420164	0.02364454088810885243	5.83776510232307010995	5.25525754881062301394
19.40000000000000213163	0.96776328785463938686	-0.67730733110809038244	-0.63494705556908082045	0.02172214499403408994	0.02340746819781611837	5.88529759727861634389	5.32577509643429714004
19.50000000000000000000	0.96772544226920664823	-0.67911573957965776227	-0.63705318249563391841	0.02155156445678336335	0.02318533922419499169	5.92864142982258446324	5.39185222149560328120
19.60000000000000142109	0.96768759452994701498	-0.68092607351062639509	-0.63915525316257471022	0.02138899561869908247	0.02297378435670079100	5.96887651893148518667	5.45342937813254469148
19.70000000000000284217	0.96764976622437659515	-0.68273722246202006581	-0.64125254632319395043	0.02123111417071909396	0.02276886832719427628	6.00640287855948429296	5.51253782861613395028
19.80000000000000071054	0.96761198349540944452	-0.68454836589186662810	-0.64334454619436298728	0.02107642862970602118	0.02256994702530721805	6.04180683405796514762	5.56940605767182983499
19.90000000000000213163	0.96757423936905828654	-0.68635885646590644171	-0.64543089441492151881	0.02092370394270452044	0.02237537522924447353	6.07562488447170689909	5.62459262720508945677
20.00000000000000000000	0.96753653324577626460	-0.68816819269325213426	-0.64751129760013570458	0.02077202389911529321	0.02218352054871524509	6.10782259226009482944	5.67836168417602760172
20.10000000000000142109	0.96749890606881516764	-0.68997527429775884489	-0.64958485024112633255	0.02061221809578810127	0.02198877875885030600	6.13957214738767032003	5.73356122619240782257
20.20000000000000284217	0.96746136603777377339	-0.69177809656322652998	-0.65164944637060617794	0.02043840091793398817	0.02178770144209401030	6.17969860700523554442	5.79250525815799033325
20.30000000000000071054	0.96742395370656275588	-0.69357476968241926762	-0.65370288802850495813	0.02025425255777195052	0.02158276791850605170	6.22618326881804318162	5.85253724471185243772
20.40000000000000213163	0.96738670656237091272	-0.69536394737654327880	-0.65574360920333218949	0.02006306245150648107	0.02137608131469145162	6.27729379192899283879	5.91498041003776808822
20.50000000000000000000	0.96734965267985073556	-0.69714468549060371050	-0.65777052992494378092	0.01986760204428230162	0.02116933096264249706	6.33141652961160783519	5.97907146491647711883
20.60000000000000142109	0.96731277319316755214	-0.69891633356743665395	-0.65978284985036650401	0.01967061278705252436	0.02096260966513917995	6.38631659758752423528	6.04447368628325243378
20.70000000000000284217	0.96727613633682396621	-0.70067855570859549630	-0.66178014128725692888	0.01947516420539804199	0.02075831258572435889	6.44155912153548104726	6.11065185854359782525
20.80000000000000071054	0.96723975249887905736	-0.70243109756734634086	-0.66376219125744950755	0.01928091235724471372	0.02055718303690147117	6.49669612519880779189	6.17638037827467289986
20.90000000000000213163	0.96720360653562298392	-0.70417377512028078712	-0.66572889759272924071	0.01908886982054157355	0.02035978597443114171	6.54998429363018264127	6.24140204666254927446
21.00000000000000000000	0.96716768752461212966	-0.70590648168758907133	-0.66768021462774307384	0.01890026494704850901	0.02016606875580853261	6.60203087432345725460	6.30540111670152647605
21.10000000000000142109	0.96713202885676008425	-0.70762830394457310046	-0.66961537837407481000	0.01871689580719967591	0.01998059904638419329	6.65090041249719554628	6.35979965784443912469
21.20000000000000284217	0.96709663214790431152	-0.70933674867938412145	-0.67153257475906880103	0.01853929885615994769	0.01980722264788229922	6.69777991999419874958	6.40894950275555608243
21.30000000000000071054	0.96706155128437532031	-0.71102914420499041537	-0.67343010541813186354	0.01836561907963993323	0.01964260914086190732	6.74325944461994009060	6.45445517212050745570
21.40000000000000213163	0.96702682839661646685	-0.71270359604918265273	-0.67530683876123609455	0.01819456932114210321	0.01948408877762545371	6.78776491679290128189	6.49746896199880819012
21.50000000000000000000	0.96699248549070926373	-0.71435883023889479304	-0.67716205959656705637	0.01802520898718769360	0.01932948296281074285	6.83166511468188630829	6.53902451650777916115
21.60000000000000142109	0.96695854170229111890	-0.71599405950682537547	-0.67899535013945466755	0.01785798542339705683	0.01917626901524402058	6.87514316750572973547	6.57860449237838817993
21.70000000000000284217	0.96692500713660123335	-0.71760887429579500729	-0.68080648571662205626	0.01769108270939134461	0.01902246231039624730	6.91857455864883075236	6.61827938836135398759
21.80000000000000071054	0.96689188492499533734	-0.71920316934096606420	-0.68259545265551513360	0.01752407996421000494	0.01886861697483803099	6.96231376647443589434	6.65700210726299612674
21.90000000000000213163	0.96685917543668453700	-0.72077704948691112552	-0.68436241192028435254	0.01735660803273643416	0.01871404554901846817	7.00663382310322457869	6.69553861183774934318
22.00000000000000000000	0.96682689416367262325	-0.72233076820227881676	-0.68610761020724586601	0.01718858605209308901	0.01855800722087038584	7.05130112616635074119	6.73491430865076523560
22.10000000000000142109	0.96679502285067586698	-0.72386403264237542121	-0.68783068747859221759	0.01701443935016124648	0.01839810793400033229	7.09511558291577859592	6.77660463018689362968
22.20000000000000284217	0.96676355390385149136	-0.72537586774048967708	-0.68953026912744919130	0.01683083627545038999	0.01823385763122500197	7.14854765815221426806	6.82266676536628846605
22.30000000000000071054	0.96673251992460340620	-0.72686546877001667610	-0.69120494915101915456	0.01664071896765189837	0.01806678590830685174	7.20938907013939278556	6.87185080667725411985
22.40000000000000213163	0.96670194242593943112	-0.72833246189752842703	-0.69285388665050284818	0.01644659590802194024	0.01789806360647768629	7.27548782297660601159	6.92320754676125105220
22.50000000000000000000	0.96667183331965522708	-0.72977678407841373165	-0.69447667691476155927	0.01625051569185004610	0.01772855681484290791	7.34519774210997145047	6.97597250412472114078
22.60000000000000142109	0.96664219821029684354	-0.73119862039683769517	-0.69607319594464334145	0.01605469035062639938	0.01755779091073786380	7.41657371664703379821	7.03006059050608556049
22.70000000000000284217	0.96661303707491830206	-0.73259831583452872383	-0.69764356487490652992	0.01586099272698987192	0.01738736375606117490	7.48851142039825390384	7.08453661310614446478
22.80000000000000071054	0.96658434509727308992	-0.73397628056846075939	-0.69918813025521031612	0.01566860428751205153	0.01721748620140740871	7.55973634522623960663	7.13911635242227315956
22.90000000000000213163	0.96655611488959836120	-0.73533297670554709224	-0.70070734549527868840	0.01547813671193787322	0.01704828763769161357	7.63040790969668769606	7.19368949198103280196
23.00000000000000000000	0.96652833303863971981	-0.73666890732449774593	-0.70220168363100166076	0.01529044086778960816	0.01687935060764894982	7.69924712718662629385	7.24751445770468372132
23.10000000000000142109	0.96650099616264317781	-0.73798376082456407232	-0.70367087990427079625	0.01510430614825864978	0.01671154958506211249	7.76674128975285338328	7.29494158977828544010
23.20000000000000284217	0.96647410738751038384	-0.73927576093543356794	-0.70511373942212995924	0.01491825719076162945	0.01654650277763906191	7.83642291317395578432	7.34141191930485970119
23.30000000000000071054	0.96644770770795773718	-0.74054298925219608218	-0.70652923031023562306	0.01473234679613548773	0.01638330028275663403	7.90801095679704868502	7.38764249645194936988
23.40000000000000213163	0.96642182175563384749	-0.74178430536988215760	-0.70791687311740092436	0.01454679143499575285	0.01622118570534580514	7.98122524055868964865	7.43426722628604252918
23.50000000000000000000	0.96639646204184470601	-0.74299918690226685047	-0.70927659499596906745	0.01436180884097594708	0.01605953366595753648	8.05586661065556874917	7.48196720401941650636
23.60000000000000142109	0.96637163257885816403	-0.74418756731145718764	-0.71060859677663490430	0.01417847599731466429	0.01589694865520061007	8.13126931964580279555	7.53012947272420696265
23.70000000000000284217	0.96634732988919169738	-0.74534973850950547725	-0.71191325995326792953	0.01399592008102701346	0.01573259838430396060	8.20794584169212271263	7.58030598493713991815
23.80000000000000071054	0.96632354526116681637	-0.74648628267331307296	-0.71319115527690202239	0.01381424308552558697	0.01556763768286704985	8.28606853041292090722	7.63096376472727744300
23.90000000000000213163	0.96630026586275608036	-0.74759796158182856285	-0.71444299557447321636	0.01363347318637918477	0.01540184078060966716	8.36570695606781811193	7.68311498658325486844
24.00000000000000000000	0.96627742972611008199	-0.74868560235343606379	-0.71566948440137123644	0.01345393250962532462	0.01523470607151877418	8.44663058173074787760	7.73693838198834704656
24.10000000000000142109	0.96625511869611457882	-0.74974966355807060037	-0.71687090402116826482	0.01327383155286155671	0.01506688255467417137	8.52254143110844708531	7.78807692459229095050
24.20000000000000284217	0.96623327022730054470	-0.75078990798642475379	-0.71804645339800499126	0.01309217456166950934	0.01490033442706017834	8.60451817935485330224	7.84143999430527660621
24.30000000000000071054	0.96621190129166745209	-0.75180629388736164298	-0.71919535330216377567	0.01291024653814235208	0.01473510205879777386	8.69105392838124224397	7.89661974423505963472
24.40000000000000213163	0.96619101936882090254	-0.75279911647247732542	-0.72031733971777789360	0.01272909178478306286	0.01457106881766042500	8.78054971067333411838	7.95318627281878942625
24.50000000000000000000	0.96617062433927147769	-0.75376889941406810536	-0.72141253972824792573	0.01254951304975246776	0.01440805058347912997	8.87195424451503633634	8.01099476582599123731
24.60000000000000142109	0.96615071063729485168	-0.75471634173240254029	-0.72248132484891547378	0.01237281369564336049	0.01424490565845879311	8.96491652329111943232	8.07056588413165876261
24.70000000000000284217	0.96613126815905814304	-0.75564223245890105307	-0.72352427429215193655	0.01219945891699020409	0.01408236505388377538	9.05746622170117632322	8.13140697193311545732
24.80000000000000071054	0.96611227273851751907	-0.75654736797958832550	-0.72454214404373529224	0.01202816486817751516	0.01392013182315056212	9.14857439828801055626	8.19383637830071442920
24.90000000000000213163	0.96609372948059368813	-0.75743259477912971978	-0.72553579798188960748	0.01185910459891178180	0.01375795104569198929	9.23973996182091639184	8.25829749582529437646
25.00000000000000000000	0.96607560679140269677	-0.75829873578932893707	-0.72650606167218578779	0.01169254355325644382	0.01359514107419475953	9.32752521354895236527	8.32364096867181402217
25.10000000000000142109	0.96605789627216620552	-0.75914583754970332841	-0.72745305156832773541	0.01152650659347577260	0.01343122037054557925	9.41609457302957331137	8.37859878919130274255
25.20000000000000284217	0.96604059213315141008	-0.75997257493138659079	-0.72837603781304494088	0.01135875839650996033	0.01326714442747039570	9.51050746401255864271	8.43580576675128313013
25.30000000000000071054	0.96602372483947329673	-0.76077751519988068285	-0.72927448442770770320	0.01119017162494174641	0.01310307445622351484	9.61003741102296515919	8.49550393184344976305
25.40000000000000213163	0.96600731003351236748	-0.76155998545714875814	-0.73014837253274045281	0.01102158280124471493	0.01293908838734685561	9.71393953162277412616	8.55812061683134928103
25.50000000000000000000	0.96599135165011540405	-0.76231990345176592339	-0.73099805145192231493	0.01085366615599188400	0.01277521876216524029	9.82172363770198053601	8.62421335598246940890
25.60000000000000142109	0.96597584551620163662	-0.76305760297640590206	-0.73182411086398757583	0.01068756714097195831	0.01261063682805303732	9.93215545530731169777	8.69385342279282014033
25.70000000000000284217	0.96596078081980885077	-0.76377374389345054073	-0.73262729318391728306	0.01052296136608606852	0.01244508537436965837	10.04611057215417524446	8.76798447843153105907
25.80000000000000071054	0.96594614194175276722	-0.76446924847054842367	-0.73340849255438245180	0.01036014334946658982	0.01227986410077420119	10.16374563559359245346	8.84530783176601609341
25.90000000000000213163	0.96593191971751268809	-0.76514519179322038056	-0.73416871205931066857	0.01019929574516985349	0.01211485776730868678	10.28518028639612680308	8.92653075108615468025
26.00000000000000000000	0.96591803779632268157	-0.76580265846023454213	-0.73490890324934110556	0.01004090871621231805	0.01194965628981061422	10.41029607210745488999	9.00865955128781870087
26.10000000000000142109	0.96590456032678317921	-0.76644236074497018585	-0.73562956773035848013	0.00988617424852637934	0.01178703480573137403	10.52006016117780795582	9.08536421561566065463
26.20000000000000284217	0.96589144073966848314	-0.76706438718437097712	-0.73633018982419928822	0.00973592278655788061	0.01163065154617215664	10.62981063380706636678	9.15430179190700243907
26.30000000000000071054	0.96587867810033134486	-0.76766898759738122493	-0.73701025512843199028	0.00958957683564000060	0.01147902271561474646	10.73878126953101741492	9.22274995014090492873
26.40000000000000213163	0.96586628194940193914	-0.76825670128699286021	-0.73766975199729833967	0.00944666253007663513	0.01133081388601872921	10.84698131556348954518	9.29234630474185685500
26.50000000000000000000	0.96585424511990081164	-0.76882823493842400442	-0.73830902239703877221	0.00930676565066868890	0.01118491315785695266	10.95486603010157899973	9.36410619479424433109
26.60000000000000142109	0.96584254827934845622	-0.76938441494404929966	-0.73892862332393471902	0.00917032232931083539	0.01103969043242222434	11.06485233233610543380	9.43972752605842302387
26.70000000000000284217	0.96583119784243376404	-0.76992613786124119990	-0.73952932273724136802	0.00903670445569741340	0.01089516488269524908	11.17474344780008088662	9.51995132692790768658
26.80000000000000071054	0.96582015562572831602	-0.77045425427165392662	-0.74011200669711996181	0.00890441439113224750	0.01075071284166186948	11.28480328912250030271	9.60505689422802610977
26.90000000000000213163	0.96580942375040623737	-0.77096966084904106076	-0.74067765683335329285	0.00877338253173839608	0.01060587513729540493	11.39549653215566316078	9.69650190361061525834
27.00000000000000000000	0.96579896764984629609	-0.77147319986119045065	-0.74122719591849095533	0.00864340176073708118	0.01045987919024987320	11.50170499678701929724	9.79219267504688950510
27.10000000000000142109	0.96578880149141055345	-0.77196499567609222492	-0.74176088642616044844	0.00851302429080825693	0.01031207856165611975	11.61335764008900461874	9.87161605456674529080
27.20000000000000284217	0.96577889437860331423	-0.77244386359562289268	-0.74227818353240582194	0.00837985170616180677	0.01016346836206679163	11.73772947268497723883	9.95710449840856881565
27.30000000000000071054	0.96576928559059016521	-0.77290857526914980014	-0.74277879222828113726	0.00824505641990547211	0.01001452919094400658	11.87389018515238703344	10.04880075294968655442
27.40000000000000213163	0.96575997762975296368	-0.77335862025340640358	-0.74326287160856741032	0.00810969190753037597	0.00986560317131708435	12.02071193012644734210	10.14731623573887908663
27.50000000000000000000	0.96575097130815901192	-0.77379405812071933024	-0.74373091642345101615	0.00797459790329886446	0.00971693714140565643	12.17739286163805267904	10.25330480734344185123
27.60000000000000142109	0.96574225976151695239	-0.77421532716898655568	-0.74418362750202160516	0.00784082693057821037	0.00956801097565613927	12.34225378697857955501	10.36803780256289009287
27.70000000000000284217	0.96573383027138381962	-0.77462316059930169665	-0.74462182908830854000	0.00770843377768907351	0.00941890888163680016	12.51626431305405695582	10.49191287473803768648
27.80000000000000071054	0.96572566615383459432	-0.77501852686077998822	-0.74504646032444998838	0.00757781159261545004	0.00927088787839580077	12.69929020908372052645	10.62441950925677502937
27.90000000000000213163	0.96571774722429981619	-0.77540250440513991403	-0.74545852223987951746	0.00744924265072134054	0.00912376626784934704	12.89153493455442145432	10.76422732932079995294
28.00000000000000000000	0.96571002913133874301	-0.77577618437864614975	-0.74585897499407238787	0.00732329450711432899	0.00897735221354222478	13.09248103415119679482	10.90459170401308064413
28.10000000000000142109	0.96570253822808971300	-0.77614021026957302762	-0.74624824395986499859	0.00720300960860825561	0.00883531957282860346	13.26637742798448904580	11.03347330621698496600
28.20000000000000284217	0.96569524780614246495	-0.77649465555952679185	-0.74662579210187818290	0.00709023619916016815	0.00870228014702293523	13.43021541171640897971	11.15155899588321375404
28.30000000000000071054	0.96568816324746975521	-0.77683974943636446842	-0.74699108938947589298	0.00698295052617304082	0.00857562167815383025	13.58420578192007077689	11.26351282319540025867
28.40000000000000213163	0.96568128608947945146	-0.77717597280562777939	-0.74734409207026586408	0.00687961709176960687	0.00845320014228671639	13.73235849279397235989	11.37318516899297193845
28.50000000000000000000	0.96567461113308494802	-0.77750395700210350736	-0.74768511217898447896	0.00677902802173669088	0.00833335095299449040	13.87843169758944483760	11.48419068997578484925
28.60000000000000142109	0.96566812871929219586	-0.77782443336982109994	-0.74801467704458224350	0.00668104873168399050	0.00821429752796140611	14.02869972770114692651	11.60071437861413201631
28.70000000000000284217	0.96566182623437712973	-0.77813815581768330798	-0.74833348479089278893	0.00658449895958242333	0.00809560550438344524	14.18234059633066479478	11.72402552676453346692
28.80000000000000071054	0.96565568880949192998	-0.77844586140602378688	-0.74864237642797715200	0.00648797601854323586	0.00797657256314116166	14.34211176165161383267	11.85645252417811512657
28.90000000000000213163	0.96564969998048799660	-0.77874829162747438716	-0.74894223414014149398	0.00639138557828319159	0.00785671711817000594	14.51181915346394823985	11.99955084645333691640
29.00000000000000000000	0.96564382979229246295	-0.77904613457493732120	-0.74923388985532379802	0.00629444246305357370	0.00773534212567600962	14.68266085544325783019	12.15249274233079113117
29.10000000000000142109	0.96563808745761547936	-0.77933940333998019678	-0.74951754376117329937	0.00619643067142192951	0.00761212720170148169	14.86705809928183441571	12.30112536319729699130
29.20000000000000284217	0.96563246005007363770	-0.77962691376201020965	-0.74979268225807282899	0.00609501579830604764	0.00748805109318101750	15.07625349051624397134	12.46134649674423222621
29.30000000000000071054	0.96562697313890910600	-0.77990744441798121045	-0.75005903190989708929	0.00599147152276242358	0.00736365539012219083	15.30878635362575224121	12.63374179641736105850
29.40000000000000213163	0.96562163809381351687	-0.78018048980507359591	-0.75031675476205328401	0.00588694307205967372	0.00723936807359722590	15.56271629721377891542	12.81901350211856005501
29.50000000000000000000	0.96561645577876031865	-0.78044608011887017796	-0.75056630121630574237	0.00578234760173551056	0.00711551118815624117	15.83644132636246482093	13.01774749840154576930
29.60000000000000142109	0.96561142007996103587	-0.78070459261773961224	-0.75080829735104059885	0.00567863670662125015	0.00699176982111035777	16.12757850397766645756	13.23216461564401669193
29.70000000000000284217	0.96560651986660972490	-0.78095667213418829000	-0.75104346639197494540	0.00557613503932834903	0.00686849867957580861	16.43625209366894068808	13.46220377587144767517
29.80000000000000071054	0.96560174038955892684	-0.78120317422294460741	-0.75127261475435325178	0.00547528733532168504	0.00674682507177711260	16.76121506300481911467	13.70834805992577898337
29.90000000000000213163	0.96559706415111923317	-0.78144503738585158192	-0.75149658262149388044	0.00537643545071438481	0.00662652576110062206	17.10196818821921382892	13.96738187809532227845
30.00000000000000000000	0.96559242835057390586	-0.78168316914578173105	-0.75171613175305851406	0.00528017521334112755	0.00650760135917540037	17.45761734318167057722	14.23289396550173613321
30.10000000000000142109	0.96558791341346206227	-0.78191806713147227192	-0.75193154216424151759	0.00519028192805422173	0.00639372368393873510	17.77439381137018870049	14.47754915937799147230
30.20000000000000284217	0.96558346669802497253	-0.78214959688242147173	-0.75214205492354802018	0.00510868023603524950	0.00628958791933544731	18.06263229757665556008	14.69182539431918499417
30.30000000000000071054	0.96557909852632251013	-0.78237781322526422922	-0.75234697004030037792	0.00503261210562306466	0.00619205747968941747	18.32714087876747655059	14.89282223838777241554
30.40000000000000213163	0.96557481423853142033	-0.78260301962096689987	-0.75254608638503550644	0.00496008213075198497	0.00609867827443371247	18.57826644360006085321	15.08932469424757805143
30.50000000000000000000	0.96557056938642027433	-0.78282563038807995159	-0.75273952376695252298	0.00488957702208419557	0.00600762052581967337	18.82504725138579004806	15.28949196059761739264
30.60000000000000142109	0.96556644408660841084	-0.78304625195941768290	-0.75292774789737360042	0.00482066046469562491	0.00591724371027688937	19.07141144059426096646	15.50102437832430624098
30.70000000000000284217	0.96556238422927320730	-0.78326539673987782830	-0.75311126429959440731	0.00475207986768863989	0.00582690128802657286	19.32776028963831294050	15.72581033047685394877
30.80000000000000071054	0.96555837842687963768	-0.78348360543340711537	-0.75329075858259997300	0.00468271630572036392	0.00573595510036667075	19.60196381915271501839	15.96783917153498322250
30.90000000000000213163	0.96555441389236840166	-0.78370142495178585218	-0.75346695104774474849	0.00461257298399739887	0.00564400903609397694	19.89817143241850772029	16.23000506264125064604
31.00000000000000000000	0.96555047385323122811	-0.78391935086806974198	-0.75364051428043277170	0.00454137481834913231	0.00555048876723464486	20.20191106855140361631	16.51255755218558363140
31.10000000000000142109	0.96554655492200092137	-0.78413722063877655533	-0.75381150028636045857	0.00446908030227107650	0.00545529466973880117	20.54232233127173046228	16.79596277903526058140
31.20000000000000284217	0.96554265354694279733	-0.78435378688664647573	-0.75397934431292967794	0.00439336946860369691	0.00535929371707273734	20.92968127093643460057	17.10071615472384110035
31.30000000000000071054	0.96553879576440360122	-0.78456779006525223519	-0.75414372872686308291	0.00431559036571456389	0.00526309606631737530	21.36016488150043812766	17.42777245159813048758
31.40000000000000213163	0.96553499403291198622	-0.78477866746496383055	-0.75430473599910086158	0.00423692821227555829	0.00516719277973847705	21.82920851751759627746	17.77737794501937784730
31.50000000000000000000	0.96553125061101707782	-0.78498636824530432232	-0.75446270317158081742	0.00415832018758447667	0.00507195606216965644	22.33218969376127560622	18.14958561496069222585
31.60000000000000142109	0.96552756086159441384	-0.78519116112366360571	-0.75461811764760777788	0.00408060753690562585	0.00497722831286393202	22.86529997202836739234	18.54522869216673086612
31.70000000000000284217	0.96552391674472470839	-0.78539355943195277021	-0.75477154197921447754	0.00400425384834534812	0.00488354906279926324	23.42577328795523428084	18.96455252031700311477
31.80000000000000071054	0.96552030636780250550	-0.78559426529510256731	-0.75492359453554458426	0.00392968062016266564	0.00479184056934720687	24.00958015794429201151	19.40873889901608251307
31.90000000000000213163	0.96551671572345898475	-0.78579404194452995291	-0.75507490767073082161	0.00385721215334821135	0.00470183315926412000	24.61381568570934774698	19.87207207726735092024
32.00000000000000000000	0.96551310969422010633	-0.78599362189860944028	-0.75522604893057454500	0.00378738165582883160	0.00461371620914462297	25.23727721973583371096	20.35051282075538381378
32.10000000000000142109	0.96550952562493630449	-0.78619324093854470181	-0.75537702437098297459	0.00372350312575101114	0.00453030603231052795	25.78619901996956187418	20.79075465628553587294
32.20000000000000284217	0.96550594189248817312	-0.78639257291025654872	-0.75552687925779349332	0.00366715779018935827	0.00445590494127526184	26.26707969454661650843	21.17806549305219121493
32.30000000000000426326	0.96550237280170103649	-0.78659148065728434762	-0.75567471923698181779	0.00361555304996637444	0.00438738309671309664	26.69917255202026495908	21.52260977501292771308
32.39999999999999857891	0.96549882355721794447	-0.78679008480099088541	-0.75582017194426320827	0.00356673979046863128	0.00432238387554097388	27.10479111652798778209	21.85694316174980755818
32.50000000000000000000	0.96549529825135360639	-0.78698865997031597352	-0.75596324706717821229	0.00351927764239451119	0.00425919685762226035	27.50185570510693011670	22.19559806856921113649
32.60000000000000142109	0.96549179211381430665	-0.78718756055012795159	-0.75610417832190501830	0.00347261240819095969	0.00419647847863305161	27.89961976987793335070	22.55222133549137453201
32.70000000000000284217	0.96548829878272501848	-0.78738715506632306340	-0.75624337282503162339	0.00342570838914889883	0.00413353407460242874	28.31463473118719420540	22.93236024552855667480
32.80000000000000426326	0.96548481011223208359	-0.78758781310208458848	-0.75638137261474691631	0.00337776855301078448	0.00406984877719256642	28.76297249875078421155	23.34234635680186542572
32.89999999999999857891	0.96548131642401124886	-0.78778991299883172061	-0.75651875078182384549	0.00332890451205887072	0.00400512895620260424	29.24885808287932675853	23.78701590395371212594
33.00000000000000000000	0.96547777028903980501	-0.78799374913925634978	-0.75665599684807283154	0.00327890559237501442	0.00393891669180953738	29.75128046477885845889	24.27029321729308009026
33.10000000000000142109	0.96547423583327396379	-0.78819909017673839280	-0.75679311022702699940	0.00322812464917708077	0.00387112622179263581	30.32130792129767371534	24.75806902640555762218
33.20000000000000284217	0.96547068368107746839	-0.78840460521824173856	-0.75692945290873847597	0.00317409184634645080	0.00380248694672265545	30.96369529771641637694	25.28289838698236380310
33.30000000000000426326	0.96546713636406511494	-0.78860900435734759828	-0.75706467143306199752	0.00311830575465708339	0.00373371848217618832	31.68101395397744113325	25.84426268699414919183
33.39999999999999857891	0.96546360767441474771	-0.78881168928067157964	-0.75719878375216220778	0.00306197015052532464	0.00366537549127877180	32.45809403241302248944	26.44045849629197775243
33.50000000000000000000	0.96546010847945928912	-0.78901255824818372631	-0.75733203846971786088	0.00300598310453395858	0.00359786724935959703	33.28235715505331171471	27.06935829513749425246
