0.00000000000000000000	1.00000000000000000000	1.00000000000000000000	1.00000000000000000000	0.00000000000000000000	0.00000000000000000000	nan	nan
0.10000000000000000555	0.99999953876234815020	0.99920007791734222202	0.99935192652540150160	0.00039853081107040151	0.00032283450701153587	0.00000000000000000000	0.00000000000000000000
0.20000000000000001110	0.99999330931504915032	0.99680154145816401989	0.99740758759782788268	0.00158393970485240119	0.00128318522250833560	0.00000000000000000000	0.00000000000000000000
0.30000000000000004441	0.99998136378956303805	0.99281783590519168126	0.99417730555522765279	0.00354015949479378816	0.00286832321516463555	0.00000000000000000000	0.00000000000000000000
0.40000000000000002220	0.99996376244034135272	0.98726486317495709688	0.98967301776341132236	0.00625009829389937353	0.00506487321364290297	0.00000000000000000000	0.00000000000000000000
0.50000000000000000000	0.99994057344791709152	0.98016092611563021553	0.98390824097721796271	0.00969567945224748817	0.00785883904748114516	0.00000000000000000000	0.00000000000000000000
0.60000000000000008882	0.99991187271144432724	0.97152666950950827829	0.97689803395174434897	0.01385788264428234814	0.01123562964280492085	0.00000000000000000000	0.00000000000000000000
0.70000000000000006661	0.99987774363125103694	0.96138501792036923366	0.96865895837979765215	0.01871678602204951414	0.01518008552789792617	0.00000000000000000000	0.00000000000000000000
0.80000000000000004441	0.99983827688190407557	0.94976111052973077875	0.95920903823353809159	0.02425160934967685381	0.01967650580335367216	0.00000000000000000000	0.00000000000000000000
0.90000000000000002220	0.99979357017639758354	0.93668223310971021611	0.94856771758991542676	0.03044075803371514011	0.02470867553137693143	0.00000000000000000000	0.00000000000000000000
1.00000000000000000000	0.99974372802198430144	0.92217774728331836087	0.93675581702095134240	0.03726186796343728541	0.03025989349866822081	0.00000000000000000000	0.00000000000000000000
1.10000000000000008882	0.99968886146828372929	0.90627901722601822421	0.92379548863127802782	0.04469185107485468267	0.03631300030732029921	0.00000000000000000000	0.00000000000000000000
1.20000000000000017764	0.99962908784818027552	0.88901933396482057947	0.90971016982633468029	0.05270694155203732578	0.04285040674823212270	0.00000000000000000000	0.00000000000000000000
1.30000000000000004441	0.99956453051215055083	0.87043383743353008875	0.89452453589566316428	0.06128274257932493640	0.04985412241171366388	0.00000000000000000000	0.00000000000000000000
1.40000000000000013323	0.99949531855658346746	0.85055943644456710739	0.87826445149642251575	0.07039427355818052290	0.05730578449019971266	0.00000000000000000000	0.00000000000000000000
1.50000000000000000000	0.99942158654667678785	0.82943472673936413653	0.86095692112280874930	0.08001601770276559056	0.06518668672833939637	0.00000000000000000000	0.00000000000000000000
1.60000000000000008882	0.99934347423453284698	0.80709990728058711440	0.84263003864751084837	0.09012196992880887325	0.07347780847613887001	0.00000000000000000000	0.00000000000000000000
1.70000000000000017764	0.99926112627295515800	0.78359669495022621355	0.82331293602142119337	0.10068568495097557358	0.08215984380133681264	0.00000000000000000000	0.00000000000000000000
1.80000000000000004441	0.99917469192564201119	0.75896823781832256639	0.80303573121806959279	0.11168032550475755216	0.09121323061776323571	0.00000000000000000000	0.00000000000000000000
1.90000000000000013323	0.99908432477426845075	0.73325902714718016462	0.78182947550888670651	0.12307871060983380240	0.10061817978710078936	0.00000000000000000000	0.00000000000000000000
2.00000000000000000000	0.99899018242303561088	0.70651480829590695976	0.75972610015526964578	0.13485336379294599052	0.11035470415215496709	0.00000000000000000000	0.00000000000000000000
2.10000000000000008882	0.99889242620130991313	0.67878249068978990799	0.73675836260296745373	0.14697656118956833882	0.12040264746055745482	0.00000000000000000000	0.00000000000000000000
2.20000000000000017764	0.99879122086482163834	0.65011005701819402081	0.71295979226356864800	0.15942037944499465318	0.13074171313866492228	0.00000000000000000000	0.00000000000000000000
2.30000000000000026645	0.99868673429603527225	0.62054647182381472703	0.68836463596729957626	0.17215674333697048026	0.14135149287632087223	0.00000000000000000000	0.00000000000000000000
2.40000000000000035527	0.99857913720418445269	0.59014158964474539015	0.66300780317026941635	0.18515747304359717051	0.15221149498413580337	0.00000000000000000000	0.00000000000000000000
2.50000000000000000000	0.99846860282551785915	0.55894606286930681449	0.63692481099839248770	0.19839433098196976313	0.16330117248593709056	0.00000000000000000000	0.00000000000000000000
2.60000000000000008882	0.99835530662421656523	0.52701124946171007402	0.61015172920894034103	0.21183906814483718928	0.17459995091012237012	0.00000000000000000000	0.00000000000000000000
2.70000000000000017764	0.99823942599458426184	0.49438912071461593722	0.58272512514949670326	0.22546346986454338102	0.18608725574477177900	0.00000000000000000000	0.00000000000000000000
2.80000000000000026645	0.99812113996486140355	0.46113216918216382023	0.55468200879251616797	0.23923940093550513653	0.19774253952250891997	0.00000000000000000000	0.00000000000000000000
2.90000000000000035527	0.99800062890319451991	0.42729331694456462731	0.52605977792226565892	0.25313885002865355034	0.20954530850231226080	0.00000000000000000000	0.00000000000000000000
3.00000000000000000000	0.99787807422622565312	0.39292582435248707418	0.49689616354928567432	0.26713397333347471685	0.22147514891669353720	0.00000000000000000000	0.00000000000000000000
3.10000000000000008882	0.99775365811070215738	0.35808319939639143836	0.46722917562569798999	0.28119713736557683248	0.23351175275392549446	0.00000000000000000000	0.00000000000000000000
3.20000000000000017764	0.99762756320853729353	0.32281910784273193382	0.43709704913295105433	0.29530096088008928046	0.24563494304625071996	0.00000000000000000000	0.00000000000000000000
3.30000000000000026645	0.99749997236570164816	0.28718728427545592297	0.40653819061153978476	0.30941835583363419548	0.25782469863636264806	0.00000000000000000000	0.00000000000000000000
3.40000000000000035527	0.99737106834538080680	0.25124144417761218318	0.37559112520043402839	0.32352256734012707629	0.27006117839571153194	0.00000000000000000000	0.00000000000000000000
3.50000000000000000000	0.99724103355567972340	0.21503519718399977112	0.34429444425167321508	0.33758721256817947332	0.28232474486955017046	0.00000000000000000000	0.00000000000000000000
3.60000000000000008882	0.99711004978230299844	0.17862196163183263753	0.31268675358363734462	0.35158631853052624283	0.29459598732498465390	0.00000000000000000000	0.00000000000000000000
3.70000000000000017764	0.99697829792651160297	0.14205488053222442568	0.28080662243421544710	0.36549435871851337909	0.30685574417963373817	0.00000000000000000000	0.00000000000000000000
3.80000000000000026645	0.99684595774861128881	0.10538673908097950793	0.24869253317283465665	0.37928628853734336346	0.31908512478985101568	0.00000000000000000000	0.00000000000000000000
3.90000000000000035527	0.99671320761734039095	0.06866988382280075909	0.21638283182815359895	0.39293757950053276318	0.33126553057884206011	0.00000000000000000000	0.00000000000000000000
4.00000000000000000000	0.99658022426544268235	0.03195614357842563313	0.18391567948579343184	0.40642425214474675599	0.34337867548636402670	0.00000000000000000000	0.00000000000000000000
4.10000000000000053291	0.99644718255155095843	-0.00470324776042829740	0.15132900460814313615	0.41972290762886765858	0.35540660572299387354	0.00000000000000000000	0.00000000000000000000
4.20000000000000017764	0.99631425522881589263	-0.04125772646818004485	0.11866045632602681414	0.43281075798404011756	0.36733171881337189912	0.00000000000000000000	0.00000000000000000000
4.29999999999999982236	0.99618161272032579312	-0.07765747215929114100	0.08594735874943865150	0.44566565498406068846	0.37913678191408844986	0.00000000000000000000	0.00000000000000000000
4.40000000000000035527	0.99604942290159015350	-0.11385347880856649949	0.05322666634236949967	0.45826611760834090603	0.39080494939319487813	0.00000000000000000000	0.00000000000000000000
4.50000000000000000000	0.99591785089032192069	-0.14979762353247416673	0.02053492040408125274	0.47059135807243096528	0.40231977965975762590	0.00000000000000000000	0.00000000000000000000
4.60000000000000053291	0.99578705884359985934	-0.18544273305109820749	-0.01209179330284276821	0.48262130640378619884	0.41366525123288561128	0.00000000000000000000	0.00000000000000000000
4.70000000000000017764	0.99565720576261584895	-0.22074264775543206429	-0.04461788574020639220	0.49433663354326429218	0.42482577804123533571	0.00000000000000000000	0.00000000000000000000
4.80000000000000071054	0.99552844730515233085	-0.25565228330981393245	-0.07700830456214419195	0.50571877295553469001	0.43578622394498750525	0.00000000000000000000	0.00000000000000000000
4.90000000000000035527	0.99540093560585174437	-0.29012768972442076754	-0.10922857283050457777	0.51674994073425861707	0.44653191647365642059	0.00000000000000000000	0.00000000000000000000
5.00000000000000000000	0.99527481910446280455	-0.32412610783789097546	-0.14124482644700100953	0.52741315419062817504	0.45704865977422254320	0.00000000000000000000	0.00000000000000000000
5.10000000000000053291	0.99515024222347514549	-0.35760602295963372921	-0.17302385010715709557	0.53769225855723701279	0.46732275869495382148	0.00000007278790492125	0.00000010342450457255
5.20000000000000017764	0.99502734403149084574	-0.39052721501174580965	-0.20453311110094671288	0.54757204834981987318	0.47734116073267796043	0.00000113604338458011	0.00000160927526354552
5.30000000000000071054	0.99490625875761662389	-0.42285080745740522001	-0.23574079338072198575	0.55703838318499210303	0.48709159141993202402	0.00000560850972888420	0.00000792021964588833
5.40000000000000035527	0.99478711529771901567	-0.45453931218519183499	-0.26661582907116099239	0.56607820128946628735	0.49656256391365916070	0.00001729489539461411	0.00002434618031838697
5.50000000000000000000	0.99467003673092513338	-0.48555667117443301883	-0.29712792826635092691	0.57467952109493802837	0.50574337496299570649	0.00004122534704065929	0.00005784501656281118
5.60000000000000053291	0.99455513986045762653	-0.51586829483675589181	-0.32724760698991250951	0.58283144089350480410	0.51462409961777677569	0.00008352195868015077	0.00011680320308000222
5.70000000000000017764	0.99444256676332087874	-0.54544112258583243857	-0.35694623209401787900	0.59052414486420568007	0.52319559542507931837	0.00015128810246441935	0.00021084995542003924
5.80000000000000071054	0.99433241182188947249	-0.57424359672905977980	-0.38619600399270664903	0.59774882327328560105	0.53144947078256832285	0.00025251708424429807	0.00035069931326558215
5.90000000000000035527	0.99422478119235913052	-0.60224573685909810195	-0.41497001261952282114	0.60449775864222832222	0.53937809534325620309	0.00039601704970577387	0.00054801550141391744
6.00000000000000000000	0.99411977586655364547	-0.62941915194935482702	-0.44324224841255321916	0.61076428225365431146	0.54697458434762835644	0.00059134969668584922	0.00081529766455763568
6.10000000000000053291	0.99401749158517016536	-0.65573706154259481238	-0.47098762059394105872	0.61654276280419217926	0.55423278713701351617	0.00084878061433276146	0.00116578063255105726
6.20000000000000017764	0.99391801876545426975	-0.68117431345719281488	-0.49818197337234781941	0.62182859324016659386	0.56114727445101308945	0.00117923943167497257	0.00161334889960054089
6.30000000000000071054	0.99382144243703318676	-0.70570739805096216468	-0.52480210007332983579	0.62661817582060774789	0.56771332454474143780	0.00159428821618475556	0.00217246141742364002
6.40000000000000035527	0.99372784219015286578	-0.72931445911202863464	-0.55082575522170895699	0.63090890549405431731	0.57392690817671743186	0.00210609678211790864	0.00285808515864472736
6.50000000000000000000	0.99363732782352010009	-0.75197533714699449359	-0.57623170030118564533	0.63469915166920654048	0.57978467252304000112	0.00272742374947059938	0.00368563570533342192
6.60000000000000053291	0.99354996530993311410	-0.77367150041947685413	-0.60099963786307131208	0.63798831500880948120	0.58528392407632834349	0.00347160151019830976	0.00467092336907846267
6.70000000000000017764	0.99346581749050821841	-0.79438608700201207569	-0.62511025844445011757	0.64077667367516011332	0.59042261062963463658	0.00435252648783530927	0.00583010356160706608
6.80000000000000071054	0.99338494410987643324	-0.81410390259303666571	-0.64854524501041999063	0.64306541919907400651	0.59519930237222384850	0.00538465156907368212	0.00717963054256647894
6.90000000000000035527	0.99330740105179848864	-0.83281141526864155278	-0.67128727484198857933	0.64485663280783311890	0.59961317222631782542	0.00658298102212567099	0.00873621307811942548
7.00000000000000000000	0.99323323988481737601	-0.85049674786415685457	-0.69332002008454940434	0.64615326064849532006	0.60366397549905759234	0.00796306707789130527	0.01051677158490186767
7.10000000000000053291	0.99316250762421287579	-0.86714966805027426933	-0.71462814696876342246	0.64695908802738144594	0.60735202894359896497	0.00954100755846693481	0.01253839594727695905
7.20000000000000017764	0.99309524661771053644	-0.88276157617629746888	-0.73519731372354157894	0.64727871278910242836	0.61067818932721895653	0.01133344396591563254	0.01481830338801509543
7.30000000000000071054	0.99303149450051153568	-0.89732549099618186261	-0.75501416724530567848	0.64711751795997296544	0.61364383160689950358	0.01335755945902630630	0.01737379585362776660
7.40000000000000035527	0.99297128419059821347	-0.91083603342145802451	-0.77406633861797780050	0.64648164378134653774	0.61625082681469200985	0.01563107614769717810	0.02022221644349685848
7.50000000000000000000	0.99291464390865002976	-0.92328940845938811677	-0.79234243759512557048	0.64537795915945572744	0.61850151975615885735	0.01817225112673262824	0.02338090446975943024
7.60000000000000053291	0.99286159721375244480	-0.93468338550260532394	-0.80983204616484205651	0.64381403303177031638	0.62039870662509832844	0.02099987063571983129	0.02686714878392364517
7.70000000000000017764	0.99281216305012831569	-0.94501727713706307199	-0.82652571132273155996	0.64179810522685287744	0.62194561263732017764	0.02413324171652176872	0.03069813904756561740
7.80000000000000071054	0.99276635580185279562	-0.95429191663239143484	-0.84241493717982263156	0.63933905728278050962	0.62314586978455821509	0.02759218067289035542	0.03489091465850695933
7.90000000000000035527	0.99272418535336537371	-0.96250963427552638230	-0.85749217653133102957	0.63644638325165592274	0.62400349480709393912	0.03139699758179212430	0.03946231107228909823
8.00000000000000000000	0.99268565715454182286	-0.96967423270210706399	-0.87175082201016496075	0.63313016059706039851	0.62452286748080210188	0.03556847602698989114	0.04442890328066724515
8.09999999999999964473	0.99265078422093910859	-0.97579097329964259444	-0.88518518689304970248	0.62940102128752029031	0.62470870973771430723	0.04012784713153851740	0.04980694615742307235
8.20000000000000106581	0.99261955486428377071	-0.98086651763423748918	-0.89779052263168046544	0.62527012316731311881	0.62456606356742705444	0.04509675685684955138	0.05561231178937354330
8.30000000000000071054	0.99259196098278912324	-0.98490892883660841051	-0.90956298644813027288	0.62074912163563777945	0.62410027208828633416	0.05049722541503274403	0.06186040576948719644
8.40000000000000035527	0.99256799123740269142	-0.98792763735913979861	-0.92049963734578732488	0.61585014199325083251	0.62331695951042842552	0.05635159744535764986	0.06856614836779259536
8.50000000000000000000	0.99254763019417990844	-0.98993341237565346535	-0.93059842773521983528	0.61058575206333176588	0.62222201226157558551	0.06268248151286597014	0.07574385314659061452
8.59999999999999964473	0.99253085836728183189	-0.99093833377650675232	-0.93985819439176210288	0.60496893547154140247	0.62082156091200402237	0.06951267723152924904	0.08340716258657746018
8.70000000000000106581	0.99251765226881705217	-0.99095576396010354170	-0.94827864970258812782	0.59901306554426203554	0.61912196292845111945	0.07686508811220657544	0.09156896649565812729
8.80000000000000071054	0.99250798445179011509	-0.99000031946881117406	-0.95586037325230310824	0.59273187986545472494	0.61712978631236070637	0.08476261798561221528	0.10024131529824863163
8.90000000000000035527	0.99250182354430027676	-0.98808784251402137500	-0.96260480379696933273	0.58613945552047486132	0.61485179416186319656	0.09322804857224417652	0.10943532845163610190
9.00000000000000000000	0.99249913427324698567	-0.98523537242110914569	-0.96851423166489025718	0.57925018436967201652	0.61229493018830338791	0.10228389557826132739	0.11916109773636716918
9.09999999999999964473	0.99249987747524270887	-0.98146111700846394577	-0.97359179160981001999	0.57207875098134930436	0.60946630520947886467	0.11195223983521700173	0.12942758510785770665
9.20000000000000106581	0.99250401009280875275	-0.97678442389834352344	-0.97784145613027861899	0.56464010939814290868	0.60637318463326872475	0.12225453057024725234	0.14024251476179228071
9.30000000000000071054	0.99251148515338927236	-0.97122575174551273314	-0.98126802925593326066	0.55694946120493982189	0.60302297693656814470	0.13321135663462771448	0.15161225902897368378
9.40000000000000035527	0.99252225172870600645	-0.96480664135371174694	-0.98387714078899968229	0.54902223427180896209	0.59942322313588514149	0.14484218147120409004	0.16354171768446132407
9.50000000000000000000	0.99253625487192431720	-0.95754968663614992153	-0.98567524097694780849	0.54087406213949196232	0.59558158723749099472	0.15716503706274026486	0.17603419021864946670
9.60000000000000142109	0.99255343552996599943	-0.94947850536988520620	-0.98666959557996780639	0.53252076217156452120	0.59150584764659774883	0.17019617217136842613	0.18909124058535420332
9.70000000000000106581	0.99257373042831675836	-0.94061770966532953775	-0.98686828128512715796	0.52397831943159411949	0.58720388950709034859	0.18394964709039343664	0.20271255391167644633
9.80000000000000071054	0.99259707192545465482	-0.93099287606375491499	-0.98628018140754625254	0.51526286607387850047	0.58268369793540952806	0.19843687112257499261	0.21689578463098910244
9.90000000000000035527	0.99262340330784881726	-0.92063050193717022029	-0.98491499728230846866	0.50639066363233009582	0.57795335210466158848	0.21366607322959504933	0.23163639547679040764
10.00000000000000000000	0.99265263781096235718	-0.90955800136868902861	-0.98278320332851054619	0.49737807578855147694	0.57302101921791348538	0.22964170460996527479	0.24692748756828689083
10.10000000000000142109	0.99268469800320113805	-0.89780456075374415192	-0.97989623969867478692	0.48809490374936104207	0.56775245570365751036	0.24643313187241691620	0.26282135714625359801
10.20000000000000106581	0.99271948946397581270	-0.88540230564673505498	-0.97626691011076804916	0.47842103393757617891	0.56202116044009076123	0.26412171279663709811	0.27937974623855810208
10.30000000000000071054	0.99275692841587592774	-0.87238578238432040735	-0.97190959256536579858	0.46839148186394885531	0.55584900175878393380	0.28272354281165668066	0.29660677825943976282
10.40000000000000035527	0.99279689900190726259	-0.85879108244737678568	-0.96684008566402324103	0.45804184022123067832	0.54925844846238103258	0.30224849268602549390	0.31450345763549747424
10.50000000000000000000	0.99283929278302918142	-0.84465570160809255729	-0.96107560236428568601	0.44740817742599198192	0.54227250886196531887	0.32269870710415288206	0.33306731036678483004
10.60000000000000142109	0.99288399592871512400	-0.83001844466992769078	-0.95463470911800618612	0.43652693757907312655	0.53491466988769242885	0.34406668452824173965	0.35229183611087722117
10.70000000000000106581	0.99293088951823116339	-0.81491931576099752021	-0.94753727604803894558	0.42543484034257916804	0.52720883668961782131	0.36633299781976552678	0.37216587565910003166
10.80000000000000071054	0.99297984978424558289	-0.79939940554374733228	-0.93980442490197735328	0.41416878101574461368	0.51917929011150065755	0.38946362058178690679	0.39267299557621104800
10.90000000000000035527	0.99303074832109528014	-0.78350077550829688722	-0.93145847512069568364	0.40276573103966417655	0.51085060431486628563	0.41340681965656184138	0.41379057357583531873
11.00000000000000000000	0.99308344412544591329	-0.76726633181193881761	-0.92252288592047304583	0.39126263890818452351	0.50224759417394793104	0.43808957995136976749	0.43548895993221953260
11.10000000000000142109	0.99313781646787446800	-0.75073973577244768052	-0.91302219297088027528	0.37969633272059000184	0.49339526531669958276	0.46341335528579963299	0.45773054895006543008
11.20000000000000106581	0.99319371949460744098	-0.73396523642956301714	-0.90298196781943707023	0.36810342207453405905	0.48431874870566787861	0.48924956103055522449	0.48046851564810694191
11.30000000000000071054	0.99325101360091938574	-0.71698757529187284732	-0.89242873613958351164	0.35652020192693989475	0.47504324819177162764	0.51543462793043337555	0.50364587508195435284
11.40000000000000035527	0.99330951606409445542	-0.69985186300070523213	-0.88138989124691280441	0.34498255358097479339	0.46559398274799873585	0.54176468211936601449	0.52719423929191344680
11.50000000000000000000	0.99336917018411463598	-0.68260340882820913500	-0.86989372323456615188	0.33352586433419917356	0.45599613004305555863	0.56798995631675908147	0.55103257163148366971
11.60000000000000142109	0.99342979319087121315	-0.66528762931601448383	-0.85796923222532284203	0.32218488932101785327	0.44627474432010710848	0.59381281318329270924	0.57506603213064855229
11.70000000000000106581	0.99349123090471169739	-0.64794990976149113848	-0.84564611033593761746	0.31099374760923620409	0.43645475196671895679	0.61887219791857195350	0.59918407516983362981
11.80000000000000071054	0.99355333241931098609	-0.63063546439541562361	-0.83295467033731529494	0.29998576309911156867	0.42656087416795951395	0.64274762590503453641	0.62325905065487463563
11.90000000000000035527	0.99361594625419979998	-0.61338920774438465688	-0.81992576819088869300	0.28919339877706595754	0.41661757614492106461	0.66495211049680658100	0.64714477514801904690
12.00000000000000000000	0.99367892096876420105	-0.59625562212724292355	-0.80659072777281304312	0.27864817241654959989	0.40664901572476064295	0.68492986948954048820	0.67067503833353947496
12.10000000000000142109	0.99374210565013088026	-0.57927862526423556933	-0.79298126402785051869	0.26838057480566368529	0.39667899293397074212	0.70205695364589215668	0.69366220608811757220
12.20000000000000106581	0.99380535027550354066	-0.56250143842481759027	-0.77912940469491642759	0.25841999069270227274	0.38673090061951514995	0.71564597401415697142	0.71589598697782863557
12.30000000000000071054	0.99386850604631349348	-0.54596645562643875138	-0.76506741086266694118	0.24879462264925061854	0.37682767618355500483	0.72495630310515868366	0.73714244859202449067
12.40000000000000035527	0.99393142573772419457	-0.52971511435364038167	-0.75082769657548686926	0.23953141804460575948	0.36699175451926585589	0.72921128452720862523	0.75714339046395762178
12.50000000000000000000	0.99399396406840700990	-0.51378776824045302440	-0.73644274768585438196	0.23065599932906905023	0.35724502226997550958	0.72762403380990836599	0.77561620306327327956
12.60000000000000142109	0.99405598961283803128	-0.49822357209995665750	-0.72194505030529110279	0.22219260335863250111	0.34760877665257566838	0.71943322579435065034	0.79225435054583370764
12.70000000000000106581	0.99411735317278437929	-0.48306033196688602516	-0.70736698026715238985	0.21416400341076591296	0.33810367327294321704	0.70395002241668236387	0.80672872621153091099
12.80000000000000071054	0.99417791799885490978	-0.46833441256885571802	-0.69274074768367610577	0.20659146520104851308	0.32874969333802073201	0.68061595485746373413	0.81868994707147835221
12.90000000000000035527	0.99423755087292642330	-0.45408061413902411907	-0.67809830655737135530	0.19949468784663279552	0.31956610116385891773	0.64907088656777656155	0.82777193135621085496
13.00000000000000000000	0.99429611304478393574	-0.44033205413033310593	-0.66347126589876481706	0.19289174965248676030	0.31057140378670450298	0.60922792898090116775	0.83359694294689368199
13.10000000000000142109	0.99435348766314235469	-0.42712009070075090955	-0.64889084338942848440	0.18679914148617285385	0.30178332113422989824	0.56136817762265767140	0.83578228683018040979
13.20000000000000106581	0.99440955398216657191	-0.41447419560780340841	-0.63438772526330866608	0.18123154108810865526	0.29321874562977173762	0.50615764255323736354	0.83394898660251159939
13.30000000000000071054	0.99446420482274267005	-0.40242186938971774568	-0.61999202003666720184	0.17620192905556736340	0.28489371430424537124	0.44475357428890310851	0.82773249415712801813
13.40000000000000035527	0.99451733346774628952	-0.39098853642071695891	-0.60573321188130624382	0.17172152712614213721	0.27682337354475017310	0.37881516746304261245	0.81679567009865816640
13.50000000000000000000	0.99456884035586312631	-0.38019747737116921238	-0.59164003786979557642	0.16779975590987777911	0.26902195360466363283	0.31049225911630107255	0.80084395684757858636
13.60000000000000142109	0.99461861741552859417	-0.37006973865381831423	-0.57774041960275457352	0.16444421476244847069	0.26150273930697121028	0.24236632200947205718	0.77964270255287682065
13.70000000000000106581	0.99466657330722452190	-0.36062408320786215610	-0.56406140997821119232	0.16166067624805011138	0.25427805185319335424	0.17733943208323127427	0.75303626431200720859
13.80000000000000071054	0.99471262325339127042	-0.35187692188275271343	-0.55062911665979163978	0.15945307239542444444	0.24735922545252722604	0.11847397399121939454	0.72096847946088082892
13.90000000000000035527	0.99475668927585958468	-0.34384226093907971356	-0.53746863611563944207	0.15782349071510046179	0.24075658877927866297	0.06879395837713737916	0.68350368923076076921
14.00000000000000000000	0.99479870040977402823	-0.33653165790844719041	-0.52460399080708275399	0.15677217589100944650	0.23447944936969478125	0.03106695725052334781	0.64084729881058055678
14.10000000000000142109	0.99483859289320419883	-0.32995418609821053346	-0.51205806980121537642	0.15629753719545130819	0.22853607975459219737	0.00759143004095325959	0.59336457262122943579
14.20000000000000106581	0.99487631033175583095	-0.32411640799414226377	-0.49985257306768177132	0.15639616165663980385	0.22293370724662101012	0.00001601673907266128	0.54159612334912943243
14.30000000000000071054	0.99491183952632034071	-0.31902237398535887580	-0.48800798911545301140	0.15706283628153960841	0.21767851907502416831	0.00921426915961695570	0.48626698603692497525
14.40000000000000035527	0.99494511077197256288	-0.31467356517716549291	-0.47654346363204541648	0.15829052349082028961	0.21277561890224103158	0.03523130257798564452	0.42829281242818151298
14.50000000000000000000	0.99497609164727773834	-0.31106893806484847698	-0.46547683513975873781	0.16007046842579580881	0.20822906255852041690	0.07730558771570521237	0.36877424776685119312
14.60000000000000142109	0.99500475771120500124	-0.30820492327280724076	-0.45482457142937882111	0.16239220243753280104	0.20404184766818803110	0.13396070036698232153	0.30898195741552680893
14.70000000000000106581	0.99503109259895261562	-0.30607544586787860386	-0.44460173558479698652	0.16524358467448818644	0.20021591562313023616	0.20315153313569275784	0.25033137683679546059
14.80000000000000071054	0.99505509931015301284	-0.30467195982283590272	-0.43482196555825874951	0.16861084993011266064	0.19675216225777780732	0.28244296364363102869	0.19434644188254177055
14.90000000000000035527	0.99507676787948540209	-0.30398347372562545265	-0.42549742332358858610	0.17247865867363323944	0.19365042954428679511	0.36919784136822997311	0.14261412584687011007
15.00000000000000000000	0.99509610201415921171	-0.30399660887104984486	-0.41663879737207476506	0.17683015172973357010	0.19090956036935560758	0.46075284642150859948	0.09672691058056885616
15.10000000000000142109	0.99511312567202414581	-0.30469511437397039932	-0.40825446912418866807	0.18172385119043735213	0.18861210462311114866	0.55420550074653818218	0.05826430610680381761
15.20000000000000106581	0.99512786898720617668	-0.30605933935387341638	-0.40034960427097726621	0.18721640097712949347	0.18683805132256997572	0.64677003359217033474	0.02864035412726673516
15.30000000000000071054	0.99514036533113681138	-0.30806682621703829206	-0.39292693990496235790	0.19328469934594499913	0.18557867412444395416	0.73634883419946794980	0.00904627716132353106
15.40000000000000035527	0.99515066266597274058	-0.31069299690904084166	-0.38598772956028698511	0.19990424125859526661	0.18482446947058572828	0.82128711675022092464	0.00038470524337249750
15.50000000000000000000	0.99515881574339548621	-0.31391121763424917335	-0.37953175851732179336	0.20704916808799236905	0.18456477552289812794	0.90037393399703746777	0.00320784472477810608
15.60000000000000142109	0.99516488606355768542	-0.31769288108062654352	-0.37355735219660468616	0.21469232361914239449	0.18478787983970551556	0.97281149384042964190	0.01769305333370899125
15.70000000000000106581	0.99516895207462874318	-0.32200750458640092777	-0.36806140376279622428	0.22280531377923629144	0.18548103988032085820	1.03816418215001982084	0.04364036985780497813
15.80000000000000071054	0.99517108391989184124	-0.32682280098013294367	-0.36303937122160701012	0.23135860462107599167	0.18663050649880386089	1.09629686137568471693	0.08049432345705102854
15.90000000000000035527	0.99517136196787059355	-0.33210481835257438243	-0.35848532133263333321	0.24032192551953476811	0.18822155293066139548	1.14730347168524771106	0.12738706495436399879
16.00000000000000000000	0.99516987334092288364	-0.33781803364839135817	-0.35439195335408940624	0.24966350499118808437	0.19023850375643944211	1.19146863445104878032	0.18319714453844243573
16.10000000000000142109	0.99516671088222141695	-0.34392544573304689726	-0.35075063144940427096	0.25935068650312009808	0.19266477110703164599	1.22919899135797594525	0.24661851254491057306
16.19999999999999928946	0.99516197290791663654	-0.35038870706020019963	-0.34755142156783197516	0.26935015310610510575	0.19548289266807883369	1.26097623634591249342	0.31623280001981923792
16.30000000000000071054	0.99515576263719940364	-0.35716825575980726271	-0.34478313112811509455	0.27962781360001759401	0.19867457254757606155	1.28732574468842853044	0.39057915123532199742
16.40000000000000213163	0.99514818787433889646	-0.36422344630017033928	-0.34243335318087109176	0.29014893351113801856	0.20222072584898193037	1.30878767309080812353	0.46821686874990736671
16.50000000000000000000	0.99513936061908614406	-0.37151268625442945837	-0.34048851431858956351	0.30087821861434682624	0.20610152645084889311	1.32589668677580663214	0.54777763420440450659
16.60000000000000142109	0.99512939669983180302	-0.37899357833129848627	-0.33893392490580026566	0.31177992991496122910	0.21029642911175139286	1.33916584708352681687	0.62800700691487498784
16.69999999999999928946	0.99511841538910006388	-0.38662306859029249573	-0.33775383664820313179	0.32281800038503349892	0.21478430883193583290	1.34907849466236395841	0.70778795575627417858
16.80000000000000071054	0.99510653891237488278	-0.39435759729016373054	-0.33693150330974780404	0.33395612465099244748	0.21954343678783469485	1.35608192380086256534	0.78616069828519030693
16.90000000000000213163	0.99509389203124121170	-0.40215325359980702569	-0.33644924266006631663	0.34515787001752495922	0.22455156490985850315	1.36058455559769897469	0.86232737024770123035
17.00000000000000000000	0.99508060158481925761	-0.40996593348014098712	-0.33628850316826386369	0.35638678836554960050	0.22978598756867688047	1.36295520871549569186	0.93564956937659282676
17.10000000000000142109	0.99506679601727876516	-0.41775150032315538917	-0.33642993407669824490	0.36760652896911644172	0.23522360559885355236	1.36352386877926412545	1.00563962372105630827
17.19999999999999928946	0.99505260489411984093	-0.42546594775569984703	-0.33685345869549160325	0.37878095199511613300	0.24084099245750928420	1.36258345615699205666	1.07194752927753600424
17.30000000000000071054	0.99503815840936526982	-0.43306556399571011218	-0.33753835073218041440	0.38987424236384182752	0.24661446228908018297	1.36039221026543222237	1.13434528094071573889
17.40000000000000213163	0.99502358688535130771	-0.44050709712730035106	-0.33846331344452329493	0.40085102360010471667	0.25252013965432884568	1.35717640764078018023	1.19271002277032311945
17.50000000000000000000	0.99500902026708670789	-0.44774792064096047284	-0.33960656138022393691	0.41167647130271434186	0.25853403067476882216	1.35313321034846012481	1.24700712309854067072
17.60000000000000142109	0.99499458762894388286	-0.45474619856861164813	-0.34094590414006564760	0.42231642564072341406	0.26463208793391224116	1.34843350343475898434	1.29727424546420322393
17.69999999999999928946	0.99498041662555614106	-0.46146104948990845918	-0.34245883246304770209	0.43273750265176402774	0.27079029844513596847	1.34322462660958574787	1.34360584862348364510
17.80000000000000071054	0.99496663265187212932	-0.46785270839437537171	-0.34412250022015439255	0.44290720350568857366	0.27698201116990039949	1.33763294236484631128	1.38617582884395407206
17.90000000000000213163	0.99495335960474928783	-0.47388268643315467621	-0.34591387867620160268	0.45279402215906827678	0.28318512195598988246	1.33176620072663909333	1.42512671157211912032
18.00000000000000000000	0.99494071797025296355	-0.47951392797551584124	-0.34780995146771342963	0.46236754952063180424	0.28937591868263173867	1.32571569535269828677	1.46065058447537388098
18.10000000000000142109	0.99492882521438830157	-0.48471096322389106703	-0.34978773180159772327	0.47159857499646662404	0.29553102780486500967	1.31955820482846886144	1.49295109866407882393
18.19999999999999928946	0.99491779421426562724	-0.48944005447943339515	-0.35182434441741039510	0.48045918374520035776	0.30162716969159886204	1.31335770052651357176	1.52224425321678302758
18.30000000000000071054	0.99490773145937327904	-0.49366933723194272865	-0.35389728056362756980	0.48892285076945607436	0.30764900827556751484	1.30716688669655067834	1.54884871251480538135
18.40000000000000213163	0.99489874265221212024	-0.49736896330125579535	-0.35598435072663064949	0.49696452980183769554	0.31356819249403955485	1.30102852794058709840	1.57287119293495591954
18.50000000000000000000	0.99489092664100153840	-0.50051122347961018999	-0.35806360348062260535	0.50456073696980774379	0.31936322835015723554	1.29497661191124402436	1.59451539658212415596
18.60000000000000142109	0.99488437646306870921	-0.50307067121446569224	-0.36011356610297318159	0.51168962915541849057	0.32501326511461675617	1.28903735268947583492	1.61397633359742664894
18.69999999999999928946	0.99487918926120388896	-0.50502424629928865940	-0.36211334260190242151	0.51833107643888043370	0.33049816101587148331	1.28323005115659682929	1.63143861575612536541
18.80000000000000071054	0.99487542589092936574	-0.50635134088250155493	-0.36404266094354892358	0.52446672663745608212	0.33579854475881104614	1.27756783306249954713	1.64707529592193835377
18.90000000000000213163	0.99487316943629189314	-0.50703395208341761613	-0.36588201463725977813	0.53008006399280871435	0.34089587936958409831	1.27205826125123722115	1.66104701403008014893
19.00000000000000000000	0.99487248642817460720	-0.50705672971684701000	-0.36761270690047098686	0.53515644296396880364	0.34577251815933790491	1.26670387641777448806	1.67350188140431166417
19.10000000000000142109	0.99487343574169218030	-0.50640705285249576484	-0.36921693844704817078	0.53968284711695480027	0.35041176125867223856	1.26150295397840195299	1.68457514143081277247
19.20000000000000284217	0.99487606783968485225	-0.50507491739176857415	-0.37067788326387102193	0.54364067364984414166	0.35479790793769960811	1.25645705558072373620	1.69438929881642774689
19.30000000000000071054	0.99488043886734667254	-0.50305316468824234910	-0.37197977079612210005	0.54702708654568998892	0.35891630586322109675	1.25154512329120426450	1.70305450347851006221
19.40000000000000213163	0.99488657388239376544	-0.50033766089713449521	-0.37310791974938112281	0.54983515163946539150	0.36275330537364314232	1.24675178027881417009	1.71066991836421600226
19.50000000000000000000	0.99489449987099654038	-0.49692721300199421686	-0.37404883254707055329	0.55205996170699656034	0.36629646975183105528	1.24205762355146664966	1.71732134910487799218
19.60000000000000142109	0.99490424634117347047	-0.49282358892504779524	-0.37479025851578545714	0.55369865109364746480	0.36953454239418254135	1.23743937348242494245	1.72308305167371456079
19.70000000000000284217	0.99491581381715477050	-0.48803149457270733613	-0.37532121700435028266	0.55475040224076532791	0.37245746180674788040	1.23286987044746254583	1.72801828552050662502
19.80000000000000071054	0.99492920350899272108	-0.48255859929295019661	-0.37563207649552610157	0.55521647490878633935	0.37505640864069544893	1.22831801521897676643	1.73217954193193457435
19.90000000000000213163	0.99494440778538972836	-0.47641551352499789118	-0.37571458902220400411	0.55510034928118134889	0.37732382332671682290	1.22374826219132226690	1.73560899916770106088
20.00000000000000000000	0.99496137822596908418	-0.46961572878921686858	-0.37556189767045339289	0.55440734044896566868	0.37925338596653834777	1.21912075207471981564	1.73833876055142666495
20.10000000000000142109	0.99498014876805118689	-0.46217586029448365359	-0.37516904419679797389	0.55322837398881274940	0.38089876313448339795	1.21404404777297858509	1.74012805429397277024
20.20000000000000284217	0.99500067085020527102	-0.45411551542901573697	-0.37453299592827354880	0.55167833567718871368	0.38231487291695143149	1.20826921988601165836	1.74067074037034297262
20.30000000000000071054	0.99502289738224969362	-0.44545690759426886940	-0.37365220008899624471	0.54975360170324905074	0.38349777322352185394	1.20171310777947248916	1.73990415396500597289
20.40000000000000213163	0.99504676256200674800	-0.43622456656028701927	-0.37252625947300355147	0.54746233206145644701	0.38444435851960701012	1.19431435867735191714	1.73776385801114763296
20.50000000000000000000	0.99507220732697276855	-0.42644539662337899166	-0.37115600782076751951	0.54481112836105383135	0.38515236320990975383	1.18599902518357747105	1.73418205287362003908
20.60000000000000142109	0.99509916597047065601	-0.41614860383423091239	-0.36954353792261895872	0.54180813576160347100	0.38562034580857784682	1.17668923730964514185	1.72908714879667146924
20.70000000000000284217	0.99512756468305840762	-0.40536565050744199912	-0.36769223545021678667	0.53846336350535606297	0.38584773917979847679	1.16630626903257406113	1.72240410235334606703
20.80000000000000071054	0.99515721148109270722	-0.39413007837587343829	-0.36560669836101117314	0.53478773967080039942	0.38583498360166812446	1.15476448721896329808	1.71405420138189779067
20.90000000000000213163	0.99518818191134816864	-0.38247781148160475695	-0.36329318779571917464	0.53079385947610191465	0.38558802573642347866	1.14197593155164356382	1.70397472613417910736
21.00000000000000000000	0.99522035524810292806	-0.37044660919112054609	-0.36075915484434284419	0.52649570741083151493	0.38510691645948563755	1.12784950349745582976	1.69206830814720032841
21.10000000000000142109	0.99525357651542256665	-0.35807612562836255155	-0.35801333478960700729	0.52190861060942173033	0.38439350853284148801	1.11229277803025161653	1.67824113742939617921
21.20000000000000284217	0.99528782709813079510	-0.34540795998847106940	-0.35506595241564298249	0.51704916493181951598	0.38345284714375965640	1.09521376990715335609	1.66240580003400051368
21.30000000000000071054	0.99532294695235290494	-0.33248525368223491583	-0.35192845334809691460	0.51193516562074337095	0.38229050910770401295	1.07652094683646537554	1.64447284913757907354
21.40000000000000213163	0.99535881746876220255	-0.31935273257619012366	-0.34861366064501531081	0.50658553150807050791	0.38091305247668538758	1.05612465866548643767	1.62435092631247823824
21.50000000000000000000	0.99539531514906631759	-0.30605651010942497292	-0.34513569826602674695	0.50102022574653592990	0.37932783704635830713	1.03393878198893074405	1.60194846410106461754
21.60000000000000142109	0.99543231162328915662	-0.29264392411202433397	-0.34150995576320580804	0.49525967903635159661	0.37754337314686847726	1.00988207429383392011	1.57717607079742117016
21.70000000000000284217	0.99546967415672815704	-0.27916336923270801407	-0.33775304538105682672	0.48932620475831722917	0.37556906622931396367	0.98388227525421090292	1.54994734980746939890
21.80000000000000071054	0.99550726617539186947	-0.26566412086046431451	-0.33388274804488832226	0.48324242475087897386	0.37341515355179089042	0.95587674259575283742	1.52018051348060589945
21.90000000000000213163	0.99554494775650936855	-0.25219614649787047700	-0.32991795220106423514	0.47703163867378522989	0.37109269115970822117	0.92581597551098215870	1.48780051147061742611
22.00000000000000000000	0.99558257620709467162	-0.23880991292143083360	-0.32587858581201056829	0.47071771643259291418	0.36861352690167892288	0.89366682123707164020	1.45274140861385747669
22.10000000000000142109	0.99562001817104650581	-0.22555619870444304498	-0.32178555181484935765	0.46432498989124249000	0.36599026407884149847	0.85941599411676239395	1.41494902893303131641
22.20000000000000284217	0.99565711945903712099	-0.21248586196606927823	-0.31766061928231337230	0.45787814339416449405	0.36323621614143131175	0.82307387241918950060	1.37438390519600317496
22.30000000000000071054	0.99569373297634644615	-0.19964966013137741552	-0.31352635989770671898	0.45140210276118275523	0.36036535726493590381	0.78467851766929253010	1.33102450162113550292
22.40000000000000213163	0.99572971056922621180	-0.18709803306629568809	-0.30940604678437078068	0.44492192286471743401	0.35739226702014315062	0.74429983670283095254	1.28487072634930887816
22.50000000000000000000	0.99576490387911875679	-0.17488089379100552057	-0.30532355603144506473	0.43846267424201501584	0.35433207161425794851	0.70204377887488134125	1.23594768272633892536
22.60000000000000142109	0.99579916512566968301	-0.16304741924888432880	-0.30130326339850843631	0.43204930987643674900	0.35120038155170146821	0.65805640826952294109	1.18430961696723269228
22.70000000000000284217	0.99583234782613783143	-0.15164584231262442926	-0.29736993677037526496	0.42570658148802797971	0.34801322651022331689	0.61252776512151863031	1.13004400684072159322
22.80000000000000071054	0.99586430627224031831	-0.14072329644457221010	-0.29354862206563142601	0.41945504437559189004	0.34478698680369929130	0.56566100233075800041	1.07327568658001282209
22.90000000000000213163	0.99589490933920388205	-0.13032561827204081073	-0.28986454576102499425	0.41332166653083007857	0.34153832597211819522	0.51776590000995703633	1.01417084065246521085
23.00000000000000000000	0.99592400860731344903	-0.12049706176419017201	-0.28634296338909526192	0.40732990482518371955	0.33828411594567275866	0.46918036674134344644	0.95294091255741264490
23.10000000000000142109	0.99595148657110244006	-0.11128019003484201921	-0.28300908960701820494	0.40150293632142458611	0.33504136400750916813	0.42029463729559340956	0.88984628326321701941
23.20000000000000284217	0.99597719602097811720	-0.10271563552252609142	-0.27988791831416881539	0.39586235633018562741	0.33182713987330125782	0.37154853532764159363	0.82519848378398241717
23.30000000000000071054	0.99600102813895086129	-0.09484196474818587519	-0.27700417022175438664	0.39042805673199076910	0.32865850213780234412	0.32341801614749499105	0.75936277110959427006
23.40000000000000213163	0.99602285219186259546	-0.08769545967209251003	-0.27438210925615541536	0.38522172031118978586	0.32555242118251853656	0.27645509600787854243	0.69275842587915703596
23.50000000000000000000	0.99604255788529294513	-0.08131004386722523458	-0.27204547063921658001	0.38026274196549858519	0.32252570369749467005	0.23123246492468735314	0.62585937088481280455
23.60000000000000142109	0.99606004491421940017	-0.07571710188959801524	-0.27001733164695396194	0.37556945448362971662	0.31959492245516890607	0.18835085534249240702	0.55919110341069055981
23.70000000000000284217	0.99607521484673022805	-0.07094534326526463763	-0.26831999015806323738	0.37115906613252258595	0.31677634106927193836	0.14842738306551706007	0.49332723707281966874
23.80000000000000071054	0.99608799808783299312	-0.06702070483329361505	-0.26697487984165824138	0.36704756680095979027	0.31408584393011607094	0.11208190778760483697	0.42888463049915959147
23.90000000000000213163	0.99609828544155787355	-0.06396617520410735613	-0.26600239392309682485	0.36324969420381553187	0.31153885232926747939	0.07992123177616673735	0.36651612053440030259
24.00000000000000000000	0.99610600125444104247	-0.06180177396653491889	-0.26542185334898393823	0.35977887452763762655	0.30915025763966336170	0.05252207739328236535	0.30689901797986512966
24.10000000000000142109	0.99611107818320265839	-0.06054444652285315837	-0.26525138488058780384	0.35664717642725096702	0.30693417699179603719	0.03041315693057104058	0.25072266296432338395
24.20000000000000284217	0.99611347838333830218	-0.06020801582696098941	-0.26550787385177199162	0.35386527081590990473	0.30489979860298044301	0.01405713949407788946	0.19863908910424010745
24.30000000000000071054	0.99611313597395256814	-0.06080308345797503372	-0.26620683105292586301	0.35144238480750555897	0.30306405865866187233	0.00383331342030901120	0.15136286337805338054
24.40000000000000213163	0.99611001100555907062	-0.06233704124920728257	-0.26736232641704893442	0.34938617633299334786	0.30143920155841130715	0.00002201796635401015	0.10954184036758871090
24.50000000000000000000	0.99610407333125927654	-0.06481403877823714577	-0.26898691469434138357	0.34770298159746387823	0.30003669817165234956	0.00279203176692248206	0.07377614775286693571
24.60000000000000142109	0.99609529362678295161	-0.06823496484813723617	-0.27109156070411333239	0.34639766339465188905	0.29886718044327170718	0.01219027020575614087	0.04460080849539323905
24.70000000000000284217	0.99608366631308142836	-0.07259747885291228942	-0.27368560281044113092	0.34547361095078843451	0.29794038842327302818	0.02813595389549728917	0.02246840152572074714
24.80000000000000071054	0.99606919639238633568	-0.07789602075283795501	-0.27677668674790018022	0.34493274670464607601	0.29726512658121562183	0.05041915945105186064	0.00773748277221208113
24.90000000000000213163	0.99605188674296529783	-0.08412183129830003159	-0.28037072447082272975	0.34477537883076447844	0.29684929102941554069	0.07870194890850833180	0.00065819027443236953
25.00000000000000000000	0.99603174471495581344	-0.09126301415024622166	-0.28447188088475522383	0.34500065932471052355	0.29669961395048988217	0.11253116272776235440	0.00135240387144432844
25.10000000000000142109	0.99600885888621903952	-0.09930258473863716462	-0.28908039959754538994	0.34560149743373475006	0.29681559462138118466	0.15114443395313195695	0.00972962739582872507
25.20000000000000284217	0.99598327708785383550	-0.10821666158233309019	-0.29419044566226626447	0.34656187512033792553	0.29717128643497131568	0.19361992366522384756	0.02537330301876780311
25.30000000000000071054	0.99595508905490404139	-0.11797728275981779478	-0.29979283876627965677	0.34786688659208964136	0.29776091546876082283	0.23918257020338215546	0.04776387215042442874
25.40000000000000213163	0.99592436473101897398	-0.12855471111789751326	-0.30587740493131521102	0.34950170928504392664	0.29857675032540254012	0.28705516534359759584	0.07632793199338909484
25.50000000000000000000	0.99589118756181760350	-0.13991757025311515883	-0.31243300414601843373	0.35145158165079065649	0.29961216008326807536	0.33647479625081955223	0.11044477570173692749
25.60000000000000142109	0.99585563634725282611	-0.15203293116072488789	-0.31944755014346132294	0.35370182435791958087	0.30086084117903055812	0.38670741746596776212	0.14946001905609224147
25.70000000000000284217	0.99581782441083777080	-0.16486646177172203931	-0.32690808384206132553	0.35623788385738208717	0.30231666601971823871	0.43705963888586923938	0.19270037638499706856
25.80000000000000071054	0.99577784380604039693	-0.17838247757261149751	-0.33480074150582334047	0.35904517626309628842	0.30397390096693566175	0.48689043890385946822	0.23947919423737312750
25.90000000000000213163	0.99573579234180409347	-0.19254404444092915183	-0.34311081097467649448	0.36210742338959212017	0.30582694435700502611	0.53563368871768834989	0.28911286838943345279
26.00000000000000000000	0.99569177097464311998	-0.20731309304942657779	-0.35182276187446537286	0.36541072649014250118	0.30787037205759115732	0.58276324356537467786	0.34092902211975328886
26.10000000000000142109	0.99564590294102073287	-0.22265059687270050137	-0.36092029687509963320	0.36894129605576458930	0.31009891368177983084	0.62782219097607983027	0.39427232075742263406
26.20000000000000284217	0.99559828997567301201	-0.23851662916534907555	-0.37038634919083057717	0.37268438918105634139	0.31250740366379503588	0.67042914181247970085	0.44851529313856536296
26.30000000000000071054	0.99554904969335977771	-0.25487049419870738687	-0.38020315185934272506	0.37662550278206863297	0.31509075928993307558	0.71026747753989571965	0.50306338152082219484
26.40000000000000213163	0.99549832036092467114	-0.27167084836912730461	-0.39035228147823564093	0.38075016852526949451	0.31784395561978051603	0.74708504278876830540	0.55736016278599587181
26.50000000000000000000	0.99544619488435392984	-0.28887574815776512205	-0.40081463286506940902	0.38504406075559527434	0.32076199920940740018	0.78068996244335719936	0.61089156614627893038
26.60000000000000142109	0.99539280440371391556	-0.30644284370196567258	-0.41157054311715374206	0.38949273223217084627	0.32384014079779310791	0.81094809595340822117	0.66318729491142447419
26.70000000000000284217	0.99533827061571999995	-0.32432943920662027359	-0.42259978313978485698	0.39408186492929941913	0.32707316439326272750	0.83777695638413840484	0.71382816834218809632
26.80000000000000071054	0.99528271716173433159	-0.34249261505548062035	-0.43388160703546252428	0.39879724686251971644	0.33045603297951625654	0.86114039224882465984	0.76244181313979741965
26.90000000000000213163	0.99522626894722276969	-0.36088933557779978578	-0.44539479674581861079	0.40362477565140986169	0.33398366724546252327	0.88104327837320950412	0.80870496921158185888
27.00000000000000000000	0.99516905170854241813	-0.37947655498824967024	-0.45711770473762258771	0.40855046570514252924	0.33765093493426967530	0.89752620048371778427	0.85234289590088130328
27.10000000000000142109	0.99511119170701523018	-0.39821132111543711130	-0.46902829735634454789	0.41356045803679403194	0.34145264101519640088	0.91066027209528144226	0.89312806712343761895
27.20000000000000284217	0.99505282071446088388	-0.41705088185804944922	-0.48110420388865282604	0.41864103212988101888	0.34538351898464331180	0.92054219216369959078	0.93087828399977945448
27.30000000000000071054	0.99499405564079312914	-0.43595276349811018513	-0.49332274057015423896	0.42377861869399602313	0.34943822341117958263	0.92728962380515955743	0.96545431734907050103
27.40000000000000213163	0.99493502702401137583	-0.45487489478173681601	-0.50566098364319111980	0.42895981316723902355	0.35361132374261317057	0.93103694424323224510	0.99675720342043017119
27.50000000000000000000	0.99487586060180333014	-0.47377568080082238522	-0.51809579557219642698	0.43417138932479126812	0.35789729960214444748	0.93193139836551341926	1.02472526236352945439
27.60000000000000142109	0.99481668138431189607	-0.49261409580351006587	-0.53060387416312848607	0.43940031283984037902	0.36229054637417912321	0.93012966495956939106	1.04933096835558292703
27.70000000000000284217	0.99475762438642700847	-0.51134977884902566014	-0.54316180777854095041	0.44463375435702845451	0.36678536384009530202	0.92579483528747530396	1.07057696471494834256
27.80000000000000071054	0.99469879222765889004	-0.52994307132513085445	-0.55574612211829077513	0.44985910520316696459	0.37137549806853875634	0.91909373805166716398	1.08854897050549270787
27.90000000000000213163	0.99464032650825673354	-0.54835517483649010018	-0.56833336532636369309	0.45506449784552815974	0.37605559433873803066	0.91018753158865550734	1.10326083262859442335
28.00000000000000000000	0.99458232750857733517	-0.56654813745552412563	-0.58090002152627362442	0.46023772364871784468	0.38081973870236451862	0.89924382353401322021	1.11478908234729479076
28.10000000000000142109	0.99452493298854138803	-0.58448499355098115782	-0.59342266483926475740	0.46536693377672422312	0.38566165272466995662	0.88642814704301198248	1.12323146134637719129
28.20000000000000284217	0.99446827300142071060	-0.60212978372703940266	-0.60587796178416852833	0.47044052487086290837	0.39057549665081409129	0.87190324195187685064	1.12869880727931626296
28.30000000000000071054	0.99441243246489363639	-0.61944757478914569404	-0.61824272926596424149	0.47544708381245726070	0.39556232281084113822	0.85582880842680275624	1.13131316384774760486
28.40000000000000213163	0.99435753380016156378	-0.63640459507535829253	-0.63049400114676446005	0.48037555326858172311	0.40060908947935230939	0.83835651437391633944	1.13120975610459928440
28.50000000000000000000	0.99430368207895747368	-0.65296822862837866630	-0.64260895857430466727	0.48521512228242097420	0.40570947359273912269	0.81963308513668675648	1.12853052154506361404
28.60000000000000142109	0.99425098963052394030	-0.66910708365415139109	-0.65456507421042786632	0.48995529582664554269	0.41085767353379437639	0.79980010623101671641	1.12345847350377980867
28.70000000000000284217	0.99419955294299011683	-0.68479100731396136403	-0.66634010177359226379	0.49458588499970757013	0.41604684191640728397	0.77899309723597676136	1.11611579642139879809
28.80000000000000071054	0.99414947123140084972	-0.69999113870524776182	-0.67791210109195099154	0.49909700818825253332	0.42127048957857704536	0.75734090759327044040	1.10665488292998959174
28.90000000000000213163	0.99410084105783247388	-0.71467993214934999457	-0.68925948985406160219	0.50347914512101832329	0.42652205961799483092	0.73496540016247302596	1.09522938421490900751
29.00000000000000000000	0.99405375581364530113	-0.72883118092307142000	-0.70036107542499126399	0.50772308820219003156	0.43179493738310337214	0.71198271380154132260	1.08199229591080703372
29.10000000000000142109	0.99400830552550023533	-0.74242003892476349236	-0.71119608545280987855	0.51182023396034026508	0.43708245279927893101	0.68850316443983117232	1.06709473758115547248
29.20000000000000284217	0.99396457549880579130	-0.75542309907364724175	-0.72174419448489590678	0.51576903130419538002	0.44237788046625919902	0.66464233110720383202	1.05068491409662279068
29.30000000000000071054	0.99392264912432726209	-0.76781833601502924580	-0.73198555830673683875	0.51955603266543470831	0.44767445189047011533	0.64048561525714187148	1.03290695599495641055
29.40000000000000213163	0.99388260558192187410	-0.77958504596495870054	-0.74190083661418038119	0.52317377581906909789	0.45296551729884104720	0.61612601376948972209	1.01390180984381639284
29.50000000000000000000	0.99384452022468761090	-0.79070389848896394103	-0.75147121863997312641	0.52661429211373089743	0.45824423056605112503	0.59164286706542568162	0.99380491009504901001
29.60000000000000142109	0.99380846479698548013	-0.80115693177417623971	-0.76067844381735094661	0.52987062749257940464	0.46350370187632999874	0.56711744272616038121	0.97274648581659917124
29.70000000000000284217	0.99377450734689831702	-0.81092756235887231142	-0.76950482284906485120	0.53293648640492097268	0.46873699815016539594	0.54262868590085311382	0.95085123720162056937
29.80000000000000071054	0.99374271220159093865	-0.82000057664562941984	-0.77793325726878259641	0.53580590364585112262	0.47393714758395660835	0.51824931169750709792	0.92823815985293200992
29.90000000000000213163	0.99371314089820195203	-0.82836206033788561953	-0.78594725836181600354	0.53846928353876655216	0.47909718772459564118	0.49402525814236092350	0.90502032267587462222
30.00000000000000000000	0.99368576224263560626	-0.83599926411851388508	-0.79353087474140848734	0.54091891311446937962	0.48421005396320088154	0.47001241459077569562	0.88130503327996490004
30.10000000000000142109	0.99366072509177716388	-0.84290031735504922228	-0.80066852179078529250	0.54320593239149572717	0.48933108349207937726	0.44646512485164258077	0.85742654628037429099
30.20000000000000284217	0.99363815300643210104	-0.84905338719041878459	-0.80734421048366356022	0.54540256889924998429	0.49450822089960999595	0.42359675207315578005	0.83368965675162642892
30.30000000000000071054	0.99361802627115480835	-0.85444700428000730508	-0.81354182926951701393	0.54748398710739232254	0.49972212574375318717	0.40140177822830769294	0.81015442074600230171
30.40000000000000213163	0.99360039708822300852	-0.85907082340891549599	-0.81924587213907362759	0.54943225573993148547	0.50495394841735818936	0.37990314766535965285	0.78686802479227546669
30.50000000000000000000	0.99358531761426083229	-0.86291556518246681495	-0.82444140105207375235	0.55122800287302897715	0.51018530709295895065	0.35910729165649973860	0.76386909015693116309
30.60000000000000142109	0.99357283611991831229	-0.86597300598570736696	-0.82911407675179160659	0.55285309157054940421	0.51539825582322607023	0.33901595829692987571	0.74118875670150630164
30.70000000000000284217	0.99356299652725765803	-0.86823597221830572934	-0.83325019016765933255	0.55428771517163455407	0.52057519006476293821	0.31962310479641098393	0.71885051733893345904
30.80000000000000071054	0.99355583882408116114	-0.86969838191811199568	-0.83683669904276702933	0.55551754713631062987	0.52569913435548909497	0.30092534587700353610	0.69687494114539783041
30.90000000000000213163	0.99355139971251538178	-0.87035528635045134038	-0.83986127234305985034	0.55652723381026791838	0.53075565159826010309	0.28291400405797356710	0.67529148953123896426
31.00000000000000000000	0.99354971157090110623	-0.87020286768057675264	-0.84231230946548918403	0.55730345379297463460	0.53572721009722679142	0.26558033196477903726	0.65410363251121927952
31.10000000000000142109	0.99355080301376197394	-0.86923844405850902994	-0.84417896027034733386	0.55783191286959343813	0.54059740343975593024	0.24891026886950645691	0.63331321439657517480
31.20000000000000284217	0.99355469901794490895	-0.86746047304583717708	-0.84545116513672735614	0.55810020568522533679	0.54535124095118003851	0.23289043988996055434	0.61292688677842199763
31.30000000000000071054	0.99356142055950102954	-0.86486856766727127077	-0.84611968307716589610	0.55809687331798785159	0.54997390900377562950	0.21750672200303139414	0.59294704012669685600
31.40000000000000213163	0.99357098456169579137	-0.86146350077613065288	-0.84617611619695887182	0.55781125036425960317	0.55445105225607871358	0.20274466194702078781	0.57337414891976667963
31.50000000000000000000	0.99358340370816966569	-0.85724721199138964600	-0.84561293371451440315	0.55723385024896665563	0.55876869925328143118	0.18858932918516735366	0.55420646464859268931
31.60000000000000142109	0.99359868644261339909	-0.85222281076436434688	-0.84442349429929275395	0.55635562686617556771	0.56291348209052527451	0.17502483125374221351	0.53544169448092437946
31.70000000000000284217	0.99361683713760606818	-0.84639457517699878686	-0.84260206643993573739	0.55516896653275304985	0.56687243523714547777	0.16203813820868914752	0.51707629208894922979
31.80000000000000071054	0.99363785578424101974	-0.83976795120166847219	-0.84014384622403348590	0.55366687192088881453	0.57063305072035863663	0.14961542802900087978	0.49910565642311255363
31.90000000000000213163	0.99366173804444157813	-0.83234954896078905406	-0.83704497355162188477	0.55184322344124858706	0.57418329765140618814	0.13774348433203600917	0.48152439455403300839
32.00000000000000000000	0.99368847522757797197	-0.82414713823320451258	-0.83330254621766308709	0.54969277561515172970	0.57751164027931878309	0.12640979993687820326	0.46432653444547067334
32.10000000000000142109	0.99371805427558168589	-0.81516964235437394670	-0.82891463186880920411	0.54721115438069356518	0.58060705252212851946	0.11560265955682813566	0.44750569245035648480
32.20000000000000284217	0.99375045775797776759	-0.80542713055792847232	-0.82388027774229166678	0.54439485411472843257	0.58345903019140943346	0.10531120465073809389	0.43105519247005674721
32.30000000000000426326	0.99378566387523770143	-0.79493080880239719299	-0.81819951832393567059	0.54124123504350185598	0.58605761103668663203	0.09552548589254504507	0.41496823917877595500
32.39999999999999857891	0.99382364647632581711	-0.78369300913671302578	-0.81187338081484028418	0.53774852146209206616	0.58839338134076257791	0.08623650616075012598	0.39923795165322351064
32.50000000000000000000	0.99386437507677949377	-0.77172717763525033874	-0.80490388829506909207	0.53391579948654555032	0.59045749004628911294	0.07743625638763632080	0.38385745619619687785
32.60000000000000142109	0.99390781488613666461	-0.75904786080409358817	-0.79729406049721562866	0.52974301027600034786	0.59224164895628006455	0.06911770658306311266	0.36881964424292706939
32.70000000000000284217	0.99395392676436267188	-0.74567069068574931556	-0.78904791258752160488	0.52523094276343074149	0.59373816891550201813	0.06127480034141491450	0.35411778858941456161
32.80000000000000426326	0.99400266734554243442	-0.73161232053324065649	-0.78017045177773369780	0.52039041571656485807	0.59493999236545447307	0.05389718944646684079	0.33974396064721995581
32.89999999999999857891	0.99405398968590541475	-0.71689042771905275853	-0.77066766755662696742	0.51521747967366227083	0.59583942582224735940	0.04698553877117746941	0.32568811688184734487
33.00000000000000000000	0.99410784167754850937	-0.70152374344149759366	-0.76054652510320031045	0.50971578145896201395	0.59643068681418376364	0.04053726745718169017	0.31194452266013511510
33.10000000000000142109	0.99416416750198821628	-0.68553200036321682020	-0.74981496335187658442	0.50388996130558805220	0.59670845598138233523	0.03455140853557540914	0.29850690557445991313
33.20000000000000284217	0.99422290814029146144	-0.66893590679711723013	-0.73848188343164811176	0.49774579087567039082	0.59666804561418440578	0.02902689792050983097	0.28536942714817103983
33.30000000000000426326	0.99428399869259198596	-0.65175726025988600654	-0.72655711927597721456	0.49127732612018482072	0.59630326234871944280	0.02396492164294355617	0.27252311761141728708
33.39999999999999857891	0.99434737156412622561	-0.63401882701817668941	-0.71405144651368468445	0.48450257394908635700	0.59561320151983221383	0.01936780324310076462	0.25996620832315336935
33.50000000000000000000	0.99441295493749992662	-0.61574415942552174208	-0.70097657057443607531	0.47742930128811106316	0.59459499851115271696	0.01523943945259905244	0.24769345014781851688
33.60000000000000142109	0.99448067337513323949	-0.59695767929544485408	-0.68734509430517531925	0.47006452129419584729	0.59324667328293889668	0.01158559510297201521	0.23570021883143771335
33.70000000000000284217	0.99455044790997426674	-0.57768465975964200521	-0.67317050012393897518	0.46241877878017784154	0.59156692072507410796	0.00841238140293310357	0.22398223849685569564
33.80000000000000426326	0.99462219618628522344	-0.55795120496814321065	-0.65846712800113016417	0.45450203134814159966	0.58955511093428458747	0.00572799388953728478	0.21253552229356778569
33.89999999999999857891	0.99469583251800108847	-0.53778420992627251618	-0.64325015291794840344	0.44632501783704781051	0.58721119148370226615	0.00354230663842303216	0.20135607897403803856
34.00000000000000000000	0.99477126805997750925	-0.51721132801907543364	-0.62753556104944652194	0.43789917138729717028	0.58453590604661365138	0.00186688755635027620	0.19044066496443368131
34.10000000000000142109	0.99484838781312878719	-0.49626091467812927238	-0.61134010115642434258	0.42923659591542240310	0.58153108188000168788	0.00071508006315028306	0.17978600676581990570
34.20000000000000284217	0.99492705859702790239	-0.47496200095954277387	-0.59468125356294743167	0.42035005041874085041	0.57820916011498946219	0.00010209532334800045	0.16937819365821080164
34.30000000000000426326	0.99500732122418877879	-0.45334444850490540624	-0.57757739035576716180	0.41125286927159787620	0.57456443793031708456	0.00004511572024045943	0.15922249609856972685
34.39999999999999857891	0.99508898973833537216	-0.43143851124701959598	-0.56004737046481956053	0.40195922551332230466	0.57060036815437986668	0.00056346431392736388	0.14932103553176098720
34.50000000000000000000	0.99517197259702583345	-0.40927511684403183878	-0.54211082204617844216	0.39248366782011706588	0.56632191453821156824	0.00167872496062790267	0.13967380026131231974
34.60000000000000142109	0.99525616240720160555	-0.38688571778162356152	-0.52378799976169376773	0.38284126812102614590	0.56173392746734729375	0.00341482243590835203	0.13027964840316383355
34.70000000000000284217	0.99534140948728988540	-0.36430222489299840527	-0.50509972888407628222	0.37304759340818338664	0.55684162902616396451	0.00579813684452938453	0.12114056471305019447
34.80000000000000426326	0.99542768277045012848	-0.34155712420721878742	-0.48606753754266429635	0.36311864780358021898	0.55165065842558935749	0.00885765053532837007	0.11225780600175525037
34.89999999999999857891	0.99551469956713101173	-0.31868306649828037624	-0.46671324784243967132	0.35307068641795419373	0.54617164682127938846	0.01262532145475467153	0.10363312450678856258
35.00000000000000000000	0.99560257434455634584	-0.29571346911320556261	-0.44705958710876858575	0.34292079868299402134	0.54041389586261856515	0.01713593418166480323	0.09527277332018767309
35.10000000000000142109	0.99569115013047393425	-0.27268238960595519993	-0.42712962548982313926	0.33263470569262110210	0.53428286870304320111	0.02236978600263168915	0.08727469366251980332
35.20000000000000284217	0.99578025566331773710	-0.24962538768025130387	-0.40694795894546675896	0.32218360270381402044	0.52768479792921951788	0.02828195368505639906	0.07967866633831939549
35.30000000000000426326	0.99586977696234291191	-0.22657901088303980530	-0.38654044208695459428	0.31159569057761649091	0.52065206437869204770	0.03487568106926332290	0.07246801833196157838
35.39999999999999857891	0.99595956541031349651	-0.20357999967282278120	-0.36593310762528347135	0.30089928855435593702	0.51320750620986610446	0.04215674080066657281	0.06562215907238842794
35.50000000000000000000	0.99604949042958745853	-0.18066527242990035318	-0.34515234050252147080	0.29012271610457091020	0.50537980470788257392	0.05013318537323823570	0.05912718900228166458
35.60000000000000142109	0.99613943870170407191	-0.15787184827607922410	-0.32422476233617819608	0.27929426129274131929	0.49719717532092710943	0.05881467446204193678	0.05297111799760186729
35.70000000000000284217	0.99622928868637261601	-0.13523674200274632407	-0.30317716068687794451	0.26844224648160880387	0.48868912733095776213	0.06821117071857833725	0.04714461708967521147
35.80000000000000426326	0.99631889667488771067	-0.11279687509787122979	-0.28203642623754276997	0.25759428001278628084	0.47988278329948275136	0.07833348790850352961	0.04163990358002887110
35.89999999999999857891	0.99640800250042493857	-0.09058903439047685802	-0.26082941111897617326	0.24677418879590226619	0.47080615436317774236	0.08919923756108731616	0.03645174797682480816
36.00000000000000000000	0.99649672632306574016	-0.06865023291800168015	-0.23958338825936423278	0.23601084118872758810	0.46148639885474063149	0.10081428920739497757	0.03157765834425190626
36.10000000000000142109	0.99658481892123329526	-0.04701670824556358069	-0.21832525665296817485	0.22533212349341713576	0.45195126254059553306	0.11317921223819804588	0.02701656290878210950
36.20000000000000284217	0.99667215339688020048	-0.02572441862806793683	-0.19708198558622391783	0.21476333901569624740	0.44222776133679220223	0.12629315086343534391	0.02277025375357734013
36.30000000000000426326	0.99675860335193755546	-0.00480889570698523911	-0.17588045671950092164	0.20432957387505337743	0.43234249030081906007	0.14014523806674530904	0.01884303561369024896
36.39999999999999857891	0.99684404493170286621	0.01569484384312474709	-0.15474742734290650170	0.19405519017308400787	0.42232159203769870093	0.15471248614605195848	0.01524183626743590321
36.50000000000000000000	0.99692835519953559853	0.03575238142949226788	-0.13370948709552835099	0.18396391596456523887	0.41219071355334613305	0.16995467810025208233	0.01197642907043637225
36.60000000000000142109	0.99701141438996798705	0.05532996661643704156	-0.11279300558083746320	0.17407846961041559264	0.40197542123182616880	0.18581073520575297486	0.00905975083049326280
36.70000000000000284217	0.99709310447768939589	0.07439458771670241777	-0.09202411058142846711	0.16442076836865801570	0.39169975746932483851	0.20219089976786056018	0.00650727652909199612
36.80000000000000426326	0.99717332323437080088	0.09291403380014766344	-0.07142868375315065965	0.15501188220938177942	0.38138764667220148574	0.21896797274780563369	0.00433791667452574931
36.89999999999999857891	0.99725194726365551379	0.11085700699887308940	-0.05103227342712047393	0.14587194622115670639	0.37106235288924982463	0.23596909454499981340	0.00257466066048853918
37.00000000000000000000	0.99732887240335976742	0.12819315395670613511	-0.03086009801763140922	0.13702014322708694349	0.36074649025448235484	0.25296241652478679285	0.00124424276577228847
37.10000000000000142109	0.99740399124385659135	0.14489315631045845967	-0.01093699030306334759	0.12847465892693918366	0.35046199393810112399	0.26964406694045972568	0.00037761499007987461
37.20000000000000284217	0.99747719477651575204	0.16092879526611364449	0.00871263457463287809	0.12025265233745048576	0.34023009476314153288	0.28562306267999743037	0.00001015657704937160
37.30000000000000426326	0.99754838141329760237	0.17627300582677546403	0.02806480270704956453	0.11237022917952034506	0.33007129851497113426	0.30040512777326633387	0.00018204679445820406
37.39999999999999857891	0.99761745356831721399	0.19089994049088018779	0.04709601662078780060	0.10484242294797066486	0.32000536904167797836	0.31337758174208618644	0.00093858403971009915
37.50000000000000000000	0.99768431758539366516	0.20478502651556521053	0.06578328628358010022	0.09768317809076960956	0.31005131216830605911	0.32379747513606094156	0.00233048026691080488
37.60000000000000142109	0.99774888381956305938	0.21790501958411853667	0.08410415971496139342	0.09090534558413213007	0.30022739153750155339	0.33078922102011709683	0.00441411070826184995
37.70000000000000284217	0.99781106671808450503	0.23023805417137990781	0.10203675256314552466	0.08452065831464183887	0.29055106365865390750	0.33335221187937380538	0.00725177230545591932
37.80000000000000426326	0.99787078557759412156	0.24176368460515978986	0.11955980104943510212	0.07853975472746614617	0.28104144086787641310	0.33039692384925839486	0.01092069202226652984
37.89999999999999857891	0.99792796551870954769	0.25246294522494278079	0.13665267767721989145	0.07297248502896726274	0.27171240289998332962	0.32080959558042032587	0.01549362472434242036
38.00000000000000000000	0.99798253278574888814	0.26231838985113881124	0.15329538498592087947	0.06782715041695133729	0.26257899640051918233	0.30359881438756841643	0.02105383877503776147
38.10000000000000142109	0.99803441864240716175	0.27131411459006027354	0.16946858700414682564	0.06311101045951494903	0.25365525658879967130	0.27807896959013594929	0.02769179087690266938
38.20000000000000284217	0.99808355913568080897	0.27943578956283338099	0.18515364488912716689	0.05883021655474419964	0.24495498341949983878	0.24413133309918819136	0.03550398109137243435
38.30000000000000426326	0.99812989614484526335	0.28667069611007539587	0.20033264441222387031	0.05499051966312515360	0.23649216269188350070	0.20250314084300929940	0.04456899757308278170
38.40000000000000568434	0.99817337485289781007	0.29300774374530047517	0.21498841337357749159	0.05159508427961101429	0.22827706875754649740	0.15524905772784369784	0.05500679272436568429
38.50000000000000000000	0.99821394615406411344	0.29843746388153363780	0.22910453529987978571	0.04864682996019546735	0.22032066152212148591	0.10589166646276915174	0.06692405382490991539
38.60000000000000142109	0.99825156497009392975	0.30295204180262974569	0.24266536486592377164	0.04614755896100266458	0.21263528690600214111	0.05954646051246600957	0.08042347264638027848
38.70000000000000284217	0.99828620440621329557	0.30654531508787236094	0.25565603959970018000	0.04409803329919025766	0.20522851819856885447	0.02263318616696207222	0.09561258451023169069
38.80000000000000426326	0.99831781007803899186	0.30921281988766635695	0.26806254235340032377	0.04249799213645485269	0.19810894795886679898	0.00213203686451049305	0.11259000686434807170
38.90000000000000568434	0.99834636232924511834	0.31095173142661269861	0.27987165018317489151	0.04134620668932907639	0.19128434857855727835	0.00439997485430135022	0.13144434101405716442
