0.00000000000000000000	1.00000000000000000000	1.00000000000000000000	1.00000000000000000000	0.00000000000000000000	0.00000000000000000000	nan	nan
0.10000000000000000555	0.99999888212540177790	0.99920014748400309834	0.99935185838433815420	0.00039706806477749244	0.00032164961455395338	0.00000000000000000000	0.00000000000000000000
0.20000000000000001110	0.99998674402315768095	0.99680225987540105326	0.99740692589671864354	0.00156944945984657130	0.00127144548004506919	0.00000000000000000000	0.00000000000000000000
0.30000000000000004441	0.99996374594927184276	0.99282856347036241296	0.99418266879881778131	0.00348853083354382348	0.00282648766700320389	0.00000000000000000000	0.00000000000000000000
0.40000000000000002220	0.99993006242967807928	0.98730355084258603071	0.98969802882022261947	0.00612523947109167802	0.00496367727862307134	0.00000000000000000000	0.00000000000000000000
0.50000000000000000000	0.99988588160706537433	0.98025388621991116356	0.98397336159456560978	0.00945010057318227542	0.00765975144149844481	0.00000000000000000000	0.00000000000000000000
0.60000000000000008882	0.99983140458066310785	0.97170830936817287338	0.97703037446882501360	0.01343329393028066913	0.01089131777225785247	0.00000000000000000000	0.00000000000000000000
0.70000000000000006661	0.99976684474058352681	0.96169753818696135372	0.96889206379858816565	0.01804470990485812845	0.01463488827563953244	0.00000000000000000000	0.00000000000000000000
0.80000000000000004441	0.99969242709830408167	0.95025417021975222553	0.95958265184059454711	0.02325400463715997929	0.01886691263165150845	0.00000000000000000000	0.00000000000000000000
0.90000000000000002220	0.99960838761480808046	0.93741258327824938945	0.94912752335216199473	0.02903065439361101827	0.02356381083159143908	0.00000000000000000000	0.00000000000000000000
1.00000000000000000000	0.99951497252783894076	0.92320883537778097860	0.93755316200516647385	0.03534400898055201079	0.02870200512487841235	0.00000000000000000000	0.00000000000000000000
1.10000000000000008882	0.99941243762272924389	0.90768056412330777594	0.92488708663261942622	0.04216335390009949557	0.03425796329235202692	0.00000092412702175126	0.00000140416770515325
1.20000000000000017764	0.99930104583890810854	0.89086688568801275512	0.91115778748892173322	0.04945807234061129487	0.04020835849241691934	0.00001243142400703401	0.00001889074308209283
1.30000000000000004441	0.99918106423389962956	0.87280829082808786268	0.89639466218275076770	0.05719782458167586847	0.04653021699667762162	0.00005357886044257616	0.00008140056025079491
1.40000000000000013323	0.99905277607683451446	0.85354652010034814946	0.88062796430711298701	0.06535264228389313368	0.05320093875567315916	0.00014585143025263426	0.00022148991178821812
1.50000000000000000000	0.99891647982706599507	0.83312451882592442054	0.86388869476651986012	0.07389264122875080498	0.06019830366343852102	0.00030987862837173629	0.00047023802468238428
1.60000000000000008882	0.99877245737692821326	0.81158628694234635770	0.84620860129272956751	0.08278837487665821615	0.06750047963752921210	0.00056419328601402003	0.00085541351200912039
1.70000000000000017764	0.99862100539267029120	0.78897680616415244437	0.82762007426634254248	0.09201076601319868598	0.07508602952926886342	0.00092495505692567520	0.00140103046812191010
1.80000000000000004441	0.99846242431938059259	0.76534193139738782019	0.80815609389747888880	0.10153113443075162392	0.08293391796481254519	0.00140604400265544028	0.00212747830435428519
1.90000000000000013323	0.99829701725585628935	0.74072829206958146209	0.78785016823616327297	0.11132122403767875929	0.09102351783919046535	0.00201929180108911420	0.00305186369969516827
2.00000000000000000000	0.99812512276366738284	0.71518316045113961010	0.76673623807701707378	0.12135322758134350907	0.09933461625902220704	0.00277474535639581077	0.00418840527976095667
2.10000000000000008882	0.99794705116145832058	0.68875852782599300550	0.74485203996528337456	0.13152001397252327530	0.10778307510054388474	0.00368430250180766397	0.00555172290113151428
2.20000000000000017764	0.99776318434589539308	0.66151457611037312034	0.72224203736761394268	0.14170748026107682360	0.11627766792273966368	0.00475850242692018709	0.00715796839704540069
2.30000000000000026645	0.99757394338620974938	0.63351494121631235501	0.69895361526941834907	0.15187826971501380835	0.12479014634657319138	0.00600688802905953098	0.00901976388244167017
2.40000000000000035527	0.99737974300527043603	0.60482242926205720401	0.67503355069359161078	0.16199743474081790273	0.13329413347588217609	0.00743857694748585249	0.01114859764371869434
2.50000000000000000000	0.99718099088564193799	0.57549891142872144911	0.65052794782920742023	0.17203238067254139620	0.14176508805736498520	0.00906233577273917595	0.01355565752453841318
2.60000000000000008882	0.99697808715415159320	0.54560522667345157100	0.62548217828096341897	0.18195280825757265131	0.15018022314627726965	0.01088665098420636516	0.01625119137631013747
2.70000000000000017764	0.99677142388598682921	0.51520109232009247968	0.59994082641520085630	0.19173065354137874827	0.15851845258858413001	0.01291978150460518920	0.01924479540614231626
2.80000000000000026645	0.99656138467052268748	0.48434502237828158666	0.57394763970740136916	0.20134002556535512962	0.16676033067223663964	0.01516979775766709101	0.02254546278177879670
2.90000000000000035527	0.99634834423362905742	0.45309425344066628361	0.54754548398207558702	0.21075714210694487805	0.17488799147265260414	0.01764461004417431506	0.02616162161952462553
3.00000000000000000000	0.99613266713997472568	0.42150467876541919399	0.52077630410344855072	0.21996026332081414223	0.18288508714679851952	0.02035199251646195237	0.03010096542140795403
3.10000000000000008882	0.99591469674955723779	0.38963078044806931377	0.49368107851270176534	0.22893689439635611649	0.19074576014090960374	0.02342242734046983202	0.03455473363945901766
3.20000000000000017764	0.99569475795120210293	0.35752556903119492304	0.46629977534825278740	0.23767875337038121830	0.19846820027817016485	0.02700400588016666631	0.03972967121343219665
3.30000000000000026645	0.99547318291262576473	0.32524052093742639169	0.43867131439614076571	0.24617339415354316801	0.20604452104731491024	0.03112822373951346436	0.04566252357771849457
3.40000000000000035527	0.99525029286997057643	0.29282555544957922233	0.41083356427049083637	0.25441046743882367309	0.21346831807434715755	0.03582606959549827080	0.05238769351727931567
3.50000000000000000000	0.99502639912606327677	0.26032901543909742204	0.38282332622361930907	0.26238095996722077263	0.22073453851960719851	0.04112739928660192473	0.05993613944172395541
3.60000000000000008882	0.99480180298561804442	0.22779765386010680794	0.35467632274375937573	0.27007775870787170680	0.22783935495962875928	0.04706030570400994428	0.06833453389608119821
3.70000000000000017764	0.99457679569049384227	0.19527661160066173140	0.32642719109738377314	0.27749530704395858338	0.23478004429874324566	0.05365071427709013074	0.07760458967807609687
3.80000000000000026645	0.99435165842296391325	0.16280940948721808748	0.29810948136737286385	0.28462948423693062994	0.24155487174796747007	0.06092204931105774102	0.08776254538162948926
3.90000000000000035527	0.99412666606389021862	0.13043794493978913551	0.26975565511589816303	0.29147749034737868712	0.24816297976275908388	0.06889499663773972216	0.09881877756634574461
4.00000000000000000000	0.99390207446287492932	0.09820249848598548714	0.24139710301490549527	0.29803772489210611507	0.25460428076490670968	0.07758753195901864352	0.11077752057389202156
4.10000000000000053291	0.99367819458066664051	0.06614493097683075973	0.21306686610895617107	0.30419116339175400476	0.26078212857065680153	0.08704831155973956347	0.12368267042607489214
4.20000000000000017764	0.99345529343128347044	0.03431138334604794116	0.18480208182680993301	0.30982547230270474081	0.26660264234242575521	0.09732971630594514090	0.13758315926069500379
4.29999999999999982236	0.99323367730480727200	0.00274829120093007893	0.15664061153789832215	0.31495093040188315570	0.27207399460091041821	0.10845600560854570804	0.15248389698034556239
4.40000000000000035527	0.99301363787311114351	-0.02850088726668718528	0.12861820374063151484	0.31957983392019345681	0.27720568962065089691	0.12044852904133186711	0.16838275634639154887
4.50000000000000000000	0.99279544912922723654	-0.05939558205875560687	0.10076856020130485481	0.32372622733392530936	0.28200848606120332285	0.13332537896839302682	0.18527218016939220324
4.60000000000000053291	0.99257936818012770797	-0.08989802054689537136	0.07312340347971267585	0.32740564982638720171	0.28649404812164613876	0.14710102356556797876	0.20313694073470181523
4.70000000000000017764	0.99236563585239323526	-0.11997313218547722702	0.04571254725703194355	0.33063489568933218665	0.29067480130875977817	0.16178591744221007542	0.22195446622533349101
4.80000000000000071054	0.99215447734511696964	-0.14958844986050753856	0.01856396860914213964	0.33343178889857716385	0.29456375581285548781	0.17738611282343691444	0.24169464723296599229
4.90000000000000035527	0.99194610288057827319	-0.17871400868753445357	-0.00829611831439697710	0.33581497174119878668	0.29817434242675228129	0.19390287893024707455	0.26231972712150092297
5.00000000000000000000	0.99174070758676946546	-0.20732224233088641929	-0.03484318726635041163	0.33780370671182824438	0.30152026431180745103	0.21133229830029787166	0.28378496295218191836
5.10000000000000053291	0.99153842994430430036	-0.23538784273670454450	-0.06105431466678969132	0.33944645942876261469	0.30465104358628347647	0.22992006026898326176	0.30635714534127844733
5.20000000000000017764	0.99133938698903356634	-0.26288764548665799481	-0.08690812739894199224	0.34079533676147411025	0.30761966577652899435	0.24993260433986019819	0.33031665784521829776
5.30000000000000071054	0.99114373557825885541	-0.28980052358705266080	-0.11238471635216726319	0.34187450266346497418	0.31044475846371466510	0.27134143216042810876	0.35555971690965471055
5.40000000000000035527	0.99095162353664989485	-0.31610725032283276681	-0.13746550188098705103	0.34270788635521109988	0.31314428766213037170	0.29410347505842798776	0.38196452652818574380
5.50000000000000000000	0.99076320213069457576	-0.34179038705613185023	-0.16213314859768351850	0.34331828910710587843	0.31573539044605647419	0.31816085973617358462	0.40939196236453567757
5.60000000000000053291	0.99057859479686471982	-0.36683413316664331694	-0.18637148339767997673	0.34372800502395450817	0.31823422506985399316	0.34343980841986671004	0.43768673294637971960
5.70000000000000017764	0.99039792393978709484	-0.39122424760458507365	-0.21016541492643314726	0.34395841624409517756	0.32065585004864000096	0.36985064638249631752	0.46667899852015659601
5.80000000000000071054	0.99022130395337781827	-0.41494793548245229031	-0.23350085628230160539	0.34402986490648396201	0.32301411989070893949	0.39728801605292862753	0.49618667244629249824
5.90000000000000035527	0.99004884171061058318	-0.43799374642262356438	-0.25636465119269047364	0.34396154551891289231	0.32532160137235144326	0.42563149889195606157	0.52601803317834339158
6.00000000000000000000	0.98988063538615411741	-0.46035147617625121752	-0.27874450246164250711	0.34377141031305458174	0.32758950892460664273	0.45474618648860898329	0.55597487352908736558
6.10000000000000053291	0.98971677552932935118	-0.48200985974080384766	-0.30062683853027166725	0.34335996235182064673	0.32972891519679564665	0.48461739583542146059	0.58601372918957272962
6.20000000000000017764	0.98955737220475559202	-0.50295487910982694668	-0.32199513355936659753	0.34264225423002292459	0.33165999251202804565	0.51524065384050066196	0.61604594345292318369
6.30000000000000071054	0.98940255425741607809	-0.52317256840778347815	-0.34283247940544492316	0.34165545987806145156	0.33340821186859515013	0.54645369753904449173	0.64585168183617336357
6.40000000000000035527	0.98925243801609952232	-0.54265116735663465608	-0.36312366193870104780	0.34043482727284757328	0.33499715590220202621	0.57807517508448302834	0.67520959393793278380
6.50000000000000000000	0.98910712952368662343	-0.56138094957204476287	-0.38285503873923620866	0.33901355457086129741	0.33644877204953199668	0.60987975964567386900	0.70390055506413440334
6.60000000000000053291	0.98896671566178950830	-0.57935405125725225606	-0.40201441601236637124	0.33742261257371114480	0.33778291479675981446	0.64167342171450258981	0.73170949378640703920
6.70000000000000017764	0.98883127012157900904	-0.59656431263972642398	-0.42059094109463895927	0.33569070177499926722	0.33901742669284701259	0.67323670616010333756	0.75842984809896529796
6.80000000000000071054	0.98870088016057167124	-0.61300716136385380306	-0.43857499929758236856	0.33384418535502707881	0.34016811296538135290	0.70434369411736286182	0.78386735451303102273
6.90000000000000035527	0.98857559165262776091	-0.62867942242018037824	-0.45595812671343127764	0.33190705221689620341	0.34124874268041116565	0.73476548003746677828	0.80784363705449480086
7.00000000000000000000	0.98845545043497962112	-0.64357923139477324348	-0.47273290533017797710	0.32990091157425671664	0.34227107104016196715	0.76427222815620665664	0.83020135272996742337
7.10000000000000053291	0.98834045172316187244	-0.65770565963029781198	-0.48889272843845926753	0.32790458953989531921	0.34331875491616775653	0.79281382251059806521	0.85091390421914858688
7.20000000000000017764	0.98823059555633174789	-0.67105831262133364135	-0.50443147983383218591	0.32599495440258885459	0.34447353663264446144	0.82033582262533843998	0.86997973436925490898
7.30000000000000071054	0.98812592604687099485	-0.68363736755180271043	-0.51934370405582352959	0.32418437225643925714	0.34573882883017625911	0.84650359811831610291	0.88717326441909172274
7.40000000000000035527	0.98802647247530439589	-0.69544368807167200597	-0.53362452915498204131	0.32248237251844369400	0.34711525279183030879	0.87099560252664176563	0.90230294338478134186
7.50000000000000000000	0.98793227686223050732	-0.70647875843585095090	-0.54726965633021473767	0.32089516439516074797	0.34860083141932751705	0.89352403574736993797	0.91522342461321903873
7.60000000000000053291	0.98784340133574888299	-0.71674462910419944883	-0.56027531330993596281	0.31942640882937328728	0.35019109371818724075	0.91383320901575115780	0.92582965083036306009
7.70000000000000017764	0.98775985171911095950	-0.72624379678105877023	-0.57263810377351764824	0.31807712113552127908	0.35187815405908151600	0.93170605619342916626	0.93403641302242701450
7.80000000000000071054	0.98768165746993219489	-0.73497923931798303521	-0.58435506991487251582	0.31684583107301172999	0.35365353811367972181	0.94696776167202090235	0.93983174772613176096
7.90000000000000035527	0.98760882126670601622	-0.74295432782043624442	-0.59542370730317983885	0.31572873511260568513	0.35550616902822451681	0.95948583071889581575	0.94323754461278452865
8.00000000000000000000	0.98754134875034471630	-0.75017283684033331248	-0.60584193792708296300	0.31471995682293552044	0.35742312219136629370	0.96917639850711401195	0.94431015496751224969
8.09999999999999964473	0.98747926678803854550	-0.75663759998025126308	-0.61560669397062772745	0.31372595542893794152	0.35931203549091700333	0.97606414161604604374	0.94310081828648562041
8.20000000000000106581	0.98742255157373337582	-0.76234955717320751489	-0.62471281923879018461	0.31267100826023391802	0.36109361497404879326	0.98011292545464701043	0.93968385131072973415
8.30000000000000071054	0.98737123345530997121	-0.76730971707180550823	-0.63315507223029632300	0.31157003392514509565	0.36277271737327310142	0.98128392495555361030	0.93411851985732918813
8.40000000000000035527	0.98732533571376523973	-0.77152039041852582546	-0.64092953250892648054	0.31043452727689602177	0.36435142186003904863	0.97957329416238647646	0.92649998976298697517
8.50000000000000000000	0.98728487182523705368	-0.77498508799276499825	-0.64803352228352040232	0.30927283426259760679	0.36582980558800259896	0.97502628171282146319	0.91695170879121290497
8.59999999999999964473	0.98724984452375430521	-0.77770842345234125759	-0.65446553160735576604	0.30809018832536516630	0.36720547496609279303	0.96774885706115409967	0.90565085333004724522
8.70000000000000106581	0.98722025082023978637	-0.77969604620442400922	-0.66022517457412854824	0.30688931181178874530	0.36847414168723491290	0.95779236801780553989	0.89272692246732154864
8.80000000000000071054	0.98719607493208982874	-0.78095456616593694754	-0.66531314163315269372	0.30567019242465442996	0.36962973369064111573	0.94536130826955044881	0.87835232790356343457
8.90000000000000035527	0.98717729358031991449	-0.78149149375694026975	-0.66973115585155540419	0.30443065481764319813	0.37066467371642813911	0.93065639436085045855	0.86270777111048924102
9.00000000000000000000	0.98716387446970654818	-0.78131519336385091279	-0.67348193768751352106	0.30316656299740213365	0.37157012192487326452	0.91388778238036250112	0.84597952416306820833
9.09999999999999964473	0.98715575172911196322	-0.78043408882049403186	-0.67656850005157798122	0.30195747894079766338	0.37244252790586335200	0.89512127718961864709	0.82819367166841439953
9.20000000000000106581	0.98715284389059332337	-0.77885576830097102974	-0.67899351687359765783	0.30087478647284243705	0.37337024196077073235	0.87447352423064739213	0.80943649560329256065
9.30000000000000071054	0.98715516185774643265	-0.77658771999090780991	-0.68075998710015217519	0.29989570363254453023	0.37432476065785169617	0.85219997069263098144	0.78989631908055224496
9.40000000000000035527	0.98716266887301784561	-0.77363800280356176398	-0.68187163797657457387	0.29899639775349673432	0.37527672555799646004	0.82857681622951484535	0.76977581809734574314
9.50000000000000000000	0.98717533140795310498	-0.77001531177244586512	-0.68233297108935897501	0.29815191704266907902	0.37619640418361421919	0.80388952182566852933	0.74926974181860661606
9.60000000000000142109	0.98719310728161513424	-0.76572897563357633643	-0.68214926409563525489	0.29733678623506148986	0.37705396322698697675	0.77844125932164720538	0.72857147425780888206
9.70000000000000106581	0.98721594848492533192	-0.76078899725837201284	-0.68132649062468297885	0.29652556595030526987	0.37781757091416690031	0.75249513996880645905	0.70779079662861510425
9.80000000000000071054	0.98724379807153872513	-0.75520608574292857895	-0.67987140407786594842	0.29569279029150496996	0.37845949352802987775	0.72631889791822668023	0.68712971224582530816
9.90000000000000035527	0.98727659109944909677	-0.74899167875553140927	-0.67779166537592605568	0.29481329268309691694	0.37895141595214476560	0.70016357730667999615	0.66674167654604732380
10.00000000000000000000	0.98731425002375172717	-0.74215796816738754949	-0.67509579431463917487	0.29386260456385449036	0.37926601730882331109	0.67426865611951969370	0.64676293254903605146
10.10000000000000142109	0.98735667349459932396	-0.73471712422010915233	-0.67179223760094219919	0.29276887529261508281	0.37932799467713529395	0.64841380624500044583	0.62704509237643590858
10.20000000000000106581	0.98740374089948035330	-0.72668096436271989447	-0.66788882186758002923	0.29147851508759281547	0.37907769664837509538	0.62257745222834948162	0.60750849236874893133
10.30000000000000071054	0.98745538098823715245	-0.71806213288323128552	-0.66339411463483100029	0.28998910013286383069	0.37851010107925614490	0.59697244431365692474	0.58827750803743839025
10.40000000000000035527	0.98751151094935274433	-0.70887467602625586771	-0.65831825818829903252	0.28829722876895680361	0.37761974629414618576	0.57178670603615810997	0.56947066776488908246
10.50000000000000000000	0.98757203546572502884	-0.69913398022562467382	-0.65267289383160531635	0.28639890947482704586	0.37640168505809917798	0.54719687446669451614	0.55119619077766313087
10.60000000000000142109	0.98763684622095604393	-0.68885669962796070021	-0.64647107435224715477	0.28428944948039758245	0.37485071990770496564	0.52335689237248972372	0.53355670808413935280
10.70000000000000106581	0.98770582711003152010	-0.67806071733094153142	-0.63972722013500937788	0.28196495390651338253	0.37296256706918906598	0.50036113572185569875	0.51663535521349690516
10.80000000000000071054	0.98777884597821974388	-0.66676507685028418848	-0.63245706733956119638	0.27942053607868355680	0.37073343854661722219	0.47836246374000579440	0.50051089167927320656
10.90000000000000035527	0.98785576191037971494	-0.65498992231210040327	-0.62467759755335949823	0.27665204078130761767	0.36816043302136308712	0.45746796244955717503	0.48525290422710681826
11.00000000000000000000	0.98793642908218837206	-0.64275645815578230646	-0.61640697562732105208	0.27365594516006941372	0.36524170625964152981	0.43774967660178765172	0.47092505650526628180
11.10000000000000142109	0.98802069001473380450	-0.63008547938206638239	-0.60766320121640837737	0.27052175143130252621	0.36209239462809733601	0.41911055754576226340	0.45732897756723273064
11.20000000000000106581	0.98810835958959930547	-0.61699582329834179451	-0.59846284226002743889	0.26732504561088826778	0.35881372417689472165	0.40149497475773798794	0.44448249469964445924
11.30000000000000071054	0.98819935567825167855	-0.60350596605554895913	-0.58882252622432784683	0.26403935875373618636	0.35537601602216178920	0.38500617062132941326	0.43246827229000350812
11.40000000000000035527	0.98829351441232793363	-0.58963543657079497962	-0.57875995293076942794	0.26064081579723236137	0.35175225117569230981	0.36973129430864515310	0.42136378130296314737
11.50000000000000000000	0.98839068351820058567	-0.57540488092979891199	-0.56829393077382095445	0.25710805627061478207	0.34791850305483229544	0.35573991515830827304	0.41123352032929955113
11.60000000000000142109	0.98849067864572515152	-0.56083598115302268905	-0.55744430396966926367	0.25342223950017506162	0.34385399104573910467	0.34307889755611481464	0.40213121814451419089
11.70000000000000106581	0.98859337708771533038	-0.54595152664271118237	-0.54623189079416190062	0.24956795079010674066	0.33953795144039844445	0.33180714825760737607	0.39404325920247518233
11.80000000000000071054	0.98869857813203920749	-0.53077526601099211945	-0.53467840635535779370	0.24553241882686291375	0.33495854406822156424	0.32197083443581414608	0.38706277094719648835
11.90000000000000035527	0.98880610775867450180	-0.51533194323378472834	-0.52280662848956005462	0.24130570875066048586	0.33010506891483165637	0.31361288294016020917	0.38123886735696888017
12.00000000000000000000	0.98891576003305103892	-0.49964720796599570996	-0.51064022209671477981	0.23688087017883596719	0.32497015024945813400	0.30678992922822284628	0.37661971147798051218
12.10000000000000142109	0.98902731861140102954	-0.48374712951219089874	-0.49820314537774534891	0.23223315604453595440	0.31952439535201426768	0.30101512297247884353	0.37293264115567720252
12.20000000000000106581	0.98914055801988887140	-0.46765806579036778290	-0.48551934551225356396	0.22735209707748149643	0.31375320481231688818	0.29615833032046623430	0.37002322689516670140
12.30000000000000071054	0.98925527904177390504	-0.45140724999567283238	-0.47261353594555866042	0.22224770899668017110	0.30766926007457395809	0.29236290486876753691	0.36801106699277319478
12.40000000000000035527	0.98937128814737107518	-0.43502290482381250625	-0.45951155578784363964	0.21693114488065368128	0.30128635073918591525	0.28976872974606049382	0.36701620333675438745
12.50000000000000000000	0.98948835982269589540	-0.41853408927862018052	-0.44624018996992598218	0.21141472492938667704	0.29462004268307162569	0.28852596553961212811	0.36716053149821753498
12.60000000000000142109	0.98960627319007854474	-0.40197059027029785616	-0.43282704102281815972	0.20571138797949978239	0.28768648778180827552	0.28877585428611601825	0.36855907063343873453
12.70000000000000106581	0.98972480349436431357	-0.38536280772149317242	-0.41930041750482943685	0.19983726436187623787	0.28050403900835974014	0.29069439070094582611	0.37136097824063979411
12.80000000000000071054	0.98984371626404510369	-0.36874161778504693787	-0.40568922842651466976	0.19380668362840397512	0.27309189190688037963	0.29448556275184967213	0.37571887875912413080
12.90000000000000035527	0.98996277519327380290	-0.35213823711629677060	-0.39202284474680920701	0.18763599829248128747	0.26547046388268225048	0.30037605226434666017	0.38180211522630203014
13.00000000000000000000	0.99008173312975900071	-0.33558410632690482966	-0.37833097733751142044	0.18134267209081272876	0.25766136836417352640	0.30859845825601933678	0.38982119714269586330
13.10000000000000142109	0.99020037837216046128	-0.31910878388388719262	-0.36464166454040514154	0.17501968986677074458	0.24978240455562658595	0.31926959094371326620	0.39963771171964362905
13.20000000000000106581	0.99031848078314110850	-0.30273778331012202170	-0.35097947093181602884	0.16874103352113875576	0.24193287101575949860	0.33250514832371275142	0.41138051134789616059
13.30000000000000071054	0.99043587987428027830	-0.28649504364782368837	-0.33736780771705715543	0.16249700061415064956	0.23409967815833501725	0.34871789252867924080	0.42531535800476050202
13.40000000000000035527	0.99055237834385456708	-0.27040511577883558081	-0.32383069372364853278	0.15628162667937806063	0.22627361495515338485	0.36839285409542082972	0.44175550851739531222
13.50000000000000000000	0.99066778407812605689	-0.25449308790353308840	-0.31039266270242771295	0.15009230338057638621	0.21844937528092495116	0.39209805875764119909	0.46104684246809735093
13.60000000000000142109	0.99078190240199126571	-0.23878443902837356849	-0.29707863442449017333	0.14392920613678195085	0.21062537645730800007	0.42045725983011777993	0.48357092520494965315
13.70000000000000106581	0.99089453536987504023	-0.22330493542146270802	-0.28391369309974967550	0.13779621680307993503	0.20279973795335629050	0.45432800354846814006	0.50970795767160970158
13.80000000000000071054	0.99100548452375869513	-0.20808053894594427669	-0.27092308780421836545	0.13169952035436041649	0.19498068896727549504	0.49469520519130660841	0.54004450997268516055
13.90000000000000035527	0.99111455045982077561	-0.19313726937817671248	-0.25813223900537068944	0.12564756980437630229	0.18717660039372921443	0.54274397920392281058	0.57519924515693099387
14.00000000000000000000	0.99122152178438149850	-0.17850106789446143485	-0.24556652390267555419	0.11965088343113147729	0.17939828014778291809	0.59995573038146210454	0.61588562942235391962
14.10000000000000142109	0.99132623505102501760	-0.16419755948092740194	-0.23325099270617949410	0.11371306995894062131	0.17164886559547851141	0.66685410412014645143	0.66239326462744074764
14.20000000000000106581	0.99142846357184044592	-0.15025198620009447281	-0.22121015827855175506	0.10784547883760930986	0.16394209043987517660	0.74494535882562773477	0.71528576688809286654
14.30000000000000071054	0.99152804595521271125	-0.13668948164585650873	-0.20946841154320056111	0.10206511044204301386	0.15629920793113541433	0.83661224996352201444	0.77574175074467466295
14.40000000000000035527	0.99162478405683784910	-0.12353476361959402074	-0.19804991896840179466	0.09638978101401612930	0.14874176956701135044	0.94476690700243981524	0.84513015288381754253
14.50000000000000000000	0.99171849577572646073	-0.11081205673018791613	-0.18697851711509339001	0.09083780785308553929	0.14129188119777191801	1.07288025823703736528	0.92504330467582351893
14.60000000000000142109	0.99180900381013792355	-0.09854493655607829417	-0.17627752663890566831	0.08542707457760190248	0.13397090945156930886	1.22503153411161358477	1.01727011859271665450
14.70000000000000106581	0.99189613623275618703	-0.08675621634987056019	-0.16596965696708806948	0.08017893063766393102	0.12680140584387411540	1.40647663794577826302	1.12404996913727783792
14.80000000000000071054	0.99197972504549913886	-0.07546782823625067249	-0.15607691901861325823	0.07510924537032989678	0.11980505369596929077	1.62307970214445895785	1.24793147056040121257
14.90000000000000035527	0.99205961049170976462	-0.06470070266830817152	-0.14662049363403928393	0.07023535992745263967	0.11300314646023251752	1.88183669386070606677	1.39187545697931924771
15.00000000000000000000	0.99213563177904062762	-0.05447468271818735330	-0.13762063210264588453	0.06557434506924919582	0.10641654660881021133	2.19056727801134165645	1.55937092657784637240
15.10000000000000142109	0.99220767865831382970	-0.04480603760270190916	-0.12909425282784570133	0.06118006133804863855	0.10011603476164597504	2.55592583896159730728	1.75225307837869626049
15.20000000000000106581	0.99227563856955158794	-0.03570513390376427870	-0.12105296239703627892	0.05708669521009035464	0.09415444654346602493	2.98341670416344673100	1.97297110362176919551
15.30000000000000071054	0.99233945121159294889	-0.02717967485277143422	-0.11350612348045446831	0.05328603122655122676	0.08852009240372976651	3.48134172992273605018	2.22542176718895357013
15.40000000000000035527	0.99239905676155804048	-0.01923746703995761129	-0.10646318667228235610	0.04977260732431366963	0.08320428652390379765	4.05750256220326743772	2.51377517948916739954
15.50000000000000000000	0.99245439659079859318	-0.01188627798250540234	-0.09993353308150798586	0.04654314458649311259	0.07820102899076492031	4.71813810689164547796	2.84227658567760022024
15.60000000000000142109	0.99250538035276736348	-0.00513364759201210760	-0.09392630153300890461	0.04359584236290878212	0.07350690883491987904	5.46589311384735054844	3.21495887929470081090
15.70000000000000106581	0.99255201987752328385	0.00101309680343413845	-0.08845029316998313795	0.04093104319037157990	0.06911673539375418063	6.29957572745987981477	3.63540386145029259524
15.80000000000000071054	0.99259422767282534661	0.00654712009399206242	-0.08351378591586487710	0.03854986431919038559	0.06503431170180383469	7.21040257992813593546	4.10655258762955188701
15.90000000000000035527	0.99263195018536998226	0.01146209062772202830	-0.07912461517789287635	0.03645407028877108158	0.06126173650236207968	8.18003540518597382913	4.62944450014598984922
16.00000000000000000000	0.99266512451678790008	0.01575232933028684196	-0.07528996359686128403	0.03464563259316945365	0.05780164115594938617	9.17884895280198520595	5.20243552394699548813
16.10000000000000142109	0.99269377674999981220	0.01941281020653971845	-0.07201636287418511362	0.03311946446241398334	0.05465613848241153427	10.16280126780720749480	5.81897882091115103975
16.19999999999999928946	0.99271783880239039544	0.02243909015032977822	-0.06930959283888901701	0.03187362292452965845	0.05183420598802397639	11.08455145595070767683	6.46823695681964050408
16.30000000000000071054	0.99273727851586190951	0.02482733065804265671	-0.06717476840275861394	0.03091062724856985522	0.04934053101735180746	11.88861529960213658796	7.13547248599250316659
16.40000000000000213163	0.99275207262959208609	0.02657470801086988382	-0.06561610900050872386	0.03023312297870317522	0.04717911839990564238	12.51905759601048373497	7.80020088651494702958
16.50000000000000000000	0.99276220615971855210	0.02767947886664257756	-0.06463684014090806396	0.02984344226927783394	0.04535326476970989729	12.92694294287368883545	8.43642832911525886175
16.60000000000000142109	0.99276767283883582405	0.02814105216306067234	-0.06423908397025147876	0.02974258360308542487	0.04386464734928158943	13.07846222794282553537	9.01367249768555645062
16.69999999999999928946	0.99276847490843467270	0.02796005540174578002	-0.06442383449404393003	0.02993515112141611340	0.04271520698653558101	12.96388507550271107505	9.50068467597455068585
16.80000000000000071054	0.99276462337994275664	0.02713835977230533505	-0.06519094713280688957	0.03041729801079606776	0.04190508552959381489	12.59513564403937735392	9.86781547225314881189
16.90000000000000213163	0.99275613878758828257	0.02567910194456012735	-0.06653907492162694504	0.03118674579773389119	0.04143325140731189682	12.00624547935163910495	10.09127692520085339822
17.00000000000000000000	0.99274303720300982601	0.02358670450286120407	-0.06846564813775024572	0.03224048737371072726	0.04129767408376929655	11.24499329191412932971	10.15683948962709770569
17.10000000000000142109	0.99272539507155521665	0.02086938639312397106	-0.07096443975347717370	0.03356785250384156788	0.04149306413611219407	10.37550406267054370346	10.06173348008145218557
17.19999999999999928946	0.99270327941256475413	0.01754128143132867648	-0.07402374082846840952	0.03514514448691034160	0.04200434056604226973	9.45895710228078989701	9.82100164196531366656
17.30000000000000071054	0.99267681042663324931	0.01361878258556832588	-0.07762983569521060556	0.03695858580933211734	0.04281432369965680607	8.54038320965049813083	9.45723512737929716820
17.40000000000000213163	0.99264611970030036669	0.00911763440784139727	-0.08176952314059190985	0.03899602096844239502	0.04390763012449087899	7.65268639461361743770	8.99752980973729243885
17.50000000000000000000	0.99261131252190248908	0.00405313303187138704	-0.08642991714276199167	0.04124637324203375699	0.04527023581449075157	6.81774434469827550487	8.46990805833436333216
17.60000000000000142109	0.99257250083266101992	-0.00155973502584355952	-0.09159831344136451503	0.04369924733465592459	0.04688968802042150358	6.04794314881273198381	7.90082872759360999027
17.69999999999999928946	0.99252979591795864600	-0.00770616293208684425	-0.09726198793829191058	0.04634493244013723062	0.04875107859503302610	5.34965260338395598438	7.31478288536392451391
17.80000000000000071054	0.99248330634390080629	-0.01437143722386945502	-0.10340818138593917130	0.04917384566033800031	0.05084694632513846874	4.72377837927018884301	6.73014411572458826072
17.90000000000000213163	0.99243314137864191427	-0.02154080452424153927	-0.11002406720885918312	0.05217631666521949790	0.05316742805955054774	4.16792204795477783108	6.16168971215394201124
18.00000000000000000000	0.99237935171019342473	-0.02919932816182787758	-0.11709653964016847327	0.05534204157137361663	0.05570218196281616352	3.67753912744093147680	5.61995798089606068970
18.10000000000000142109	0.99232217698791702620	-0.03733209030587531646	-0.12461244524051851013	0.05865380113154198410	0.05844744253109813298	3.24930258551521111698	5.11255882790350746347
18.19999999999999928946	0.99226165711019276294	-0.04592414783046702698	-0.13255835360995199546	0.06209537811739933300	0.06140439686927436080	2.87890263344651531341	4.64455546111449102398
18.30000000000000071054	0.99219787573904749678	-0.05496045506428076655	-0.14092059887658561768	0.06565787998452701779	0.06456106972410664835	2.55836973712167869976	4.21772216923094589447
18.40000000000000213163	0.99213099602045828895	-0.06442546148719870136	-0.14968505008458682370	0.06933252591618749294	0.06790495865752071980	2.28050640882115684960	3.83151475617531778184
18.50000000000000000000	0.99206112367184118295	-0.07430300302320336225	-0.15883693810348628594	0.07311026410768996231	0.07142282712570749426	2.03964217448852913606	3.48430016607720549615
18.60000000000000142109	0.99198837270765893859	-0.08457632635743089766	-0.16836088074852167962	0.07698090814109867508	0.07510045998962683322	1.83057926569886908474	3.17362655630598533563
18.69999999999999928946	0.99191286945145207277	-0.09522805230543412991	-0.17824091110898665491	0.08093820513005323125	0.07892399938426823691	1.64944811785712519558	2.89674867415684822447
18.80000000000000071054	0.99183474486541800541	-0.10624022226674134650	-0.18846051362909049809	0.08496688685942901942	0.08287850068094096412	1.49196652448013922232	2.65066179216793562645
18.90000000000000213163	0.99175413347022689514	-0.11759436053279197221	-0.19900261133218216658	0.08905418481464275060	0.08694856184791407983	1.35483003086082098854	2.43237174415140700034
19.00000000000000000000	0.99167116789066078741	-0.12927148018748357838	-0.20984959996173080388	0.09318733648714462581	0.09111875448860858040	1.23526604946908480365	2.23902743663276648789
19.10000000000000142109	0.99158600597153345735	-0.14124978854737890721	-0.22098111218496963026	0.09731014117547877318	0.09532782670236113198	1.13208637584792781716	2.06989308689668227714
19.20000000000000284217	0.99149881678198059642	-0.15350305675374570358	-0.23237262449217840898	0.10136472102202073731	0.09951788604107925096	1.04360688780996890834	1.92324011820290108332
19.30000000000000071054	0.99140980769969833108	-0.16600412425020372176	-0.24399882608633932657	0.10534897750471954037	0.10368406281600560381	0.96727200556284653743	1.79543128732047851948
19.40000000000000213163	0.99131916272947895319	-0.17872748338862262663	-0.25583586890133652725	0.10926103695968837626	0.10782161975884027583	0.90107052442492419075	1.68351965552233062695
19.50000000000000000000	0.99122705923320908461	-0.19164907556472240979	-0.26786114117470438689	0.11309893593879592755	0.11192522630501806902	0.84340793693462789982	1.58509520941010562112
19.60000000000000142109	0.99113366652796774936	-0.20474607681523765423	-0.28005308559842356786	0.11686073312271749725	0.11599095615253612879	0.79300981304337914146	1.49829917418405123009
19.70000000000000284217	0.99103914668752157713	-0.21799674964421944523	-0.29239102523562349178	0.12054365664614132003	0.12001147799519773507	0.74885372136093852902	1.42163856784639830444
19.80000000000000071054	0.99094365146784402221	-0.23138032158530608129	-0.30485508569786373689	0.12414475895697006658	0.12398515763667805611	0.71010596060190855905	1.35373890147637876424
19.90000000000000213163	0.99084732745911308083	-0.24487683357537776141	-0.31742612132683517556	0.12766059153557110517	0.12790773272180852582	0.67608595497418089160	1.29351484338762134918
20.00000000000000000000	0.99075031863367368778	-0.25846703028258760648	-0.33008556194520272120	0.13108672825565478859	0.13177385303512895165	0.64616603667463023974	1.24003548830188914387
20.10000000000000142109	0.99065276226547582805	-0.27213230939744886827	-0.34281537780649634639	0.13441852747201402107	0.13559557468716623707	0.62059889824667824332	1.19305152033429529013
20.20000000000000284217	0.99055477241187828152	-0.28585485121644532702	-0.35559808965312922346	0.13765054211855964894	0.13938739679788653136	0.59946036757992904320	1.15229782144409020894
20.30000000000000071054	0.99045647350308574364	-0.29961744034214471410	-0.36841661688899524085	0.14078012328575034706	0.14313825980599204080	0.58193375471132435806	1.11690878996234510545
20.40000000000000213163	0.99035799360392406943	-0.31340308298681540666	-0.38125407207527500786	0.14380454938756415117	0.14683703366638253818	0.56747044711377914172	1.08618386836823854757
20.50000000000000000000	0.99025945837088791279	-0.32719498268571711730	-0.39409373548711001956	0.14672089465842677591	0.15047225263672336926	0.55561723001599583327	1.05954370355635529855
20.60000000000000142109	0.99016099254720801870	-0.34097652742317119401	-0.40691901876867836441	0.14952533560065683904	0.15403246531965908428	0.54607486045923225859	1.03652723440521321585
20.70000000000000284217	0.99006271750906205131	-0.35473122990483546557	-0.41971350305082044674	0.15221746246049994156	0.15750671864771165209	0.53869239120216549921	1.01670500239579597590
20.80000000000000071054	0.98996475507421055617	-0.36844280565216958045	-0.43246098111041658685	0.15478888791242423340	0.16088402060644743652	0.53312451934163784806	0.99973172484511863001
20.90000000000000213163	0.98986722436260987656	-0.38209525947514927369	-0.44514544367729047547	0.15723406498548381238	0.16415377312791595843	0.52917782493238174624	0.98531995929594728967
21.00000000000000000000	0.98977023113636952711	-0.39567284174795486207	-0.45775109788161461033	0.15954796233790366489	0.16730632346292212409	0.52673013801183365956	0.97323329003912284474
21.10000000000000142109	0.98967390388265386036	-0.40915820673605318714	-0.47026053990226540646	0.16166317038040875498	0.17026430449314655657	0.52603220864870747775	0.96408004628558541249
21.20000000000000284217	0.98957837991282560086	-0.42253123809135684219	-0.48265377593074959561	0.16352111894210899501	0.17296584086535607416	0.52717453068807440530	0.95787998731730072954
21.30000000000000071054	0.98948380283397596724	-0.43577198210991496818	-0.49491108026869584657	0.16514425763778572964	0.17543261712175117761	0.52988713755637517622	0.95419884652985931250
21.40000000000000213163	0.98939030773811964536	-0.44886264608027082179	-0.50701470844525309278	0.16655294688337690667	0.17768220845296070487	0.53395876977464107327	0.95256009821937648319
21.50000000000000000000	0.98929801701372799272	-0.46178732080508805291	-0.51894860679734544640	0.16776552256399202001	0.17973076363135165323	0.53922417831077840145	0.95262573004577000280
21.60000000000000142109	0.98920704095601419414	-0.47453171564868446008	-0.53069822031074964652	0.16879884129679337268	0.18159387316087488573	0.54557895280585888553	0.95421444657233844833
21.70000000000000284217	0.98911747980992092977	-0.48708297373489317650	-0.54225028169970612701	0.16966684506375306896	0.18328228044124397766	0.55288446653815281895	0.95710757394511236651
21.80000000000000071054	0.98902942227843093637	-0.49942951016804254527	-0.55359268084642376806	0.17038230394176401283	0.18480992497687817600	0.56104945908575132307	0.96112662875432863796
21.90000000000000213163	0.98894294990677789059	-0.51156082752536513603	-0.56471434379161167261	0.17095643349149269863	0.18618735157030391614	0.56999916698544117466	0.96612939489658267167
22.00000000000000000000	0.98885812006103812610	-0.52346736936837534593	-0.57560505474733369979	0.17139863939379604285	0.18742294475646367746	0.57961143186782537740	0.97197728747921885439
22.10000000000000142109	0.98877503206905459354	-0.53514030723511385457	-0.58625531846453171614	0.17173254248384112186	0.18855686935553123140	0.59044834059286122052	0.97878038522102861485
22.20000000000000284217	0.98869370198011863327	-0.54657144676775903935	-0.59665608321320229290	0.17197710979809543996	0.18962646362707605285	0.60268773912902517953	0.98663921564923762197
22.30000000000000071054	0.98861419831633534638	-0.55775332471399929890	-0.60679883837743930908	0.17213645060049753699	0.19062509041772399132	0.61603509481180585006	0.99528924835304499741
22.40000000000000213163	0.98853658540413091860	-0.56867890363221562655	-0.61667554981069938602	0.17221397848330460834	0.19154626815288189334	0.63021114165811020769	1.00451041035944554913
22.50000000000000000000	0.98846092434752663713	-0.57934150907568349176	-0.62627862626472430296	0.17221252829871017132	0.19238340889644087173	0.64503596751881642213	1.01412351336255390777
22.60000000000000142109	0.98838727327259445765	-0.58973481492916612901	-0.63560086929343251327	0.17213395500765946156	0.19313049402051651882	0.66037325222488318932	1.02401925667747684123
22.70000000000000284217	0.98831567397184316714	-0.59985274769028762432	-0.64463548361679634535	0.17198214299018826923	0.19378187492070436670	0.67610063250403629187	1.03409710072524796409
22.80000000000000071054	0.98824619667586166560	-0.60968958561476660485	-0.65337613293754415178	0.17175478984932771032	0.19433241891755534403	0.69203865308286360847	1.04410245720236116718
22.90000000000000213163	0.98817889506933687116	-0.61924001046580223750	-0.66181686865801991893	0.17145180902372669784	0.19477772062301029754	0.70806852634344219499	1.05397855518539462771
23.00000000000000000000	0.98811379514792363477	-0.62849901079040659813	-0.66995212064619924508	0.17107349081697173498	0.19511461589651712956	0.72412198231813784677	1.06364033734275409415
23.10000000000000142109	0.98805093296619284082	-0.63746053880654707235	-0.67777532698919851217	0.17055692287224918924	0.19527291775233307503	0.74041920860466492460	1.07374801970440958421
23.20000000000000284217	0.98799035054836192860	-0.64611679468731109122	-0.68527835131131431545	0.16985401305805025718	0.19520377690740764454	0.75705436322497365875	1.08423636285502400511
23.30000000000000071054	0.98793211593325791497	-0.65446039132822808604	-0.69245364096269956811	0.16899885368573699940	0.19494266343807320485	0.77377881630255751499	1.09488458416277634200
23.40000000000000213163	0.98787628137960314945	-0.66248566829316368754	-0.69929533038601709993	0.16802109474920451371	0.19451841118462265268	0.79037515703696625824	1.10536383920923109159
23.50000000000000000000	0.98782288828337394548	-0.67018841638450754594	-0.70579896520812435146	0.16694647663846842733	0.19395641682584913168	0.80665263554185162587	1.11542718304651677919
23.60000000000000142109	0.98777196740069816983	-0.67756559387165316011	-0.71196129826053489165	0.16579723758452638571	0.19327965624600579320	0.82254580224850570858	1.12497379858109547435
23.70000000000000284217	0.98772354174718224318	-0.68461517624149859085	-0.71778009430867317775	0.16459192391548888024	0.19250522898414562656	0.83775281563294901055	1.13378485370761694639
23.80000000000000071054	0.98767762630507960342	-0.69133601969878932803	-0.72325398992505463003	0.16334630609825195879	0.19165105592765938058	0.85212591954817207274	1.14175974287474435442
23.90000000000000213163	0.98763423016822426970	-0.69772766185638845915	-0.72838236554504387499	0.16207357100026922869	0.19073102987616744053	0.86552810032384841499	1.14879813166081667930
24.00000000000000000000	0.98759333536955451471	-0.70379018652403124712	-0.73316518739783176350	0.16078434009804759564	0.18975609582521799079	0.87776194348527336597	1.15477620894492605252
24.10000000000000142109	0.98755497270930892029	-0.70952373027443238485	-0.73760263574753470728	0.15952177373625958667	0.18878397719086595363	0.88933898112149800674	1.15950304137368975788
24.20000000000000284217	0.98751910366475770253	-0.71492821657857696938	-0.74169463122741419170	0.15831971169866659865	0.18786236034883949109	0.89996707780588081071	1.16286020400936407349
24.30000000000000071054	0.98748574310192738235	-0.72000386612511635409	-0.74544126759138606975	0.15717069667992722426	0.18697529333683340913	0.90932462555161575057	1.16474134287989405934
24.40000000000000213163	0.98745490168498484262	-0.72475117137411904089	-0.74884308370585650483	0.15606705479332078079	0.18610802520820879380	0.91725141740494486875	1.16508702024797683450
24.50000000000000000000	0.98742658503686997484	-0.72917082723966353264	-0.75190102648315737532	0.15500116896959620361	0.18524675036015889051	0.92363141691428107816	1.16387610656319884228
24.60000000000000142109	0.98740079372509537148	-0.73326373986784409986	-0.75461639372695132888	0.15396527271048829344	0.18437924025834889763	0.92836492204894194291	1.16121130025981811329
24.70000000000000284217	0.98737752619893037753	-0.73703094975052740878	-0.75699085333001647768	0.15295307916284348049	0.18349428432812808776	0.93130198427588661847	1.15698497350644879944
24.80000000000000071054	0.98735677666933407970	-0.74047370346375418482	-0.75902645466423002141	0.15195519336459467619	0.18258214923245344452	0.93244274060902587742	1.15127879065338545317
24.90000000000000213163	0.98733853595817877569	-0.74359354769471031066	-0.76072558279270885429	0.15096424522742191154	0.18163443646992952218	0.93179502452770501808	1.14404128430790952287
25.00000000000000000000	0.98732278859831645867	-0.74639223039842184093	-0.76209093885971601612	0.14997366218694335727	0.18064455560074782481	0.92940282756379499762	1.13532922245345990753
25.10000000000000142109	0.98730951195022753630	-0.74887079135039891220	-0.76312454871365398290	0.14892671539157609217	0.17955623818521890267	0.92541243462711930690	1.12558043460168888394
25.20000000000000284217	0.98729867497193146697	-0.75102919140750334925	-0.76382748103950426355	0.14778302208944438245	0.17833434001636783162	0.91983069263492078793	1.11457307296349061865
25.30000000000000071054	0.98729029750319330372	-0.75286780937582176154	-0.76420138821594407741	0.14656868327154529141	0.17700744725656974987	0.91258661630147919208	1.10234404858147794215
25.40000000000000213163	0.98728436807049713142	-0.75438816749958925723	-0.76424908475454245149	0.14530493603485450382	0.17559760772670768292	0.90366651883314974558	1.08881780913793768661
25.50000000000000000000	0.98728087235849515402	-0.75559273734033594039	-0.76397434259765883979	0.14400902884235478041	0.17412310100542349733	0.89310308556909945299	1.07397408692561779908
25.60000000000000142109	0.98727978842743546739	-0.75648470608851481334	-0.76338171981988889314	0.14269436267925289519	0.17259935893583172595	0.88109161471039409985	1.05792649961925810942
25.70000000000000284217	0.98728109062087310299	-0.75706788628974353017	-0.76247641742454541625	0.14137143798450424459	0.17103691049223285203	0.86753857978999537881	1.04065308579229642838
25.80000000000000071054	0.98728474574353863868	-0.75734662410321129666	-0.76126416601043356280	0.14004740493257414324	0.16944611426496472562	0.85261361785706646366	1.02230431486577844069
25.90000000000000213163	0.98729071682939406607	-0.75732566119661903770	-0.75975112668050737152	0.13872845936400127198	0.16783407635336211605	0.83633561153908819730	1.00299770592736114949
26.00000000000000000000	0.98729894325560407786	-0.75701005268623178246	-0.75794377164382931156	0.13741783311755467745	0.16620554553054406322	0.81881436999527290599	0.98280008001967666953
26.10000000000000142109	0.98730942222366013805	-0.75640431385208428683	-0.75584824244157655659	0.13616634368654137455	0.16462250288693602851	0.80050192867492420135	0.96145823717332756786
26.20000000000000284217	0.98732208632923346148	-0.75551189464407453311	-0.75346962846179244000	0.13501196766840012353	0.16313043931941351161	0.78103718646721675967	0.93891811933457647310
26.30000000000000071054	0.98733691352666874685	-0.75433633703339053600	-0.75081292729310722400	0.13392863072826785564	0.16169910470960779936	0.76056103323898927027	0.91545060160320257392
26.40000000000000213163	0.98735387715706646183	-0.75288171797605141222	-0.74788376028671033069	0.13289270627013721748	0.16030195945338809871	0.73946405198283293725	0.89132344222160198033
26.50000000000000000000	0.98737294370438344338	-0.75115256523399387412	-0.74468831282720793219	0.13188303621390926046	0.15891575999704987687	0.71801088153720726837	0.86678082233709641269
26.60000000000000142109	0.98739407256704547766	-0.74915386565132824348	-0.74123324802583090420	0.13088065458500675042	0.15752073196638100017	0.69635524948708604764	0.84207596312486154844
26.70000000000000284217	0.98741722108565022076	-0.74689097680076887986	-0.73752571104545427971	0.12986912004186676461	0.15609998439758923650	0.67455167245100555728	0.81734860857364277642
26.80000000000000071054	0.98744233994031382906	-0.74436968203494724428	-0.73357331799575775655	0.12883309903612269465	0.15463970589903469621	0.65286134103798010297	0.79273473816647566093
26.90000000000000213163	0.98746937347990104694	-0.74159626651402033026	-0.72938408202323790075	0.12776001731712086085	0.15312851921532485977	0.63144029359980635707	0.76841898458060031718
27.00000000000000000000	0.98749826347628877343	-0.73857739821513179734	-0.72496637425694909762	0.12663937154588431055	0.15155795629015075821	0.61037093035736533775	0.74457377049636119803
27.10000000000000142109	0.98752894616429087726	-0.73531953498287472293	-0.72032818209102089657	0.12542896201767536613	0.14989305017957180177	0.58952783291330945747	0.72076103704210936485
27.20000000000000284217	0.98756134549234930731	-0.73182874957889576528	-0.71547700859199880874	0.12410144038454355708	0.14811584789728005074	0.56871271776829723787	0.69683256597310072600
27.30000000000000071054	0.98759541536500194958	-0.72811165222361795557	-0.71042093511090087521	0.12267420628662664694	0.14624381447983567095	0.54813554968106437126	0.67310576906875096981
27.40000000000000213163	0.98763110051527003286	-0.72417575237112119524	-0.70516884754366082610	0.12116132062203287256	0.14429047642737438673	0.52799238215875832214	0.64974437084654235175
27.50000000000000000000	0.98766833870773318438	-0.72002928544258759658	-0.69973026030149931831	0.11957437281736003898	0.14226694067129169730	0.50845974542336680457	0.62689272022305631005
27.60000000000000142109	0.98770707282523828585	-0.71568103589693043975	-0.69411518780259517936	0.11792217813011153515	0.14018240379108951044	0.48976452100192940931	0.60473452854543707780
27.70000000000000284217	0.98774722368759326763	-0.71114025153550142200	-0.68833401551341322211	0.11621259011419829421	0.13804376089192826882	0.47191998294738296549	0.58334396465229332307
27.80000000000000071054	0.98778871477925089817	-0.70641660570989872614	-0.68239742638345424197	0.11445069894720122372	0.13585755330029025689	0.45510579379471810535	0.56288234505571910216
27.90000000000000213163	0.98783146606857286098	-0.70152006881658801607	-0.67631630806446196846	0.11264246796484031488	0.13362879035463698374	0.43928735137221724960	0.54345157514720454639
28.00000000000000000000	0.98787539028492066251	-0.69646085831877146965	-0.67010165569180113465	0.11079142242605992397	0.13136126576086248896	0.42457441869861339834	0.52503277439755891010
28.10000000000000142109	0.98792040760637922503	-0.69124811745123615481	-0.66376356228472199739	0.10895284556495254957	0.12911638882552262109	0.41096856227371370007	0.50743598496457764657
28.20000000000000284217	0.98796646815979238809	-0.68588923872637519441	-0.65731041278562973851	0.10716684510671668773	0.12693518502304240725	0.39826142210051884707	0.49055604453465773140
28.30000000000000071054	0.98801349971230867375	-0.68039159041710661757	-0.65075028586236882688	0.10540230565286731745	0.12478490047878784686	0.38653768215959322108	0.47459057009620803091
28.40000000000000213163	0.98806144973837806145	-0.67476357383203511286	-0.64409217013392006113	0.10363364327894156180	0.12263893096174241504	0.37613115325227108876	0.45970389874788347706
28.50000000000000000000	0.98811023852031953929	-0.66901440841250325864	-0.63734580233532223126	0.10184013575003990348	0.12047605879977663079	0.36719113184701362984	0.44601660360413292183
28.60000000000000142109	0.98815977862243964402	-0.66315407870310472127	-0.63052150753287472540	0.10000535350206679608	0.11827990539136185033	0.35961894833653490489	0.43357806936065212966
28.70000000000000284217	0.98821000549597992624	-0.65719318209272803433	-0.62363017456454650222	0.09811637206433057590	0.11603860447232250408	0.35342167850614569780	0.42251062304984959850
28.80000000000000071054	0.98826082177897878189	-0.65114287303855744593	-0.61668314458364537067	0.09616471929294345689	0.11374421584062698043	0.34876094370881521867	0.41280868585805235993
28.90000000000000213163	0.98831213342638402075	-0.64501489200882211605	-0.60969211313412707831	0.09414485416923915051	0.11139169537636028906	0.34569502341259433775	0.40464191220908840574
29.00000000000000000000	0.98836383545517503268	-0.63882136415030832399	-0.60266903451132425307	0.09205394537488749418	0.10897926405876948164	0.34422891829467316960	0.39812277841702303771
29.10000000000000142109	0.98841585292808054053	-0.63257441316590401481	-0.59562549531038289086	0.08987264716885259852	0.10649685532062866389	0.34407837782118305681	0.39211268493722817308
29.20000000000000284217	0.98846806432133171860	-0.62628599569022602722	-0.58857270078119505730	0.08759306978187993142	0.10394654720615206789	0.34498340185786263712	0.38675742105286631256
29.30000000000000071054	0.98852038288688104384	-0.61996844937210793258	-0.58152227223681152157	0.08523230940550884094	0.10134048887476880541	0.34729117007407317441	0.38242666152829535298
29.40000000000000213163	0.98857272734952184035	-0.61363455377310927030	-0.57448615106771572236	0.08280559052197046521	0.09868978583081119971	0.35133579203516457357	0.37935969841700345473
29.50000000000000000000	0.98862499464324893328	-0.60729735054700328956	-0.56747642084961213982	0.08032683124322477497	0.09600450770122075095	0.35744755029789898604	0.37777231888693463269
29.60000000000000142109	0.98867708789247366052	-0.60096998377445765005	-0.56050520843332540810	0.07780799800422200097	0.09329354583199588047	0.36599047707252307937	0.37787859550514646401
29.70000000000000284217	0.98872892500370279656	-0.59466564496536267193	-0.55358458237263741264	0.07526114670330456835	0.09056559432766668472	0.37727265163380957480	0.37984306331912642829
29.80000000000000071054	0.98878039632466385722	-0.58839748952807913174	-0.54672645152426435633	0.07269621181845703495	0.08782876343730065816	0.39172382961312052219	0.38392120292552212035
29.90000000000000213163	0.98883141759327819464	-0.58217854931194312762	-0.53994253999962127377	0.07012373673403898833	0.08509066194387589210	0.40966619381810409628	0.39032863722198896106
30.00000000000000000000	0.98888184554955349537	-0.57602160252337564206	-0.53324422027262941004	0.06755249973569495137	0.08235822612658945385	0.43168320756871564337	0.39915896038905857024
30.10000000000000142109	0.98893163665728101019	-0.56993766220517561027	-0.52664135827413083302	0.06503233841221309208	0.07968361120752402715	0.45783919159659103304	0.41047599081633040496
30.20000000000000284217	0.98898075077410585454	-0.56393495359938605738	-0.52014128638904710833	0.06259712207649902049	0.07709851892679504826	0.48854847722887251305	0.42415205864026389593
30.30000000000000071054	0.98902910085937600915	-0.55802131578570957071	-0.51375073279685146144	0.06022319064008992140	0.07457807654071781089	0.52444898242288140455	0.44061694132488155029
30.40000000000000213163	0.98907662488683967261	-0.55220575745555644520	-0.50747739900144184233	0.05789348912043723594	0.07210407834816855155	0.56665811909291496917	0.46031763450416179895
30.50000000000000000000	0.98912325368501263778	-0.54649812281230847333	-0.50132970548873523331	0.05559600336303768126	0.06966389570038404588	0.61652873145434516911	0.48372956588585275250
30.60000000000000142109	0.98916891316759392172	-0.54090889907039119144	-0.49531653609148978967	0.05332319370878669390	0.06724928298056542797	0.67515479097785913165	0.51118139731144407456
30.70000000000000284217	0.98921352657962691168	-0.53544896473781466995	-0.48944713304351211702	0.05107039474335990648	0.06485666290511676868	0.74373758650179222496	0.54352447454934671445
30.80000000000000071054	0.98925701372436558589	-0.53012948983516039458	-0.48373097939622661245	0.04883829550176408546	0.06248549422079296284	0.82435018797319148387	0.58127337270175327699
30.90000000000000213163	0.98929929471339950187	-0.52496186253650423126	-0.47817762901416560606	0.04662920949160517109	0.06013743110582699808	0.91908191440036024478	0.62557046063426835492
31.00000000000000000000	0.98934028104313787022	-0.51995744368166696425	-0.47279658467951957146	0.04444743338587274495	0.05781630009422995820	1.03031196495403709612	0.67740658441123291489
31.10000000000000142109	0.98937990321619295742	-0.51512728385623018923	-0.46759668858597847052	0.04228905613078981496	0.05552660396057238629	1.16066934247696895710	0.73484022035321316935
31.20000000000000284217	0.98941808020290034076	-0.51048205899868182023	-0.46258632454443543436	0.04015800344011234702	0.05328209888737624189	1.31263538808060453711	0.79972330088167153939
31.30000000000000071054	0.98945473951855489325	-0.50603226522305200241	-0.45777395753861443994	0.03806885254343959218	0.05108923987713144543	1.49073088112564433594	0.87347933635680197195
31.40000000000000213163	0.98948981181026862686	-0.50178810999092571254	-0.45316776571474948199	0.03603469715335452794	0.04895431396180879857	1.70007575208989103466	0.95732461235698929070
31.50000000000000000000	0.98952323107997952611	-0.49775937579277407252	-0.44877552979112156351	0.03406741712817628470	0.04688439176189553026	1.94636642297874340457	1.05291746765168992006
31.60000000000000142109	0.98955494574670777030	-0.49395529112183111931	-0.44460458696178312143	0.03217707671302368067	0.04488499650629159538	2.23574344306417271966	1.16191622427861851463
31.70000000000000284217	0.98958488787923237773	-0.49038446569011961973	-0.44066171143915666697	0.03037353974104202436	0.04296285496138155247	2.57494560584890841426	1.28621995842644798458
31.80000000000000071054	0.98961300307717858793	-0.48705490716045551913	-0.43695311940462416844	0.02866474831283849500	0.04112280671918875502	2.97133779280849541493	1.42756877441321572419
31.90000000000000213163	0.98963924126458890917	-0.48397391464718014786	-0.43348442902060274617	0.02705808099306224873	0.03936977276464786318	3.43102654044626209640	1.58765167293976738883
32.00000000000000000000	0.98966353330293499457	-0.48114804320722054376	-0.43026057980411941406	0.02555955130296981570	0.03770807630457777282	3.96067746333540160464	1.76751634934154822076
32.10000000000000142109	0.98968589261671657820	-0.47858137056643229590	-0.42728448880938479926	0.02419400366075241671	0.03616518879944685683	4.55716931777123601677	1.96719288478137155352
32.20000000000000284217	0.98970628650881509181	-0.47627443836608857053	-0.42455600149020883416	0.02297259645965343128	0.03475331044938274189	5.21606942272708096198	2.18497229290421568493
32.30000000000000426326	0.98972472395294253111	-0.47422723658526672041	-0.42207437079450899065	0.02188070269238536619	0.03345654310560228217	5.93481017035136382276	2.42179950874085792023
32.39999999999999857891	0.98974120412985977513	-0.47244094120265328618	-0.41983988022987783761	0.02090891660766395349	0.03226407193357729020	6.71141942698241589227	2.67812042800913463481
32.50000000000000000000	0.98975571942901208189	-0.47091750772853585572	-0.41785354642791455726	0.02005063074705231221	0.03116905858327990997	7.53802167818523649601	2.95368532735398936495
32.60000000000000142109	0.98976825336358320584	-0.46965939706250475760	-0.41611680330633121772	0.01930238107811093826	0.03016719112889853019	8.39640673443497398409	3.24573057333727321705
32.70000000000000284217	0.98977879603697038746	-0.46866929298043641383	-0.41463137104403074984	0.01866166043109284203	0.02925774966104458669	9.26826497479533628621	3.55448373819482599245
32.80000000000000426326	0.98978733225326276379	-0.46794994002839396252	-0.41339910415867758831	0.01813023175228087314	0.02844113776944190430	10.12572345299189535694	3.87543506658006942089
32.89999999999999857891	0.98979383725597824828	-0.46750402071923119474	-0.41242179385671806635	0.01770959760537457045	0.02771885036046079984	10.93554296988385843292	4.20689567660537644400
33.00000000000000000000	0.98979831516189586971	-0.46733395099865449041	-0.41170108485052914205	0.01740203735590272610	0.02709279994104346612	11.66394372740302820546	4.54347698267539445993
33.10000000000000142109	0.98980075193312588855	-0.46744164893042006170	-0.41123787266377748173	0.01720562243916416018	0.02656853431587146222	12.27823692314139236714	4.86275059314203783600
