0.00000000000000000000	1.00000000000000000000	1.00000000000000000000	1.00000000000000000000	0.00000000000000000000	0.00000000000000000000	nan	nan
0.10000000000000000555	0.99999665118853409140	0.99920038387589737994	0.99935162692041756838	0.00039203562364896336	0.00031757310124330403	0.00000000000000000000	0.00000000000000000000
0.20000000000000001110	0.99996439671244075065	0.99680478766816182912	0.99740473985155209125	0.00152026643386702319	0.00123159839705724731	0.00000000000000000000	0.00000000000000000000
0.30000000000000004441	0.99990420182120642867	0.99286559069369795250	0.99420141651366678026	0.00331573993617725188	0.00268647360211667031	0.00000000000000000000	0.00000000000000000000
0.40000000000000002220	0.99981704417132910567	0.98743604378828064849	0.98978412276117566648	0.00571321255878265433	0.00462974143874336167	0.00000000000000000000	0.00000000000000000000
0.50000000000000000000	0.99970391016399084982	0.98057008340079132580	0.98419559343636520143	0.00865101827419808428	0.00701195960397468440	0.00000000000000000000	0.00000000000000000000
0.60000000000000008882	0.99956579158512992578	0.97232215668751487136	0.97747872070540542389	0.01207093943760063903	0.00978657457434331697	0.00000000000000000000	0.00000000000000000000
0.70000000000000006661	0.99940368252892841650	0.96274705726862641608	0.96967644962619503612	0.01591807991037214390	0.01290979917686252768	0.00000000000000000000	0.00000000000000000000
0.80000000000000004441	0.99921857658652812884	0.95189977130606961975	0.96083168069647273413	0.02014074053304169484	0.01634049385838141910	0.00000000000000000000	0.00000000000000000000
0.90000000000000002220	0.99901146428287312951	0.93983533356031934147	0.95098717913064667595	0.02469029700715124828	0.02004005158821697830	0.00000000000000000000	0.00000000000000000000
1.00000000000000000000	0.99878333074541236769	0.92660869308254367738	0.94018549061424816493	0.02952108024055673241	0.02397228633098497097	0.00000000000000000000	0.00000000000000000000
1.10000000000000008882	0.99853515358930300394	0.91227458819867091044	0.92846886328590483295	0.03459025920542239951	0.02810332502803897237	0.00000000000000000000	0.00000000000000000000
1.20000000000000017764	0.99826790100464302125	0.89688743044270624605	0.91587917569843413368	0.03985772635274718867	0.03240150302686733985	0.00000000000000000000	0.00000000000000000000
1.30000000000000004441	0.99798253003202896938	0.88050119709822449732	0.90245787051263237633	0.04528598562173840464	0.03683726289840139057	0.00000000000000000000	0.00000000000000000000
1.40000000000000013323	0.99767998501352772589	0.86316933200932333126	0.88824589368013195934	0.05084004307678118700	0.04138305658235387485	0.00000000000000000000	0.00000000000000000000
1.50000000000000000000	0.99736119620696073174	0.84494465432546228545	0.87328363887464099946	0.05648730019919687151	0.04601325080077069835	0.00000000000000000000	0.00000000000000000000
1.60000000000000008882	0.99702707855197658660	0.82587927484821266333	0.85761089693443193216	0.06219744985546902388	0.05070403567969105491	0.00000000000000000000	0.00000000000000000000
1.70000000000000017764	0.99667853057725797061	0.80602451965245502929	0.84126681008299231124	0.06794237495820687478	0.05543333651846899662	0.00000000000000000000	0.00000000000000000000
1.80000000000000004441	0.99631643343867970497	0.78543086065929712536	0.82428983069890549018	0.07369604983081255722	0.06018072864581243409	0.00000000000000000000	0.00000000000000000000
1.90000000000000013323	0.99594165007898494135	0.76414785284351982586	0.80671768441077862377	0.07943444428167747984	0.06492735530106802377	0.00000000000000000000	0.00000000000000000000
2.00000000000000000000	0.99555502450002530956	0.74222407776412935299	0.78858733729789143307	0.08513543038875701074	0.06965584847869046858	0.00000000000000000000	0.00000000000000000000
2.10000000000000008882	0.99515738113926055508	0.71970709311297154098	0.76993496698254859645	0.09077869199059519778	0.07435025267325177933	0.00000000000000000000	0.00000000000000000000
2.20000000000000017764	0.99474952434271279866	0.69664338798298863775	0.75079593740555772285	0.09634563687529909548	0.07899595146177675054	0.00000000000000000000	0.00000000000000000000
2.30000000000000026645	0.99433223792699088062	0.67307834356462603598	0.73120477708174080878	0.10181931165460234023	0.08357959685968982533	0.00000000000000000000	0.00000000000000000000
2.40000000000000035527	0.99390628482358922557	0.64905619898624411501	0.71119516063845478193	0.10718431930604030433	0.08808904138615150647	0.00000000000000000000	0.00000000000000000000
2.50000000000000000000	0.99347240679902870664	0.62462002202183330990	0.69079989344594738832	0.11242673936236499688	0.09251327277416010464	0.00000000000000000000	0.00000000000000000000
2.60000000000000008882	0.99303132424487305929	0.59981168439708476559	0.67005089915436977233	0.11753405072368199036	0.09684235126051371489	0.00000000000000000000	0.00000000000000000000
2.70000000000000017764	0.99258373603201432989	0.57467184143267024954	0.64897920995857394377	0.12249505706437716079	0.10106734939042406884	0.00000000000000000000	0.00000000000000000000
2.80000000000000026645	0.99213031942400264906	0.54923991577160935496	0.62761495941797817988	0.12729981480373486757	0.10518029427146068089	0.00000000000000000000	0.00000000000000000000
2.90000000000000035527	0.99167173004455300145	0.52355408494572297506	0.60598737766499333190	0.13193956360622308144	0.10917411221144281142	0.00000000000000000000	0.00000000000000000000
3.00000000000000000000	0.99120860189468040780	0.49765127254425789438	0.58412478884183693939	0.13640665937472704061	0.11304257567493275483	0.00000000000000000000	0.00000000000000000000
3.10000000000000008882	0.99074154741525055634	0.47156714275598465846	0.56205461061172889980	0.14069450969755722958	0.11678025249314130662	0.00000000000000000000	0.00000000000000000000
3.20000000000000017764	0.99027115759095851732	0.44533609806427187916	0.53980335559683367830	0.14479751170782229064	0.12038245726222968068	0.00000000000000000000	0.00000000000000000000
3.30000000000000026645	0.98979800209203316896	0.41899127988275691736	0.51739663460120488558	0.14871099231174550459	0.12384520486544339790	0.00000000000000000000	0.00000000000000000000
3.40000000000000035527	0.98932262945039806112	0.39256457192746552209	0.49485916148350289623	0.15243115074073407267	0.12716516605480748803	0.00000000000000000000	0.00000000000000000000
3.50000000000000000000	0.98884556726689598616	0.36608660612915311372	0.47221475954981562140	0.15595500338037771026	0.13033962502872317724	0.00000000000000000000	0.00000000000000000000
3.60000000000000008882	0.98836732244671920977	0.33958677089773470215	0.44948636934316282820	0.15928033082820372557	0.13336643894233637941	0.00000000000000000000	0.00000000000000000000
3.70000000000000017764	0.98788838146028268294	0.31309322155851593283	0.42669605771203938938	0.16240562713080716750	0.13624399928829006301	0.00000000000000000000	0.00000000000000000000
3.80000000000000026645	0.98740921062694697596	0.28663289278770276436	0.40386502804590984628	0.16533005114995708018	0.13897119508619065753	0.00000000000000000000	0.00000000000000000000
3.90000000000000035527	0.98693025641928666669	0.26023151288230439437	0.38101363157125001102	0.16805338000645694829	0.14154737781996187818	0.00000000000000000000	0.00000000000000000000
4.00000000000000000000	0.98645194578548744957	0.23391361970699908746	0.35816137960719623967	0.17057596454981938106	0.14397232806313381426	0.00000000000000000000	0.00000000000000000000
4.10000000000000053291	0.98597468648810204783	0.20770257816797338402	0.33532695668510426046	0.17289868680137604473	0.14624622373312598511	0.00000000000000000000	0.00000000000000000000
4.20000000000000017764	0.98549886745697146129	0.18162059907077696130	0.31252823444139282705	0.17502291931798166780	0.14836960991653744268	0.00000000000000000000	0.00000000000000000000
4.29999999999999982236	0.98502485915473569911	0.15568875922638436560	0.28978228619829549118	0.17695048642331939748	0.15034337020853644207	0.00000000000000000000	0.00000000000000000000
4.40000000000000035527	0.98455301395320637958	0.12992702267636951907	0.26710540215162248412	0.17868362725366776500	0.15216869951058781263	0.00000000000000000000	0.00000000000000000000
4.50000000000000000000	0.98408366651905176958	0.10435426291477084559	0.24451310508966239698	0.18022496056501430273	0.15384707823183979558	0.00000000000000000000	0.00000000000000000000
4.60000000000000053291	0.98361713420741092584	0.07898828599074175782	0.22202016657155954071	0.18157745124855928509	0.15538024784072684836	0.00000000000000000000	0.00000000000000000000
4.70000000000000017764	0.98315371746211355219	0.05384585438220382270	0.19964062349814976072	0.18274437850186178722	0.15677018771454262480	0.00000000000000000000	0.00000000000000000000
4.80000000000000071054	0.98269370022128366138	0.02894271153694977228	0.17738779501214779755	0.18372930560324146620	0.15801909323596211032	0.00000000000000000000	0.00000000000000000000
4.90000000000000035527	0.98223735032719283744	0.00429360698336395119	0.15527429966881112211	0.18453605123745786543	0.15912935508676406826	0.00000000000000000000	0.00000000000000000000
5.00000000000000000000	0.98178491993933780790	-0.02008767808133193888	0.13331207282192705788	0.18516866232120360314	0.16010353969028048859	0.00000000000000000000	0.00000000000000000000
5.10000000000000053291	0.98133664594969982620	-0.04418830481191393655	0.11151238417379581713	0.18563138827752512228	0.16094437075536088821	0.00000000000000000000	0.00000000000000000000
5.20000000000000017764	0.98089275039943479850	-0.06799635042647725336	0.08988585544126399818	0.18592865670895650232	0.16165471187598484670	0.00000000000000000000	0.00000000000000000000
5.30000000000000071054	0.98045344089598485127	-0.09150078168447911553	0.06844247809340313349	0.18606505041982562831	0.16223755014188359636	0.00000000000000000000	0.00000000000000000000
5.40000000000000035527	0.98001891102996030458	-0.11469142820297115182	0.04719163111958520063	0.18604528573898951316	0.16269598071689295171	0.00000000000000000000	0.00000000000000000000
5.50000000000000000000	0.97958934079111992244	-0.13755895567769740873	0.02614209878969360468	0.18587419209508423967	0.16303319234302554586	0.00000000000000000000	0.00000000000000000000
5.60000000000000053291	0.97916489698256059526	-0.16009483907124930080	0.00530208837134832356	0.18555669279717265652	0.16325245372953242629	0.00000000000000000000	0.00000000000000000000
5.70000000000000017764	0.97874573363291272887	-0.18229133582630480115	-0.01532075222844913806	0.18509778697468115549	0.16335710078754189789	0.00000000000000000000	0.00000000000000000000
5.80000000000000071054	0.97833199240558355037	-0.20414145915763554084	-0.03571931692694721439	0.18450253263131971559	0.16335052467208333038	0.00000000000000000000	0.00000000000000000000
5.90000000000000035527	0.97792380300480086230	-0.22563895147277093778	-0.05588702406200889150	0.18377603076875828614	0.16323616059462234262	0.00000000000000000000	0.00000000000000000000
6.00000000000000000000	0.97752128357788747870	-0.24677825796739183417	-0.07581779914610636828	0.18292341053674837648	0.16301747737041022424	0.00000000000000000000	0.00000000000000000000
6.10000000000000053291	0.97712454111327495809	-0.26755450043793310710	-0.09550605780054782779	0.18194981536739168737	0.16269796766622593442	0.00000000000000000000	0.00000000000000000000
6.20000000000000017764	0.97673367183407866499	-0.28796345135049483677	-0.11494668889078960006	0.18086039005233797705	0.16228113891528656021	0.00000000000000000000	0.00000000000000000000
6.30000000000000071054	0.97634876158664307688	-0.30800150820180854927	-0.13413503788122063676	0.17966026872264356795	0.16177050486725505496	0.00000000000000000000	0.00000000000000000000
6.40000000000000035527	0.97596988622382452316	-0.32766566820496545454	-0.15306689042617066532	0.17835456369213054106	0.16116957774247467339	0.00000000000000000000	0.00000000000000000000
6.50000000000000000000	0.97559711198273846300	-0.34695350332967123119	-0.17173845621219369084	0.17694835512611933881	0.16048186096068756124	0.00000000000000000000	0.00000000000000000000
6.60000000000000053291	0.97523049585671672812	-0.36586313572399331573	-0.19014635306484570232	0.17544668149846098792	0.15971084241560820627	0.00000000000000000000	0.00000000000000000000
6.70000000000000017764	0.97487008596109947511	-0.38439321354181205104	-0.20828759133172228268	0.17385453080083618227	0.15885998826780017845	0.00000000000000000000	0.00000000000000000000
6.80000000000000071054	0.97451592189279101497	-0.40254288719787911788	-0.22615955855191385848	0.17217683246936157926	0.15793273722941184034	0.00000000000000000000	0.00000000000000000000
6.90000000000000035527	0.97416803508337979078	-0.42031178606982966262	-0.24376000442103715193	0.17041844999460140087	0.15693249531531511254	0.00000000000000000000	0.00000000000000000000
7.00000000000000000000	0.97382644914553284643	-0.43769999566429640403	-0.26108702605920036666	0.16858417418208271332	0.15586263103624148352	0.00000000000000000000	0.00000000000000000000
7.10000000000000053291	0.97349118021264802181	-0.45470803526220415769	-0.27813905358850665728	0.16667871703149680918	0.15472647101047326545	0.00000000000000000000	0.00000000000000000000
7.20000000000000017764	0.97316223727148853939	-0.47133683605625020796	-0.29491483602532475583	0.16470670620374538995	0.15352729597161671182	0.00000000000000000000	0.00000000000000000000
7.30000000000000071054	0.97283962248784638938	-0.48758771979180748346	-0.31141342749170480841	0.16267268004604887310	0.15226833715091733779	0.00000000000000000000	0.00000000000000000000
7.40000000000000035527	0.97252333152504089053	-0.50346237792057058069	-0.32763417374924164172	0.16058108314631078239	0.15095277301345699783	0.00000000000000000000	0.00000000000000000000
7.50000000000000000000	0.97221335385515117444	-0.51896285127468710918	-0.34357669905779536501	0.15843626238890806679	0.14958372632848962458	0.00000000000000000000	0.00000000000000000000
7.60000000000000053291	0.97190967306301123685	-0.53409151026761336745	-0.35924089336075215595	0.15624246348507256354	0.14816426155497805506	0.00000000000000000000	0.00000000000000000000
7.70000000000000017764	0.97161226714286175188	-0.54885103562632786556	-0.37462689979764729475	0.15400382795197892216	0.14669738252425187919	0.00000000000000000000	0.00000000000000000000
7.80000000000000071054	0.97132110878759703176	-0.56324439965832673316	-0.38973510254433912925	0.15172439051555300371	0.14518603040246449987	0.00000000000000000000	0.00000000000000000000
7.90000000000000035527	0.97103616567059913844	-0.57727484805537321311	-0.40456611498018935080	0.14940807691300542204	0.14363308191632512267	0.00000000000000000000	0.00000000000000000000
8.00000000000000000000	0.97075740072022720373	-0.59094588223501054447	-0.41912076818131582812	0.14705870207194540744	0.14204134782631577805	0.00000000000000000000	0.00000000000000000000
8.09999999999999964473	0.97048477238681540857	-0.60426124221952981497	-0.43340009973812210209	0.14467996864380261446	0.14041357163230799854	0.00000000000000000000	0.00000000000000000000
8.20000000000000106581	0.97021823490232594889	-0.61722489005118130745	-0.44740534289515493382	0.14227546587020914459	0.13875242849719288118	0.00000000000000000000	0.00000000000000000000
8.30000000000000071054	0.96995773853263045350	-0.62984099374143120986	-0.46113791601058229386	0.13984866876177973194	0.13706052437481769379	0.00000000000000000000	0.00000000000000000000
8.40000000000000035527	0.96970322982235857001	-0.64211391175115550833	-0.47459941233245417358	0.13740293756954671811	0.13534039532911695813	0.00000000000000000000	0.00000000000000000000
8.50000000000000000000	0.96945465183252810260	-0.65404817799790049282	-0.48779159008828798516	0.13494151753019226203	0.13359450703200756450	0.00000000000000000000	0.00000000000000000000
8.59999999999999964473	0.96921194437086810591	-0.66564848738557846897	-0.50071636288439269613	0.13246753886688825141	0.13182525442816453443	0.00000000000000000000	0.00000000000000000000
8.70000000000000106581	0.96897504421493818594	-0.67691968185124162805	-0.51337579041088543530	0.12998401702840042815	0.13003496155537802581	0.00000000000000000000	0.00000000000000000000
8.80000000000000071054	0.96874388532808286545	-0.68786673692296995686	-0.52577206944818499768	0.12749385314982056294	0.12822588150974176258	0.00000000000000000000	0.00000000000000000000
8.90000000000000035527	0.96851839906836278971	-0.69849474878239159459	-0.53790752517049522652	0.12499983471902947896	0.12640019654546769123	0.00000000000000000000	0.00000000000000000000
9.00000000000000000000	0.96829851439040148797	-0.70880892182468357987	-0.54978460274157092691	0.12250463643366213407	0.12456001829958583682	0.00000000000000000000	0.00000000000000000000
9.09999999999999964473	0.96808415804038716601	-0.71881455670865102014	-0.56140585919788055236	0.12001082123406509039	0.12270738813232905107	0.00000000000000000000	0.00000000000000000000
9.20000000000000106581	0.96787525474419522364	-0.72851703888881502724	-0.57277395561415356262	0.11752084149837489779	0.12084427757442438300	0.00000000000000000000	0.00000000000000000000
9.30000000000000071054	0.96767172738881346294	-0.73792182762126479201	-0.58389164954609651392	0.11503704038649356645	0.11897258887297942898	0.00000000000000000000	0.00000000000000000000
9.40000000000000035527	0.96747349719704556215	-0.74703444543450014947	-0.59476178774495458423	0.11256165332033978010	0.11709415562807612421	0.00000000000000000000	0.00000000000000000000
9.50000000000000000000	0.96728048389576659627	-0.75586046805642037594	-0.60538729913862565635	0.11009680958839417053	0.11521074351260940372	0.00000000000000000000	0.00000000000000000000
9.60000000000000142109	0.96709260587764633854	-0.76440551478807816643	-0.61577118807369024545	0.10764453406309029693	0.11332405106827117547	0.00000000000000000000	0.00000000000000000000
9.70000000000000106581	0.96690978035661945267	-0.77267523931486314925	-0.62591652781294881969	0.10520674902020918373	0.11143571057100158661	0.00000000000000000000	0.00000000000000000000
9.80000000000000071054	0.96673192351711834114	-0.78067532094538161225	-0.63582645428281592270	0.10278527604994652789	0.10954728895953408374	0.00000000000000000000	0.00000000000000000000
9.90000000000000035527	0.96655895065712460479	-0.78841145626817188408	-0.64550416006489519383	0.10038183804984787684	0.10766028882104829167	0.00000000000000000000	0.00000000000000000000
10.00000000000000000000	0.96639077632536607432	-0.79588935121642578885	-0.65495288862622536019	0.09799806129036593705	0.10577614942827280597	0.00000000000000000000	0.00000000000000000000
10.10000000000000142109	0.96622731384902849072	-0.80311471292981972958	-0.66417592823704962868	0.09563548689242697132	0.10389625936832744268	0.00000040817577104240	0.00000046451930963524
10.20000000000000106581	0.96606846816723213056	-0.81009323554055112648	-0.67317660011931679254	0.09329567092224777536	0.10202207873689228546	0.00000646247306436837	0.00000730581720762748
10.30000000000000071054	0.96591414775550699101	-0.81683060646684035877	-0.68195826810582826916	0.09098026044191104278	0.10015523225857904388	0.00003225338291269545	0.00003621869108384996
10.40000000000000035527	0.96576428748265574775	-0.82333251260010675843	-0.69052433438816596123	0.08869097422426222566	0.09829748037325519716	0.00010041587901954902	0.00011199733736441492
10.50000000000000000000	0.96561878315958338259	-0.82960458402922421239	-0.69887820560774271961	0.08642955255553717853	0.09645066156392322065	0.00024144874716677537	0.00026744575469034971
10.60000000000000142109	0.96547754636333760203	-0.83565242960605545797	-0.70702331505317450588	0.08419773885630740806	0.09461666377922262061	0.00049308347966509677	0.00054236570534934062
10.70000000000000106581	0.96534048918176118548	-0.84148161783259300961	-0.71496310868824586304	0.08199725079487836521	0.09279738831624913253	0.00089969103550640661	0.00098260820074995122
10.80000000000000071054	0.96520752431454726050	-0.84709767005633485049	-0.72270103952155761995	0.07982975807775194443	0.09099472081694752468	0.00151171481698718748	0.00163917504974235334
10.90000000000000035527	0.96507856517032819532	-0.85250605388558975406	-0.73024056205856868740	0.07769686356958069307	0.08921050637785324366	0.00238511799057533396	0.00256735808741277065
11.00000000000000000000	0.96495352595810046648	-0.85771217687216905201	-0.73758512687831068178	0.07560008744024304672	0.08744652839761643537	0.00358083349987157584	0.00382590514653375182
11.10000000000000142109	0.96483232177239452998	-0.86272138050216529148	-0.74473817537377295928	0.07354085405895184613	0.08570449081536631042	0.00516420557128100498	0.00547620354778542793
11.20000000000000106581	0.96471486867226430295	-0.86753893452973718237	-0.75170313469123895000	0.07152048137595343191	0.08398600341934327196	0.00720441219706367993	0.00758147378722358149
11.30000000000000071054	0.96460108375387110247	-0.87217003168254192413	-0.75848341289935539145	0.06954017255150776733	0.08229256992950086114	0.00977385898557121303	0.01020596812649711589
11.40000000000000035527	0.96449088521686676678	-0.87661978276229035600	-0.76508239441461889374	0.06760100960949852467	0.08062557858036316361	0.01294753589274459139	0.01341417088897681881
11.50000000000000000000	0.96438419242416129062	-0.88089321215795812758	-0.77150343570541968230	0.06570394890941864963	0.07898629495110122412	0.01680232969496619003	0.01726999938444378352
11.60000000000000142109	0.96428092595545733534	-0.88499525378485766058	-0.77774986129293943726	0.06384981824579699650	0.07737585680930172960	0.02141628663480174902	0.02183600647939431053
11.70000000000000106581	0.96418100765407277475	-0.88893074745734035336	-0.78382496006296231705	0.06203931539824947272	0.07579527075256259350	0.02686782146952630332	0.02717258785245656866
11.80000000000000071054	0.96408436066772085216	-0.89270443569954360807	-0.78973198189935323033	0.06027300796870491834	0.07424541044892590813	0.03323487117390462597	0.03333719887664664955
11.90000000000000035527	0.96399090948261134670	-0.89632096099350300200	-0.79547413464567617858	0.05855133435458886870	0.07272701629241569432	0.04059399378185748336	0.04038358780288218292
12.00000000000000000000	0.96390057995154942994	-0.89978486346149666453	-0.80105458139901453141	0.05687460571842668788	0.07124069630445797885	0.04901941527428679835	0.04836105343225002157
12.10000000000000142109	0.96381329931582293558	-0.90310057897543882799	-0.80647643813620817355	0.05524300882510238542	0.06978692812532670542	0.05858202999807533146	0.05731373670897865757
12.20000000000000106581	0.96372899622119201357	-0.90627243768376064548	-0.81174277167051667181	0.05365660962814799290	0.06836606195220433502	0.06934836278565609247	0.06727995659569213638
12.30000000000000071054	0.96364760072820787595	-0.90930466294361311785	-0.81685659793386566907	0.05211535749594040090	0.06697832429216808714	0.08137950367276686192	0.07829160116647454482
12.40000000000000035527	0.96356904431704559766	-0.91220137064398076898	-0.82182088057765934064	0.05061908997758034906	0.06562382240922709498	0.09473002880637439171	0.09037358503891068651
12.50000000000000000000	0.96349325988699641155	-0.91496656890340133383	-0.82663852988300401403	0.04916753801657766654	0.06430254935466825361	0.10944692370461152342	0.10354338404143659247
12.60000000000000142109	0.96342018175128796287	-0.91760415812490814247	-0.83131240196980427104	0.04776033152832507428	0.06301438947952878178	0.12556852737370693962	0.11781065736772011743
12.70000000000000106581	0.96334974562704567269	-0.92011793138874309328	-0.83584529829196274608	0.04639700526462607610	0.06175912433674820429	0.14312351779386486839	0.13317696641146656300
12.80000000000000071054	0.96328188862121233438	-0.92251157516330450914	-0.84023996540539735989	0.04507700489550776207	0.06053643888892545899	0.16212996084375061456	0.14963559802438386459
12.90000000000000035527	0.96321654921248400782	-0.92478867031335698634	-0.84449909499386544010	0.04379969324491236882	0.05934592794525669901	0.18259444573172145532	0.16717149813527160118
13.00000000000000000000	0.96315366722984940839	-0.92695269338443486706	-0.84862532413711100343	0.04256435662300659534	0.05818710275849375141	0.20451133033960081087	0.18576131956330355077
13.10000000000000142109	0.96309319802358883678	-0.92900703218462521438	-0.85262123326517413879	0.04137021124037987274	0.05705939929957414003	0.22786211906931758131	0.20537357414667187228
13.20000000000000106581	0.96303507326271176048	-0.93095494835664538424	-0.85648935284029192871	0.04021640951673232517	0.05596217975574215714	0.25261494000092638013	0.22597208223566675467
13.30000000000000071054	0.96297923910148863769	-0.93279961517334242238	-0.86023216114540534960	0.03910204683815038385	0.05489474514475518874	0.27872433980545430199	0.24750758889137050578
13.40000000000000035527	0.96292565871343538397	-0.93454411872104170556	-0.86385210057253136728	0.03802616926079144949	0.05385633978183798631	0.30613111525646768962	0.26992657652058288376
13.50000000000000000000	0.96287427681551041037	-0.93619144547676647061	-0.86735152442034846310	0.03698777341908730809	0.05284615779844099859	0.33476250996487150191	0.29316668719436672630
13.60000000000000142109	0.96282503114476059025	-0.93774447864511589756	-0.87073276473126004493	0.03598581868596741062	0.05186334946788002942	0.36453244863734662884	0.31716072989866772591
13.70000000000000106581	0.96277787152037652696	-0.93920602001467368147	-0.87399810059698868070	0.03501923159511901446	0.05090702763912702961	0.39534208527073877448	0.34183735097742190545
13.80000000000000071054	0.96273274924969165500	-0.94057878505475345232	-0.87714976510804409937	0.03408691112402383039	0.04997627385574534425	0.42708055666608096823	0.36712108598571985274
13.90000000000000035527	0.96268961680097853151	-0.94186540543986285723	-0.88018994719415344363	0.03318773414063409810	0.04907014426272160446	0.45962593852765981639	0.39293315180411769738
14.00000000000000000000	0.96264842776683079428	-0.94306843193738987274	-0.88312079338260129902	0.03232056062730596230	0.04818767528075176138	0.49284639648031164372	0.41919233222796525862
14.10000000000000142109	0.96260913682392579283	-0.94419033734604385089	-0.88594440961280263025	0.03148423867288930450	0.04732788903635127414	0.52660151339518468383	0.44581587443843673224
14.20000000000000106581	0.96257169969105327301	-0.94523351947016542862	-0.88866286309440123414	0.03067760922305690779	0.04648979853560657183	0.56074376939885195448	0.47272037887635948161
14.30000000000000071054	0.96253607308638733375	-0.94620030411515687607	-0.89127818419573168196	0.02989951058124505276	0.04567241257141889388	0.59512014652287026362	0.49982266983005757544
14.40000000000000035527	0.96250221468419394633	-0.94709294808944233246	-0.89379236834956499180	0.02914878265476995509	0.04487474035641250691	0.62957382636309666690	0.52704063352322005898
14.50000000000000000000	0.96247008307160286655	-0.94791364219974094674	-0.89620737796400185005	0.02842427094258195147	0.04409579587603663919	0.66394594652028704473	0.55429401123938171203
14.60000000000000142109	0.96243963770524387780	-0.94866451422659336945	-0.89852514432653507459	0.02772483026291449465	0.04333460195841126739	0.69807738008856778933	0.58150513647123636130
14.70000000000000106581	0.96241083886846146012	-0.94934763186890325226	-0.90074756949083678581	0.02704932822061798664	0.04259019405941386061	0.73181050211109366366	0.60859960687262482093
14.80000000000000071054	0.96238364762885086900	-0.94996500564624797303	-0.90287652813578744837	0.02639664841543398061	0.04186162376317207473	0.76499090772674382954	0.63550688374532193770
14.90000000000000035527	0.96235802579666929191	-0.95051859174945851905	-0.90491386938776063875	0.02576569339373626852	0.04114796199973157209	0.79746904864214673836	0.66216081380779601151
15.00000000000000000000	0.96233393588410032216	-0.95101029483028676204	-0.90686141859749103133	0.02515538734738094126	0.04044830198302572233	0.82910175747826386772	0.68850006999461865753
15.10000000000000142109	0.96231134106538440687	-0.95144197072193403830	-0.90872097906366167130	0.02456467856434445263	0.03976176187348753194	0.85975363331091747554	0.71446850996096544772
15.20000000000000106581	0.96229020513831209360	-0.95181542908354532795	-0.91049433369653409720	0.02399254163672643811	0.03908748717081375612	0.88929826617939411459	0.74001545276066893475
15.30000000000000071054	0.96227049248688589778	-0.95213243596195229479	-0.91218324661518601637	0.02343797943245112120	0.03842465284328359931	0.91761928327127773031	0.76509587579122373402
15.40000000000000035527	0.96225216804532831549	-0.95239471626510796565	-0.91378946467287325284	0.02290002483767932320	0.03777246520093603677	0.94461120469940285105	0.78967053552136434735
15.50000000000000000000	0.96223519726365525084	-0.95260395614249138152	-0.91531471890589177764	0.02237774227750309597	0.03713016352059279185	0.97018010205590821116	0.81370601671596698434
15.60000000000000142109	0.96221954607465254306	-0.95276180526813436522	-0.91676072590162915876	0.02187022902300720176	0.03649702143135980653	0.99424405806035343058	0.83717471583879976560
15.70000000000000106581	0.96220518086262973867	-0.95286987902317243915	-0.91812918908270468865	0.02137661629315343315	0.03587234806977478846	1.01673343044265651614	0.86005476504362443624
15.80000000000000071054	0.96219206843378979332	-0.95292976057495593079	-0.91942179990420769276	0.02089607016027590636	0.03525548901418611852	1.03759092756609705432	0.88232990366921570935
15.90000000000000035527	0.96218017598827043635	-0.95294300285065469680	-0.92064023896187785478	0.02042779226823656508	0.03464582700828705564	1.05677150708256362144	0.90398930444365976911
16.00000000000000000000	0.96216947109405970284	-0.95291113040398467415	-0.92178617700983822569	0.01997102037242204711	0.03404278248400328249	1.07424211205434216865	0.92502736169912180841
16.10000000000000142109	0.96215992166255503992	-0.95283564117388419579	-0.92286127588657307363	0.01952502871092515538	0.03344581389411473149	1.08998126141167350767	0.94544344882333808400
16.19999999999999928946	0.96215149592609228169	-0.95271800813502516281	-0.92386718934896250310	0.01908912821632259560	0.03285441786515358453	1.10397851334401186918	0.96524165195054656419
16.30000000000000071054	0.96214416241713318634	-0.95255968083992770268	-0.92480556381404788180	0.01866266657744592231	0.03226812918113917267	1.11623382126494807842	0.98443048655487408460
16.40000000000000213163	0.96213788994935511845	-0.95236208685345080660	-0.92567803900917899895	0.01824502816053756929	0.03168652060876139820	1.12675680238226694208	1.00302260317140223833
16.50000000000000000000	0.96213264760048378132	-0.95212663308047396082	-0.92648624853128291878	0.01783563379908668922	0.03110920257454245080	1.13556593871614408542	1.02103448796798201847
16.60000000000000142109	0.96212840469698002188	-0.95185470698824570235	-0.92723182031661266489	0.01743394046156364688	0.03053582270447964889	1.14268772971266052707	1.03848616333843923876
16.69999999999999928946	0.96212513080038053470	-0.95154767772492465649	-0.92791637702241402952	0.01703944080609129039	0.02996606523646843517	1.14815581449022086069	1.05540089311706597464
16.80000000000000071054	0.96212279569541248048	-0.95120689713650519170	-0.92854153632262448337	0.01665166263095448768	0.02939965031571391968	1.15201008031136509224	1.07180489643191911853
16.90000000000000213163	0.96212136937984271690	-0.95083370068443695544	-0.92910891111980109525	0.01627016822961545317	0.02883633318307052620	1.15429577219666978927	1.08772707364817522446
17.00000000000000000000	0.96212082205589022355	-0.95042940826642119401	-0.92962010967572272779	0.01589455365873337564	0.02827590326611042690	1.15506261675379895415	1.10319874730200084834
17.10000000000000142109	0.96212112412324235500	-0.94999532494328042809	-0.93007673566345194782	0.01552444792738509084	0.02771818318235770226	1.15436397138790547423	1.11825342041827369144
17.19999999999999928946	0.96212224617367292367	-0.94953274157501299513	-0.93048038814393163598	0.01515951211548566269	0.02716302766395984822	1.15225600812402939610	1.13292655412753573430
17.30000000000000071054	0.96212415898702285944	-0.94904293536905481865	-0.93083266147006582525	0.01479943842909825155	0.02661032241269707319	1.14879693939714955242	1.14725536607657030430
17.40000000000000213163	0.96212683352872285791	-0.94852717034438416288	-0.93113514512185735494	0.01444394920006243990	0.02605998289395499573	1.14404629137182145548	1.16127865074879244034
17.50000000000000000000	0.96213024094860655211	-0.94798669771478882851	-0.93138942347589126491	0.01409279583707026898	0.02551195307795362313	1.13806422869055201552	1.17503662248753837360
17.60000000000000142109	0.96213435258104884618	-0.94742275619503812933	-0.93159707551283010840	0.01374575773503044183	0.02496620413619855469	1.13091093303921130797	1.18857078174302688289
17.69999999999999928946	0.96213913994622735082	-0.94683657223354344978	-0.93175967446649798909	0.01340264114924914242	0.02442273310076818055	1.12264603657194661501	1.20192380484187166800
17.80000000000000071054	0.96214457475263370778	-0.94622936017549486021	-0.93187878741845764363	0.01306327804065684009	0.02388156149370831288	1.11332811007291532235	1.21513945740864004463
17.90000000000000213163	0.96215062890056834988	-0.94560232236013330720	-0.93195597484172354452	0.01272752489799735404	0.02334273393343721040	1.10301420473877787032	1.22826253144286345886
18.00000000000000000000	0.96215727448674348565	-0.94495664915623334146	-0.93199279009762647785	0.01239526154259321285	0.02280631672474641922	1.09175944564836613360	1.24133880597541446100
18.10000000000000142109	0.96216448380959462838	-0.94429351893937019113	-0.93199077888938797187	0.01206638992098766142	0.02227239643857140128	1.07961667433413777140	1.25441503119210340245
18.19999999999999928946	0.96217222937574464758	-0.94361409801538997932	-0.93195147867674554831	0.01174083289046531052	0.02174107848740594595	1.06663613736982587632	1.26753893591280974995
18.30000000000000071054	0.96218048390689148164	-0.94291954049331838661	-0.93187641805482634982	0.01141853300213361254	0.02121248570182822021	1.05286521753335082785	1.28075925835592308033
18.40000000000000213163	0.96218922034757337070	-0.94221098811210313162	-0.93176711610164575372	0.01109945128598499933	0.02068675691331687411	1.03834820386909676415	1.29412580018527889614
18.50000000000000000000	0.96219841187358923218	-0.94148957002485766932	-0.93162508169778124323	0.01078356604201547581	0.02016404554811640840	1.02312609686684252708	1.30768950395295058264
18.60000000000000142109	0.96220803190072701216	-0.94075640254411918573	-0.93145181282173517001	0.01047087164123252853	0.01964451823663540542	1.00723644495282838029	1.32150255417857231954
18.69999999999999928946	0.96221805409419491895	-0.94001258885229321827	-0.93124879582505559750	0.01016137734008514329	0.01912835344251138242	0.99071320857187061826	1.33561850248022606635
18.80000000000000071054	0.96222845237832199672	-0.93925921868057216102	-0.93101750469044730618	0.00985510611156589257	0.01861574011511245644	0.97358664829917651584	1.35009241736982610327
18.90000000000000213163	0.96223920094655246427	-0.93849736795999005867	-0.93075940027645320818	0.00955209349598718643	0.01810687636899248679	0.95588323365665373021	1.36498105955272741596
19.00000000000000000000	0.96225027427178366768	-0.93772809844820115277	-0.93047592955221469779	0.00925238647415882118	0.01760196819344530400	0.93762556962100873648	1.38034308383506720830
19.10000000000000142109	0.96226164711684147868	-0.93695245733522991571	-0.93016852482546019676	0.00895604236545316165	0.01710122819505400030	0.91883233819835830047	1.39623926903574235858
19.20000000000000284217	0.96227329454515331264	-0.93617147683159473992	-0.92983860296703779724	0.00866312775299660741	0.01660487437580285275	0.89951825290893738796	1.41273277763165494569
19.30000000000000071054	0.96228519193145667376	-0.93538617374187371656	-0.92948756463499204727	0.00837371743800072177	0.01611312894907558288	0.87969402458830170399	1.42988944723387878533
19.40000000000000213163	0.96229731497263526485	-0.93459754902691294376	-0.92911679350121789689	0.00808789342500729549	0.01562621719555373420	0.85936633759428249224	1.44777811641436393586
19.50000000000000000000	0.96230963969850269457	-0.93380658735748789390	-0.92872765548347580022	0.00780574393962514199	0.01514436636080878154	0.83853783632457568054	1.46647098786084417732
19.60000000000000142109	0.96232214248281611191	-0.93301425666253967606	-0.92832149798577157096	0.00752736248012027438	0.01466780459610798545	0.81720712295939768044	1.48604403236594606597
19.70000000000000284217	0.96233480005398397417	-0.93222150767418110462	-0.92789964914919476069	0.00725284690402304248	0.01419675994372610051	0.79536876858710681137	1.50657743774423247274
19.80000000000000071054	0.96234758950616849926	-0.93142927347271620153	-0.92746341711642166228	0.00698229855073978240	0.01373145936783487682	0.77301334142701327856	1.52815610743050633857
19.90000000000000213163	0.96236048831028964123	-0.93063846903360802898	-0.92701408931172335492	0.00671582140096694223	0.01327212783180965576	0.75012745783763556950	1.55087021426610549568
20.00000000000000000000	0.96237346063350626135	-0.92984999575725080234	-0.92655292019933044312	0.00645351916034965414	0.01281898685662987737	0.72669434022567391818	1.57481595488266767902
20.10000000000000142109	0.96238649440868950791	-0.92906476156157757895	-0.92608100487598443706	0.00618873666033015364	0.01235771324591361693	0.69999562105492174613	1.60042510017757244611
20.20000000000000284217	0.96239959033290500834	-0.92828387465366479780	-0.92559912746965777863	0.00591654611245420303	0.01187639524885483744	0.66717085254479879808	1.62866898176997954018
20.30000000000000071054	0.96241270406841028517	-0.92750844264670551098	-0.92510795196452400013	0.00563979937130514811	0.01137909990809123258	0.62807408581139634318	1.65976527700412823663
20.40000000000000213163	0.96242581568681129234	-0.92673958707061965256	-0.92460824494838433907	0.00536127236896232276	0.01086974424601717774	0.58262390151249943138	1.69395967460094976076
20.50000000000000000000	0.96243890565814005367	-0.92597841304305394949	-0.92410084342070486496	0.00508363195936258061	0.01035206997525794058	0.53087135522345441085	1.73152309394836367851
20.60000000000000142109	0.96245195447192866123	-0.92522600130395915574	-0.92358664217168595645	0.00480940916963256988	0.00982962351831054987	0.47308987612708219839	1.77275528891167688528
20.70000000000000284217	0.96246494270397664472	-0.92448340120067462600	-0.92306658221599846570	0.00454097798326785849	0.00930574217376092631	0.40988848126419669127	1.81799063672789973367
20.80000000000000071054	0.96247785112957540132	-0.92375162429371437955	-0.92254163999434080079	0.00428053905139331396	0.00878354396007678152	0.34234867143483155294	1.86760450435215208387
20.90000000000000213163	0.96249066084176926328	-0.92303163857717762664	-0.92201281733224826898	0.00403010776161785537	0.00826592093715731654	0.27218101396499500000	1.92202002073100408630
21.00000000000000000000	0.96250335336511838591	-0.92232436332674316848	-0.92148113215007065868	0.00379150613980723051	0.00775553556026176497	0.20188964944258136480	1.98171528601075341847
21.10000000000000142109	0.96251591076144438208	-0.92163066458346831755	-0.92094760991563251462	0.00356635810493792938	0.00725481966463555322	0.13492113724718668433	2.04723099029072708177
21.20000000000000284217	0.96252831572601382781	-0.92095135127421046128	-0.92041327582681597974	0.00335608763938452298	0.00676597571760956164	0.07575826512141158042	2.11917829345270858354
21.30000000000000071054	0.96254055167317520425	-0.92028717196198517314	-0.91987914770685497157	0.00316191947631959186	0.00629098000997325903	0.02990171447472769750	2.19824663140203746536
21.40000000000000213163	0.96255260281160437419	-0.91963881221382637321	-0.91934622959203993187	0.00298488194246671881	0.00583158749053807463	0.00366819642296729431	2.28521082773713546388
21.50000000000000000000	0.96256445420885716757	-0.91900689256752010614	-0.91881550598776651206	0.00282581162838522635	0.00538933797731798361	0.00373270269717278658	2.38093645030276146457
21.60000000000000142109	0.96257609184542969327	-0.91839196707427928068	-0.91828793676660336320	0.00268535958993741447	0.00496556350587368245	0.03636835125684499681	2.48638168370069356783
21.70000000000000284217	0.96258750265883574748	-0.91779452239087733201	-0.91776445268024464674	0.00256399881373999819	0.00456139660029862386	0.10640233075389902984	2.60259298662184157536
21.80000000000000071054	0.96259867457799508372	-0.91721497739143909023	-0.91724595145540765984	0.00246203270637446094	0.00417777927521774395	0.21601195575504664181	2.73069032721572080291
21.90000000000000213163	0.96260959654843158972	-0.91665368326693696943	-0.91673329444278950362	0.00237960439205627807	0.00381547259816782331	0.36360854769161154998	2.87183566875256746087
22.00000000000000000000	0.96262025854885657772	-0.91611092407875449606	-0.91622730378752659242	0.00231670662647373311	0.00347506666098725122	0.54314704918266443201	3.02717543064557093047
22.10000000000000142109	0.96263065159946192839	-0.91558691773130862490	-0.91572876008897596822	0.00227319215570946816	0.00315699082646279071	0.74418872013344417038	3.19774375697734392077
22.20000000000000284217	0.96264076776290952164	-0.91508181732861770818	-0.91523840051820892771	0.00224878436868597214	0.00286152413258602967	0.95288879468127818395	3.38430869440907766688
22.30000000000000071054	0.96265060013800263228	-0.91459571287855290223	-0.91475691736079589589	0.00224308810951016555	0.00258880575148183337	1.15380496107140784190	3.58713849197907297395
22.40000000000000213163	0.96266014284720313743	-0.91412863330971161346	-0.91428495695404599086	0.00225560053256102649	0.00233884541346444843	1.33213200631980277500	3.80566205782175481787
22.50000000000000000000	0.96266939101805826251	-0.91368054876530713226	-0.91382311898739454481	0.00228572189823888485	0.00211153371886017112	1.47580319226310741065	4.03800018421644590916
22.60000000000000142109	0.96267834075947467110	-0.91325137313998538957	-0.91337195613624044821	0.00233276622108639919	0.00190665227127537868	1.57694736921803246865	4.28035988461588612353
22.70000000000000284217	0.96268698913308226039	-0.91284096682577609005	-0.91293197399978653905	0.00239597169457070238	0.00172388357585747873	1.63242684076816080285	4.52632441809250263276
22.80000000000000071054	0.96269533412039054454	-0.91244913963504659105	-0.91250363131482425949	0.00247451082827223126	0.00156282065430545240	1.64348382876321363888	4.76614928809842730573
22.90000000000000213163	0.96270337458611399128	-0.91207565386924449591	-0.91208734041804051529	0.00256750024363695166	0.00142297633236596185	1.61475773882313844432	4.98629463757684643355
23.00000000000000000000	0.96271111023761912762	-0.91172022750332770702	-0.91168346792924670474	0.00267401008388452790	0.00130379214424698048	1.55302776641043860373	5.16956115408885974460
23.10000000000000142109	0.96271854158987402172	-0.91138253747096065194	-0.91129233565604561562	0.00279307295477448665	0.00120464741791717167	1.46599497398530620451	5.29645153561402448616
23.20000000000000284217	0.96272566991297947592	-0.91106222298129013737	-0.91091422165462609950	0.00292369238153771882	0.00112486680280428613	1.36130252595190204268	5.34766108809797824364
23.30000000000000071054	0.96273249718857567547	-0.91075888889426326323	-0.91054936144357812022	0.00306485134494136101	0.00106372830033091997	1.24587187662932641352	5.30805592175391183218
23.40000000000000213163	0.96273902613688155938	-0.91047210925022381556	-0.91019794959280386770	0.00321551991685303578	0.00102047468955971483	1.12578837869219494650	5.17280316184525279510
23.50000000000000000000	0.96274525996904436465	-0.91020143055214564054	-0.90986014141208204631	0.00337466509303869719	0.00099432873951337138	1.00533663250271243506	4.94888117669486238270
23.60000000000000142109	0.96275120247313517030	-0.90994637485567519963	-0.90953605408554827338	0.00354124740271028263	0.00098444912863315500	0.88809962857760704757	4.64846994390383194684
23.70000000000000284217	0.96275686839166174646	-0.90970645296652474787	-0.90922576873258365016	0.00371423700971625428	0.00098999699247648851	0.77654422911591614032	4.29626418562778411570
23.80000000000000071054	0.96276224345768302015	-0.90948113013139830763	-0.90892932539296023009	0.00389261608354682896	0.00101011584117742829	0.67228615680782133346	3.92052159799351329639
23.90000000000000213163	0.96276734223038051841	-0.90926988454296808762	-0.90864673819779151476	0.00407538393132938614	0.00104394338322898769	0.57626861448191424309	3.54686161282992884480
24.00000000000000000000	0.96277217049227703516	-0.90907217398836892563	-0.90837798771067113091	0.00426156159140270857	0.00109061221535851935	0.48892619787358743144	3.19513981014927006541
24.10000000000000142109	0.96277673424921372813	-0.90888744767514217937	-0.90812302486979601390	0.00445019597416680592	0.00114925528921566190	0.41032460092448874711	2.87792261532515469824
24.20000000000000284217	0.96278103965475525516	-0.90871514908453654424	-0.90788177272027781317	0.00464036354704425689	0.00121900989348073608	0.34027392173570414347	2.60108266029245038808
24.30000000000000071054	0.96278509360099295833	-0.90855471935385678783	-0.90765412860519800731	0.00483117357955921076	0.00129902116311390111	0.27841695391946480465	2.36545173888931214989
24.40000000000000213163	0.96278890273086215057	-0.90840559896498374037	-0.90743996536126336760	0.00502177096371505226	0.00138844564428899160	0.22429572248942231116	2.16866529133970997734
24.50000000000000000000	0.96279247373031384694	-0.90826723055807734308	-0.90723913330166372493	0.00521133862994674520	0.00148645416700413178	0.17740009296164971353	2.00670164586976085275
24.60000000000000142109	0.96279581325201524233	-0.90813906124317145263	-0.90705146191903185393	0.00539909957729793871	0.00159223450726132137	0.13720224171619765929	1.87495921853330638207
24.70000000000000284217	0.96279892902001273924	-0.90802054594907477547	-0.90687676249378634807	0.00558431853665010934	0.00170499368708115708	0.10318024478816130440	1.76890810974165524350
24.80000000000000071054	0.96280182760123578234	-0.90791114729091471069	-0.90671482805437420005	0.00576630328792473827	0.00182396018835392936	0.07483353496318824460	1.68442569199978264827
24.90000000000000213163	0.96280452668730043264	-0.90781034881201394526	-0.90656544194033505946	0.00594440567671990303	0.00194839198855777888	0.05169239794477255290	1.61791743303026791523
25.00000000000000000000	0.96280702383070548844	-0.90771762985812920466	-0.90642835970749635610	0.00611802239087723149	0.00207755807151852436	0.03332327683531187412	1.56622569146713863653
25.10000000000000142109	0.96280933933553092263	-0.90763250170022102825	-0.90630334417269187153	0.00628659516657739843	0.00221076767149875307	0.01933068988324074949	1.52679334078722916956
25.20000000000000284217	0.96281146815852247656	-0.90755446972914899373	-0.90619012661560405242	0.00644961094807514328	0.00234734516533267662	0.00935831706083847283	1.49765185414787005413
25.30000000000000071054	0.96281341645297169318	-0.90748306656388988412	-0.90608843680409101307	0.00660660193025835053	0.00248664760384023891	0.00308835526733519140	1.47708884772478965530
25.40000000000000213163	0.96281519556921413283	-0.90741785012354392315	-0.90599800037685573884	0.00675714547430071588	0.00262806101358237188	0.00023886170820125289	1.46373481236034219677
25.50000000000000000000	0.96281680779727618624	-0.90735838514384881126	-0.90591852905923586636	0.00690086263051818780	0.00277099995320138426	0.00056153838448311699	1.45647573301756194653
25.60000000000000142109	0.96281828655128454120	-0.90730427403055147195	-0.90584975858479965805	0.00703742805609679570	0.00291490897650509891	0.00383928643990297594	1.45439983277303586107
25.70000000000000284217	0.96281961551892192297	-0.90725511728648389198	-0.90579137176028345912	0.00716654066367212149	0.00305926128829012937	0.00988367539585937108	1.45675922413697689350
25.80000000000000071054	0.96282080108422152254	-0.90721054770127984579	-0.90574307025353195666	0.00728794996403699623	0.00320355994295476931	0.01853246546383555127	1.46293716698726061765
25.90000000000000213163	0.96282186032904859552	-0.90717023089552784043	-0.90570456051910541717	0.00740144598837312075	0.00334733730312934599	0.02964723942088944714	1.47242348744266182692
26.00000000000000000000	0.96282278930634634939	-0.90713383402768588137	-0.90567553383937760003	0.00750685800770070459	0.00349015465342292957	0.04311121310854932470	1.48479492706326077212
26.10000000000000142109	0.96282359416842400179	-0.90710105708942323499	-0.90565568796189444001	0.00760405313471799321	0.00363160229758099614	0.05882726154777091765	1.49969945643021085324
26.20000000000000284217	0.96282428045712620257	-0.90707162250525674718	-0.90564472071825263821	0.00769293485555924868	0.00377129856563863377	0.07671597057784983187	1.51683786287004473969
26.30000000000000071054	0.96282485352713265137	-0.90704527553827229980	-0.90564233119726722521	0.00777344147075614486	0.00390888951970044720	0.09671394583553469260	1.53596233219534328285
26.40000000000000213163	0.96282531848620966919	-0.90702178420022261385	-0.90564822044871640117	0.00784554449146506599	0.00404404831679357202	0.11877229683411552608	1.55686436257550986362
26.50000000000000000000	0.96282568018531389242	-0.90700093910645618323	-0.90566209217115734020	0.00790924698750115722	0.00417647453224278056	0.14285530657468825666	1.57936707250545937953
26.60000000000000142109	0.96282594321475345467	-0.90698255324616183781	-0.90568365334821709922	0.00796458188048111866	0.00430589342871572772	0.16893916084247423415	1.60331947458728163447
26.70000000000000284217	0.96282611190197209261	-0.90696646167051653276	-0.90571261483117448954	0.00801161022965501263	0.00443205517742984931	0.19701088572273092736	1.62859198369554447616
26.80000000000000071054	0.96282619031060323600	-0.90695252110443336235	-0.90574869186951456612	0.00805041949582518783	0.00455473403901548394	0.22706737492673537138	1.65507280104714782354
26.90000000000000213163	0.96282618224067395563	-0.90694060948767052377	-0.90579160459118102100	0.00808112180441282815	0.00467372751130811989	0.25911455301910085725	1.68266496421015543383
27.00000000000000000000	0.96282609122996387629	-0.90693062545091207571	-0.90584107843449779285	0.00810385219365968024	0.00478885545070608081	0.29316652424370204244	1.71128392150357999668
27.10000000000000142109	0.96282592055632820749	-0.90692248773250172533	-0.90589684453357455229	0.00811876688988939083	0.00489995917337145408	0.32924489374793713958	1.74085552645428398577
27.20000000000000284217	0.96282567324107515283	-0.90691613454154718088	-0.90595864005943460562	0.00812604159420038039	0.00500690054189220721	0.36737812215852960751	1.77131437227486854269
27.30000000000000071054	0.96282535205314379034	-0.90691152287261356246	-0.90602620851867432528	0.00812586979288833049	0.00510956104265479494	0.40760093315202333697	1.80260240330661392072
27.40000000000000213163	0.96282495951416169344	-0.90690862777751157786	-0.90609930001185923221	0.00811846110259202558	0.00520784085871916092	0.44995380461750467127	1.83466775321399033771
27.50000000000000000000	0.96282449790424196046	-0.90690744159913583289	-0.90617767145359784386	0.00810403963492588655	0.00530165794252108330	0.49448237578069842435	1.86746376977687100762
27.60000000000000142109	0.96282396926855151609	-0.90690797317255500420	-0.90626108675641148249	0.00808284241643207092	0.00539094709243400153	0.54123699307189876428	1.90094819371608148018
27.70000000000000284217	0.96282337542427365307	-0.90691024699794386965	-0.90634931698017706658	0.00805511784708616216	0.00547565903672135937	0.59027223634863390522	1.93508246534177485998
27.80000000000000071054	0.96282271796841412126	-0.90691430239042947203	-0.90644214044957949206	0.00802112420632431281	0.00555575952811716064	0.64164645406036147079	1.96983113765423345498
27.90000000000000213163	0.96282199828575310008	-0.90692019261083256509	-0.90653934284097137386	0.00798112821403750006	0.00563122845191633709	0.69542134203300942641	2.00516137844051778316
28.00000000000000000000	0.96282121755746097325	-0.90692798398196505794	-0.90664071724107808681	0.00793540363176423180	0.00570205895010742706	0.75166139458984293498	2.04104254715326094427
28.10000000000000142109	0.96282037677006815368	-0.90693775499448914257	-0.90674606417918901524	0.00788422993282603124	0.00576825656383661740	0.81043346309699326735	2.07744583469913246532
28.20000000000000284217	0.96281947672453560561	-0.90694959540602304582	-0.90685519163453143232	0.00782789102531905243	0.00582983839613726140	0.87180625788596244341	2.11434395641141970046
28.30000000000000071054	0.96281851804576867870	-0.90696360533754494249	-0.90696791502093221382	0.00776667403395369174	0.00588683229662961393	0.93584982590511944789	2.15171089003045334920
28.40000000000000213163	0.96281750119228792784	-0.90697989437037540572	-0.90708405715032203176	0.00770086814474032263	0.00593927606963127585	1.00263503130105924299	2.18952165175885093973
28.50000000000000000000	0.96281642646599796542	-0.90699858064701732729	-0.90720344817672149418	0.00763076350157848669	0.00598721670687020827	1.07223290473753563035	2.22775210448493288240
28.60000000000000142109	0.96281529402201271317	-0.90701978997889576295	-0.90732592552231339234	0.00755665017578504433	0.00603070964580610432	1.14471408972366739398	2.26637879278583209697
28.70000000000000284217	0.96281410387863475275	-0.90704365496401273550	-0.90745133378729680995	0.00747881718354764628	0.00606981805429194533	1.22014808189145385064	2.30537879987373717228
28.80000000000000071054	0.96281285592731258305	-0.90707031411712024660	-0.90757952464486169042	0.00739755157520222834	0.00610461214217013822	1.29860254570653355088	2.34472962145777774623
28.90000000000000213163	0.96281154994238304923	-0.90709991101475861974	-0.90771035672256572546	0.00731313758133598276	0.00613516850013073878	1.38014253536648889842	2.38440905114189849456
29.00000000000000000000	0.96281018559089470710	-0.90713259345769792219	-0.90784369547173360271	0.00722585581887633978	0.00616156946598109181	1.46482965720974300794	2.42439507073563431661
29.10000000000000142109	0.96280876244196644809	-0.90716851265244102809	-0.90797941302563300869	0.00713598255632222865	0.00618390251822053920	1.55272117070594650734	2.46466573651277975898
29.20000000000000284217	0.96280727997601101009	-0.90720782241399788859	-0.90811738804791364288	0.00704378903711138510	0.00620225969653581677	1.64386902563440218117	2.50519904811708338244
29.30000000000000071054	0.96280573759300991377	-0.90725067839091044775	-0.90825750557150852771	0.00694954085994508274	0.00621673704845952021	1.73831883394844011193	2.54597277880420147511
29.40000000000000213163	0.96280413461996572355	-0.90729723731423161937	-0.90839965682895196242	0.00685349741475045193	0.00622743410093446609	1.83610877591209908921	2.58696423017186871718
29.50000000000000000000	0.96280247031567789406	-0.90734765627000490973	-0.90854373907274554867	0.00675591137544147291	0.00623445335480227614	1.93726848762030456896	2.62814984140969309934
29.60000000000000142109	0.96280074387015945891	-0.90740209199383270455	-0.90868965538280843663	0.00665702823712109940	0.00623789979919428614	2.04181775027973211323	2.66950450147529405598
29.70000000000000284217	0.96279895438816487374	-0.90746070017812385800	-0.90883731444814952471	0.00655708591225955938	0.00623788044149027956	2.14976525397045792332	2.71100016199954785279
29.80000000000000071054	0.96279710080951497186	-0.90752363474572439461	-0.90898663026480319704	0.00645631437217623113	0.00623450384823832048	2.26110726708502474125	2.75260231817964928780
29.90000000000000213163	0.96279518137998376659	-0.90759104670299350914	-0.90913752132640435200	0.00635493533711259471	0.00622787970551390117	2.37582625404707314942	2.79425668992609743668
30.00000000000000000000	0.96279310651700633628	-0.90766299677936412849	-0.90928982649820944140	0.00625316191321360730	0.00621811976387887620	2.49390973765346712909	2.83569349713080365305
30.10000000000000142109	0.96279105189406866128	-0.90773927804980159006	-0.90944312166700314037	0.00614229754818092829	0.00619449303640866224	2.61665857493274423007	2.88172874909251719444
30.20000000000000284217	0.96278894435055495382	-0.90781843335331091627	-0.90959574840833479215	0.00601421719436930329	0.00614695512009769910	2.74690010021671104923	2.93503472578128166148
30.30000000000000071054	0.96278681851721559237	-0.90789875148610421629	-0.90974580637520074955	0.00587038278941797841	0.00607715362266216062	2.88696212393250650763	2.99671266924442614155
30.40000000000000213163	0.96278470704042018458	-0.90797873798885875285	-0.90989161704244192475	0.00571238869159697033	0.00598691589618943927	3.03927156449082591649	3.06770167551403893924
30.50000000000000000000	0.96278263869950908571	-0.90805709813477775150	-0.91003170931843491154	0.00554191281782570166	0.00587818472257830692	3.20642641932175997965	3.14892801940248556747
30.60000000000000142109	0.96278063865350294037	-0.90813272229122343759	-0.91016480531250454344	0.00536067366656136496	0.00575296615727519632	3.39127350612775657623	3.24135106979748544020
30.70000000000000284217	0.96277872868899061487	-0.90820467168913521228	-0.91028980645345658473	0.00517039546578140254	0.00561328594709358929	3.59699349264419554473	3.34599750500842096912
30.80000000000000071054	0.96277692746331078322	-0.90827216464795756945	-0.91040578003378369587	0.00497277928274844974	0.00546115355685222129	3.82719742569404219878	3.46399089125253745181
30.90000000000000213163	0.96277525074088465828	-0.90833456332637929620	-0.91051194624261200250	0.00476947957000307954	0.00529853288567536627	4.08603825716722646177	3.59657866103562229299
31.00000000000000000000	0.96277372051266685293	-0.90839136993746694149	-0.91060767329863245845	0.00456208612577983959	0.00512732091465959664	4.37834065206021794125	3.74515495567100620278
31.10000000000000142109	0.96277233560533492795	-0.90844218508711993554	-0.91069243964306845207	0.00435210782055827066	0.00494932308847893104	4.70982608189645546304	3.91133681975726377189
31.20000000000000284217	0.96277110600286419650	-0.90848673044753380790	-0.91076585346755445372	0.00414096297177505689	0.00476624567533105378	5.08714077837895839451	4.09690637944899194167
31.30000000000000071054	0.96277003850838482890	-0.90852482341281048939	-0.91082762850871845650	0.00392997123150839317	0.00457968361136209048	5.51819473800485926773	4.30387331540601447699
31.40000000000000213163	0.96276913782988693402	-0.90855636786320348453	-0.91087757492610632593	0.00372034834471608039	0.00439111365907930099	6.01242548053515335482	4.53450780245003937097
31.50000000000000000000	0.96276840721479539642	-0.90858134513758936901	-0.91091559019308587786	0.00351320317655318256	0.00420189048617973255	6.58113507990064583453	4.79137408759187799490
31.60000000000000142109	0.96276784799027181894	-0.90859980455813993405	-0.91094164988794790183	0.00330953664415428467	0.00401324471107381616	7.23790628553490122954	5.07737158135430632910
31.70000000000000284217	0.96276746019493553153	-0.90861185566632018951	-0.91095579994121778089	0.00311024231306289423	0.00382628325225324714	7.99911503713054994336	5.39576513746122099491
31.80000000000000071054	0.96276724256007162328	-0.90861766045579994699	-0.91095814890297599487	0.00291610822341085898	0.00364199114981615321	8.88455980274462397972	5.75022742534673358961
31.90000000000000213163	0.96276719299147439646	-0.90861742669833656105	-0.91094886108138350966	0.00272781983494185852	0.00346123494641071075	9.91823356680917811445	6.14488912505031059652
32.00000000000000000000	0.96276730825969236705	-0.90861140104540760731	-0.91092814970008473274	0.00254596384506065778	0.00328476689089999413	11.12927074422072770687	6.58438466671277922160
32.10000000000000142109	0.96276758433145359639	-0.90859986332255693320	-0.91089627107777060289	0.00237103268143941653	0.00311323010364239526	12.55310297750205883460	7.07390399801280178593
32.20000000000000284217	0.96276801659689525970	-0.90858312124545870248	-0.91085351917085144446	0.00220342950876023947	0.00294716437230414493	14.23286137333389866910	7.61924237592927067197
32.30000000000000426326	0.96276859946615778174	-0.90856150500247412349	-0.91080022019316209114	0.00204347360268910356	0.00278701230490697961	16.22106377652855613292	8.22684376127605787588
32.39999999999999857891	0.96276932714818908021	-0.90853536348454866367	-0.91073672849296005705	0.00189140598635061780	0.00263312596743314666	18.58162090281036782358	8.90385043428867462012
32.50000000000000000000	0.96277019318769552214	-0.90850505971952966178	-0.91066342195577776319	0.00174739519956167372	0.00248577354752188475	21.39218242513252832282	9.65812907082014326932
32.60000000000000142109	0.96277119069198491275	-0.90847096740469024390	-0.91058069832355392759	0.00161154313103389923	0.00234514617537005896	24.74681551914986954444	10.49829425833359231035
32.70000000000000284217	0.96277231263420781637	-0.90843346790106060951	-0.91048897191567035314	0.00148389083532426101	0.00221136471885718553	28.75895740863613525562	11.43371296898549438481
32.80000000000000426326	0.96277355115210483394	-0.90839294658669167415	-0.91038866998146805720	0.00136442425109507457	0.00208448644283533739	33.56449805839421429710	12.47447901331988084905
32.89999999999999857891	0.96277489876738686636	-0.90834979144516780902	-0.91028023074712860474	0.00125307982001401225	0.00196451152876927528	39.32471086391107917279	13.63137717006674520803
33.00000000000000000000	0.96277635486597434866	-0.90830439715030519832	-0.91016410659526281179	0.00114974992501009504	0.00185139065007971755	46.22855242518792096007	14.91578669851591421036
33.10000000000000142109	0.96277792533514505724	-0.90825716291582414552	-0.91004076247533594035	0.00105428805318827671	0.00174502502311719705	54.49342754533324040267	16.34447203172605256327
33.20000000000000284217	0.96277958219827275421	-0.90820845032672270492	-0.90991063512345649045	0.00096651391441641922	0.00164528226293295522	64.36463780268587697719	17.92505438071604473294
33.30000000000000426326	0.96278132798955329275	-0.90815864573451776653	-0.90977418520451158734	0.00088621760280913119	0.00155199504614559041	76.10785910045200353125	19.67004648956747558941
33.39999999999999857891	0.96278314575708434653	-0.90810810944556741298	-0.90963186703891252272	0.00081316025606470563	0.00146496696871774214	90.00124682383086849313	21.59170542281664140205
33.50000000000000000000	0.96278502669133403380	-0.90805720212591456431	-0.90948413516124626543	0.00074708626457009283	0.00138389324527940505	106.30179062145232649073	23.69782846160626377241
33.60000000000000142109	0.96278696276039366087	-0.90800627646911691304	-0.90933144118869768668	0.00068772769848232706	0.00130859610841318618	125.23483390839159312691	26.00034112198297009400
33.70000000000000284217	0.96278894611468923692	-0.90795567549562261611	-0.90917423547247844251	0.00063479911999151555	0.00123883004603323106	146.93700931161382072787	28.50821995320237789429
33.80000000000000426326	0.96279096901874172687	-0.90790573206921876270	-0.90901296448417745477	0.00058800526844591746	0.00117433577751040663	171.40683413643660060188	31.22854187176916695989
33.89999999999999857891	0.96279302387325838009	-0.90785676839731987986	-0.90884806988325894661	0.00054704400440827052	0.00111484444758059241	198.44643509195967112646	34.16605988889781997386
34.00000000000000000000	0.96279510322199901573	-0.90780909563904188531	-0.90867998772382085892	0.00051160910738070361	0.00106008163695287200	227.60756835271419618039	37.32286331408653978770
34.10000000000000142109	0.96279719976012723137	-0.90776301361037781135	-0.90850914779551983358	0.00048139264952421282	0.00100977068032564619	258.15724294906146951689	40.69810371735474774368
34.20000000000000284217	0.96279930633899646342	-0.90771881056862258053	-0.90833597306743607547	0.00045608716488750760	0.00096363542489499225	289.07982191291910112341	44.28782549716671468332
34.30000000000000426326	0.96280141597073243265	-0.90767676306828415367	-0.90816087921833343888	0.00043538751428327723	0.00092140256620608927	319.12989394414591970417	48.08493040702651200036
34.39999999999999857891	0.96280352183153561363	-0.90763713588170236157	-0.90798427423829042304	0.00041899268565232168	0.00088280364327965506	346.93930815696239733370	52.07929685248554108057
34.50000000000000000000	0.96280561726669844358	-0.90760018198514591514	-0.90780655809519883448	0.00040660738964939800	0.00084757677162007497	371.16684983054813073977	56.25807261336905185090
34.60000000000000142109	0.96280769579466884966	-0.90756614260028578567	-0.90762812245257362687	0.00039794345133806116	0.00081546802038959276	390.66292411068968704058	60.60602345836310433924
34.70000000000000284217	0.96280975110933975092	-0.90753524727625289881	-0.90744935043105445782	0.00039272083292832716	0.00078623265844144274	404.61336887496116787588	65.10617854314513408553
34.80000000000000426326	0.96281177707839982194	-0.90750771400955076995	-0.90727061640709338874	0.00039066881580863218	0.00075963613720259006	412.62759614585326062297	69.74043025466049527950
34.89999999999999857891	0.96281376774069493685	-0.90748374940481224549	-0.90709228584517564986	0.00039152685283509286	0.00073545487655883319	414.75517149341720823941	74.49021153226247804469
35.00000000000000000000	0.96281571730738613191	-0.90746354861830469396	-0.90691471515535182490	0.00039503872972562482	0.00071347686562097052	411.45190890960418528266	79.33717102861791659052
35.10000000000000142109	0.96281762026907968810	-0.90744729563018866614	-0.90673825167696764371	0.00040096407200672260	0.00069350229867002082	403.44489157640271059790	84.26397761833439403745
35.20000000000000284217	0.96281947128130229707	-0.90743516352249020684	-0.90656323349797751643	0.00040907367505803451	0.00067534351989488638	391.62712699220497825081	89.25467049990180612440
35.30000000000000426326	0.96282126519179833668	-0.90742731471077131555	-0.90638998939672954513	0.00041914986649891527	0.00065882520614689852	376.94199541494492677884	94.29511397285040175120
35.39999999999999857891	0.96282299703733986718	-0.90742390116894511287	-0.90621883878965903136	0.00043098666747421209	0.00064378498724243797	360.29125638703317235922	99.37322141180064249966
35.50000000000000000000	0.96282466204249628206	-0.90742506466382732988	-0.90605009169041750283	0.00044438978208743068	0.00063007261964217120	342.47431624022948426500	104.47911213607987690466
35.60000000000000142109	0.96282625594845294703	-0.90743093734647273241	-0.90588404962418100919	0.00045917654595870191	0.00061756730423684662	324.15687717943899315287	109.59871293001546632695
35.70000000000000284217	0.96282777408656972096	-0.90744164108851632644	-0.90572100406318478694	0.00047517573567675009	0.00060612785005972349	305.86313375221362775847	114.73085142770146660496
35.80000000000000426326	0.96282921225099482587	-0.90745728848508366848	-0.90556123677574229536	0.00049222742947944260	0.00059564018518179149	287.98363881616370463234	119.87134594534911968822
35.89999999999999857891	0.96283056641730946357	-0.90747798277546609658	-0.90540502006926870671	0.00051017366891980946	0.00058600158188074948	270.76021034559607869596	125.01754558923350657551
36.00000000000000000000	0.96283183342549016892	-0.90750381878108576927	-0.90525261753207098003	0.00052888548687914474	0.00057712012803037881	254.40123333317927745156	130.17076858549549456256
36.10000000000000142109	0.96283300920497327802	-0.90753488164799978044	-0.90510428211821436495	0.00054823520643013427	0.00056891415537957011	239.00951414448624632314	135.33036572911780126560
36.20000000000000284217	0.96283409028245148242	-0.90757124840072567196	-0.90496025764562570970	0.00056810512833498290	0.00056131193536650495	224.63085735408864707097	140.49537295129545100281
36.30000000000000426326	0.96283507337724649755	-0.90761298776263232835	-0.90482077847361808143	0.00058838716958864359	0.00055425108316078324	211.26968726342622062475	145.66420875406711843425
36.39999999999999857891	0.96283595539005717434	-0.90766016036828922608	-0.90468606950817076484	0.00060898244172433169	0.00054767796306778708	198.90173804810510205243	150.83438685152518132782
36.50000000000000000000	0.96283673340030251353	-0.90771281898106592756	-0.90455634621934222217	0.00062980081233782723	0.00054154711020318639	187.48391508194055177228	156.00216045606754278197
36.60000000000000142109	0.96283740466471035013	-0.90777100870783256070	-0.90443181466372846167	0.00065076045583833432	0.00053582066525544535	176.96170374953538839691	161.16202369036744812547
36.70000000000000284217	0.96283796661573839426	-0.90783476720881683963	-0.90431267151064287368	0.00067178739780700432	0.00053046778191846581	167.27456924626252998678	166.30643631513964919577
36.80000000000000426326	0.96283841686034976615	-0.90790412490347349728	-0.90419910407428838450	0.00069281505688710803	0.00052546408043441857	158.35977466343069863797	171.42557067929030267806
36.89999999999999857891	0.96283875317882572364	-0.90797910517215318915	-0.90409129034840030048	0.00071378378770456093	0.00052079098099562949	150.15499114405011482631	176.50699759998141757933
37.00000000000000000000	0.96283897352376579537	-0.90805972455375838503	-0.90398939904554098668	0.00073464042795245207	0.00051643524317999566	142.60000854790575886000	181.53555027395267984502
37.10000000000000142109	0.96283907601927054554	-0.90814599293964770599	-0.90389358964458077494	0.00075533785241676784	0.00051238841066369848	135.63779125930716418225	186.49326533337716682581
37.20000000000000284217	0.96283905896013932679	-0.90823791376400497821	-0.90380401244133012906	0.00077583453637129014	0.00050864622482774840	129.21506755945307531874	191.35928287582052575999
37.30000000000000426326	0.96283892081083377601	-0.90833548419052478895	-0.90372080860340942010	0.00079609413044410193	0.00050520814536047186	123.28259439734360114471	196.10995209060348543062
37.39999999999999857891	0.96283866020435249222	-0.90843869529594767354	-0.90364411023124124878	0.00081608504872822353	0.00050207684091201500	117.79520230841679051537	200.71898858271299559419
37.50000000000000000000	0.96283827594041571096	-0.90854753225017592655	-0.90357404042542677214	0.00083578007157658315	0.00049925778670277673	112.71169653007898148189	205.15772635639763166182
37.60000000000000142109	0.96283776698252143689	-0.90866197449282481990	-0.90351071335840926757	0.00085515596416918592	0.00049675875175264671	107.99466864935028809214	209.39540968587232327991
37.70000000000000284217	0.96283713245317603668	-0.90878199590575536870	-0.90345423434853089351	0.00087419311162716291	0.00049458940485355826	103.61025694440687061615	213.39966587687061405632
37.80000000000000426326	0.96283637162761437356	-0.90890756498225544480	-0.90340469993890648581	0.00089287517115650466	0.00049276092114919519	99.52788172189163162784	217.13703414817106818191
37.89999999999999857891	0.96283548392563145235	-0.90903864499276054723	-0.90336219798012662441	0.00091118874156924780	0.00049128561970218545	95.71997333395185592053	220.57361169849909288132
38.00000000000000000000	0.96283428068023546587	-0.90917501138227430069	-0.90332662221786474976	0.00092908699641704227	0.00049017806858262631	92.16885736902843007101	223.67435448416279086814
38.10000000000000142109	0.96283314333219605086	-0.90931698894758128393	-0.90329841852644421341	0.00094663669048860222	0.00048945101173898458	88.83738887976736009477	226.39976567796853146319
38.20000000000000284217	0.96283187824197413729	-0.90946433780734869945	-0.90327745958485539113	0.00096379363469869378	0.00048911756169390001	85.71338258590965608619	228.72507520547065951178
38.30000000000000426326	0.96283048527588066534	-0.90961700198609496404	-0.90326379940722612005	0.00098055334492944883	0.00048919141973629914	82.77877469535580701177	230.62209958508401541621
38.40000000000000568434	0.96282896438497056479	-0.90977492108027036011	-0.90325748379322967629	0.00099691290349953037	0.00048968602427554590	80.01731769097646917999	232.06585681300353485312
38.50000000000000000000	0.96282731565244739080	-0.90993803047340215961	-0.90325855051960057818	0.00101287073337484709	0.00049061430063464164	77.41439247134535150963	233.03534540317230039363
38.60000000000000142109	0.96282553929340730647	-0.91010626150315876437	-0.90326702948084680589	0.00102842639767514979	0.00049198846429831633	74.95683895459345080781	233.51422087699708640685
38.70000000000000284217	0.96282363565009032591	-0.91027954162378388325	-0.90328294282954613159	0.00104358041696580098	0.00049381986408019774	72.63280309699230485876	233.49130956803020353618
38.80000000000000426326	0.96282160518602200039	-0.91045779456723952006	-0.90330630512073373239	0.00105833410255706632	0.00049611882600546838	70.43159908010167669090	232.96101285362101407372
38.90000000000000568434	0.96281944848077938293	-0.91064094050487531806	-0.90333712346231853640	0.00107268940550616721	0.00049889452707099649	68.34358543900926008519	231.92355029743600880465
39.00000000000000000000	0.96281716622445845388	-0.91082889620867280023	-0.90337539767107077893	0.00108664878078222030	0.00050215489838867594	66.36005401549734017408	230.38504444301389639804
39.10000000000000142109	0.96281475921264003670	-0.91102157521286308839	-0.90342112043434996682	0.00110021506617099195	0.00050590651883117310	64.47313073047352816047	228.35741477366681806416
39.20000000000000284217	0.96281222834022195389	-0.91121888797421168871	-0.90347427747563746614	0.00111339137523027093	0.00051015455545712102	62.67568742922759383873	225.85812937517954424038
39.30000000000000426326	0.96280957459486460337	-0.91142074203166756341	-0.90353484772504644162	0.00112618100410926281	0.00051490271034396488	60.96126437390771712899	222.90979527233045587309
39.40000000000000568434	0.96280679905030730481	-0.91162704216553924752	-0.90360280349444110914	0.00113858735279059615	0.00052015318316480405	59.32400359051577254377	219.53961670471898059986
39.50000000000000000000	0.96280390285943850959	-0.91183769055594410258	-0.90367811065656644676	0.00115061386439438288	0.00052590664443420590	57.75859455259161023832	215.77875279346665138291
39.60000000000000142109	0.96280088724942725076	-0.91205258694297175470	-0.90376072883069780151	0.00116226399672281037	0.00053216224246595983	56.26023712687599243054	211.66159274622805241961
39.70000000000000284217	0.96279778545045024973	-0.91227166022651229316	-0.90385064022314332011	0.00117354270056015098	0.00053892070071397211	54.82450564128123460250	207.22261376389513998220
39.80000000000000426326	0.96279455298414129416	-0.91249476055504774585	-0.90394775125165960361	0.00118445230555693469	0.00054617292044449627	53.44791130414343882649	202.51792837675057512570
39.90000000000000568434	0.96279120530583806037	-0.91272179487674653942	-0.90405201680622027105	0.00119499897903999975	0.00055391569571276733	52.12788457067706104908	197.57716050640627258872
40.00000000000000000000	0.96278767912107865445	-0.91295260285415635870	-0.90416331630315582846	0.00120520813531037134	0.00056213865807147687	50.85975724143440857006	192.43124599553379994177
40.10000000000000142109	0.96278392491485931259	-0.91318657523647295271	-0.90428113739375615143	0.00120925974574691026	0.00056856729490045114	50.01530284538510073844	188.72824260281151964591
40.20000000000000284217	0.96278024958292474089	-0.91342267677159538763	-0.90440443199249420658	0.00120183994061994100	0.00057096456939041273	50.14352753612568847075	187.68854013012708037422
40.30000000000000426326	0.96277654719894223412	-0.91365916636331512279	-0.90453155444824751008	0.00118410558990192588	0.00056956516076848518	51.18389500702577521452	189.10514667782624087522
40.40000000000000568434	0.96277281041618278934	-0.91389459066833245160	-0.90466107335133394418	0.00115734734693983925	0.00056477428505976993	53.09726513409996329074	192.79852399895997905332
40.50000000000000000000	0.96276906479995172372	-0.91412770087110784001	-0.90479173597454898292	0.00112293286550499329	0.00055710451080951849	55.90460825409862621882	198.61678504371573694698
40.60000000000000142109	0.96276533369909245152	-0.91435740562535050557	-0.90492242388650201423	0.00108225488866613324	0.00054713358843806520	59.66684969150374939773	206.41802288892452565960
40.70000000000000284217	0.96276163799464742343	-0.91458275766828422970	-0.90505214297182001726	0.00103669079676258695	0.00053547010718701905	64.48049064117894602077	216.04746101664142088339
40.80000000000000426326	0.96275799619881474722	-0.91480294131788386647	-0.90518001415127880005	0.00098757085182782671	0.00052272620654302167	70.47551636534024055436	227.31175079574038022656
40.90000000000000568434	0.96275442461652227522	-0.91501726064733124311	-0.90530526457760363002	0.00093615388506341146	0.00050949630347020449	77.81358010452052553774	239.95236245376355554981
41.00000000000000000000	0.96275093750678908400	-0.91522512837033498379	-0.90542721927660041459	0.00088361042645314402	0.00049634094236307110	86.68511264513261949105	253.62099962880242287611
41.10000000000000142109	0.96274755763088137872	-0.91542606575331209040	-0.90554530081448214585	0.00083100730790999810	0.00048377479301926128	97.30152742436470703069	267.86115653603098962776
41.20000000000000284217	0.96274428589067040374	-0.91561966236093317306	-0.90565899970524832430	0.00077930196664986859	0.00047225885505675248	109.88395359566095521586	282.10299712277759454082
41.30000000000000426326	0.96274113136403471902	-0.91580559686329965352	-0.90576788912179273527	0.00072933744730515780	0.00046219483515722899	124.64168256283875280133	295.67389476404019887923
41.40000000000000568434	0.96273810163674944373	-0.91598361896870883481	-0.90587161127824178397	0.00068184111491468473	0.00045392255498603531	141.73903437685422090908	307.83671502381076834354
41.50000000000000000000	0.96273520295662051716	-0.91615354177713936856	-0.90596987141477147709	0.00063742603154023090	0.00044771920569399847	161.24812431205080542895	317.84719630973285120490
41.60000000000000142109	0.96273244034732141650	-0.91631523478715726228	-0.90606243218057969102	0.00059659396035134931	0.00044380023165094642	183.08726141845608026415	325.02973449881585565890
41.70000000000000284217	0.96272981772230425968	-0.91646861753115338445	-0.90614910844598384188	0.00055974026414910870	0.00044232152155671093	206.95060424902595741514	328.85771821627531608101
41.80000000000000426326	0.96272733798996268373	-0.91661365380934012315	-0.90622976251597486819	0.00052715992068983603	0.00044338256896834030	232.24141586897661682087	329.02153347213140932581
41.90000000000000568434	0.96272500315030506979	-0.91675034648626541056	-0.90630429972402237748	0.00049905443290202572	0.00044703035615832593	258.03064653477343881605	325.46807928126929709833
42.00000000000000000000	0.96272281438380136187	-0.91687873281460563479	-0.90637266438438834903	0.00047553933442349516	0.00045326374470251100	283.06846128921057470507	318.40237366530681129007
42.10000000000000142109	0.96272077212981854721	-0.91699888024666964537	-0.90643483607648378531	0.00045665207549261855	0.00046203818961404399	305.87287826514778998899	308.25004813564100913936
42.20000000000000284217	0.96271887616100637608	-0.91711088270237928199	-0.90649082625007726399	0.00044236007360304080	0.00047327071453550528	324.90205148838055038141	295.59287156001823859697
42.30000000000000426326	0.96271712564245826016	-0.91721485724766738112	-0.90654067511180591588	0.00043256885441055168	0.00048684478550446535	338.78604254167930776021	281.09213520796180318939
42.40000000000000568434	0.96271551919552078580	-0.91731094116560263352	-0.90658444878786004217	0.00042712996707834237	0.00050261528644102746	346.56143869756391495685	265.41479638033416676990
42.50000000000000000000	0.96271405495137030162	-0.91739928936991765873	-0.90662223673434449989	0.00042584878068687137	0.00052041332614734313	347.83992895036340087245	249.17499638876734024961
42.60000000000000142109	0.96271273059995476906	-0.91748007213423921069	-0.90665414937692179187	0.00042849192406705814	0.00054005086520928663	342.85706096205302628732	232.89610322736660918963
42.70000000000000284217	0.96271154343451648128	-0.91755347310332158184	-0.90668031595984366344	0.00043479434183874363	0.00056132508346472330	332.39091766953447404376	216.99308464269765295285
42.80000000000000426326	0.96271049039089184873	-0.91761968755688949617	-0.90670088258427417038	0.00044446601345064058	0.00058402247451086106	317.58594556639184247615	201.77127835948701317648
42.90000000000000568434	0.96270956809006635879	-0.91767892090364944213	-0.90671601041709326552	0.00045719806124860137	0.00060792236686006294	299.74080539419469459972	187.43643714587341264632
43.00000000000000000000	0.96270877289806178201	-0.91773138729460090879	-0.90672587401595217127	0.00047266538820709542	0.00063279871830679388	280.11927201928818931265	174.11152468381879998560
43.10000000000000142109	0.96270810106899629144	-0.91777730867854678820	-0.90673065987769974061	0.00049054035739069368	0.00065842591191077359	259.75734364252519981164	161.85224802435934066125
43.20000000000000284217	0.96270754833552951713	-0.91781691350589933442	-0.90673056469513302336	0.00051048832363326875	0.00068457839843503196	239.58037385694854037865	150.66298697279813723071
43.30000000000000426326	0.96270710666798153810	-0.91785043123445098079	-0.90672579066229452849	0.00053213695557924193	0.00071098649107835315	220.18553499403427053949	140.49346867770262292652
43.40000000000000568434	0.96270677337254750849	-0.91787810180009643535	-0.90671654973554505208	0.00055520040225374057	0.00073746021491249275	202.02193831429795523036	131.30670029823502886757
43.50000000000000000000	0.96270654588527215800	-0.91790016963766996039	-0.90670306366169439727	0.00057935686304471973	0.00076383259360406444	185.31057468720936753925	123.04628784731409041342
43.60000000000000142109	0.96270641855456828839	-0.91791687953680178857	-0.90668555963539432252	0.00060429644421366091	0.00078990980596561422	170.13962874354425025558	115.64695668729326882840
43.70000000000000284217	0.96270638626245252922	-0.91792848132073279199	-0.90666427008504202334	0.00062972103265322796	0.00081551164324842988	156.50574315685437909451	109.03566001712646027499
43.80000000000000426326	0.96270644382922365700	-0.91793522779547409574	-0.90663943177371364435	0.00065534942980457068	0.00084047067763087975	144.34537011647017834548	103.14112231156040877522
43.90000000000000568434	0.96270658600944702954	-0.91793737430165189828	-0.90661128498627774341	0.00068091831570375261	0.00086463222229845834	133.56001475384630339249	97.89565157604549483494
44.00000000000000000000	0.96270680750284476357	-0.91793517831036242072	-0.90658007277603525065	0.00070618303260791169	0.00088785527878358086	124.03419096827617806866	93.23634227813612085356
44.10000000000000142109	0.96270710296161865482	-0.91792889904508334631	-0.90654604026857132926	0.00073091828595492055	0.00091001312986861899	115.64745926326249048088	89.10564529461360905316
44.20000000000000284217	0.96270747710539650299	-0.91791880704267070357	-0.90650944062786820155	0.00075491867676555824	0.00093099468971334209	108.28205023593770306434	85.45133083524449091328
44.30000000000000426326	0.96270790543846551657	-0.91790514525822386460	-0.90647050888285884973	0.00077799903966921716	0.00095070091847790394	101.82732632699746488925	82.22709974106074071187
44.40000000000000568434	0.96270839155702370160	-0.91788818497025548293	-0.90642949848447795791	0.00079999451416267679	0.00096905021092814057	96.18209719174336669312	79.39123001943313795437
44.50000000000000000000	0.96270895179143634035	-0.91786820892212528378	-0.90638667056979593806	0.00082076128521067510	0.00098597620759095566	91.25531651180034486970	76.90660944984547597869
44.60000000000000142109	0.96270956190889656057	-0.91784546266628375122	-0.90634226061600475788	0.00084017427523982861	0.00100142244823148846	86.96660553279475891486	74.74105953374167654601
44.70000000000000284217	0.96271021592014871526	-0.91782020844458256370	-0.90629651342738493103	0.00085812800356730367	0.00101534764931653001	83.24543407021826624259	72.86601622539404843337
44.80000000000000426326	0.96271090842850881586	-0.91779270840469862058	-0.90624967265849964981	0.00087453623822275519	0.00102772271050208534	80.03031558044909843375	71.25642687607484049295
44.90000000000000568434	0.96271163412116156355	-0.91776322386022846089	-0.90620197984360240095	0.00088933100371939267	0.00103852989829850031	77.26800323441472073682	69.89037350330738718185
45.00000000000000000000	0.96271238769962586002	-0.91773201489355227256	-0.90615367419500991719	0.00090246175077245020	0.00104778010429821232	74.91260323131125176133	68.74870708613491387950
45.10000000000000142109	0.96271316394210626477	-0.91769934007695230793	-0.90610499228597962684	0.00091389447572189585	0.00105548012567325449	72.92477514117723558229	67.81465407597617911506
45.20000000000000284217	0.96271395767682976796	-0.91766545610073946282	-0.90605616738419447742	0.00092361063835502677	0.00106164665673296821	71.27084400479566284048	67.07365299980156692072
45.30000000000000426326	0.96271476379706177884	-0.91763061743677298843	-0.90600742908905973483	0.00093160622504579057	0.00106630531035633159	69.92214465928482525214	66.51310318257598908076
45.40000000000000568434	0.96271557726148571099	-0.91759507600255685311	-0.90595900297794496048	0.00093789083159026326	0.00106948978261457500	68.85442419554404125392	66.12207872158494126325
45.50000000000000000000	0.96271639310483414498	-0.91755908082795589742	-0.90591111028375581604	0.00094248635653324257	0.00107124116988490076	68.04721173098305087024	65.89111875603796875112
45.60000000000000142109	0.96271720635835777991	-0.91752287677563215684	-0.90586396750479214468	0.00094535434871699064	0.00107160739968877668	67.47708668572708745614	65.81208598017889244147
45.70000000000000284217	0.96271801230443143638	-0.91748670530446607696	-0.90581778637932397480	0.00094660602809073147	0.00107064205799333920	67.13590496814457253549	65.87791774462064608997
45.80000000000000426326	0.96271880623849370728	-0.91745080474749407529	-0.90577277335814776471	0.00094629401924162867	0.00106840382331072417	67.01195418272901349610	66.08252202394710650424
45.90000000000000568434	0.96271958378391031541	-0.91741540942092725253	-0.90572912702643659788	0.00094447902862770841	0.00106482370358576659	67.09573046415391672781	66.41022638849008785655
46.00000000000000000000	0.96272034029341313488	-0.91738074870968600028	-0.90568704004716338307	0.00094122823741018223	0.00106010299834625814	67.38005867100699219918	66.86730850199778330989
46.10000000000000142109	0.96272107142913376787	-0.91734704730736682521	-0.90564670217726395141	0.00093661565438790293	0.00105431186258940989	67.85899156362852124857	67.44988769547482831967
46.20000000000000284217	0.96272177291480820482	-0.91731452468938190492	-0.90560829703664202928	0.00093072037274687005	0.00104752234121634701	68.52821229166777072805	68.15455155676585263791
46.30000000000000426326	0.96272244059564837659	-0.91728339488189669648	-0.90557200196791243219	0.00092362571477660202	0.00103980814678607714	69.38473895930765422690	68.97831747638562660541
46.40000000000000568434	0.96272307044208649263	-0.91725386618124504778	-0.90553798787346739818	0.00091541828518024117	0.00103124409794545682	70.42672528140231236193	69.91853537573226162749
46.50000000000000000000	0.96272365855471608853	-0.91722614088297327317	-0.90550641907213158532	0.00090618708937665194	0.00102190557498261538	71.65328875466492775104	70.97280138005631044962
46.60000000000000142109	0.96272420116681289848	-0.91720041502615268225	-0.90547745317131411724	0.00089602284371415562	0.00101186801247462438	73.06437738318487618017	72.13887589987601245411
46.70000000000000284217	0.96272469464870402689	-0.91717687815673254459	-0.90545124095850826329	0.00088501718506259132	0.00100120643120809173	74.66060968039549550213	73.41460471243850349765
46.80000000000000426326	0.96272513551112615104	-0.91715571310353372070	-0.90542792630923907282	0.00087326195657688450	0.00098999500942291169	76.44311916554786989764	74.79784235253070789895
46.90000000000000568434	0.96272552040800141171	-0.91713709577110091864	-0.90540764611166846265	0.00086084862967436017	0.00097830669282921302	78.41341399106600817959	76.28637740153951085631
47.00000000000000000000	0.96272584613889711225	-0.91712119495196109398	-0.90539053020780435599	0.00084786770760798933	0.00096621284295577738	80.57321418112567812386	77.87785960713559063606
47.10000000000000142109	0.96272610965220417611	-0.91710817215761419874	-0.90537670135202197308	0.00083440816265278168	0.00095378292301139618	82.92427730985001232966	79.56972896689275387416
47.20000000000000284217	0.96272630804685921380	-0.91709818146697341668	-0.90536627518453338670	0.00082055701218199865	0.00094108422012901692	85.46823136998901304651	81.35914702740137727233
47.30000000000000426326	0.96272643857461981387	-0.91709136939502167163	-0.90535936022125917955	0.00080639886309805109	0.00092818160288391405	88.20637847918457907781	83.24293094147645888370
47.40000000000000568434	0.96272649864212433979	-0.91708787477958852996	-0.90535605785901995812	0.00079201552831839454	0.00091513731273737745	91.13949020225611263868	85.21749096284193569772
47.50000000000000000000	0.96272648581223130293	-0.91708782868766436369	-0.90535646239509981470	0.00077748569198192268	0.00090201078796281725	94.26758885675207011445	87.27877220879061326286
47.60000000000000142109	0.96272639780489921435	-0.91709135434219402061	-0.90536066106093660011	0.00076288465753116691	0.00088885851853903936	97.58972467137726880537	89.42220168572167438015
47.70000000000000284217	0.96272623249835320713	-0.91709856706824377515	-0.90536873407015105997	0.00074828408555131678	0.00087573393066191132	101.10373085087863387344	91.64264179605679316865
47.80000000000000426326	0.96272600858902457333	-0.91710958926810881575	-0.90538077496880875472	0.00073375931611432662	0.00086268742352860542	104.80382687741703762185	93.93432493379211223328
47.90000000000000568434	0.96272570434667981143	-0.91712450550506063873	-0.90539683056658215587	0.00071936612090049896	0.00084976597188737813	108.68671345769851654950	96.29089715031189200545
48.00000000000000000000	0.96272531819346018889	-0.91714340732317733984	-0.90541696050871556256	0.00070516404438539031	0.00083701338477810538	112.74497238542629418134	98.70532638985164908263
48.10000000000000142109	0.96272484864505458724	-0.91716637825862423750	-0.90544121767784480070	0.00069120820260403426	0.00082446968961249730	116.96865119878296468414	101.16974014449888841227
48.20000000000000284217	0.96272429437446449541	-0.91719349395172655726	-0.90546964837036680862	0.00067754983997603410	0.00081217222878546215	121.34610296064290935192	103.67580699035816849118
48.30000000000000426326	0.96272366491009564449	-0.91722483283531186515	-0.90550230143096910318	0.00066423606200447329	0.00080015521057006235	125.86272381422286059660	106.21449387184749468815
48.40000000000000568434	0.96272293903485195443	-0.91726043500976162104	-0.90553919270931193530	0.00065130935301359490	0.00078844937606784254	130.50131124754716438474	108.77754975024687666973
48.50000000000000000000	0.96272212514696342556	-0.91730036197135567111	-0.90558035778763457113	0.00063880829410563388	0.00077708252101375678	135.24170875555142856683	111.35425407795875685224
48.60000000000000142109	0.96272122252877290194	-0.91734465851258739644	-0.90562581798421537549	0.00062676716267346755	0.00076607938687940039	140.06091468568604341272	113.93366568891438816991
48.70000000000000284217	0.96272023081933810751	-0.91739336220095668573	-0.90567558884599530522	0.00061521611318420238	0.00075546180875475535	144.93309436005415591353	116.50467233621570528612
48.80000000000000426326	0.96271914960612636758	-0.91744650308632680336	-0.90572968000353493156	0.00060418127193957521	0.00074524874345067700	149.82971263584977350547	119.05592351876516943321
48.90000000000000568434	0.96271797859994301394	-0.91750410402342008620	-0.90578809549740435525	0.00059368484607889393	0.00073545619648901690	154.71975834805473937195	121.57581779218976691936
49.00000000000000000000	0.96271671765274757782	-0.91756618084821706116	-0.90585083394067034135	0.00058374523810819092	0.00072609702228076706	159.57006493202212027427	124.05245686656435566420
49.10000000000000142109	0.96271536636520949060	-0.91763274213972179094	-0.90591788830952557632	0.00057437720224700684	0.00071718073428086971	164.34573344062889077577	126.47359104721087419421
49.20000000000000284217	0.96271392556271073726	-0.91770379092696208190	-0.90598924733112851104	0.00056559197218587147	0.00070871355189288060	169.01065018974145459651	128.82680296296743449602
49.30000000000000426326	0.96271239490339033384	-0.91777932241603432661	-0.90606489350245300596	0.00055739742585930263	0.00070069896096182642	173.52807418728062316404	131.09961749959336430038
49.40000000000000568434	0.96271077542325123044	-0.91785932680579129794	-0.90614480554080090169	0.00054979823469376615	0.00069313838191102694	177.86130174043438501030	133.28024013070432829409
49.50000000000000000000	0.96270906701332836786	-0.91794378689993050280	-0.90622895636219669147	0.00054279604691944154	0.00068603207017287158	181.97436640199993007627	135.35775559766187825517
49.60000000000000142109	0.96270727049671489528	-0.91803268045334318614	-0.90631731528797010444	0.00053638965183723910	0.00067938061653021571	185.83276764101685785135	137.32335295832325527954
49.70000000000000284217	0.96270538678293715584	-0.91812597959947872539	-0.90640984745706698611	0.00053057768459172658	0.00067317970596171843	189.40199012325234662057	139.16803787879197784605
49.80000000000000426326	0.96270341678549953279	-0.91822365100476677213	-0.90650651398470527553	0.00052535374119556087	0.00066742763759283373	192.65244616278042144586	140.88556422575976512235
49.90000000000000568434	0.96270136160815966697	-0.91832565622445028186	-0.90660727250041017733	0.00052070964387437391	0.00066212148056014701	195.55623570291908208674	142.47078118179896932816
50.00000000000000000000	0.96269915859258192725	-0.91843188757733118521	-0.90671201599281414651	0.00051661821392975254	0.00065720689923378804	198.11042427954939171286	143.89032841672016616030
50.10000000000000142109	0.96269692594061706536	-0.91854204525762317424	-0.90682044289882179910	0.00051050550639038900	0.00064947664439739868	202.30529342157956307346	146.35528398611575084942
50.20000000000000284217	0.96269462946654738023	-0.91865497365220616377	-0.90693142271182891623	0.00050013446093889616	0.00063639909620169717	210.16471974615268436537	151.34940949283509326051
50.30000000000000426326	0.96269228441172960409	-0.91876931525209637464	-0.90704363417182765073	0.00048625739617867670	0.00061890266128749552	221.70071021021590240707	158.89757568522136921274
50.40000000000000568434	0.96268991561776806609	-0.91888387960878203931	-0.90715591905300763109	0.00046969736443726399	0.00059801131028809119	236.98291558421371405529	169.04220955409434168359
50.50000000000000000000	0.96268754532080469399	-0.91899761842716631843	-0.90726725924360496212	0.00045130146310481858	0.00057477640518154613	256.09715143947386195578	181.82252165727089732172
50.60000000000000142109	0.96268519328492341280	-0.91910961357322018550	-0.90737676491373076004	0.00043190362243903730	0.00055023286024773427	279.07106037573709045319	197.24195974302432432523
50.70000000000000284217	0.96268287697637533462	-0.91921906575243661486	-0.90748366332627639075	0.00041229665199058602	0.00052536480096495209	305.78088678012790069261	215.20827101867621422571
50.80000000000000426326	0.96268061173747243586	-0.91932528384046130476	-0.90758728830105339647	0.00039321180683123108	0.00050108039341543022	335.83646967881480804863	235.45902812346042765057
50.90000000000000568434	0.96267841095438555499	-0.91942767489741461517	-0.90768707035451334786	0.00037530464607702106	0.00047819439117419745	368.45561466825404295378	257.48004562264975447761
51.00000000000000000000	0.96267628621690048973	-0.91952573487614341907	-0.90778252752331778375	0.00035914601062164849	0.00045741661445843708	402.35514605654225306353	280.43343781936533787302
51.10000000000000142109	0.96267424747535945695	-0.91961903984535398049	-0.90787325690331899253	0.00034521114498886672	0.00043934724008200563	435.56398888368681809879	303.12367263854241627996
51.20000000000000284217	0.96267230293282213260	-0.91970723789386155111	-0.90795892701211999842	0.00033389596017069682	0.00042447405996263082	465.88092362978261462558	324.03566722488102413990
51.30000000000000426326	0.96267045990567334801	-0.91979004297546962388	-0.90803927026360164998	0.00032550189609817051	0.00041317443810753065	490.75694589078494800560	341.47413192771580270346
51.40000000000000568434	0.96266872421674676286	-0.91986722731290038180	-0.90811407650987041595	0.00032024438169704980	0.00040571948739914862	507.78339502006321026784	353.80321430788291081626
51.50000000000000000000	0.96266710609232442053	-0.91993862083251021211	-0.90818319164275274069	0.00031825822968830638	0.00040228092428161308	515.14663408734759286745	359.74021403018514320138
51.60000000000000142109	0.96266560231381770318	-0.92000408880120032595	-0.90824649721349093312	0.00031960129975979292	0.00040293622538159821	512.01732378366762077349	358.62422769459243454548
51.70000000000000284217	0.96266421677571634152	-0.92006354611224872020	-0.90830392331829490349	0.00032426546316567336	0.00040767962772365044	498.72581257307331270567	350.55069101847004731098
51.80000000000000426326	0.96266295171274984810	-0.92011694458695503229	-0.90835543616425851177	0.00033218155007767088	0.00041643024832831605	476.65971110491858553360	336.33695581400360197222
51.90000000000000568434	0.96266180835923309544	-0.92016426951377572330	-0.90840103471869626528	0.00034322714001527762	0.00042904142529079299	447.93072628243521648983	317.32591603517278144864
52.00000000000000000000	0.96266078714616398759	-0.92020553618805822627	-0.90844074730627821790	0.00035723422367109196	0.00044531006231477550	414.93903793657591450028	295.10670393721403570453
52.10000000000000142109	0.96265988782440226057	-0.92024078676800769028	-0.90847462851121352223	0.00037399663796153362	0.00046498579809565966	379.97564025115553931755	271.24432937117296660290
52.20000000000000284217	0.96265910955590039411	-0.92027008744849336797	-0.90850275639213773360	0.00039327726939918876	0.00048777985519022428	344.95443261426760273025	247.08421495635653286627
52.30000000000000426326	0.96265845098290969695	-0.92029352592646862519	-0.90852522998303653079	0.00041481482889627139	0.00051337340752598401	311.29304947698267369560	223.65395921803914802695
52.40000000000000568434	0.96265791019561086639	-0.92031120904571295238	-0.90854216693703959695	0.00043833021474250894	0.00054142545808647132	279.91539074817791288297	201.64909272964294473240
52.50000000000000000000	0.96265749567680769516	-0.92032327150933435078	-0.90855370536248203361	0.00046353260675243866	0.00057158012243832350	251.32549398104572446755	181.47287448609176863101
52.60000000000000142109	0.96265719559379792081	-0.92032984374440784947	-0.90855999163479506109	0.00049012424995071907	0.00060347316523618540	225.71007897509016970616	163.30049184336462531064
52.70000000000000284217	0.96265700655625607851	-0.92033107860577922921	-0.90856118850174794055	0.00051780582471144170	0.00063673824467947674	203.03790109564693011635	147.14598450644285776434
52.80000000000000426326	0.96265692532551772054	-0.92032714171039753381	-0.90855747073098014344	0.00054628057049253083	0.00067101189513445474	183.14338078991366387527	132.92013576294243648590
52.90000000000000568434	0.96265694838592086313	-0.92031820966907806891	-0.90854902371268919659	0.00057525823587921225	0.00070593834093998634	165.78954441316582801846	120.47545308683314146947
53.00000000000000000000	0.96265707444746173582	-0.92030447136867288283	-0.90853604450966518602	0.00060445957747550308	0.00074117443294436682	150.71360880911277035921	109.63817569523124006992
