-2.000000000000000000e+01 4.394432554479486830e-05
-1.996000000000000085e+01 4.431473345877304237e-05
-1.992000000000000171e+01 4.468909098699538202e-05
-1.987999999999999901e+01 4.506744928668596044e-05
-1.983999999999999986e+01 4.544986029789100865e-05
-1.980000000000000071e+01 4.583637675735323380e-05
-1.976000000000000156e+01 4.622705221265935652e-05
-1.971999999999999886e+01 4.662194103667604596e-05
-1.967999999999999972e+01 4.702109844228379368e-05
-1.964000000000000057e+01 4.742458049740872622e-05
-1.960000000000000142e+01 4.783244414035192280e-05
-1.955999999999999872e+01 4.824474719544421045e-05
-1.951999999999999957e+01 4.866154838902448515e-05
-1.948000000000000043e+01 4.908290736572572949e-05
-1.944000000000000128e+01 4.950888470511968439e-05
-1.939999999999999858e+01 4.993954193869350362e-05
-1.935999999999999943e+01 5.037494156718159283e-05
-1.932000000000000028e+01 5.081514707825480169e-05
-1.928000000000000114e+01 5.126022296457651006e-05
-1.923999999999999844e+01 5.171023474224338903e-05
-1.919999999999999929e+01 5.216524896960107911e-05
-1.916000000000000014e+01 5.262533326646015586e-05
-1.912000000000000099e+01 5.309055633371476818e-05
-1.907999999999999829e+01 5.356098797337652609e-05
-1.903999999999999915e+01 5.403669910902537260e-05
-1.900000000000000000e+01 5.451776180670064170e-05
-1.896000000000000085e+01 5.500424929622579721e-05
-1.892000000000000171e+01 5.549623599299590912e-05
-1.887999999999999901e+01 5.599379752022591583e-05
-1.883999999999999986e+01 5.649701073167420068e-05
-1.880000000000000071e+01 5.700595373484386788e-05
-1.876000000000000156e+01 5.752070591470270083e-05
-1.871999999999999886e+01 5.804134795788667457e-05
-1.867999999999999972e+01 5.856796187745099032e-05
-1.864000000000000057e+01 5.910063103813350399e-05
-1.860000000000000142e+01 5.963944018218367456e-05
-1.855999999999999872e+01 6.018447545573773344e-05
-1.851999999999999957e+01 6.073582443577520314e-05
-1.848000000000000043e+01 6.129357615766500497e-05
-1.844000000000000128e+01 6.185782114330614333e-05
-1.839999999999999858e+01 6.242865142989809449e-05
-1.835999999999999943e+01 6.300616059932420340e-05
-1.832000000000000028e+01 6.359044380820359950e-05
-1.828000000000000114e+01 6.418159781859623589e-05
-1.823999999999999844e+01 6.477972102938815702e-05
-1.819999999999999929e+01 6.538491350838041352e-05
-1.816000000000000014e+01 6.599727702509290000e-05
-1.812000000000000099e+01 6.661691508429460826e-05
-1.807999999999999829e+01 6.724393296030821768e-05
-1.803999999999999915e+01 6.787843773206343571e-05
-1.800000000000000000e+01 6.852053831896956146e-05
-1.796000000000000085e+01 6.917034551759057570e-05
-1.792000000000000171e+01 6.982797203916720971e-05
-1.787999999999999901e+01 7.049353254799553374e-05
-1.783999999999999986e+01 7.116714370070933646e-05
-1.780000000000000071e+01 7.184892418645545328e-05
-1.775999999999999801e+01 7.253899476803620308e-05
-1.771999999999999886e+01 7.323747832399573124e-05
-1.767999999999999972e+01 7.394449989172333440e-05
-1.764000000000000057e+01 7.466018671157441736e-05
-1.760000000000000142e+01 7.538466827205787119e-05
-1.755999999999999872e+01 7.611807635610938830e-05
-1.751999999999999957e+01 7.686054508848410780e-05
-1.748000000000000043e+01 7.761221098432323495e-05
-1.744000000000000128e+01 7.837321299888466014e-05
-1.739999999999999858e+01 7.914369257852279550e-05
-1.735999999999999943e+01 7.992379371290960627e-05
-1.732000000000000028e+01 8.071366298855928677e-05
-1.728000000000000114e+01 8.151344964366590527e-05
-1.723999999999999844e+01 8.232330562432123820e-05
-1.719999999999999929e+01 8.314338564210498744e-05
-1.716000000000000014e+01 8.397384723311872128e-05
-1.712000000000000099e+01 8.481485081846830941e-05
-1.707999999999999829e+01 8.566655976625101379e-05
-1.703999999999999915e+01 8.652914045505612564e-05
-1.700000000000000000e+01 8.740276233903227464e-05
-1.696000000000000085e+01 8.828759801454916581e-05
-1.692000000000000171e+01 8.918382328847607871e-05
-1.687999999999999901e+01 9.009161724813914522e-05
-1.683999999999999986e+01 9.101116233296846492e-05
-1.680000000000000071e+01 9.194264440789555633e-05
-1.675999999999999801e+01 9.288625283853388717e-05
-1.671999999999999886e+01 9.384218056818346629e-05
-1.667999999999999972e+01 9.481062419673452410e-05
-1.664000000000000057e+01 9.579178406148892988e-05
-1.660000000000000142e+01 9.678586431997784206e-05
-1.655999999999999872e+01 9.779307303483392166e-05
-1.651999999999999957e+01 9.881362226077210209e-05
-1.648000000000000043e+01 9.984772813376435047e-05
-1.644000000000000128e+01 1.008956109624604622e-04
-1.639999999999999858e+01 1.019574953219281807e-04
-1.635999999999999943e+01 1.030336101498217135e-04
-1.632000000000000028e+01 1.041241888450213614e-04
-1.628000000000000114e+01 1.052294693688327325e-04
-1.623999999999999844e+01 1.063496943488565633e-04
-1.619999999999999929e+01 1.074851111855855239e-04
-1.616000000000000014e+01 1.086359721618281905e-04
-1.612000000000000099e+01 1.098025345550633983e-04
-1.607999999999999829e+01 1.109850607527960997e-04
-1.603999999999999915e+01 1.121838183710181618e-04
-1.600000000000000000e+01 1.133990803758896763e-04
-1.596000000000000085e+01 1.146311252087054040e-04
-1.591999999999999993e+01 1.158802369142868625e-04
-1.587999999999999901e+01 1.171467052728703169e-04
-1.583999999999999986e+01 1.184308259356242447e-04
-1.580000000000000071e+01 1.197329005639051307e-04
-1.575999999999999979e+01 1.210532369723378923e-04
-1.571999999999999886e+01 1.223921492758926755e-04
-1.567999999999999972e+01 1.237499580410200348e-04
-1.564000000000000057e+01 1.251269904410270799e-04
-1.559999999999999964e+01 1.265235804157804553e-04
-1.555999999999999872e+01 1.279400688359013868e-04
-1.551999999999999957e+01 1.293768036715894042e-04
-1.548000000000000043e+01 1.308341401662009400e-04
-1.543999999999999950e+01 1.323124410147671209e-04
-1.539999999999999858e+01 1.338120765475786858e-04
-1.535999999999999943e+01 1.353334249190210441e-04
-1.532000000000000028e+01 1.368768723018138657e-04
-1.528000000000000114e+01 1.384428130868503581e-04
-1.524000000000000021e+01 1.400316500887958254e-04
-1.519999999999999929e+01 1.416437947576541095e-04
-1.516000000000000014e+01 1.432796673964892645e-04
-1.512000000000000099e+01 1.449396973855084612e-04
-1.508000000000000007e+01 1.466243234127216633e-04
-1.503999999999999915e+01 1.483339937113944788e-04
-1.500000000000000000e+01 1.500691663045175366e-04
-1.496000000000000085e+01 1.518303092565525918e-04
-1.491999999999999993e+01 1.536179009326661335e-04
-1.487999999999999901e+01 1.554324302657440933e-04
-1.483999999999999986e+01 1.572743970314274820e-04
-1.480000000000000071e+01 1.591443121314543158e-04
-1.475999999999999979e+01 1.610426978855975313e-04
-1.471999999999999886e+01 1.629700883324985625e-04
-1.467999999999999972e+01 1.649270295396966859e-04
-1.464000000000000057e+01 1.669140799231854690e-04
-1.459999999999999964e+01 1.689318105768276498e-04
-1.455999999999999872e+01 1.709808056119836370e-04
-1.451999999999999957e+01 1.730616625076997032e-04
-1.448000000000000043e+01 1.751749924718600665e-04
-1.443999999999999950e+01 1.773214208136484997e-04
-1.439999999999999858e+01 1.795015873277882798e-04
-1.435999999999999943e+01 1.817161466909165274e-04
-1.432000000000000028e+01 1.839657688705973078e-04
-1.428000000000000114e+01 1.862511395473854907e-04
-1.424000000000000021e+01 1.885729605504231875e-04
-1.419999999999999929e+01 1.909319503071021940e-04
-1.416000000000000014e+01 1.933288443072647168e-04
-1.412000000000000099e+01 1.957643955824888218e-04
-1.408000000000000007e+01 1.982393752010445064e-04
-1.403999999999999915e+01 2.007545727790659672e-04
-1.400000000000000000e+01 2.033107970085702015e-04
-1.396000000000000085e+01 2.059088762029395031e-04
-1.391999999999999993e+01 2.085496588605413593e-04
-1.387999999999999901e+01 2.112340142471210921e-04
-1.383999999999999986e+01 2.139628329977647826e-04
-1.380000000000000071e+01 2.167370277390764932e-04
-1.375999999999999979e+01 2.195575337324102635e-04
-1.371999999999999886e+01 2.224253095389188556e-04
-1.367999999999999972e+01 2.253413377072926820e-04
-1.364000000000000057e+01 2.283066254850038036e-04
-1.359999999999999964e+01 2.313222055540221055e-04
-1.355999999999999872e+01 2.343891367918996341e-04
-1.351999999999999957e+01 2.375085050592222989e-04
-1.348000000000000043e+01 2.406814240144541581e-04
-1.343999999999999950e+01 2.439090359572194597e-04
-1.339999999999999858e+01 2.471925127011369988e-04
-1.335999999999999943e+01 2.505330564773642840e-04
-1.332000000000000028e+01 2.539319008700202836e-04
-1.328000000000000114e+01 2.573903117847574362e-04
-1.324000000000000021e+01 2.609095884517440705e-04
-1.319999999999999929e+01 2.644910644644189908e-04
-1.316000000000000014e+01 2.681361088554012374e-04
-1.312000000000000099e+01 2.718461272109896389e-04
-1.308000000000000007e+01 2.756225628257661341e-04
-1.303999999999999915e+01 2.794668978988276882e-04
-1.300000000000000000e+01 2.833806547732878496e-04
-1.296000000000000085e+01 2.873653972206872617e-04
-1.291999999999999993e+01 2.914227317720257358e-04
-1.287999999999999901e+01 2.955543090972035172e-04
-1.283999999999999986e+01 2.997618254347261639e-04
-1.280000000000000071e+01 3.040470240734992682e-04
-1.275999999999999979e+01 3.084116968887352754e-04
-1.271999999999999886e+01 3.128576859338714870e-04
-1.267999999999999972e+01 3.173868850906542104e-04
-1.264000000000000057e+01 3.220012417793735766e-04
-1.259999999999999964e+01 3.267027587314816177e-04
-1.255999999999999872e+01 3.314934958266791722e-04
-1.251999999999999957e+01 3.363755719967471448e-04
-1.248000000000000043e+01 3.413511671983174116e-04
-1.243999999999999950e+01 3.464225244568350411e-04
-1.239999999999999858e+01 3.515919519839465907e-04
-1.235999999999999943e+01 3.568618253705891329e-04
-1.232000000000000028e+01 3.622345898579345386e-04
-1.228000000000000114e+01 3.677127626884198718e-04
-1.224000000000000021e+01 3.732989355389152060e-04
-1.219999999999999929e+01 3.789957770380502494e-04
-1.216000000000000014e+01 3.848060353696153464e-04
-1.212000000000000099e+01 3.907325409637065275e-04
-1.208000000000000007e+01 3.967782092772322369e-04
-1.203999999999999915e+01 4.029460436649778300e-04
-1.200000000000000000e+01 4.092391383423064043e-04
-1.195999999999999908e+01 4.156606814400892400e-04
-1.191999999999999993e+01 4.222139581520783537e-04
-1.187999999999999901e+01 4.289023539744587880e-04
-1.183999999999999986e+01 4.357293580366408507e-04
-1.180000000000000071e+01 4.426985665217431955e-04
-1.175999999999999979e+01 4.498136861743069065e-04
-1.172000000000000064e+01 4.570785378918982081e-04
-1.167999999999999972e+01 4.644970603961081669e-04
-1.164000000000000057e+01 4.720733139771714562e-04
-1.159999999999999964e+01 4.798114843049886002e-04
-1.156000000000000050e+01 4.877158862975987906e-04
-1.151999999999999957e+01 4.957909680362473752e-04
-1.148000000000000043e+01 5.040413147139200661e-04
-1.143999999999999950e+01 5.124716526017708204e-04
-1.140000000000000036e+01 5.210868530149074390e-04
-1.135999999999999943e+01 5.298919362558482393e-04
-1.132000000000000028e+01 5.388920755102126828e-04
-1.127999999999999936e+01 5.480926006650871374e-04
-1.124000000000000021e+01 5.574990020159441978e-04
-1.119999999999999929e+01 5.671169338226887680e-04
-1.116000000000000014e+01 5.769522176696673804e-04
-1.111999999999999922e+01 5.870108455780665563e-04
-1.108000000000000007e+01 5.972989828119425193e-04
-1.103999999999999915e+01 6.078229703113599558e-04
-1.100000000000000000e+01 6.185893266774447619e-04
-1.095999999999999908e+01 6.296047496249304598e-04
-1.091999999999999993e+01 6.408761168075361586e-04
-1.087999999999999901e+01 6.524104859108098217e-04
-1.083999999999999986e+01 6.642150938954583667e-04
-1.079999999999999893e+01 6.762973552621827020e-04
-1.075999999999999979e+01 6.886648591964703373e-04
-1.072000000000000064e+01 7.013253654391399250e-04
-1.067999999999999972e+01 7.142867987157191720e-04
-1.064000000000000057e+01 7.275572415457115874e-04
-1.059999999999999964e+01 7.411449252415699962e-04
-1.056000000000000050e+01 7.550582188977439727e-04
-1.051999999999999957e+01 7.693056161632520068e-04
-1.048000000000000043e+01 7.838957195876478795e-04
-1.043999999999999950e+01 7.988372223316853385e-04
-1.040000000000000036e+01 8.141388870415199389e-04
-1.035999999999999943e+01 8.298095217009662100e-04
-1.032000000000000028e+01 8.458579523020820154e-04
-1.027999999999999936e+01 8.622929922127795660e-04
-1.024000000000000021e+01 8.791234081734064162e-04
-1.019999999999999929e+01 8.963578829260356387e-04
-1.016000000000000014e+01 9.140049745726798805e-04
-1.011999999999999922e+01 9.320730728757465125e-04
-1.008000000000000007e+01 9.505703528584798223e-04
-1.003999999999999915e+01 9.695047262375140751e-04
-1.000000000000000000e+01 9.888837914264862750e-04
-9.959999999999999076e+00 1.008714783089467368e-03
-9.919999999999999929e+00 1.029004522495690840e-03
-9.879999999999999005e+00 1.049759370230034065e-03
-9.839999999999999858e+00 1.070985183141115113e-03
-9.799999999999998934e+00 1.092687277752948417e-03
-9.759999999999999787e+00 1.114870402712811459e-03
-9.720000000000000639e+00 1.137538723180826425e-03
-9.679999999999999716e+00 1.160695820362617030e-03
-9.640000000000000568e+00 1.184344709617920349e-03
-9.599999999999999645e+00 1.208487880713502403e-03
-9.560000000000000497e+00 1.233127363791901646e-03
-9.519999999999999574e+00 1.258264824462675471e-03
-9.480000000000000426e+00 1.283901691053214271e-03
-9.439999999999999503e+00 1.310039316452551485e-03
-9.400000000000000355e+00 1.336679176122431215e-03
-9.359999999999999432e+00 1.363823102729302614e-03
-9.320000000000000284e+00 1.391473556482328809e-03
-9.279999999999999361e+00 1.419633928682822489e-03
-9.240000000000000213e+00 1.448308874263644699e-03
-9.199999999999999289e+00 1.477504667313373106e-03
-9.160000000000000142e+00 1.507229571853956236e-03
-9.119999999999999218e+00 1.537494218604531539e-03
-9.080000000000000071e+00 1.568311977257100948e-03
-9.039999999999999147e+00 1.599699313046193568e-03
-9.000000000000000000e+00 1.631676116226581617e-03
-8.959999999999999076e+00 1.664265993557964909e-03
-8.919999999999999929e+00 1.697496512060401620e-03
-8.879999999999999005e+00 1.731399387119700664e-03
-8.839999999999999858e+00 1.766010609398111116e-03
-8.799999999999998934e+00 1.801370507798180295e-03
-8.759999999999999787e+00 1.837523748749396446e-03
-8.720000000000000639e+00 1.874519275126987870e-03
-8.679999999999999716e+00 1.912410190955072739e-03
-8.640000000000000568e+00 1.951253600497963002e-03
-8.599999999999999645e+00 1.991110412246716727e-03
-8.560000000000000497e+00 2.032045119560468849e-03
-8.519999999999999574e+00 2.074125570280765767e-03
-8.480000000000000426e+00 2.117422737519542714e-03
-8.439999999999999503e+00 2.162010503098428169e-03
-8.400000000000000355e+00 2.207965463899950673e-03
-8.359999999999999432e+00 2.255366769817671382e-03
-8.320000000000000284e+00 2.304296000207704462e-03
-8.279999999999999361e+00 2.354837083891777455e-03
-8.240000000000000213e+00 2.407076265965249137e-03
-8.199999999999999289e+00 2.461102123024198202e-03
-8.160000000000000142e+00 2.517005627015195951e-03
-8.119999999999999218e+00 2.574880256773869405e-03
-8.080000000000000071e+00 2.634822155470735450e-03
-8.039999999999999147e+00 2.696930331620776139e-03
-8.000000000000000000e+00 2.761306901015624787e-03
-7.959999999999999076e+00 2.828057366872173406e-03
-7.919999999999999929e+00 2.897290935619868321e-03
-7.879999999999999005e+00 2.969120866032166559e-03
-7.839999999999999858e+00 3.043664849805739411e-03
-7.799999999999998934e+00 3.121045422170665856e-03
-7.759999999999999787e+00 3.201390401645284878e-03
-7.719999999999998863e+00 3.284833358608411219e-03
-7.679999999999999716e+00 3.371514112929643869e-03
-7.640000000000000568e+00 3.461579261465133617e-03
-7.599999999999999645e+00 3.555182736782111497e-03
-7.560000000000000497e+00 3.652486399018797097e-03
-7.519999999999999574e+00 3.753660663316333093e-03
-7.480000000000000426e+00 3.858885165778562151e-03
-7.439999999999999503e+00 3.968349471429549399e-03
-7.400000000000000355e+00 4.082253828152599545e-03
-7.359999999999999432e+00 4.200809971116506447e-03
-7.320000000000000284e+00 4.324241982732254450e-03
-7.279999999999999361e+00 4.452787213745295486e-03
-7.240000000000000213e+00 4.586697271663543046e-03
-7.199999999999999289e+00 4.726239083359191212e-03
-7.160000000000000142e+00 4.871696039371847808e-03
-7.119999999999999218e+00 5.023369228192835906e-03
-7.080000000000000071e+00 5.181578769634400533e-03
-7.039999999999999147e+00 5.346665257295126622e-03
-7.000000000000000000e+00 5.518991321133846079e-03
-6.959999999999999076e+00 5.698943322271957101e-03
-6.919999999999999929e+00 5.886933193369197834e-03
-6.879999999999999005e+00 6.083400439274268962e-03
-6.839999999999999858e+00 6.288814314152100376e-03
-6.799999999999998934e+00 6.503676192948931040e-03
-6.759999999999999787e+00 6.728522156887429065e-03
-6.719999999999998863e+00 6.963925814703668393e-03
-6.679999999999999716e+00 7.210501383558297339e-03
-6.640000000000000568e+00 7.468907055992171293e-03
-6.599999999999999645e+00 7.739848681963975435e-03
-6.560000000000000497e+00 8.024083797917632571e-03
-6.519999999999999574e+00 8.322426037990838729e-03
-6.480000000000000426e+00 8.635749965900251998e-03
-6.439999999999999503e+00 8.964996369729884979e-03
-6.400000000000000355e+00 9.311178065806627324e-03
-6.359999999999999432e+00 9.675386262068114834e-03
-6.320000000000000284e+00 1.005879753580340291e-02
-6.279999999999999361e+00 1.046268148536531883e-02
-6.240000000000000213e+00 1.088840912039581652e-02
-6.199999999999999289e+00 1.133746206025786768e-02
-6.160000000000000142e+00 1.181144261571159468e-02
-6.119999999999999218e+00 1.231208483440817195e-02
-6.080000000000000071e+00 1.284126659651288471e-02
-6.039999999999999147e+00 1.340102285276207131e-02
-6.000000000000000000e+00 1.399356010360058855e-02
-5.959999999999999076e+00 1.462127222491505646e-02
-5.919999999999999929e+00 1.528675775353837210e-02
-5.879999999999999005e+00 1.599283875455675616e-02
-5.839999999999999858e+00 1.674258140304833373e-02
-5.799999999999998934e+00 1.753931842595340615e-02
-5.759999999999999787e+00 1.838667356622033719e-02
-5.719999999999998863e+00 1.928858825225578111e-02
-5.679999999999999716e+00 2.024935068218467263e-02
-5.640000000000000568e+00 2.127362756564009014e-02
-5.599999999999999645e+00 2.236649880667541598e-02
-5.560000000000000497e+00 2.353349546038363549e-02
-5.519999999999999574e+00 2.478064135254372941e-02
-5.480000000000000426e+00 2.611449881446785068e-02
-5.439999999999999503e+00 2.754221905086467678e-02
-5.400000000000000355e+00 2.907159772142460519e-02
-5.359999999999999432e+00 3.071113636885683049e-02
-5.320000000000000284e+00 3.247011035620634561e-02
-5.279999999999999361e+00 3.435864397033303735e-02
-5.240000000000000213e+00 3.638779328914489020e-02
-5.199999999999999289e+00 3.856963727711264223e-02
-5.160000000000000142e+00 4.091737734297020562e-02
-5.119999999999999218e+00 4.344544523776029676e-02
-5.080000000000000071e+00 4.616961865796874454e-02
-5.039999999999999147e+00 4.910714320799298982e-02
-5.000000000000000000e+00 5.227685841929784194e-02
-4.959999999999999076e+00 5.569932425739753529e-02
-4.919999999999999929e+00 5.939694289123096521e-02
-4.879999999999999005e+00 6.339406834927330259e-02
-4.839999999999999858e+00 6.771709391409683199e-02
-4.799999999999998934e+00 7.239450355766710588e-02
-4.759999999999999787e+00 7.745686921805329528e-02
-4.719999999999998863e+00 8.293677008156211117e-02
-4.679999999999999716e+00 8.886860309885802334e-02
-4.640000000000000568e+00 9.528824563264044756e-02
-4.599999999999999645e+00 1.022325214559965112e-01
-4.560000000000000497e+00 1.097384106088756667e-01
-4.519999999999999574e+00 1.178419326333221689e-01
-4.480000000000000426e+00 1.265766228939930460e-01
-4.439999999999999503e+00 1.359715155009642573e-01
-4.400000000000000355e+00 1.460485475991727677e-01
-4.359999999999999432e+00 1.568193139674835257e-01
-4.320000000000000284e+00 1.682811352788671500e-01
-4.279999999999999361e+00 1.804124667499105439e-01
-4.240000000000000213e+00 1.931677751477414717e-01
-4.199999999999999289e+00 2.064721575493850547e-01
-4.160000000000000142e+00 2.202161640072426707e-01
-4.119999999999999218e+00 2.342515039135935062e-01
-4.080000000000000071e+00 2.483885273357778756e-01
-4.039999999999999147e+00 2.623965178164563983e-01
-4.000000000000000000e+00 2.760078301682181157e-01
-3.960000000000000853e+00 2.889266686610086898e-01
-3.919999999999998153e+00 3.008427689683823569e-01
-3.879999999999999005e+00 3.114494350195018968e-01
-3.839999999999999858e+00 3.204644126199254206e-01
-3.800000000000000711e+00 3.276511900404963651e-01
-3.759999999999998010e+00 3.328377930579604627e-01
-3.719999999999998863e+00 3.359302284850219089e-01
-3.679999999999999716e+00 3.369184977090666222e-01
-3.640000000000000568e+00 3.358743911499434964e-01
-3.600000000000001421e+00 3.329417369734715693e-01
-3.559999999999998721e+00 3.283210077750442490e-01
-3.519999999999999574e+00 3.222508846196049381e-01
-3.480000000000000426e+00 3.149894399727122263e-01
-3.440000000000001279e+00 3.067971360354329047e-01
-3.399999999999998579e+00 2.979230733735874770e-01
-3.359999999999999432e+00 2.885951139740719484e-01
-3.320000000000000284e+00 2.790138265870968914e-01
-3.280000000000001137e+00 2.693497491496150698e-01
-3.239999999999998437e+00 2.597432384924910354e-01
-3.199999999999999289e+00 2.503061354295741947e-01
-3.160000000000000142e+00 2.411245494454032912e-01
-3.120000000000000995e+00 2.322622018799175292e-01
-3.079999999999998295e+00 2.237639155610167130e-01
-3.039999999999999147e+00 2.156589753515186225e-01
-3.000000000000000000e+00 2.079641953877000016e-01
-2.960000000000000853e+00 2.006866118835817780e-01
-2.919999999999998153e+00 1.938257777049280095e-01
-2.879999999999999005e+00 1.873756712975676586e-01
-2.839999999999999858e+00 1.813262532601593313e-01
-2.800000000000000711e+00 1.756647136154154409e-01
-2.759999999999998010e+00 1.703764554592563651e-01
-2.719999999999998863e+00 1.654458589848021299e-01
-2.679999999999999716e+00 1.608568658676498009e-01
-2.640000000000000568e+00 1.565934189691705614e-01
-2.599999999999997868e+00 1.526397870790840439e-01
-2.559999999999998721e+00 1.489807994455422946e-01
-2.519999999999999574e+00 1.456020103689958378e-01
-2.480000000000000426e+00 1.424898102589335358e-01
-2.440000000000001279e+00 1.396314962774303503e-01
-2.399999999999998579e+00 1.370153129802841596e-01
-2.359999999999999432e+00 1.346304711528188425e-01
-2.320000000000000284e+00 1.324671512533057982e-01
-2.280000000000001137e+00 1.305164964538770567e-01
-2.239999999999998437e+00 1.287705991440129538e-01
-2.199999999999999289e+00 1.272224838802358815e-01
-2.160000000000000142e+00 1.258660890807197508e-01
-2.120000000000000995e+00 1.246962492361526204e-01
-2.079999999999998295e+00 1.237086790063275932e-01
-2.039999999999999147e+00 1.228999602696327076e-01
-2.000000000000000000e+00 1.222675329689290880e-01
-1.960000000000000853e+00 1.218096904355173427e-01
-1.919999999999998153e+00 1.215255797596033194e-01
-1.879999999999999005e+00 1.214152077001570545e-01
-1.839999999999999858e+00 1.214794525806291020e-01
-1.800000000000000711e+00 1.217200825924558555e-01
-1.759999999999998010e+00 1.221397809194952888e-01
-1.719999999999998863e+00 1.227421780979075783e-01
-1.679999999999999716e+00 1.235318920320949976e-01
-1.640000000000000568e+00 1.245145760923939138e-01
-1.599999999999997868e+00 1.256969757177071045e-01
-1.559999999999998721e+00 1.270869939282088523e-01
-1.519999999999999574e+00 1.286937661095584051e-01
-1.480000000000000426e+00 1.305277443476000054e-01
-1.440000000000001279e+00 1.326007914540522636e-01
-1.399999999999998579e+00 1.349262846062844745e-01
-1.359999999999999432e+00 1.375192281975695652e-01
-1.320000000000000284e+00 1.403963750179410830e-01
-1.280000000000001137e+00 1.435763542068269893e-01
-1.239999999999998437e+00 1.470798034672858856e-01
-1.199999999999999289e+00 1.509295017170543263e-01
-1.160000000000000142e+00 1.551504965564570182e-01
-1.120000000000000995e+00 1.597702185078376247e-01
-1.079999999999998295e+00 1.648185707375241504e-01
-1.039999999999999147e+00 1.703279786779121341e-01
-1.000000000000000000e+00 1.763333783471309757e-01
-9.600000000000008527e-01 1.828721148991081513e-01
-9.199999999999981526e-01 1.899837136863949949e-01
-8.799999999999990052e-01 1.977094745566345402e-01
-8.399999999999998579e-01 2.060918259991530443e-01
-8.000000000000007105e-01 2.151733591081698704e-01
-7.599999999999980105e-01 2.249954425854120976e-01
-7.199999999999988631e-01 2.355963004243036285e-01
-6.799999999999997158e-01 2.470084160772386683e-01
-6.400000000000005684e-01 2.592551154053949203e-01
-5.999999999999978684e-01 2.723461830315659915e-01
-5.599999999999987210e-01 2.862723941166990249e-01
-5.199999999999995737e-01 3.009989116444859447e-01
-4.800000000000004263e-01 3.164576274642070253e-01
-4.400000000000012790e-01 3.325387342418610892e-01
-3.999999999999985789e-01 3.490821204941608191e-01
-3.599999999999994316e-01 3.658695804167939603e-01
-3.200000000000002842e-01 3.826192882519540706e-01
-2.800000000000011369e-01 3.989844131932980265e-01
-2.399999999999984368e-01 4.145579878811796459e-01
-1.999999999999992895e-01 4.288859778583529181e-01
-1.600000000000001421e-01 4.414897161726231145e-01
-1.200000000000009948e-01 4.518973581941820861e-01
-7.999999999999829470e-02 4.596819101565631782e-01
-3.999999999999914735e-02 4.645011573121974324e-01
0.000000000000000000e+00 4.661332091344007611e-01
3.999999999999914735e-02 4.645011573123707938e-01
8.000000000000184741e-02 4.596819101569007970e-01
1.200000000000009948e-01 4.518973581946684193e-01
1.600000000000001421e-01 4.414897161732348474e-01
1.999999999999992895e-01 4.288859778590632388e-01
2.400000000000019895e-01 4.145579878819583008e-01
2.800000000000011369e-01 3.989844131941186478e-01
3.200000000000002842e-01 3.826192882527875150e-01
3.599999999999994316e-01 3.658695804176149702e-01
4.000000000000021316e-01 3.490821204949459133e-01
4.400000000000012790e-01 3.325387342425945580e-01
4.800000000000004263e-01 3.164576274648721599e-01
5.199999999999995737e-01 3.009989116450705326e-01
5.599999999999987210e-01 2.862723941171934072e-01
6.000000000000014211e-01 2.723461830319620636e-01
6.400000000000005684e-01 2.592551154056900176e-01
6.799999999999997158e-01 2.470084160774281834e-01
7.199999999999988631e-01 2.355963004243854242e-01
7.600000000000015632e-01 2.249954425853841755e-01
8.000000000000007105e-01 2.151733591080336461e-01
8.399999999999998579e-01 2.060918259989079071e-01
8.799999999999990052e-01 1.977094745562812672e-01
9.200000000000017053e-01 1.899837136859339193e-01
9.600000000000008527e-01 1.828721148985418821e-01
1.000000000000000000e+00 1.763333783464602345e-01
1.039999999999999147e+00 1.703279786771384197e-01
1.080000000000001847e+00 1.648185707366484620e-01
1.120000000000000995e+00 1.597702185068625713e-01
1.160000000000000142e+00 1.551504965553835436e-01
1.199999999999999289e+00 1.509295017158839847e-01
1.240000000000001990e+00 1.470798034660197318e-01
1.280000000000001137e+00 1.435763542054672159e-01
1.320000000000000284e+00 1.403963750164886337e-01
1.359999999999999432e+00 1.375192281960257445e-01
1.400000000000002132e+00 1.349262846046502817e-01
1.440000000000001279e+00 1.326007914523293085e-01
1.480000000000000426e+00 1.305277443457892317e-01
1.519999999999999574e+00 1.286937661076608119e-01
1.559999999999998721e+00 1.270869939262254389e-01
1.600000000000001421e+00 1.256969757156386758e-01
1.640000000000000568e+00 1.245145760902416354e-01
1.679999999999999716e+00 1.235318920298595635e-01
1.719999999999998863e+00 1.227421780955897102e-01
1.760000000000001563e+00 1.221397809170957499e-01
1.800000000000000711e+00 1.217200825899754091e-01
1.839999999999999858e+00 1.214794525780683587e-01
1.879999999999999005e+00 1.214152076975166666e-01
1.920000000000001705e+00 1.215255797568838697e-01
1.960000000000000853e+00 1.218096904327193308e-01
2.000000000000000000e+00 1.222675329660529997e-01
2.039999999999999147e+00 1.228999602666791535e-01
2.080000000000001847e+00 1.237086790032970313e-01
2.120000000000000995e+00 1.246962492330453837e-01
2.160000000000000142e+00 1.258660890775362973e-01
2.199999999999999289e+00 1.272224838769765998e-01
2.240000000000001990e+00 1.287705991406784267e-01
2.280000000000001137e+00 1.305164964504672842e-01
2.320000000000000284e+00 1.324671512498213077e-01
2.359999999999999432e+00 1.346304711492599948e-01
2.400000000000002132e+00 1.370153129766513711e-01
2.440000000000001279e+00 1.396314962737235932e-01
2.480000000000000426e+00 1.424898102551532819e-01
2.519999999999999574e+00 1.456020103651423647e-01
2.559999999999998721e+00 1.489807994416159631e-01
2.600000000000001421e+00 1.526397870750854091e-01
2.640000000000000568e+00 1.565934189650992625e-01
2.679999999999999716e+00 1.608568658635065596e-01
2.719999999999998863e+00 1.654458589805871682e-01
2.760000000000001563e+00 1.703764554549704879e-01
2.800000000000000711e+00 1.756647136110581209e-01
2.839999999999999858e+00 1.813262532557315121e-01
2.879999999999999005e+00 1.873756712930697288e-01
2.920000000000001705e+00 1.938257777003610793e-01
2.960000000000000853e+00 2.006866118789453479e-01
3.000000000000000000e+00 2.079641953829953482e-01
3.039999999999999147e+00 2.156589753467465509e-01
3.080000000000001847e+00 2.237639155561789717e-01
3.120000000000000995e+00 2.322622018750137296e-01
3.160000000000000142e+00 2.411245494404355982e-01
3.199999999999999289e+00 2.503061354245440517e-01
3.240000000000001990e+00 2.597432384874013844e-01
3.280000000000001137e+00 2.693497491444661884e-01
3.320000000000000284e+00 2.790138265818921104e-01
3.359999999999999432e+00 2.885951139688140987e-01
3.400000000000002132e+00 2.979230733682805554e-01
3.440000000000001279e+00 3.067971360300787431e-01
3.480000000000000426e+00 3.149894399673152101e-01
3.519999999999999574e+00 3.222508846141688976e-01
3.559999999999998721e+00 3.283210077695731255e-01
3.600000000000001421e+00 3.329417369679691374e-01
3.640000000000000568e+00 3.358743911444129759e-01
3.679999999999999716e+00 3.369184977035110662e-01
3.719999999999998863e+00 3.359302284794432047e-01
3.760000000000001563e+00 3.328377930523594985e-01
3.800000000000000711e+00 3.276511900348741957e-01
3.839999999999999858e+00 3.204644126142811578e-01
3.879999999999999005e+00 3.114494350138336531e-01
3.920000000000001705e+00 3.008427689626869128e-01
3.960000000000000853e+00 2.889266686552849350e-01
4.000000000000000000e+00 2.760078301624618868e-01
4.039999999999999147e+00 2.623965178106640317e-01
4.080000000000001847e+00 2.483885273299454022e-01
4.120000000000000995e+00 2.342515039077182337e-01
4.160000000000000142e+00 2.202161640013222121e-01
4.199999999999999289e+00 2.064721575434161627e-01
4.240000000000001990e+00 1.931677751417211764e-01
4.280000000000001137e+00 1.804124667438376795e-01
4.320000000000000284e+00 1.682811352727407173e-01
4.359999999999999432e+00 1.568193139613017206e-01
4.400000000000002132e+00 1.460485475929343691e-01
4.440000000000001279e+00 1.359715154946690707e-01
4.480000000000000426e+00 1.265766228876410993e-01
4.519999999999999574e+00 1.178419326269128653e-01
4.560000000000002274e+00 1.097384106024086037e-01
4.600000000000001421e+00 1.022325214494721191e-01
4.640000000000000568e+00 9.528824562605928139e-02
4.679999999999999716e+00 8.886860309221998599e-02
4.719999999999998863e+00 8.293677007486760511e-02
4.760000000000001563e+00 7.745686921130245928e-02
4.800000000000000711e+00 7.239450355086059219e-02
4.839999999999999858e+00 6.771709390723537614e-02
4.879999999999999005e+00 6.339406834235715438e-02
4.920000000000001705e+00 5.939694288426045771e-02
4.960000000000000853e+00 5.569932425037335544e-02
5.000000000000000000e+00 5.227685841222065588e-02
5.039999999999999147e+00 4.910714320086317919e-02
5.080000000000001847e+00 4.616961865078664934e-02
5.120000000000000995e+00 4.344544523052661783e-02
5.160000000000000142e+00 4.091737733568551888e-02
5.199999999999999289e+00 3.856963726977734319e-02
5.240000000000001990e+00 3.638779328175938826e-02
5.280000000000001137e+00 3.435864396289790845e-02
5.320000000000000284e+00 3.247011034872212404e-02
5.359999999999999432e+00 3.071113636132389788e-02
5.400000000000002132e+00 2.907159771384333624e-02
5.440000000000001279e+00 2.754221904323557457e-02
5.480000000000000426e+00 2.611449880679142521e-02
5.519999999999999574e+00 2.478064134482033110e-02
5.560000000000002274e+00 2.353349545261362516e-02
5.600000000000001421e+00 2.236649879885925854e-02
5.640000000000000568e+00 2.127362755777823661e-02
5.679999999999999716e+00 2.024935067427747343e-02
5.719999999999998863e+00 1.928858824430361787e-02
5.760000000000001563e+00 1.838667355822356728e-02
5.800000000000000711e+00 1.753931841791242854e-02
5.839999999999999858e+00 1.674258139496356823e-02
5.879999999999999005e+00 1.599283874642854625e-02
5.920000000000001705e+00 1.528675774536704737e-02
5.960000000000000853e+00 1.462127221670103672e-02
6.000000000000000000e+00 1.399356009534424850e-02
6.039999999999999147e+00 1.340102284446373360e-02
6.080000000000001847e+00 1.284126658817289976e-02
6.120000000000000995e+00 1.231208482602691792e-02
6.160000000000000142e+00 1.181144260728945322e-02
6.199999999999999289e+00 1.133746205179517186e-02
6.240000000000001990e+00 1.088840911189289939e-02
6.280000000000001137e+00 1.046268147682254818e-02
6.320000000000000284e+00 1.005879752722115689e-02
6.359999999999999432e+00 9.675386253446712631e-03
6.400000000000002132e+00 9.311178057146395071e-03
6.440000000000001279e+00 8.964996361031197375e-03
6.480000000000000426e+00 8.635749957163461193e-03
6.519999999999999574e+00 8.322426029216279525e-03
6.560000000000002274e+00 8.024083789105632830e-03
6.600000000000001421e+00 7.739848673114887306e-03
6.640000000000000568e+00 7.468907047106353864e-03
6.679999999999999716e+00 7.210501374636057656e-03
6.719999999999998863e+00 6.963925805745358605e-03
6.760000000000001563e+00 6.728522147893361421e-03
6.800000000000000711e+00 6.503676183919461160e-03
6.839999999999999858e+00 6.288814305087570000e-03
6.879999999999999005e+00 6.083400430174999013e-03
6.920000000000001705e+00 5.886933184235512706e-03
6.960000000000000853e+00 5.698943313104189862e-03
7.000000000000000000e+00 5.518991311932333263e-03
7.039999999999999147e+00 5.346665248060183950e-03
7.080000000000001847e+00 5.181578760366338521e-03
7.120000000000000995e+00 5.023369218891987620e-03
7.160000000000000142e+00 4.871696030038560193e-03
7.199999999999999289e+00 4.726239073993762640e-03
7.240000000000001990e+00 4.586697262266277095e-03
7.280000000000001137e+00 4.452787204316521752e-03
7.320000000000000284e+00 4.324241973272297326e-03
7.359999999999999432e+00 4.200809961625671246e-03
7.400000000000002132e+00 4.082253818631193312e-03
7.440000000000001279e+00 3.968349461877886120e-03
7.480000000000000426e+00 3.858885156196955810e-03
7.519999999999999574e+00 3.753660653705080327e-03
7.560000000000002274e+00 3.652486389378199749e-03
7.600000000000001421e+00 3.555182727112474877e-03
7.640000000000000568e+00 3.461579251766768242e-03
7.679999999999999716e+00 3.371514103202844642e-03
7.719999999999998863e+00 3.284833348853469573e-03
7.760000000000001563e+00 3.201390391862495716e-03
7.800000000000000711e+00 3.121045412360320612e-03
7.839999999999999858e+00 3.043664839968139926e-03
7.879999999999999005e+00 2.969120856167588654e-03
7.920000000000001705e+00 2.897290925728593022e-03
7.960000000000000853e+00 2.828057356954493881e-03
8.000000000000000000e+00 2.761306891071818592e-03
8.039999999999999147e+00 2.696930321651120829e-03
8.080000000000001847e+00 2.634822145475503377e-03
8.120000000000000995e+00 2.574880246753331187e-03
8.160000000000000142e+00 2.517005616969625673e-03
8.199999999999999289e+00 2.461102112953861276e-03
8.240000000000001990e+00 2.407076255870402304e-03
8.280000000000001137e+00 2.354837073772689596e-03
8.320000000000000284e+00 2.304295990064628846e-03
8.359999999999999432e+00 2.255366759650868219e-03
8.400000000000002132e+00 2.207965453709662823e-03
8.440000000000001279e+00 2.162010492884907167e-03
8.480000000000000426e+00 2.117422727283044433e-03
8.519999999999999574e+00 2.074125560021526128e-03
8.560000000000002274e+00 2.032045109278727245e-03
8.600000000000001421e+00 1.991110401942717753e-03
8.640000000000000568e+00 1.951253590171938244e-03
8.679999999999999716e+00 1.912410180607265926e-03
8.719999999999998863e+00 1.874519264757623649e-03
8.760000000000001563e+00 1.837523738358707269e-03
8.800000000000000711e+00 1.801370497386399483e-03
8.839999999999999858e+00 1.766010598965470253e-03
8.879999999999999005e+00 1.731399376666421797e-03
8.920000000000001705e+00 1.697496501586717201e-03
8.960000000000000853e+00 1.664265983064103054e-03
9.000000000000000000e+00 1.631676105712771309e-03
9.039999999999999147e+00 1.599699302512662923e-03
9.080000000000001847e+00 1.568311966704074613e-03
9.120000000000000995e+00 1.537494208032236763e-03
9.160000000000000142e+00 1.507229561262630677e-03
9.199999999999999289e+00 1.477504656703238807e-03
9.240000000000001990e+00 1.448308863634933247e-03
9.280000000000001137e+00 1.419633918035760264e-03
9.320000000000000284e+00 1.391473545817150867e-03
9.359999999999999432e+00 1.363823092046238805e-03
9.400000000000002132e+00 1.336679165421709656e-03
9.440000000000001279e+00 1.310039305734405496e-03
9.480000000000000426e+00 1.283901680317874570e-03
9.519999999999999574e+00 1.258264813710377981e-03
9.560000000000002274e+00 1.233127353022866676e-03
9.600000000000001421e+00 1.208487869927970214e-03
9.640000000000000568e+00 1.184344698816124260e-03
9.679999999999999716e+00 1.160695809544780820e-03
9.719999999999998863e+00 1.137538712347182547e-03
9.760000000000001563e+00 1.114870391863577621e-03
9.800000000000000711e+00 1.092687266888359675e-03
9.839999999999999858e+00 1.070985172261396112e-03
9.879999999999999005e+00 1.049759359335409453e-03
9.920000000000001705e+00 1.029004511586385263e-03
9.960000000000000853e+00 1.008714772165702003e-03
1.000000000000000000e+01 9.888837804884883717e-04
1.003999999999999915e+01 9.695047152854952693e-04
1.008000000000000185e+01 9.505703418926604240e-04
1.012000000000000099e+01 9.320730618963476988e-04
1.016000000000000014e+01 9.140049635799150224e-04
1.019999999999999929e+01 8.963578719201198419e-04
1.024000000000000199e+01 8.791233971545461129e-04
1.028000000000000114e+01 8.622929811811907291e-04
1.032000000000000028e+01 8.458579412579736792e-04
1.035999999999999943e+01 8.298095106445465413e-04
1.040000000000000213e+01 8.141388759729962371e-04
1.044000000000000128e+01 7.988372112512570969e-04
1.048000000000000043e+01 7.838957084955258670e-04
1.051999999999999957e+01 7.693056050596365839e-04
1.056000000000000227e+01 7.550582077828320304e-04
1.060000000000000142e+01 7.411449141155618953e-04
1.064000000000000057e+01 7.275572304088068210e-04
1.067999999999999972e+01 7.142867875681111617e-04
1.071999999999999886e+01 7.013253542810246946e-04
1.076000000000000156e+01 6.886648480280413084e-04
1.080000000000000071e+01 6.762973440836289596e-04
1.083999999999999986e+01 6.642150827069715976e-04
1.087999999999999901e+01 6.524104747125817130e-04
1.092000000000000171e+01 6.408761055997540604e-04
1.096000000000000085e+01 6.296047384077782527e-04
1.100000000000000000e+01 6.185893154511097961e-04
1.103999999999999915e+01 6.078229590760243772e-04
1.108000000000000185e+01 5.972989715677910760e-04
1.112000000000000099e+01 5.870108343252796596e-04
1.116000000000000014e+01 5.769522064084254415e-04
1.119999999999999929e+01 5.671169225531713307e-04
1.124000000000000199e+01 5.574989907383256019e-04
1.128000000000000114e+01 5.480925893795460593e-04
1.132000000000000028e+01 5.388920642169225950e-04
1.135999999999999943e+01 5.298919249549852162e-04
1.140000000000000213e+01 5.210868417066388814e-04
1.144000000000000128e+01 5.124716412862697669e-04
1.148000000000000043e+01 5.040413033913586881e-04
1.151999999999999957e+01 4.957909567067935071e-04
1.156000000000000227e+01 4.877158749614167975e-04
1.160000000000000142e+01 4.798114729622450156e-04
1.164000000000000057e+01 4.720733026280332471e-04
1.167999999999999972e+01 4.644970490407392648e-04
1.172000000000000242e+01 4.570785265304573401e-04
1.176000000000000156e+01 4.498136748069523662e-04
1.180000000000000071e+01 4.426985551486367458e-04
1.183999999999999986e+01 4.357293466579403515e-04
1.187999999999999901e+01 4.289023425903181960e-04
1.192000000000000171e+01 4.222139467626529266e-04
1.196000000000000085e+01 4.156606700455320672e-04
1.200000000000000000e+01 4.092391269427705751e-04
1.203999999999999915e+01 4.029460322606125307e-04
1.207999999999999829e+01 3.967781978681862200e-04
1.211999999999999744e+01 3.907325295501298465e-04
1.216000000000000369e+01 3.848060239516463456e-04
1.220000000000000284e+01 3.789957656158415844e-04
1.224000000000000199e+01 3.732989241126060884e-04
1.228000000000000114e+01 3.677127512581512478e-04
1.232000000000000028e+01 3.622345784238460535e-04
1.235999999999999943e+01 3.568618139328212993e-04
1.239999999999999858e+01 3.515919405426368854e-04
1.243999999999999773e+01 3.464225130121157369e-04
1.248000000000000398e+01 3.413511557503242505e-04
1.252000000000000313e+01 3.363755605456110985e-04
1.256000000000000227e+01 3.314934843725333806e-04
1.260000000000000142e+01 3.267027472744561852e-04
1.264000000000000057e+01 3.220012303195951379e-04
1.267999999999999972e+01 3.173868736282467982e-04
1.271999999999999886e+01 3.128576744689669405e-04
1.275999999999999801e+01 3.084116854214541577e-04
1.279999999999999716e+01 3.040470126039669131e-04
1.284000000000000341e+01 2.997618139630583642e-04
1.288000000000000256e+01 2.955542976235243056e-04
1.292000000000000171e+01 2.914227202964548083e-04
1.296000000000000085e+01 2.873653857433430131e-04
1.300000000000000000e+01 2.833806432942843380e-04
1.303999999999999915e+01 2.794668864182768032e-04
1.307999999999999829e+01 2.756225513437862706e-04
1.311999999999999744e+01 2.718461157276957224e-04
1.316000000000000369e+01 2.681360973708990861e-04
1.320000000000000284e+01 2.644910529788222289e-04
1.324000000000000199e+01 2.609095769651611184e-04
1.328000000000000114e+01 2.573903002972967140e-04
1.332000000000000028e+01 2.539318893817871757e-04
1.335999999999999943e+01 2.505330449884646087e-04
1.339999999999999858e+01 2.471925012116774414e-04
1.343999999999999773e+01 2.439090244673023690e-04
1.348000000000000398e+01 2.406814125241831838e-04
1.352000000000000313e+01 2.375084935686980550e-04
1.356000000000000227e+01 2.343891253012209998e-04
1.360000000000000142e+01 2.313221940632905621e-04
1.364000000000000057e+01 2.283066139943173631e-04
1.367999999999999972e+01 2.253413262167506571e-04
1.371999999999999886e+01 2.224252980486157889e-04
1.375999999999999801e+01 2.195575222424406975e-04
1.379999999999999716e+01 2.167370162495367049e-04
1.384000000000000341e+01 2.139628215087484471e-04
1.388000000000000256e+01 2.112340027587214508e-04
1.392000000000000171e+01 2.085496473728486178e-04
1.396000000000000085e+01 2.059088647160482038e-04
1.400000000000000000e+01 2.033107855225662133e-04
1.403999999999999915e+01 2.007545612940403630e-04
1.407999999999999829e+01 1.982393637170848898e-04
1.411999999999999744e+01 1.957643840996845311e-04
1.416000000000000369e+01 1.933288328256981513e-04
1.420000000000000284e+01 1.909319388268613908e-04
1.424000000000000199e+01 1.885729490715935819e-04
1.428000000000000114e+01 1.862511280700507831e-04
1.432000000000000028e+01 1.839657573948407648e-04
1.435999999999999943e+01 1.817161352168201148e-04
1.439999999999999858e+01 1.795015758554322285e-04
1.443999999999999773e+01 1.773214093431160765e-04
1.448000000000000398e+01 1.751749810032280329e-04
1.452000000000000313e+01 1.730616510410487238e-04
1.456000000000000227e+01 1.709807941473917743e-04
1.460000000000000142e+01 1.689317991143720991e-04
1.464000000000000057e+01 1.669140684629451601e-04
1.467999999999999972e+01 1.649270180817449111e-04
1.471999999999999886e+01 1.629700768769116494e-04
1.475999999999999801e+01 1.610426864324474711e-04
1.480000000000000426e+01 1.591443006808157014e-04
1.484000000000000341e+01 1.572743855833753403e-04
1.488000000000000256e+01 1.554324188203486806e-04
1.492000000000000171e+01 1.536178894899998745e-04
1.496000000000000085e+01 1.518302978166844418e-04
1.500000000000000000e+01 1.500691548675203539e-04
1.503999999999999915e+01 1.483339822773346167e-04
1.507999999999999829e+01 1.466243119816702453e-04
1.511999999999999744e+01 1.449396859575305396e-04
1.516000000000000369e+01 1.432796559716516260e-04
1.520000000000000284e+01 1.416437833360244085e-04
1.524000000000000199e+01 1.400316386704404149e-04
1.528000000000000114e+01 1.384428016718342903e-04
1.532000000000000028e+01 1.368768608902004580e-04
1.535999999999999943e+01 1.353334135108753486e-04
1.539999999999999858e+01 1.338120651429644536e-04
1.543999999999999773e+01 1.323124296137463685e-04
1.548000000000000398e+01 1.308341287688352499e-04
1.552000000000000313e+01 1.293767922779412265e-04
1.556000000000000227e+01 1.279400574460331716e-04
1.560000000000000142e+01 1.265235690297503157e-04
1.564000000000000057e+01 1.251269790588983334e-04
1.567999999999999972e+01 1.237499466628512283e-04
1.571999999999999886e+01 1.223921379017410549e-04
1.575999999999999801e+01 1.210532256022646067e-04
1.580000000000000426e+01 1.197328891979669921e-04
1.584000000000000341e+01 1.184308145738824022e-04
1.588000000000000256e+01 1.171466939153789806e-04
1.592000000000000171e+01 1.158802255611071814e-04
1.596000000000000085e+01 1.146311138598924556e-04
1.600000000000000000e+01 1.133990690315002728e-04
1.603999999999999915e+01 1.121838070311108500e-04
1.607999999999999829e+01 1.109850494174281256e-04
1.611999999999999744e+01 1.098025232242911403e-04
1.616000000000000369e+01 1.086359608357058588e-04
1.620000000000000284e+01 1.074850998641686296e-04
1.624000000000000199e+01 1.063496830322053881e-04
1.628000000000000114e+01 1.052294580570021371e-04
1.632000000000000028e+01 1.041241775380664231e-04
1.635999999999999943e+01 1.030335988478001119e-04
1.639999999999999858e+01 1.019574840248932586e-04
1.643999999999999773e+01 1.008955996704696823e-04
1.648000000000000398e+01 9.984771684687430808e-05
1.652000000000000313e+01 9.881361097903700735e-05
1.656000000000000227e+01 9.779306175830906889e-05
1.660000000000000142e+01 9.678585304872047712e-05
1.664000000000000057e+01 9.579177279555326288e-05
1.667999999999999972e+01 9.481061293617541567e-05
1.671999999999999886e+01 9.384216931305664443e-05
1.675999999999999801e+01 9.288624158889204410e-05
1.680000000000000426e+01 9.194263316379420320e-05
1.684000000000000341e+01 9.101115109446159500e-05
1.688000000000000256e+01 9.009160601527901706e-05
1.692000000000000171e+01 8.918381206131495084e-05
1.696000000000000085e+01 8.828758679314081467e-05
1.700000000000000000e+01 8.740275112342722405e-05
1.703999999999999915e+01 8.652912924530468258e-05
1.707999999999999829e+01 8.566654856240435260e-05
1.711999999999999744e+01 8.481483962057413499e-05
1.716000000000000369e+01 8.397383604122777429e-05
1.720000000000000284e+01 8.314337445626367173e-05
1.724000000000000199e+01 8.232329444457660815e-05
1.728000000000000114e+01 8.151343847006393105e-05
1.732000000000000028e+01 8.071365182114333646e-05
1.735999999999999943e+01 7.992378255172738477e-05
1.739999999999999858e+01 7.914368142361398462e-05
1.743999999999999773e+01 7.837320185029327847e-05
1.748000000000000398e+01 7.761219984208939798e-05
1.752000000000000313e+01 7.686053395265031625e-05
1.756000000000000227e+01 7.611806522671142085e-05
1.760000000000000142e+01 7.538465714913822856e-05
1.764000000000000057e+01 7.466017559516714350e-05
1.767999999999999972e+01 7.394448878186659323e-05
1.771999999999999886e+01 7.323746722072421722e-05
1.775999999999999801e+01 7.253898367138547805e-05
1.780000000000000426e+01 7.184891309646042855e-05
1.784000000000000341e+01 7.116713261740167072e-05
1.788000000000000256e+01 7.049352147140948779e-05
1.792000000000000171e+01 6.982796096933509278e-05
1.796000000000000085e+01 6.917033445454382964e-05
1.800000000000000000e+01 6.852052726273702606e-05
1.803999999999999915e+01 6.787842668267655283e-05
1.807999999999999829e+01 6.724392191779495973e-05
1.811999999999999744e+01 6.661690404868706762e-05
1.816000000000000369e+01 6.599726599641688070e-05
1.820000000000000284e+01 6.538490248666518900e-05
1.824000000000000199e+01 6.477971001466039866e-05
1.828000000000000114e+01 6.418158681088131402e-05
1.832000000000000028e+01 6.359043280753100442e-05
1.835999999999999943e+01 6.300614960571561916e-05
1.839999999999999858e+01 6.242864044338344506e-05
1.843999999999999773e+01 6.185781016390884748e-05
1.848000000000000398e+01 6.129356518540848148e-05
1.852000000000000313e+01 6.073581347068460548e-05
1.856000000000000227e+01 6.018446449783756459e-05
1.860000000000000142e+01 5.963942923149952169e-05
1.864000000000000057e+01 5.910062009468531642e-05
1.867999999999999972e+01 5.856795094126305418e-05
1.871999999999999886e+01 5.804133702898154126e-05
1.875999999999999801e+01 5.752069499310205440e-05
1.880000000000000426e+01 5.700594282057199445e-05
1.884000000000000341e+01 5.649699982475083274e-05
1.888000000000000256e+01 5.599378662067338794e-05
1.892000000000000171e+01 5.549622510083460428e-05
1.896000000000000085e+01 5.500423841147674894e-05
1.900000000000000000e+01 5.451775092938531721e-05
1.903999999999999915e+01 5.403668823916437172e-05
1.907999999999999829e+01 5.356097711098893079e-05
1.911999999999999744e+01 5.309054547882031093e-05
1.916000000000000369e+01 5.262532241907791862e-05
1.920000000000000284e+01 5.216523812975187857e-05
1.924000000000000199e+01 5.171022390994609030e-05
1.928000000000000114e+01 5.126021213984867722e-05
1.932000000000000028e+01 5.081513626111638406e-05
1.935999999999999943e+01 5.037493075765037132e-05
1.939999999999999858e+01 4.993953113678704231e-05
1.943999999999999773e+01 4.950887391085598103e-05
1.948000000000000398e+01 4.908289657912213132e-05
1.952000000000000313e+01 4.866153761009855624e-05
1.956000000000000227e+01 4.824473642421438224e-05
1.960000000000000142e+01 4.783243337683142256e-05
1.964000000000000057e+01 4.742456974161706959e-05
1.967999999999999972e+01 4.702108769423724369e-05
1.971999999999999886e+01 4.662193029638978144e-05
1.975999999999999801e+01 4.622704148014942366e-05
1.980000000000000426e+01 4.583636603263589564e-05
1.984000000000000341e+01 4.544984958098144401e-05
1.988000000000000256e+01 4.506743857759717975e-05
1.992000000000000171e+01 4.468908028574473251e-05
1.996000000000000085e+01 4.431472276537505237e-05
2.000000000000000000e+01 4.394431485926601766e-05
