-2.000000000000000000e+01 3.713742522506047888e-05
-1.996000000000000085e+01 3.744909916398382783e-05
-1.992000000000000171e+01 3.776407863202257791e-05
-1.987999999999999901e+01 3.808240616358544994e-05
-1.983999999999999986e+01 3.840412493873309949e-05
-1.980000000000000071e+01 3.872927879450239162e-05
-1.976000000000000156e+01 3.905791223645879197e-05
-1.971999999999999886e+01 3.939007045047795801e-05
-1.967999999999999972e+01 3.972579931476672224e-05
-1.964000000000000057e+01 4.006514541212173250e-05
-1.960000000000000142e+01 4.040815604244136182e-05
-1.955999999999999872e+01 4.075487923548286491e-05
-1.951999999999999957e+01 4.110536376388191152e-05
-1.948000000000000043e+01 4.145965915643926719e-05
-1.944000000000000128e+01 4.181781571166724894e-05
-1.939999999999999858e+01 4.217988451162826488e-05
-1.935999999999999943e+01 4.254591743603876666e-05
-1.932000000000000028e+01 4.291596717667938050e-05
-1.928000000000000114e+01 4.329008725208628033e-05
-1.923999999999999844e+01 4.366833202255632901e-05
-1.919999999999999929e+01 4.405075670545471195e-05
-1.916000000000000014e+01 4.443741739084479565e-05
-1.912000000000000099e+01 4.482837105743457326e-05
-1.907999999999999829e+01 4.522367558886810322e-05
-1.903999999999999915e+01 4.562338979034242549e-05
-1.900000000000000000e+01 4.602757340558269808e-05
-1.896000000000000085e+01 4.643628713416427835e-05
-1.892000000000000171e+01 4.684959264920538456e-05
-1.887999999999999901e+01 4.726755261543489142e-05
-1.883999999999999986e+01 4.769023070762983853e-05
-1.880000000000000071e+01 4.811769162945799677e-05
-1.876000000000000156e+01 4.855000113270706123e-05
-1.871999999999999886e+01 4.898722603693668291e-05
-1.867999999999999972e+01 4.942943424953642577e-05
-1.864000000000000057e+01 4.987669478622412667e-05
-1.860000000000000142e+01 5.032907779197555095e-05
-1.855999999999999872e+01 5.078665456241244873e-05
-1.851999999999999957e+01 5.124949756564359075e-05
-1.848000000000000043e+01 5.171768046458046809e-05
-1.844000000000000128e+01 5.219127813974413534e-05
-1.839999999999999858e+01 5.267036671255430694e-05
-1.835999999999999943e+01 5.315502356913973797e-05
-1.832000000000000028e+01 5.364532738465774622e-05
-1.828000000000000114e+01 5.414135814815388380e-05
-1.823999999999999844e+01 5.464319718796240878e-05
-1.819999999999999929e+01 5.515092719767184307e-05
-1.816000000000000014e+01 5.566463226265886896e-05
-1.812000000000000099e+01 5.618439788721181494e-05
-1.807999999999999829e+01 5.671031102225804199e-05
-1.803999999999999915e+01 5.724246009370303687e-05
-1.800000000000000000e+01 5.778093503141113613e-05
-1.796000000000000085e+01 5.832582729882701371e-05
-1.792000000000000171e+01 5.887722992326655490e-05
-1.787999999999999901e+01 5.943523752688340510e-05
-1.783999999999999986e+01 5.999994635834567103e-05
-1.780000000000000071e+01 6.057145432522082276e-05
-1.775999999999999801e+01 6.114986102709481751e-05
-1.771999999999999886e+01 6.173526778945428485e-05
-1.767999999999999972e+01 6.232777769832938825e-05
-1.764000000000000057e+01 6.292749563574420030e-05
-1.760000000000000142e+01 6.353452831596613504e-05
-1.755999999999999872e+01 6.414898432260431049e-05
-1.751999999999999957e+01 6.477097414655337212e-05
-1.748000000000000043e+01 6.540061022482527783e-05
-1.744000000000000128e+01 6.603800698027164663e-05
-1.739999999999999858e+01 6.668328086225088110e-05
-1.735999999999999943e+01 6.733655038822293319e-05
-1.732000000000000028e+01 6.799793618633828349e-05
-1.728000000000000114e+01 6.866756103902135061e-05
-1.723999999999999844e+01 6.934554992757847175e-05
-1.719999999999999929e+01 7.003203007786840129e-05
-1.716000000000000014e+01 7.072713100706026421e-05
-1.712000000000000099e+01 7.143098457149544417e-05
-1.707999999999999829e+01 7.214372501570197847e-05
-1.703999999999999915e+01 7.286548902258466187e-05
-1.700000000000000000e+01 7.359641576482295160e-05
-1.696000000000000085e+01 7.433664695751050072e-05
-1.692000000000000171e+01 7.508632691206884591e-05
-1.687999999999999901e+01 7.584560259148273760e-05
-1.683999999999999986e+01 7.661462366687445992e-05
-1.680000000000000071e+01 7.739354257547547029e-05
-1.675999999999999801e+01 7.818251458001617554e-05
-1.671999999999999886e+01 7.898169782959672813e-05
-1.667999999999999972e+01 7.979125342205011830e-05
-1.664000000000000057e+01 8.061134546788755080e-05
-1.660000000000000142e+01 8.144214115580984334e-05
-1.655999999999999872e+01 8.228381081989825409e-05
-1.651999999999999957e+01 8.313652800847541428e-05
-1.648000000000000043e+01 8.400046955472830618e-05
-1.644000000000000128e+01 8.487581564911583776e-05
-1.639999999999999858e+01 8.576274991364146207e-05
-1.635999999999999943e+01 8.666145947801100723e-05
-1.632000000000000028e+01 8.757213505777459647e-05
-1.628000000000000114e+01 8.849497103447455902e-05
-1.623999999999999844e+01 8.943016553787999645e-05
-1.619999999999999929e+01 9.037792053036698518e-05
-1.616000000000000014e+01 9.133844189349797464e-05
-1.612000000000000099e+01 9.231193951688494888e-05
-1.607999999999999829e+01 9.329862738938514075e-05
-1.603999999999999915e+01 9.429872369269825388e-05
-1.600000000000000000e+01 9.531245089746580648e-05
-1.596000000000000085e+01 9.634003586189102825e-05
-1.591999999999999993e+01 9.738170993299857282e-05
-1.587999999999999901e+01 9.843770905059389363e-05
-1.583999999999999986e+01 9.950827385398321526e-05
-1.580000000000000071e+01 1.005936497915547144e-04
-1.575999999999999979e+01 1.016940872332792404e-04
-1.571999999999999886e+01 1.028098415862212147e-04
-1.567999999999999972e+01 1.039411734131382055e-04
-1.564000000000000057e+01 1.050883485542496252e-04
-1.559999999999999964e+01 1.062516382522495778e-04
-1.555999999999999872e+01 1.074313192806792151e-04
-1.551999999999999957e+01 1.086276740757011021e-04
-1.548000000000000043e+01 1.098409908714035287e-04
-1.543999999999999950e+01 1.110715638387184661e-04
-1.539999999999999858e+01 1.123196932280340517e-04
-1.535999999999999943e+01 1.135856855156210793e-04
-1.532000000000000028e+01 1.148698535539810495e-04
-1.528000000000000114e+01 1.161725167262042495e-04
-1.524000000000000021e+01 1.174940011044816289e-04
-1.519999999999999929e+01 1.188346396128932021e-04
-1.516000000000000014e+01 1.201947721945725075e-04
-1.512000000000000099e+01 1.215747459834375099e-04
-1.508000000000000007e+01 1.229749154806054727e-04
-1.503999999999999915e+01 1.243956427356520452e-04
-1.500000000000000000e+01 1.258372975328958445e-04
-1.496000000000000085e+01 1.273002575828828704e-04
-1.491999999999999993e+01 1.287849087192468288e-04
-1.487999999999999901e+01 1.302916451011630703e-04
-1.483999999999999986e+01 1.318208694215789421e-04
-1.480000000000000071e+01 1.333729931214670990e-04
-1.475999999999999979e+01 1.349484366102915098e-04
-1.471999999999999886e+01 1.365476294929494037e-04
-1.467999999999999972e+01 1.381710108034023103e-04
-1.464000000000000057e+01 1.398190292452787357e-04
-1.459999999999999964e+01 1.414921434396551256e-04
-1.455999999999999872e+01 1.431908221803338682e-04
-1.451999999999999957e+01 1.449155446968265065e-04
-1.448000000000000043e+01 1.466668009253656833e-04
-1.443999999999999950e+01 1.484450917881956211e-04
-1.439999999999999858e+01 1.502509294814425439e-04
-1.435999999999999943e+01 1.520848377718499699e-04
-1.432000000000000028e+01 1.539473523026963289e-04
-1.428000000000000114e+01 1.558390209091854717e-04
-1.424000000000000021e+01 1.577604039436383658e-04
-1.419999999999999929e+01 1.597120746108294555e-04
-1.416000000000000014e+01 1.616946193137816686e-04
-1.412000000000000099e+01 1.637086380103904351e-04
-1.408000000000000007e+01 1.657547445812414429e-04
-1.403999999999999915e+01 1.678335672089963961e-04
-1.400000000000000000e+01 1.699457487697349223e-04
-1.396000000000000085e+01 1.720919472366811039e-04
-1.391999999999999993e+01 1.742728360967253295e-04
-1.387999999999999901e+01 1.764891047801937958e-04
-1.383999999999999986e+01 1.787414591043240582e-04
-1.380000000000000071e+01 1.810306217309358250e-04
-1.375999999999999979e+01 1.833573326388057007e-04
-1.371999999999999886e+01 1.857223496112584901e-04
-1.367999999999999972e+01 1.881264487395258381e-04
-1.364000000000000057e+01 1.905704249424654793e-04
-1.359999999999999964e+01 1.930550925031992472e-04
-1.355999999999999872e+01 1.955812856233403105e-04
-1.351999999999999957e+01 1.981498589953933735e-04
-1.348000000000000043e+01 2.007616883940733371e-04
-1.343999999999999950e+01 2.034176712871890377e-04
-1.339999999999999858e+01 2.061187274668635841e-04
-1.335999999999999943e+01 2.088657997018190070e-04
-1.332000000000000028e+01 2.116598544115609257e-04
-1.328000000000000114e+01 2.145018823632577343e-04
-1.324000000000000021e+01 2.173928993921912106e-04
-1.319999999999999929e+01 2.203339471466775681e-04
-1.316000000000000014e+01 2.233260938584043752e-04
-1.312000000000000099e+01 2.263704351391331027e-04
-1.308000000000000007e+01 2.294680948048224457e-04
-1.303999999999999915e+01 2.326202257281885337e-04
-1.300000000000000000e+01 2.358280107208582214e-04
-1.296000000000000085e+01 2.390926634462326242e-04
-1.291999999999999993e+01 2.424154293642678294e-04
-1.287999999999999901e+01 2.457975867094634205e-04
-1.283999999999999986e+01 2.492404475033290628e-04
-1.280000000000000071e+01 2.527453586027269064e-04
-1.275999999999999979e+01 2.563137027855283238e-04
-1.271999999999999886e+01 2.599468998750764127e-04
-1.267999999999999972e+01 2.636464079050250542e-04
-1.264000000000000057e+01 2.674137243262337399e-04
-1.259999999999999964e+01 2.712503872573999823e-04
-1.255999999999999872e+01 2.751579767813010745e-04
-1.251999999999999957e+01 2.791381162885056902e-04
-1.248000000000000043e+01 2.831924738705992629e-04
-1.243999999999999950e+01 2.873227637650156534e-04
-1.239999999999999858e+01 2.915307478537181030e-04
-1.235999999999999943e+01 2.958182372180388243e-04
-1.232000000000000028e+01 3.001870937522138280e-04
-1.228000000000000114e+01 3.046392318381513191e-04
-1.224000000000000021e+01 3.091766200842339420e-04
-1.219999999999999929e+01 3.138012831310505596e-04
-1.216000000000000014e+01 3.185153035270894308e-04
-1.212000000000000099e+01 3.233208236776675092e-04
-1.208000000000000007e+01 3.282200478704655651e-04
-1.203999999999999915e+01 3.332152443812491649e-04
-1.200000000000000000e+01 3.383087476635546036e-04
-1.195999999999999908e+01 3.435029606262676380e-04
-1.191999999999999993e+01 3.488003570032457805e-04
-1.187999999999999901e+01 3.542034838192979762e-04
-1.183999999999999986e+01 3.597149639570497263e-04
-1.180000000000000071e+01 3.653374988293761096e-04
-1.175999999999999979e+01 3.710738711623379898e-04
-1.172000000000000064e+01 3.769269478936247871e-04
-1.167999999999999972e+01 3.828996831918536972e-04
-1.164000000000000057e+01 3.889951216020938983e-04
-1.159999999999999964e+01 3.952164013232965269e-04
-1.156000000000000050e+01 4.015667576234317748e-04
-1.151999999999999957e+01 4.080495263983382852e-04
-1.148000000000000043e+01 4.146681478805498006e-04
-1.143999999999999950e+01 4.214261705044954238e-04
-1.140000000000000036e+01 4.283272549347825336e-04
-1.135999999999999943e+01 4.353751782645294381e-04
-1.132000000000000028e+01 4.425738383909273536e-04
-1.127999999999999936e+01 4.499272585756419404e-04
-1.124000000000000021e+01 4.574395921979122585e-04
-1.119999999999999929e+01 4.651151277086486638e-04
-1.116000000000000014e+01 4.729582937942141026e-04
-1.111999999999999922e+01 4.809736647590043442e-04
-1.108000000000000007e+01 4.891659661364678759e-04
-1.103999999999999915e+01 4.975400805386242555e-04
-1.100000000000000000e+01 5.061010537546978619e-04
-1.095999999999999908e+01 5.148541011100321585e-04
-1.091999999999999993e+01 5.238046140969023455e-04
-1.087999999999999901e+01 5.329581672894861261e-04
-1.083999999999999986e+01 5.423205255556855578e-04
-1.079999999999999893e+01 5.518976515790879715e-04
-1.075999999999999979e+01 5.616957137047741758e-04
-1.072000000000000064e+01 5.717210941232611296e-04
-1.067999999999999972e+01 5.819803974071815524e-04
-1.064000000000000057e+01 5.924804594158064423e-04
-1.059999999999999964e+01 6.032283565828278592e-04
-1.056000000000000050e+01 6.142314156030886409e-04
-1.051999999999999957e+01 6.254972235342380268e-04
-1.048000000000000043e+01 6.370336383293736908e-04
-1.043999999999999950e+01 6.488487998168477808e-04
-1.040000000000000036e+01 6.609511411433217562e-04
-1.035999999999999943e+01 6.733494006959843750e-04
-1.032000000000000028e+01 6.860526345195535822e-04
-1.027999999999999936e+01 6.990702292431283729e-04
-1.024000000000000021e+01 7.124119155312641158e-04
-1.019999999999999929e+01 7.260877820727557747e-04
-1.016000000000000014e+01 7.401082901192460733e-04
-1.011999999999999922e+01 7.544842885843722549e-04
-1.008000000000000007e+01 7.692270297121068384e-04
-1.003999999999999915e+01 7.843481853206405938e-04
-1.000000000000000000e+01 7.998598636252077926e-04
-9.959999999999999076e+00 8.157746266398788887e-04
-9.919999999999999929e+00 8.321055081540454021e-04
-9.879999999999999005e+00 8.488660322745946590e-04
-9.839999999999999858e+00 8.660702325188505621e-04
-9.799999999999998934e+00 8.837326714366431843e-04
-9.759999999999999787e+00 9.018684607319292848e-04
-9.720000000000000639e+00 9.204932818452889534e-04
-9.679999999999999716e+00 9.396234069479038678e-04
-9.640000000000000568e+00 9.592757202855541759e-04
-9.599999999999999645e+00 9.794677397970781227e-04
-9.560000000000000497e+00 1.000217638915884902e-03
-9.519999999999999574e+00 1.021544268444882740e-03
-9.480000000000000426e+00 1.043467178374728362e-03
-9.439999999999999503e+00 1.066006639492083838e-03
-9.400000000000000355e+00 1.089183664598722054e-03
-9.359999999999999432e+00 1.113020029133236777e-03
-9.320000000000000284e+00 1.137538290955038278e-03
-9.279999999999999361e+00 1.162761809014788324e-03
-9.240000000000000213e+00 1.188714760596515027e-03
-9.199999999999999289e+00 1.215422156774429233e-03
-9.160000000000000142e+00 1.242909855681686472e-03
-9.119999999999999218e+00 1.271204573139813991e-03
-9.080000000000000071e+00 1.300333890146071307e-03
-9.039999999999999147e+00 1.330326256662834813e-03
-9.000000000000000000e+00 1.361210991098683008e-03
-8.959999999999999076e+00 1.393018274817080758e-03
-8.919999999999999929e+00 1.425779140956590432e-03
-8.879999999999999005e+00 1.459525456799333314e-03
-8.839999999999999858e+00 1.494289898884452322e-03
-8.799999999999998934e+00 1.530105920034737117e-03
-8.759999999999999787e+00 1.567007707451705326e-03
-8.720000000000000639e+00 1.605030131043056960e-03
-8.679999999999999716e+00 1.644208681183131036e-03
-8.640000000000000568e+00 1.684579395179762462e-03
-8.599999999999999645e+00 1.726178771838602667e-03
-8.560000000000000497e+00 1.769043673688928085e-03
-8.519999999999999574e+00 1.813211216674385368e-03
-8.480000000000000426e+00 1.858718647429878461e-03
-8.439999999999999503e+00 1.905603208674741186e-03
-8.400000000000000355e+00 1.953901993763945341e-03
-8.359999999999999432e+00 2.003651792065362473e-03
-8.320000000000000284e+00 2.054888927580049603e-03
-8.279999999999999361e+00 2.107649094100007801e-03
-8.240000000000000213e+00 2.161967191203209397e-03
-8.199999999999999289e+00 2.217877166511397595e-03
-8.160000000000000142e+00 2.275411870864365617e-03
-8.119999999999999218e+00 2.334602934365440779e-03
-8.080000000000000071e+00 2.395480672582284316e-03
-8.039999999999999147e+00 2.458074033484196515e-03
-8.000000000000000000e+00 2.522410596883481113e-03
-7.959999999999999076e+00 2.588516639128846109e-03
-7.919999999999999929e+00 2.656417276462263999e-03
-7.879999999999999005e+00 2.726136700675224969e-03
-7.839999999999999858e+00 2.797698520360083520e-03
-7.799999999999998934e+00 2.871126220026580175e-03
-7.759999999999999787e+00 2.946443747540658693e-03
-7.719999999999998863e+00 3.023676237673949413e-03
-7.679999999999999716e+00 3.102850876008020342e-03
-7.640000000000000568e+00 3.183997903063459992e-03
-7.599999999999999645e+00 3.267151753442819676e-03
-7.560000000000000497e+00 3.352352319196137687e-03
-7.519999999999999574e+00 3.439646320830290482e-03
-7.480000000000000426e+00 3.529088763753450778e-03
-7.439999999999999503e+00 3.620744452891726251e-03
-7.400000000000000355e+00 3.714689534171911750e-03
-7.359999999999999432e+00 3.811013028948513973e-03
-7.320000000000000284e+00 3.909818326612257006e-03
-7.279999999999999361e+00 4.011224601790121941e-03
-7.240000000000000213e+00 4.115368125823568035e-03
-7.199999999999999289e+00 4.222403447514549296e-03
-7.160000000000000142e+00 4.332504425204934673e-03
-7.119999999999999218e+00 4.445865100694884955e-03
-7.080000000000000071e+00 4.562700414777427077e-03
-7.039999999999999147e+00 4.683246773668582608e-03
-7.000000000000000000e+00 4.807762484732037642e-03
-6.959999999999999076e+00 4.936528088074151194e-03
-6.919999999999999929e+00 5.069846617360179719e-03
-6.879999999999999005e+00 5.208043828263656319e-03
-6.839999999999999858e+00 5.351468436155085856e-03
-6.799999999999998934e+00 5.500492405980415139e-03
-6.759999999999999787e+00 5.655511336934437167e-03
-6.719999999999998863e+00 5.816944982781230636e-03
-6.679999999999999716e+00 5.985237945870171272e-03
-6.640000000000000568e+00 6.160860579440562146e-03
-6.599999999999999645e+00 6.344310129095930700e-03
-6.560000000000000497e+00 6.536112140726912934e-03
-6.519999999999999574e+00 6.736822158981664588e-03
-6.480000000000000426e+00 6.947027737870070316e-03
-6.439999999999999503e+00 7.167350783421427840e-03
-6.400000000000000355e+00 7.398450247604038826e-03
-6.359999999999999432e+00 7.641025193017063344e-03
-6.320000000000000284e+00 7.895818249188739715e-03
-6.279999999999999361e+00 8.163619483645290914e-03
-6.240000000000000213e+00 8.445270714212247884e-03
-6.199999999999999289e+00 8.741670293237954747e-03
-6.160000000000000142e+00 9.053778399547959127e-03
-6.119999999999999218e+00 9.382622879930416909e-03
-6.080000000000000071e+00 9.729305688808212449e-03
-6.039999999999999147e+00 1.009500998249567884e-02
-6.000000000000000000e+00 1.048100793310582576e-02
-5.959999999999999076e+00 1.088866933684139171e-02
-5.919999999999999929e+00 1.131947110216204207e-02
-5.879999999999999005e+00 1.177500771529834886e-02
-5.839999999999999858e+00 1.225700279392606326e-02
-5.799999999999998934e+00 1.276732185470394812e-02
-5.759999999999999787e+00 1.330798643701130990e-02
-5.719999999999998863e+00 1.388118974383235893e-02
-5.679999999999999716e+00 1.448931398156856273e-02
-5.640000000000000568e+00 1.513494960389737479e-02
-5.599999999999999645e+00 1.582091669092226816e-02
-5.560000000000000497e+00 1.655028872408206148e-02
-5.519999999999999574e+00 1.732641904991108137e-02
-5.480000000000000426e+00 1.815297036205711784e-02
-5.439999999999999503e+00 1.903394757123271636e-02
-5.400000000000000355e+00 1.997373447718185646e-02
-5.359999999999999432e+00 2.097713470537053773e-02
-5.320000000000000284e+00 2.204941742384051648e-02
-5.279999999999999361e+00 2.319636841212580070e-02
-5.240000000000000213e+00 2.442434711351405829e-02
-5.199999999999999289e+00 2.574035036285670514e-02
-5.160000000000000142e+00 2.715208354232818283e-02
-5.119999999999999218e+00 2.866803997355569372e-02
-5.080000000000000071e+00 3.029758940120528057e-02
-5.039999999999999147e+00 3.205107645289936164e-02
-5.000000000000000000e+00 3.393992996243375831e-02
-4.959999999999999076e+00 3.597678400237843549e-02
-4.919999999999999929e+00 3.817561136684009815e-02
-4.879999999999999005e+00 4.055187004572720355e-02
-4.839999999999999858e+00 4.312266289736102487e-02
-4.799999999999998934e+00 4.590691020092234342e-02
-4.759999999999999787e+00 4.892553397846420571e-02
-4.719999999999998863e+00 5.220165181682018957e-02
-4.679999999999999716e+00 5.576077625833165963e-02
-4.640000000000000568e+00 5.963101348993706668e-02
-4.599999999999999645e+00 6.384325181578498487e-02
-4.560000000000000497e+00 6.843132596228373998e-02
-4.519999999999999574e+00 7.343213728360334369e-02
-4.480000000000000426e+00 7.888570199298594599e-02
-4.439999999999999503e+00 8.483508917648910352e-02
-4.400000000000000355e+00 9.132619708529685076e-02
-4.359999999999999432e+00 9.840729967916879428e-02
-4.320000000000000284e+00 1.061282755057398469e-01
-4.279999999999999361e+00 1.145394082158451982e-01
-4.240000000000000213e+00 1.236896238424565891e-01
-4.199999999999999289e+00 1.336240076565564650e-01
-4.160000000000000142e+00 1.443804288819910686e-01
-4.119999999999999218e+00 1.559851045235883804e-01
-4.080000000000000071e+00 1.684469685888800305e-01
-4.039999999999999147e+00 1.817507997904587724e-01
-4.000000000000000000e+00 1.958492228455652184e-01
-3.960000000000000853e+00 2.106539579291145103e-01
-3.919999999999998153e+00 2.260270601503364951e-01
-3.879999999999999005e+00 2.417733477128646558e-01
-3.839999999999999858e+00 2.576356945193186698e-01
-3.800000000000000711e+00 2.732952220156826262e-01
-3.759999999999998010e+00 2.883784601789488033e-01
-3.719999999999998863e+00 3.024730293871281117e-01
-3.679999999999999716e+00 3.151521706588621408e-01
-3.640000000000000568e+00 3.260065829826785944e-01
-3.600000000000001421e+00 3.346798962625153195e-01
-3.559999999999998721e+00 3.409023951584281842e-01
-3.519999999999999574e+00 3.445170599992644633e-01
-3.480000000000000426e+00 3.454930541109443309e-01
-3.440000000000001279e+00 3.439243053294367414e-01
-3.399999999999998579e+00 3.400140251406176262e-01
-3.359999999999999432e+00 3.340488185255999776e-01
-3.320000000000000284e+00 3.263676107415409144e-01
-3.280000000000001137e+00 3.173306695479303774e-01
-3.239999999999998437e+00 3.072928351517130174e-01
-3.199999999999999289e+00 2.965833152805631423e-01
-3.160000000000000142e+00 2.854926847987017680e-01
-3.120000000000000995e+00 2.742664496998027390e-01
-3.079999999999998295e+00 2.631038233175456709e-01
-3.039999999999999147e+00 2.521601472998321047e-01
-3.000000000000000000e+00 2.415515094821997777e-01
-2.960000000000000853e+00 2.313603992726958047e-01
-2.919999999999998153e+00 2.216415732141359674e-01
-2.879999999999999005e+00 2.124276045311669636e-01
-2.839999999999999858e+00 2.037338281580282628e-01
-2.800000000000000711e+00 1.955625616974014935e-01
-2.759999999999998010e+00 1.879065918092758247e-01
-2.719999999999998863e+00 1.807519785399387957e-01
-2.679999999999999716e+00 1.740802608669694829e-01
-2.640000000000000568e+00 1.678701567028886843e-01
-2.599999999999997868e+00 1.620988482923259311e-01
-2.559999999999998721e+00 1.567429352143150101e-01
-2.519999999999999574e+00 1.517791258155817835e-01
-2.480000000000000426e+00 1.471847260853948458e-01
-2.440000000000001279e+00 1.429379739458224996e-01
-2.399999999999998579e+00 1.390182572309288378e-01
-2.359999999999999432e+00 1.354062454344741873e-01
-2.320000000000000284e+00 1.320839585740442301e-01
-2.280000000000001137e+00 1.290347911014998739e-01
-2.239999999999998437e+00 1.262435044968735764e-01
-2.199999999999999289e+00 1.236961988238714782e-01
-2.160000000000000142e+00 1.213802709236880273e-01
-2.120000000000000995e+00 1.192843649266948913e-01
-2.079999999999998295e+00 1.173983192402563575e-01
-2.039999999999999147e+00 1.157131130204710756e-01
-2.000000000000000000e+00 1.142208142716708008e-01
-1.960000000000000853e+00 1.129145310731543145e-01
-1.919999999999998153e+00 1.117883669552931780e-01
-1.879999999999999005e+00 1.108373810957369171e-01
-1.839999999999999858e+00 1.100575537488960309e-01
-1.800000000000000711e+00 1.094457571331547280e-01
-1.759999999999998010e+00 1.089997318606239357e-01
-1.719999999999998863e+00 1.087180688879407359e-01
-1.679999999999999716e+00 1.086001968807063789e-01
-1.640000000000000568e+00 1.086463748076057917e-01
-1.599999999999997868e+00 1.088576895031292263e-01
-1.559999999999998721e+00 1.092360578506023916e-01
-1.519999999999999574e+00 1.097842331301639024e-01
-1.480000000000000426e+00 1.105058149388057631e-01
-1.440000000000001279e+00 1.114052619095496632e-01
-1.399999999999998579e+00 1.124879062201256247e-01
-1.359999999999999432e+00 1.137599685712670505e-01
-1.320000000000000284e+00 1.152285719106808659e-01
-1.280000000000001137e+00 1.169017516566053794e-01
-1.239999999999998437e+00 1.187884595058347481e-01
-1.199999999999999289e+00 1.208985570615401378e-01
-1.160000000000000142e+00 1.232427944479411730e-01
-1.120000000000000995e+00 1.258327677500843955e-01
-1.079999999999998295e+00 1.286808474848008255e-01
-1.039999999999999147e+00 1.318000683340144474e-01
-1.000000000000000000e+00 1.352039680263596444e-01
-9.600000000000008527e-01 1.389063605347314878e-01
-9.199999999999981526e-01 1.429210257083406432e-01
-8.799999999999990052e-01 1.472612941956073507e-01
-8.399999999999998579e-01 1.519395032741536200e-01
-8.000000000000007105e-01 1.569662963966019509e-01
-7.599999999999980105e-01 1.623497375440521306e-01
-7.199999999999988631e-01 1.680942118429381016e-01
-6.799999999999997158e-01 1.741990877509296820e-01
-6.400000000000005684e-01 1.806571253312266867e-01
-5.999999999999978684e-01 1.874526320444818706e-01
-5.599999999999987210e-01 1.945593947135565716e-01
-5.199999999999995737e-01 2.019384563436482094e-01
-4.800000000000004263e-01 2.095358608607260920e-01
-4.400000000000012790e-01 2.172805569112828683e-01
-3.999999999999985789e-01 2.250827290571298378e-01
-3.599999999999994316e-01 2.328329005473676050e-01
-3.200000000000002842e-01 2.404022085753629856e-01
-2.800000000000011369e-01 2.476442655803985371e-01
-2.399999999999984368e-01 2.543989598808461539e-01
-1.999999999999992895e-01 2.604983906001597793e-01
-1.600000000000001421e-01 2.657748659057936891e-01
-1.200000000000009948e-01 2.700705392939897753e-01
-7.999999999999829470e-02 2.732478728328436857e-01
-3.999999999999914735e-02 2.751997897768639900e-01
0.000000000000000000e+00 2.758582158023563657e-01
3.999999999999914735e-02 2.751997897768037604e-01
8.000000000000184741e-02 2.732478728327204509e-01
1.200000000000009948e-01 2.700705392937995386e-01
1.600000000000001421e-01 2.657748659055295670e-01
1.999999999999992895e-01 2.604983905998138893e-01
2.400000000000019895e-01 2.543989598804085039e-01
2.800000000000011369e-01 2.476442655798605508e-01
3.200000000000002842e-01 2.404022085747140047e-01
3.599999999999994316e-01 2.328329005465974988e-01
4.000000000000021316e-01 2.250827290562283922e-01
4.400000000000012790e-01 2.172805569102425061e-01
4.800000000000004263e-01 2.095358608595379868e-01
5.199999999999995737e-01 2.019384563423049783e-01
5.599999999999987210e-01 1.945593947120518308e-01
6.000000000000014211e-01 1.874526320428094028e-01
6.400000000000005684e-01 1.806571253293829948e-01
6.799999999999997158e-01 1.741990877489104639e-01
7.199999999999988631e-01 1.680942118407401376e-01
7.600000000000015632e-01 1.623497375416723953e-01
8.000000000000007105e-01 1.569662963940396949e-01
8.399999999999998579e-01 1.519395032714070393e-01
8.799999999999990052e-01 1.472612941926756125e-01
9.200000000000017053e-01 1.429210257052230537e-01
9.600000000000008527e-01 1.389063605314287408e-01
1.000000000000000000e+00 1.352039680228717122e-01
1.039999999999999147e+00 1.318000683303419407e-01
1.080000000000001847e+00 1.286808474809444103e-01
1.120000000000000995e+00 1.258327677460456817e-01
1.160000000000000142e+00 1.232427944437212153e-01
1.199999999999999289e+00 1.208985570571403378e-01
1.240000000000001990e+00 1.187884595012565769e-01
1.280000000000001137e+00 1.169017516518509742e-01
1.320000000000000284e+00 1.152285719057518920e-01
1.359999999999999432e+00 1.137599685661653953e-01
1.400000000000002132e+00 1.124879062148532727e-01
1.440000000000001279e+00 1.114052619041088904e-01
1.480000000000000426e+00 1.105058149331986372e-01
1.519999999999999574e+00 1.097842331243926439e-01
1.559999999999998721e+00 1.092360578446692210e-01
1.600000000000001421e+00 1.088576894970364195e-01
1.640000000000000568e+00 1.086463748013556663e-01
1.679999999999999716e+00 1.086001968743012525e-01
1.719999999999998863e+00 1.087180688813829121e-01
1.760000000000001563e+00 1.089997318539157461e-01
1.800000000000000711e+00 1.094457571262985041e-01
1.839999999999999858e+00 1.100575537418940902e-01
1.879999999999999005e+00 1.108373810885915911e-01
1.920000000000001705e+00 1.117883669480068676e-01
1.960000000000000853e+00 1.129145310657291290e-01
2.000000000000000000e+00 1.142208142641090995e-01
2.039999999999999147e+00 1.157131130127751484e-01
2.080000000000001847e+00 1.173983192324285219e-01
2.120000000000000995e+00 1.192843649187370764e-01
2.160000000000000142e+00 1.213802709156025506e-01
2.199999999999999289e+00 1.236961988156604630e-01
2.240000000000001990e+00 1.262435044885394098e-01
2.280000000000001137e+00 1.290347910930441100e-01
2.320000000000000284e+00 1.320839585654691450e-01
2.359999999999999432e+00 1.354062454257818349e-01
2.400000000000002132e+00 1.390182572221214108e-01
2.440000000000001279e+00 1.429379739369013025e-01
2.480000000000000426e+00 1.471847260763620435e-01
2.519999999999999574e+00 1.517791258064392079e-01
2.559999999999998721e+00 1.567429352050644376e-01
2.600000000000001421e+00 1.620988482829695543e-01
2.640000000000000568e+00 1.678701566934271416e-01
2.679999999999999716e+00 1.740802608574049393e-01
2.719999999999998863e+00 1.807519785302728055e-01
2.760000000000001563e+00 1.879065917995104695e-01
2.800000000000000711e+00 1.955625616875369399e-01
2.839999999999999858e+00 2.037338281480665092e-01
2.879999999999999005e+00 2.124276045211093977e-01
2.920000000000001705e+00 2.216415732039845321e-01
2.960000000000000853e+00 2.313603992624500560e-01
3.000000000000000000e+00 2.415515094718617417e-01
3.039999999999999147e+00 2.521601472894028362e-01
3.080000000000001847e+00 2.631038233070273624e-01
3.120000000000000995e+00 2.742664496891946690e-01
3.160000000000000142e+00 2.854926847880061014e-01
3.199999999999999289e+00 2.965833152697812114e-01
3.240000000000001990e+00 3.072928351408474312e-01
3.280000000000001137e+00 3.173306695369810249e-01
3.320000000000000284e+00 3.263676107305109042e-01
3.359999999999999432e+00 3.340488185144920297e-01
3.400000000000002132e+00 3.400140251294354043e-01
3.440000000000001279e+00 3.439243053181826881e-01
3.480000000000000426e+00 3.454930540996232202e-01
3.519999999999999574e+00 3.445170599878804585e-01
3.559999999999998721e+00 3.409023951469858371e-01
3.600000000000001421e+00 3.346798962510191822e-01
3.640000000000000568e+00 3.260065829711326635e-01
3.679999999999999716e+00 3.151521706472703022e-01
3.719999999999998863e+00 3.024730293754934740e-01
3.760000000000001563e+00 2.883784601672725323e-01
3.800000000000000711e+00 2.732952220039689406e-01
3.839999999999999858e+00 2.576356945075673477e-01
3.879999999999999005e+00 2.417733477010763354e-01
3.920000000000001705e+00 2.260270601385098166e-01
3.960000000000000853e+00 2.106539579172520549e-01
4.000000000000000000e+00 1.958492228336652097e-01
4.039999999999999147e+00 1.817507997785207663e-01
4.080000000000001847e+00 1.684469685769028890e-01
4.120000000000000995e+00 1.559851045115723256e-01
4.160000000000000142e+00 1.443804288699361005e-01
4.199999999999999289e+00 1.336240076444618341e-01
4.240000000000001990e+00 1.236896238303216988e-01
4.280000000000001137e+00 1.145394082036704231e-01
4.320000000000000284e+00 1.061282754935255757e-01
4.359999999999999432e+00 9.840729966691474928e-02
4.400000000000002132e+00 9.132619707300301815e-02
4.440000000000001279e+00 8.483508916415609391e-02
4.480000000000000426e+00 7.888570198061438388e-02
4.519999999999999574e+00 7.343213727119340950e-02
4.560000000000002274e+00 6.843132594983571126e-02
4.600000000000001421e+00 6.384325180329962490e-02
4.640000000000000568e+00 5.963101347741515262e-02
4.679999999999999716e+00 5.576077624577358005e-02
4.719999999999998863e+00 5.220165180422663143e-02
4.760000000000001563e+00 4.892553396583566167e-02
4.800000000000000711e+00 4.590691018825962533e-02
4.839999999999999858e+00 4.312266288466496539e-02
4.879999999999999005e+00 4.055187003299835780e-02
4.920000000000001705e+00 3.817561135407904899e-02
4.960000000000000853e+00 3.597678398958605028e-02
5.000000000000000000e+00 3.393992994961080034e-02
5.039999999999999147e+00 3.205107644004644152e-02
5.080000000000001847e+00 3.029758938832305404e-02
5.120000000000000995e+00 2.866803996064493099e-02
5.160000000000000142e+00 2.715208352938967493e-02
5.199999999999999289e+00 2.574035034989108350e-02
5.240000000000001990e+00 2.442434710052196825e-02
5.280000000000001137e+00 2.319636839910797430e-02
5.320000000000000284e+00 2.204941741079772047e-02
5.359999999999999432e+00 2.097713469230337927e-02
5.400000000000002132e+00 1.997373446409095657e-02
5.440000000000001279e+00 1.903394755811880709e-02
5.480000000000000426e+00 1.815297034892088962e-02
5.519999999999999574e+00 1.732641903675314482e-02
5.560000000000002274e+00 1.655028871090303069e-02
5.600000000000001421e+00 1.582091667772283008e-02
5.640000000000000568e+00 1.513494959067816781e-02
5.679999999999999716e+00 1.448931396833019400e-02
5.719999999999998863e+00 1.388118973057543559e-02
5.760000000000001563e+00 1.330798642373641483e-02
5.800000000000000711e+00 1.276732184141170928e-02
5.839999999999999858e+00 1.225700278061710169e-02
5.879999999999999005e+00 1.177500770197321273e-02
5.920000000000001705e+00 1.131947108882129863e-02
5.960000000000000853e+00 1.088866932348562036e-02
6.000000000000000000e+00 1.048100791973562151e-02
6.039999999999999147e+00 1.009500996911156731e-02
6.080000000000001847e+00 9.729305675410724469e-03
6.120000000000000995e+00 9.382622866520112792e-03
6.160000000000000142e+00 9.053778386125380107e-03
6.199999999999999289e+00 8.741670279803616037e-03
6.240000000000001990e+00 8.445270700766657757e-03
6.280000000000001137e+00 8.163619470188974991e-03
6.320000000000000284e+00 7.895818235722214945e-03
6.359999999999999432e+00 7.641025179540813714e-03
6.400000000000002132e+00 7.398450234118551794e-03
6.440000000000001279e+00 7.167350769927197801e-03
6.480000000000000426e+00 6.947027724367591667e-03
6.519999999999999574e+00 6.736822145471403969e-03
6.560000000000002274e+00 6.536112127209324843e-03
6.600000000000001421e+00 6.344310115571492187e-03
6.640000000000000568e+00 6.160860565909743319e-03
6.679999999999999716e+00 5.985237932333416222e-03
6.719999999999998863e+00 5.816944969238992125e-03
6.760000000000001563e+00 5.655511323387147141e-03
6.800000000000000711e+00 5.500492392428529831e-03
6.839999999999999858e+00 5.351468422599045885e-03
6.879999999999999005e+00 5.208043814703884958e-03
6.920000000000001705e+00 5.069846603797095036e-03
6.960000000000000853e+00 4.936528074508190339e-03
7.000000000000000000e+00 4.807762471163627357e-03
7.039999999999999147e+00 4.683246760098120146e-03
7.080000000000001847e+00 4.562700401205328771e-03
7.120000000000000995e+00 4.445865087121561934e-03
7.160000000000000142e+00 4.332504411630796332e-03
7.199999999999999289e+00 4.222403433939987683e-03
7.240000000000001990e+00 4.115368112248973462e-03
7.280000000000001137e+00 4.011224588215889925e-03
7.320000000000000284e+00 3.909818313038769186e-03
7.359999999999999432e+00 3.811013015376150254e-03
7.400000000000002132e+00 3.714689520601041628e-03
7.440000000000001279e+00 3.620744439322722691e-03
7.480000000000000426e+00 3.529088750186681542e-03
7.519999999999999574e+00 3.439646307266107719e-03
7.560000000000002274e+00 3.352352305634890076e-03
7.600000000000001421e+00 3.267151739884852427e-03
7.640000000000000568e+00 3.183997889509116580e-03
7.679999999999999716e+00 3.102850862457626896e-03
7.719999999999998863e+00 3.023676224127837264e-03
7.760000000000001563e+00 2.946443733999140092e-03
7.800000000000000711e+00 2.871126206489972577e-03
7.839999999999999858e+00 2.797698506828693102e-03
7.879999999999999005e+00 2.726136687149352707e-03
7.920000000000001705e+00 2.656417262942198723e-03
7.960000000000000853e+00 2.588516625614876651e-03
8.000000000000000000e+00 2.522410583375886764e-03
8.039999999999999147e+00 2.458074019983257433e-03
8.080000000000001847e+00 2.395480659088259842e-03
8.120000000000000995e+00 2.334602920878598928e-03
8.160000000000000142e+00 2.275411857384964862e-03
8.199999999999999289e+00 2.217877153039689471e-03
8.240000000000001990e+00 2.161967177739435031e-03
8.280000000000001137e+00 2.107649080644416993e-03
8.320000000000000284e+00 2.054888914132878275e-03
8.359999999999999432e+00 2.003651778626836140e-03
8.400000000000002132e+00 1.953901980334289516e-03
8.440000000000001279e+00 1.905603195254182251e-03
8.480000000000000426e+00 1.858718634018633256e-03
8.519999999999999574e+00 1.813211203272662927e-03
8.560000000000002274e+00 1.769043660296944383e-03
8.600000000000001421e+00 1.726178758456557195e-03
8.640000000000000568e+00 1.684579381807859051e-03
8.679999999999999716e+00 1.644208667821562241e-03
8.719999999999998863e+00 1.605030117692022272e-03
8.760000000000001563e+00 1.567007694111388627e-03
8.800000000000000711e+00 1.530105906705329227e-03
8.839999999999999858e+00 1.494289885566137122e-03
8.879999999999999005e+00 1.459525443492286877e-03
8.920000000000001705e+00 1.425779127660988833e-03
8.960000000000000853e+00 1.393018261533099204e-03
9.000000000000000000e+00 1.361210977826496707e-03
9.039999999999999147e+00 1.330326243402604226e-03
9.080000000000001847e+00 1.300333876897963835e-03
9.120000000000000995e+00 1.271204559903989229e-03
9.160000000000000142e+00 1.242909842458307483e-03
9.199999999999999289e+00 1.215422143563649540e-03
9.240000000000001990e+00 1.188714747398489022e-03
9.280000000000001137e+00 1.162761795829666926e-03
9.320000000000000284e+00 1.137538277782974144e-03
9.359999999999999432e+00 1.113020015974369552e-03
9.400000000000002132e+00 1.089183651453196587e-03
9.440000000000001279e+00 1.066006626360046713e-03
9.480000000000000426e+00 1.043467165256317490e-03
9.519999999999999574e+00 1.021544255340234297e-03
9.560000000000002274e+00 1.000217625825129859e-03
9.600000000000001421e+00 9.794677267203543911e-04
9.640000000000000568e+00 9.592757072229935941e-04
9.679999999999999716e+00 9.396233938996365401e-04
9.719999999999998863e+00 9.204932688114397799e-04
9.760000000000001563e+00 9.018684477126222981e-04
9.800000000000000711e+00 8.837326584320015499e-04
9.839999999999999858e+00 8.660702195290000474e-04
9.879999999999999005e+00 8.488660192996523579e-04
9.920000000000001705e+00 8.321054951941301431e-04
9.960000000000000853e+00 8.157746136951095003e-04
1.000000000000000000e+01 7.998598506956970319e-04
1.003999999999999915e+01 7.843481724065003505e-04
1.008000000000000185e+01 7.692270168134550737e-04
1.012000000000000099e+01 7.544842757013147869e-04
1.016000000000000014e+01 7.401082772518947916e-04
1.019999999999999929e+01 7.260877692212164974e-04
1.024000000000000199e+01 7.124119026956426612e-04
1.028000000000000114e+01 6.990702164235270896e-04
1.032000000000000028e+01 6.860526217160826251e-04
1.035999999999999943e+01 6.733493879087417561e-04
1.040000000000000213e+01 6.609511283724089567e-04
1.044000000000000128e+01 6.488487870623645473e-04
1.048000000000000043e+01 6.370336255914171679e-04
1.051999999999999957e+01 6.254972108129044917e-04
1.056000000000000227e+01 6.142314028984722021e-04
1.060000000000000142e+01 6.032283438950226256e-04
1.064000000000000057e+01 5.924804467449034870e-04
1.067999999999999972e+01 5.819803847532697798e-04
1.071999999999999886e+01 5.717210814864307454e-04
1.076000000000000156e+01 5.616957010851075793e-04
1.080000000000000071e+01 5.518976389766692969e-04
1.083999999999999986e+01 5.423205129705985054e-04
1.087999999999999901e+01 5.329581547218078912e-04
1.092000000000000171e+01 5.238046015467118580e-04
1.096000000000000085e+01 5.148540885774053125e-04
1.100000000000000000e+01 5.061010412397062147e-04
1.103999999999999915e+01 4.975400680413363287e-04
1.108000000000000185e+01 4.891659536569504564e-04
1.112000000000000099e+01 4.809736522973224841e-04
1.116000000000000014e+01 4.729582813504289510e-04
1.119999999999999929e+01 4.651151152828200686e-04
1.124000000000000199e+01 4.574395797900922614e-04
1.128000000000000114e+01 4.499272461858851851e-04
1.132000000000000028e+01 4.425738260192837135e-04
1.135999999999999943e+01 4.353751659110435823e-04
1.140000000000000213e+01 4.283272425994973966e-04
1.144000000000000128e+01 4.214261581874513378e-04
1.148000000000000043e+01 4.146681355817844958e-04
1.151999999999999957e+01 4.080495141178860224e-04
1.156000000000000227e+01 4.015667453613224781e-04
1.160000000000000142e+01 3.952163890795605539e-04
1.164000000000000057e+01 3.889951093767555351e-04
1.167999999999999972e+01 3.828996709849359290e-04
1.172000000000000242e+01 3.769269357051497314e-04
1.176000000000000156e+01 3.710738589923225604e-04
1.180000000000000071e+01 3.653374866778389546e-04
1.183999999999999986e+01 3.597149518240025552e-04
1.187999999999999901e+01 3.542034717047551004e-04
1.192000000000000171e+01 3.488003449072145726e-04
1.196000000000000085e+01 3.435029485487619758e-04
1.200000000000000000e+01 3.383087356045770891e-04
1.203999999999999915e+01 3.332152323408084718e-04
1.207999999999999829e+01 3.282200358485664639e-04
1.211999999999999744e+01 3.233208116743130356e-04
1.216000000000000369e+01 3.185152915422795848e-04
1.220000000000000284e+01 3.138012711647914128e-04
1.224000000000000199e+01 3.091766081365241933e-04
1.228000000000000114e+01 3.046392199089888002e-04
1.232000000000000028e+01 3.001870818416011409e-04
1.235999999999999943e+01 2.958182253259742343e-04
1.239999999999999858e+01 2.915307359801990079e-04
1.243999999999999773e+01 2.873227519100433544e-04
1.248000000000000398e+01 2.831924620341668211e-04
1.252000000000000313e+01 2.791381044706122382e-04
1.256000000000000227e+01 2.751579649819440102e-04
1.260000000000000142e+01 2.712503754765758363e-04
1.264000000000000057e+01 2.674137125639364405e-04
1.267999999999999972e+01 2.636463961612519995e-04
1.271999999999999886e+01 2.599468881498228322e-04
1.275999999999999801e+01 2.563136910787911817e-04
1.279999999999999716e+01 2.527453469145001311e-04
1.284000000000000341e+01 2.492404358336065828e-04
1.288000000000000256e+01 2.457975750582417664e-04
1.292000000000000171e+01 2.424154177315387612e-04
1.296000000000000085e+01 2.390926518319926725e-04
1.300000000000000000e+01 2.358279991251017484e-04
1.303999999999999915e+01 2.326202141509064319e-04
1.307999999999999829e+01 2.294680832460108122e-04
1.311999999999999744e+01 2.263704235987854321e-04
1.316000000000000369e+01 2.233260823365106930e-04
1.320000000000000284e+01 2.203339356432318027e-04
1.324000000000000199e+01 2.173928879071859895e-04
1.328000000000000114e+01 2.145018708966852511e-04
1.332000000000000028e+01 2.116598429634129405e-04
1.335999999999999943e+01 2.088657882720859789e-04
1.339999999999999858e+01 2.061187160555372731e-04
1.343999999999999773e+01 2.034176598942612040e-04
1.348000000000000398e+01 2.007616770195314038e-04
1.352000000000000313e+01 1.981498476392291007e-04
1.356000000000000227e+01 1.955812742855415551e-04
1.360000000000000142e+01 1.930550811837586367e-04
1.364000000000000057e+01 1.905704136413674012e-04
1.367999999999999972e+01 1.881264374567611850e-04
1.371999999999999886e+01 1.857223383468138179e-04
1.375999999999999801e+01 1.833573213926684327e-04
1.379999999999999716e+01 1.810306105030929508e-04
1.384000000000000341e+01 1.787414478947595316e-04
1.388000000000000256e+01 1.764890935888946064e-04
1.392000000000000171e+01 1.742728249236758648e-04
1.396000000000000085e+01 1.720919360818661849e-04
1.400000000000000000e+01 1.699457376331376356e-04
1.403999999999999915e+01 1.678335560906011291e-04
1.407999999999999829e+01 1.657547334810312821e-04
1.411999999999999744e+01 1.637086269283454312e-04
1.416000000000000369e+01 1.616946082498827396e-04
1.420000000000000284e+01 1.597120635650588205e-04
1.424000000000000199e+01 1.577603929159752082e-04
1.428000000000000114e+01 1.558390098996081073e-04
1.432000000000000028e+01 1.539473413111861096e-04
1.435999999999999943e+01 1.520848267983813083e-04
1.439999999999999858e+01 1.502509185259933225e-04
1.443999999999999773e+01 1.484450808507445894e-04
1.448000000000000398e+01 1.466667900058863869e-04
1.452000000000000313e+01 1.449155337952959602e-04
1.456000000000000227e+01 1.431908112967260512e-04
1.460000000000000142e+01 1.414921325739440169e-04
1.464000000000000057e+01 1.398190183974361463e-04
1.467999999999999972e+01 1.381709999734035202e-04
1.471999999999999886e+01 1.365476186807631880e-04
1.475999999999999801e+01 1.349484258158922811e-04
1.480000000000000426e+01 1.333729823448244999e-04
1.484000000000000341e+01 1.318208586626634822e-04
1.488000000000000256e+01 1.302916343599461266e-04
1.492000000000000171e+01 1.287848979956971764e-04
1.496000000000000085e+01 1.273002468769699348e-04
1.500000000000000000e+01 1.258372868445888342e-04
1.503999999999999915e+01 1.243956320649201690e-04
1.507999999999999829e+01 1.229749048274170718e-04
1.511999999999999744e+01 1.215747353477624436e-04
1.516000000000000369e+01 1.201947615763758644e-04
1.520000000000000284e+01 1.188346290121448413e-04
1.524000000000000199e+01 1.174939905211505424e-04
1.528000000000000114e+01 1.161725061602557427e-04
1.532000000000000028e+01 1.148698430053847648e-04
1.535999999999999943e+01 1.135856749843455749e-04
1.539999999999999858e+01 1.123196827140459340e-04
1.543999999999999773e+01 1.110715533419858597e-04
1.548000000000000398e+01 1.098409803918943412e-04
1.552000000000000313e+01 1.086276636133832411e-04
1.556000000000000227e+01 1.074313088355212387e-04
1.560000000000000142e+01 1.062516278242204779e-04
1.564000000000000057e+01 1.050883381433166588e-04
1.567999999999999972e+01 1.039411630192718823e-04
1.571999999999999886e+01 1.028098312093874908e-04
1.575999999999999801e+01 1.016940768734488423e-04
1.580000000000000426e+01 1.005936394486968508e-04
1.584000000000000341e+01 9.950826352806622747e-05
1.588000000000000256e+01 9.843769874158590609e-05
1.592000000000000171e+01 9.738169964087052891e-05
1.596000000000000085e+01 9.634002558661105241e-05
1.600000000000000000e+01 9.531244063900505895e-05
1.603999999999999915e+01 9.429871345102616015e-05
1.607999999999999829e+01 9.329861716446830738e-05
1.611999999999999744e+01 9.231192930869757188e-05
1.616000000000000369e+01 9.133843170200731110e-05
1.620000000000000284e+01 9.037791035554224375e-05
1.624000000000000199e+01 8.943015537969320472e-05
1.628000000000000114e+01 8.849496089289405829e-05
1.632000000000000028e+01 8.757212493277111327e-05
1.635999999999999943e+01 8.666144936955483442e-05
1.639999999999999858e+01 8.576273982170180832e-05
1.643999999999999773e+01 8.487580557366429697e-05
1.648000000000000398e+01 8.400045949573191860e-05
1.652000000000000313e+01 8.313651796590642434e-05
1.656000000000000227e+01 8.228380079372630412e-05
1.660000000000000142e+01 8.144213114600392517e-05
1.664000000000000057e+01 8.061133547441860780e-05
1.667999999999999972e+01 7.979124344488844334e-05
1.671999999999999886e+01 7.898168786870957830e-05
1.675999999999999801e+01 7.818250463537644579e-05
1.680000000000000426e+01 7.739353264704998403e-05
1.684000000000000341e+01 7.661461375463416053e-05
1.688000000000000256e+01 7.584559269539770110e-05
1.692000000000000171e+01 7.508631703210697991e-05
1.696000000000000085e+01 7.433663709364209810e-05
1.700000000000000000e+01 7.359640591701765468e-05
1.703999999999999915e+01 7.286547919081081195e-05
1.707999999999999829e+01 7.214371519992900106e-05
1.711999999999999744e+01 7.143097477169341528e-05
1.716000000000000369e+01 7.072712122319774197e-05
1.720000000000000284e+01 7.003202030991502805e-05
1.724000000000000199e+01 6.934554017550085409e-05
1.728000000000000114e+01 6.866755130279173294e-05
1.732000000000000028e+01 6.799792646592327239e-05
1.735999999999999943e+01 6.733654068359021944e-05
1.739999999999999858e+01 6.668327117337010702e-05
1.743999999999999773e+01 6.603799730711137038e-05
1.748000000000000398e+01 6.540060056735319018e-05
1.752000000000000313e+01 6.477096450473954908e-05
1.756000000000000227e+01 6.414897469641709336e-05
1.760000000000000142e+01 6.353451870537256407e-05
1.764000000000000057e+01 6.292748604071174943e-05
1.767999999999999972e+01 6.232776811882813350e-05
1.771999999999999886e+01 6.173525822545126648e-05
1.775999999999999801e+01 6.114985147855859365e-05
1.780000000000000426e+01 6.057144479211865051e-05
1.784000000000000341e+01 5.999993684064610852e-05
1.788000000000000256e+01 5.943522802455327575e-05
1.792000000000000171e+01 5.887722043627528420e-05
1.796000000000000085e+01 5.832581782714294297e-05
1.800000000000000000e+01 5.778092557500022139e-05
1.803999999999999915e+01 5.724245065253296891e-05
1.807999999999999829e+01 5.671030159629672843e-05
1.811999999999999744e+01 5.618438847642716338e-05
1.816000000000000369e+01 5.566462286701878703e-05
1.820000000000000284e+01 5.515091781714337102e-05
1.824000000000000199e+01 5.464318782251280371e-05
1.828000000000000114e+01 5.414134879775083647e-05
1.832000000000000028e+01 5.364531804926938111e-05
1.835999999999999943e+01 5.315501424873331215e-05
1.839999999999999858e+01 5.267035740709664383e-05
1.843999999999999773e+01 5.219126884920270888e-05
1.848000000000000398e+01 5.171767118892275222e-05
1.852000000000000313e+01 5.124948830483727624e-05
1.856000000000000227e+01 5.078664531642566003e-05
1.860000000000000142e+01 5.032906856077424412e-05
1.864000000000000057e+01 4.987668556977577564e-05
1.867999999999999972e+01 4.942942504780872132e-05
1.871999999999999886e+01 4.898721684989601477e-05
1.875999999999999801e+01 4.854999196032177070e-05
1.880000000000000426e+01 4.811768247169490725e-05
1.884000000000000341e+01 4.769022156445707449e-05
1.888000000000000256e+01 4.726754348681819207e-05
1.892000000000000171e+01 4.684958353511330803e-05
1.896000000000000085e+01 4.643627803456321437e-05
1.900000000000000000e+01 4.602756432044142164e-05
1.903999999999999915e+01 4.562338071962754316e-05
1.907999999999999829e+01 4.522366653254578789e-05
1.911999999999999744e+01 4.482836201547338306e-05
1.916000000000000369e+01 4.443740836321133716e-05
1.920000000000000284e+01 4.405074769211732647e-05
1.924000000000000199e+01 4.366832302348227363e-05
1.928000000000000114e+01 4.329007826724172794e-05
1.932000000000000028e+01 4.291595820603245556e-05
1.935999999999999943e+01 4.254590847955694310e-05
1.939999999999999858e+01 4.217987556927879980e-05
1.943999999999999773e+01 4.181780678341826679e-05
1.948000000000000398e+01 4.145965024225694087e-05
1.952000000000000313e+01 4.110535486373523284e-05
1.956000000000000227e+01 4.075487034933778993e-05
1.960000000000000142e+01 4.040814717026644867e-05
1.964000000000000057e+01 4.006513655388423828e-05
1.967999999999999972e+01 3.972579047043433773e-05
1.971999999999999886e+01 3.939006162001924133e-05
1.975999999999999801e+01 3.905790341984013286e-05
1.980000000000000426e+01 3.872926999169148086e-05
1.984000000000000341e+01 3.840411614969762785e-05
1.988000000000000256e+01 3.808239738829375873e-05
1.992000000000000171e+01 3.776406987044192420e-05
1.996000000000000085e+01 3.744909041608276978e-05
2.000000000000000000e+01 3.713741649080562306e-05
