0.00000000000000000000	1.00000000000000000000	1.00000000000000000000	0.00000000000000000000	4.99764078470405070931	1.99999999999504529669	0.09999999999999639733	0.00000000000000000000
0.01000000000000000021	1.00000198998413725171	0.99940237293245526295	0.00059961705168114188	4.99335357010979485892	1.99939740547243149926	0.10245041588790698706	0.00102450415887906992
0.02000000000000000042	1.00000385197646046720	0.99760809979417397475	0.00239575218228420175	4.99026561087843667508	1.99939458733596797657	0.10244871026155678850	0.00204899126149463758
0.02999999999999999889	1.00000553350875742709	0.99462362727125130935	0.00538190623750479935	4.98836890342498495698	1.99939187058049228085	0.10244755430385797668	0.00307346680453321735
0.04000000000000000083	1.00000701124777813256	0.99045863424147118081	0.00954837700630689797	4.98765229980985402847	1.99938931392149288335	0.10244695777902876332	0.00409793638232350526
0.05000000000000000278	1.00000828174456590780	0.98512598641919091325	0.01488229532537471873	4.98810153322206328852	1.99938694032729569194	0.10244692496026626405	0.00512240563192616766
0.05999999999999999778	1.00000935891017039836	0.97864169715472903999	0.02136766175544278779	4.98969932513789693473	1.99938473583865627958	0.10244745772910446302	0.00614688020921721253
0.07000000000000000666	1.00001026752106647599	0.97102487643377821680	0.02898539108729011188	4.99242546787147656318	1.99938266036239609136	0.10244855403339679645	0.00717136574955118053
0.08000000000000000167	1.00001103575417715774	0.96229767440502567144	0.03771336134915339450	4.99625697733535556466	1.99937993057114793416	0.10245017395597659504	0.00819586748911094697
0.08999999999999999667	1.00001168892079195238	0.95248517338465876758	0.04752651553613500973	5.00116778186045518595	1.99937789716396729922	0.10245237544336183166	0.00922039124354456438
0.10000000000000000555	1.00001224981281544579	0.94161533082733939182	0.05839691898547834381	5.00712911817232253497	1.99937586658722565858	0.10245511191528508532	0.01024494236269741544
0.11000000000000000056	1.00001273595157424978	0.92971887301562083916	0.07029386293595472901	5.01410947033872211875	1.99937379837366902002	0.10245836740852817814	0.01126952603678269688
0.11999999999999999556	1.00001315995038297935	0.91682919283499475505	0.08318396711539090271	5.02207465340560776923	1.99937166230685159363	0.10246212432543980175	0.01229414728003709427
0.13000000000000000444	1.00001353038939111428	0.90298224144448235862	0.09703128894491305778	5.03098791794852218118	1.99936943770812436405	0.10246636379734250233	0.01331881091801051867
0.14000000000000001332	1.00001385276315613027	0.88821641371166726309	0.11179743905149094885	5.04081006940878140199	1.99936711182962212341	0.10247106586154897112	0.01434352157662600880
0.14999999999999999445	1.00001413030291819162	0.87257242735174067594	0.12744170295118009695	5.05149959730234687783	1.99936467812694940172	0.10247620954212045830	0.01536828367204721296
0.16000000000000000333	1.00001436461778703269	0.85609319589488863667	0.14392116872290472429	5.06301281122441260152	1.99936213476185109528	0.10248177289223781017	0.01639310140096959106
0.17000000000000001221	1.00001455616493806211	0.83882369576752846552	0.16119086039741209460	5.07530398196985998993	1.99935948343546177064	0.10248773302807404062	0.01741797873125033175
0.17999999999999999334	1.00001470458151375809	0.82081082787954295910	0.17920387670197349128	5.08832548690379216083	1.99935672853359047707	0.10249406616687148364	0.01844291939291904658
0.19000000000000000222	1.00001480891261329553	0.80210327417101690006	0.19791153474160314008	5.10202795910169459859	1.99935387652480267562	0.10250074767318777258	0.01946792686965092417
0.20000000000000001110	1.00001483534599167058	0.78275133022989473730	0.21726350511610142968	5.11636027879749111236	1.99935093554966347718	0.10250775211342792737	0.02049300439078520497
0.20999999999999999223	1.00001478621298978133	0.76280243057788210681	0.23721235563511364197	5.13622435521969400440	1.99996890891454182082	0.10001386164309132576	0.02149314300721611934
0.22000000000000000111	1.00001473790394168617	0.74230495686434849745	0.25770978103959929495	5.15662416184433425315	1.99996897056197964204	0.10001482294231750503	0.02249329123663929356
0.23000000000000000999	1.00001468751495159459	0.72131264429331731769	0.27870204322164421340	5.17750650218106223122	1.99996900918269249203	0.10001555863292678483	0.02349344682296856252
0.23999999999999999112	1.00001463303781368275	0.69988036247900076159	0.30013427055882352379	5.19881708919842289163	1.99996903664212566376	0.10001605741270876149	0.02449360739709564860
0.25000000000000000000	1.00001457274990412927	0.67806395750033288117	0.32195061524957913068	5.22050067914436155547	1.99996906442161526130	0.10001633078834028245	0.02549377070497905323
0.26000000000000000888	1.00001450488977261521	0.65592009232300818589	0.34409441256677297805	5.24250120963837140664	1.99996910348179612882	0.10001640818991050508	0.02649393478687815662
0.27000000000000001776	1.00001442750756153188	0.63350608564661325950	0.36650834186095815337	5.26476194649027551264	1.99996916350608633373	0.10001632818670493086	0.02749409806874520551
0.28000000000000002665	1.00001433838716913272	0.61087974964967950431	0.38913458873750106370	5.28722561055413020625	1.99996925262400537804	0.10001614869479413805	0.02849425955569314522
0.28999999999999998002	1.00001423502943209698	0.58809922607689002483	0.41191500895255489523	5.30983460292650910617	1.99996937705514077344	0.10001588187508771155	0.02949441837444402234
0.29999999999999998890	1.00001411473409951292	0.56522282111057131626	0.43479129362354040911	5.33253114621193180511	1.99996954177809560527	0.10001555265505122916	0.03049457390099453297
0.30999999999999999778	1.00001397454124085762	0.54230884035798687659	0.45770513418326375099	5.35525745446389667137	1.99996975125797304962	0.10001517893436617790	0.03149472569033819752
0.32000000000000000666	1.00001381123883636981	0.51941542419606001602	0.48059838704278901034	5.37795590234311848832	1.99997000991909201773	0.10001477295348447372	0.03249487341987303962
0.33000000000000001554	1.00001362138033900173	0.49660038401205486291	0.50341323736829390878	5.40056919342491870140	1.99996977053088564880	0.10001436847126836394	0.03349501710458572395
0.34000000000000002442	1.00001340129008586821	0.47392104006454116583	0.52609236122555846915	5.42304052022658389376	1.99997013307407311977	0.10001392041117868059	0.03449515630869751104
0.35000000000000003331	1.00001314711626387854	0.45143406129948826511	0.54857908581679126758	5.44531372979477978902	1.99997056036409692759	0.10001345712525974707	0.03549529087995011156
0.35999999999999998668	1.00001285485439050937	0.42919530781479514614	0.57081754703961029573	5.46733347998339969109	1.99997105928408203113	0.10001298089996725482	0.03649542068894978675
0.36999999999999999556	1.00001252038568777536	0.40725967642058480411	0.59275284396511596086	5.48904539369953958783	1.99997163732063953923	0.10001249326100597470	0.03749554562155984344
0.38000000000000000444	1.00001213951783207712	0.38568094978622252667	0.61433118973162081922	5.51039620923170136990	1.99997230244670198829	0.10001199525850351657	0.03849566557414487583
0.39000000000000001332	1.00001170802750127820	0.36451164963853799339	0.63550005838897705157	5.53133392631237175152	1.99997306297925869778	0.10001148764986300677	0.03949578045064350285
0.40000000000000002220	1.00001122861692803845	0.34380289640876404711	0.65620833220818297615	5.55180798615369930360	1.99997392743541735349	0.10001097087785518203	0.04049589015942205161
0.41000000000000003109	1.00001069830041511288	0.32360426642565831568	0.67640643187477289544	5.57177065800294180065	1.99997490130648403195	0.10001040398900151729	0.04149599419931206817
0.41999999999999998446	1.00001010809528101397	0.30396365991859536360	0.69604644817670457968	5.59117583144974883425	1.99997598883121696645	0.10000978627220193096	0.04249609206203408540
0.42999999999999999334	1.00000945304319954765	0.28492717891819335785	0.71508227412501945697	5.60997792450703780531	1.99997720045933879973	0.10000915846816121890	0.04349618364671569565
0.44000000000000000222	1.00000872827904552231	0.26653900694704812935	0.73346972133201882027	5.62813326667614610699	1.99997854627634796820	0.10000852270831898927	0.04449626887379888596
0.45000000000000001110	1.00000792905746949124	0.24884129530631018956	0.75116663375117997958	5.64560021190687510995	1.99998003609459229502	0.10000788079118812235	0.04549634768171076371
0.46000000000000001998	1.00000705078015683647	0.23187405609094846604	0.76813299468922702218	5.66233924471056759842	1.99998167941248738977	0.10000723426147270501	0.04649642002432548965
0.47000000000000002887	1.00000608902279597423	0.21567506223088631079	0.78433102679193023032	5.67831307916464389507	1.99998348537313863638	0.10000658446562037118	0.04749648586898169017
0.47999999999999998224	1.00000504430685843715	0.20027975493421182329	0.79972528937266318394	5.69348677887327880853	1.99998546265554399959	0.10000593267742576009	0.04849654519575594819
0.48999999999999999112	1.00000389898904118446	0.18572115739371741761	0.81428274159534419496	5.70782770460061517070	1.99998762852123990186	0.10000527558927574390	0.04949659795164870757
0.50000000000000000000	1.00000265820358835711	0.17202980046537913461	0.82797285773823114940	5.72130582972545376208	1.99998998186682364064	0.10000462225625134094	0.05049664417421122209
0.51000000000000000888	1.00000131854705021084	0.15923365029826436201	0.84076766824880955209	5.73389362700947380347	1.99999253005616872692	0.10000396976423107931	0.05149668387185353524
0.52000000000000001776	0.99999987693957947954	0.14735804805510277493	0.85264182888449668862	5.74556617972226746360	1.99999527970443935487	0.10000331894720608517	0.05249671706132559568
0.53000000000000002665	0.99999850719069605098	0.13642566406539868851	0.86357284312531745751	5.75630224252158484433	1.99999590648316649677	0.10000328651229616062	0.05349674992644855992
0.54000000000000003553	0.99999892682487045992	0.12645783296041759880	0.87354109386447209573	5.76609122324134215631	1.99999891022399256535	0.10000266719115152858	0.05449677659836007354
0.55000000000000004441	0.99999948964022289388	0.11747043856467700995	0.88252905107557411135	5.77490762812003932680	1.99999776636371096039	0.10000228919560970320	0.05549679949031616905
0.56000000000000005329	1.00000003841066154031	0.10947786255273304901	0.89052217585795623300	5.78273653514429319955	1.99999665141131588442	0.10000192585608816409	0.05649681874887704791
0.57000000000000006217	1.00000057219544191689	0.10249169003915439835	0.89750888215631752232	5.78956669245421373660	1.99999556808547551690	0.10000157757324874830	0.05749683452460953303
0.57999999999999996003	1.00000109047121776840	0.09652068868186441941	0.90348040178937816247	5.79538964510745646663	1.99999451785688919792	0.10000124505261646923	0.05849684697513569953
0.58999999999999996891	1.00000159279174760663	0.09157080649837859299	0.90843078629339479857	5.80019973483794881730	1.99999350186996371903	0.10000092861602159766	0.05949685626129591620
0.59999999999999997780	1.00000207869831103658	0.08764517817198445859	0.91235690052635887159	5.80399409265001686720	1.99999252119075054956	0.10000062843581593308	0.06049686254565407595
0.60999999999999998668	1.00000254771041818813	0.08474413973991894167	0.91525840797052859799	5.80677262417628536895	1.99999157691848794549	0.10000034448743894133	0.06149686599052846259
0.61999999999999999556	1.00000299933252345674	0.08286525154798157766	0.91713774778457168857	5.80853798650433272854	1.99999067020488130453	0.10000007670953718619	0.06249686675762383681
0.63000000000000000444	1.00000343303177086085	0.08200332933209547592	0.91800010369971063451	5.80929555600193570086	1.99998980224957034757	0.09999982506861763987	0.06349686500831001890
0.64000000000000001332	1.00000384822736010371	0.08215048326687407476	0.91785336496052483124	5.80905338853226904661	1.99998897431862521223	0.09999958946987191899	0.06449686090300874031
0.65000000000000002220	1.00000424428258938292	0.08329616479456160294	0.91670807948806365406	5.80782217230665409602	1.99998818776018727483	0.09999936975622317203	0.06549685460057097508
0.66000000000000003109	1.00000462049950100685	0.08542722102408746576	0.91457739947545035886	5.80561517325417231206	1.99998744401364114687	0.09999916571728603709	0.06649684625774383850
0.67000000000000003997	1.00000497696615453513	0.08852795656789250178	0.91147702039829969767	5.80244817800022616439	1.99998674461366832134	0.09999897709886122754	0.06749683602873245147
0.68000000000000004885	1.00000531151454841172	0.09258020202588852776	0.90742510948870436227	5.79833941062452939974	1.99998609101853386250	0.09999879791029231413	0.06849682400783536906
0.69000000000000005773	1.00000562353688637884	0.09756338996685458287	0.90244223357007136155	5.79330946971675153634	1.99998548484290528116	0.09999863900657862681	0.06949681039790114867
0.70000000000000006661	1.00000591196285792961	0.10345463691806763840	0.89655127504483234091	5.78738124405317666543	1.99998492879728462235	0.09999849474936726990	0.07049679534539482484
0.70999999999999996447	1.00000617579520922895	0.11022883170993348634	0.88977734408531583554	5.78057982427855954199	1.99998442473778692552	0.09999836467265937889	0.07149677899212142362
0.71999999999999997335	1.00000641399697065559	0.11785872968907830372	0.88214768430792667164	5.77293240839490362504	1.99998397456400311967	0.09999824845074992141	0.07249676147662892367
0.72999999999999998224	1.00000667707217583136	0.12631506778952483749	0.87369160928269606892	5.76446847615024005052	1.99998357895658518402	0.09999814375351220863	0.07349674291416403993
0.73999999999999999112	1.00000691398700891632	0.13556666014115717478	0.86444025384588785155	5.75521805613976678018	1.99998296768039485194	0.09999924777590488145	0.07449673539192308569
0.75000000000000000000	1.00000710871870945873	0.14558049003420367451	0.85442661868454961027	5.74521469109804705511	1.99998256048027123200	0.09999923625106955927	0.07549672775443377892
0.76000000000000000888	1.00000725897854514379	0.15632183192245716064	0.84368542705613225330	5.73449294342574944494	1.99998223970914423830	0.09999924060990149355	0.07649672016053279955
0.77000000000000001776	1.00000736206633589198	0.16775437276984900281	0.83225298929652602453	5.72308893792444894899	1.99998201042477119493	0.09999926142125895034	0.07749671277474538822
0.78000000000000002665	1.00000741521657676714	0.17984033349158037862	0.82016708172503571816	5.71104024274231925062	1.99998187793241033461	0.09999929841492811999	0.07849670575889466928
0.79000000000000003553	1.00000741568864714992	0.19254059350830818320	0.80746682218038334788	5.69838574593995961237	1.99998184754685937037	0.09999935121774747304	0.07949669927107214096
0.80000000000000004441	1.00000736081618524231	0.20581481801042811330	0.79419254280580287020	5.68516552925627660642	1.99998192449500344914	0.09999941942862092259	0.08049669346535834324
0.81000000000000005329	1.00000724804428275938	0.21962158750504365279	0.78038566053928593025	5.67142073962138848486	1.99998211384158408599	0.09999950263351690960	0.08149668849169351692
0.82000000000000006217	1.00000707496385632389	0.23391852921366840246	0.76608854575023255240	5.65719345888147007173	1.99998242042182683420	0.09999960040983049692	0.08249668449579182494
0.83000000000000007105	1.00000683934738709979	0.24866244988680782924	0.75134438946062298559	5.64252657218016739904	1.99998284876532128607	0.09999971232890261796	0.08349668161908084529
0.83999999999999996891	1.00000653918724347058	0.26380946960119339151	0.73619706958609265612	5.62746363542575434025	1.99998340301828281262	0.09999983795896714989	0.08449667999867051249
0.84999999999999997780	1.00000617273708569677	0.27931515610675722305	0.72069101663037282712	5.61204874227122108010	1.99998408685962569820	0.09999997686800443653	0.08549667976735055019
0.85999999999999998668	1.00000573855631169629	0.29513465929322602044	0.70487107926312708717	5.59632639102895268479	1.99998490341232315615	0.10000012862617231602	0.08649668105361227322
0.86999999999999999556	1.00000523554882025934	0.31122284534796751387	0.68878239020089482292	5.58034135189001112565	1.99998585515403215496	0.10000029280734994142	0.08749668398168576611
0.88000000000000000444	1.00000466303928314815	0.32753443019800376756	0.67247023284132256826	5.56413853511009559583	1.99998694380754704625	0.10000046898882095081	0.08849668867157398089
0.89000000000000001332	1.00000402079265038324	0.34402411179525160811	0.65597990899744418325	5.54776285999268470306	1.99998817027980968497	0.10000065676104838430	0.08949669523918446501
0.90000000000000002220	1.00000330906811329967	0.36064670086835232121	0.63935660819980832947	5.53125912564728938747	1.99998953454783601202	0.10000085572629369146	0.09049670379644740581
0.91000000000000003109	1.00000252866527605811	0.37735724973352530176	0.62264527893179510976	5.51467188364572002968	1.99999103557872359715	0.10000106546174847288	0.09149671445106488665
0.92000000000000003997	1.00000168096167163512	0.39411117878053236740	0.60589050218118456481	5.49804531293762810407	1.99999267124817392549	0.10000128553285472788	0.09249672730639343921
0.93000000000000004885	1.00000076885624133993	0.41086440056117284891	0.58913636829511728532	5.48142310261702458973	1.99999443830471479444	0.10000151531530446225	0.09349674245954647800
0.94000000000000005773	0.99999979505547209602	0.42757344003350439277	0.57242635502201444364	5.46484832276492049630	1.99999633360676698501	0.10000175387617643574	0.09449675999830824125
0.95000000000000006661	0.99999876142296106885	0.44419555140808181237	0.55580321001492727362	5.44836330564625903605	1.99999835056251695775	0.10000200219137983515	0.09549678002022203571
0.95999999999999996447	0.99999767163038266737	0.46068883295566720459	0.53930883867476309135	5.43200954582407113946	2.00000048268801089435	0.10000225779017489491	0.09649680259812377925
0.96999999999999997335	0.99999652993802190526	0.47701233609908655353	0.52298419383898486767	5.41582758571387845592	2.00000272214769347912	0.10000252007672652543	0.09749682779889104478
0.97999999999999998224	0.99999534114610277857	0.49312617066209396555	0.50686917048405610853	5.39985691110509602453	2.00000505999723587891	0.10000278839983253731	0.09849685568288936433
0.98999999999999999112	0.99999411052749587192	0.50899160550627597921	0.49100250502127162910	5.38413585119781323840	2.00000748630035918296	0.10000306202351974538	0.09949688630312455984
1.00000000000000000000	0.99999284374206276471	0.52457116429685990422	0.47542167944525193235	5.36870148342188002744	2.00000999028004455838	0.10000334010542182017	0.10049691970417877485
1.01000000000000000888	0.99999154673414158978	0.53982871615807592747	0.46016283057612145102	5.35358954329551561813	2.00001256050537978837	0.10000362168033662125	0.10149695592098213759
1.02000000000000001776	0.99999022561592021408	0.55472956099878101277	0.44526066461718516454	5.33883433956426767253	2.00001518510803766304	0.10000390564887985667	0.10249699497747093158
1.03000000000000002665	0.99998888654015605226	0.56924050930989888997	0.43074837723030812153	5.32446867484439767537	2.00001785202323523194	0.10000419077173521021	0.10349703688518828437
1.04000000000000003553	0.99998753556663300124	0.58332995625607464429	0.41665757931061836450	5.31052377197168823386	2.00002054924672600933	0.10000447566993517223	0.10449708164188763193
1.05000000000000004441	0.99998617852700433239	0.59696794990559809424	0.40301822862145580961	5.29702920623495376873	2.00002326509990835390	0.10000475883142982692	0.10549712923020193589
1.06000000000000005329	0.99998482089275819717	0.61012625346404092408	0.38985856742876867642	5.28401284364546341976	2.00002598849400969883	0.10000503862384595155	0.10649717961644039610
1.07000000000000006217	0.99998346765118195645	0.62277840139894369287	0.37720506625229227593	5.27150078536655808392	2.00002870918179764814	0.10000531331313877725	0.10749723274957177777
1.08000000000000007105	0.99998212319305412876	0.63489974936454729448	0.36508237382856406628	5.25951731839845670891	2.00003141799273098655	0.10000558108722744366	0.10849728856044404957
1.09000000000000007994	0.99998079121558791638	0.64646751785728051587	0.35351327335836729704	5.24808487258525779851	2.00003410703981820973	0.10000584008435554895	0.10949734696128760048
1.10000000000000008882	0.99997947464275749319	0.65746082955412032955	0.34251864508869200865	5.23722398398297883659	2.00003676989490264404	0.10000608842346996041	0.11049740784552229689
1.11000000000000009770	0.99997817556407464501	0.66786074030722519801	0.33211743525690989864	5.22695326460015152747	2.00003940172943828202	0.10000632423662467185	0.11149747108788854444
1.12000000000000010658	0.99997689519234722599	0.67765026378940973473	0.32232663140299272486	5.21728937850059537595	2.00004199941808424867	0.10000654570166786494	0.11249753654490522725
1.13000000000000011546	0.99997563383963905537	0.68681438980568298991	0.31316124403401102150	5.20824702423418539610	2.00004456160671351128	0.10000675107299250577	0.11349760405563515120
1.14000000000000012434	0.99997439091323203630	0.69534009630602766627	0.30463429460726848541	5.19983892365890731924	2.00004708872385661422	0.10000693863999773892	0.11449767344203512498
1.15000000000000013323	0.99997316492236776320	0.70321635514829505809	0.29675680977413892991	5.19207581692204023227	2.00004958298921931004	0.10000710678064238246	0.11549774450984154339
1.15999999999999992006	0.99997195349577494561	0.71043413169382463312	0.28953782180202325414	5.18496646338186462089	2.00005204841303196872	0.10000725409969760116	0.11649781705083851746
1.16999999999999992895	0.99997075341234431534	0.71698637833460465707	0.28298437507780660471	5.17851764864819141820	2.00005449071784502380	0.10000737938059406362	0.11749789084464445921
1.17999999999999993783	0.99996956065579101214	0.72286802403793692928	0.27710153661792380486	5.17273418868437673268	2.00005638052450640529	0.10000750759123488987	0.11849796592055680811
1.18999999999999994671	0.99996837039580233064	0.72807595037210681710	0.27189242002376434737	5.16761897429770300505	2.00005878093848732391	0.10000758651664072574	0.11949804178572322189
1.19999999999999995559	0.99996717712959592994	0.73260897302701943890	0.26735820410265032088	5.16317297045146617052	2.00006118212910433130	0.10000764099281850283	0.12049811819565141302
1.20999999999999996447	0.99996597469497450206	0.73646781061061517004	0.26349816408443432758	5.15939525419849331911	2.00006359559736468512	0.10000767054757675467	0.12149819490112717668
1.21999999999999997335	0.99996475633173342867	0.73965504984566898816	0.26030970648614160101	5.15628304979966589627	2.00006603410457950432	0.10000767486953258956	0.12249827164982250716
1.22999999999999998224	0.99996351874521238745	0.74217510800523023295	0.25778841074005520717	5.15383178920167761561	2.00006851155831499867	0.10000765377583434312	0.12349834818758084753
1.23999999999999999112	0.99996224194456240220	0.74403417477594224749	0.25592806716869681560	5.15203506032628322231	2.00007105092263470780	0.10000760274885116263	0.12449842421506936152
1.25000000000000000000	0.99996092625686250344	0.74524018881369713529	0.25472073744323642241	5.15088482777258516165	2.00007365921396385033	0.10000753076640035710	0.12549849952273336995
1.26000000000000000888	0.99995956321080203821	0.74580276166666636950	0.25415680154421327330	5.15037135567809656322	2.00007635307114961520	0.10000743337619465156	0.12649857385649532215
1.27000000000000001776	0.99995814405959204674	0.74573312611310726972	0.25422501794655988361	5.15048330376307728073	2.00007914960507582336	0.10000731062532858262	0.12749864696274859632
1.28000000000000002665	0.99995665984138182303	0.74504407384793436275	0.25491258599352867309	5.15120778989562477790	2.00008206646279163010	0.10000716253027519542	0.12849871858805134162
1.29000000000000003553	0.99995510142820454025	0.74374988948993225879	0.25620521193835155138	5.15253045627568795339	2.00008512172938690554	0.10000698904823029922	0.12949878847853363295
1.30000000000000004441	0.99995345956743308946	0.74186628119474529175	0.25808717837276284879	5.15443553897968165245	2.00008833382509676468	0.10000679006180200614	0.13049885637915165093
1.31000000000000005329	0.99995172493378703393	0.73941030813453267889	0.26054141679933251474	5.15690594069354091289	2.00009172137090640575	0.10000656538480419411	0.13149892203299970439
1.32000000000000006217	0.99994988820360131143	0.73640030509889820021	0.26354958310477633043	5.15992330642266416874	2.00009530302731253215	0.10000631478123947482	0.13249898518081210108
1.33000000000000007105	0.99994794014162780016	0.73285580449384635227	0.26709213564785450057	5.16346810183134419248	2.00009909732185464648	0.10000603798189150462	0.13349904556063102445
1.34000000000000007994	0.99994590809496908257	0.72879751433725359355	0.27114839375779381525	5.16751972002001203066	2.00010148816532495886	0.10000668512295644852	0.13449911241186057742
1.35000000000000008882	0.99994377284029489772	0.72424708580326646601	0.27569668703710731306	5.17205670053658472796	2.00010563474222902158	0.10000647592032023414	0.13549917717106377268
1.36000000000000009770	0.99994355935711265460	0.71922782064558743453	0.28071573871160132585	5.17706903487150249532	2.00011002533176451834	0.10000623937269455255	0.13649923956479070863
1.37000000000000010658	0.99994343116418649142	0.71376268535852593899	0.28618074580573643617	5.18252168748568209367	2.00011028256023415395	0.10000624698501166254	0.13749930203464083567
1.38000000000000011546	0.99994329481609756094	0.70787590450525861296	0.29206739031090911407	5.18839004809192427814	2.00011055395320758166	0.10000626022648895219	0.13849936463690573629
1.39000000000000012434	0.99994314943382567318	0.70159246981589373782	0.29835067961800487701	5.19464924044489251287	2.00011084402296068774	0.10000628288415150391	0.13949942746574725549
1.40000000000000013323	0.99994299430435629183	0.69493797851945970923	0.30500501578496691524	5.20127379523772859216	2.00011115444497233895	0.10000631704214275886	0.14049949063616867795
1.40999999999999992006	0.99994282872610973367	0.68793854509738550096	0.31200428362880044952	5.20823773690741820275	2.00011148663884430476	0.10000636438763521596	0.14149955428004504232
1.41999999999999992895	0.99994265246762392696	0.68062071359770992540	0.31932193886998699872	5.21551467303257076935	2.00011184207245529265	0.10000642649646573901	0.14249961854500969860
1.42999999999999993783	0.99994246359351590669	0.67301136847568321375	0.32693109511790863220	5.22307787715299109976	2.00011222272344602047	0.10000649797363264648	0.14349968352474601341
1.43999999999999994671	0.99994226186996848504	0.66513765004732239294	0.33480461182271892273	5.23090037451499334509	2.00011262990316396326	0.10000659373733447599	0.14449974946211935345
1.44999999999999995559	0.99994204636024219823	0.65702686666206744359	0.34291517969824769629	5.23895503168403298133	2.00011306572266489567	0.10000670837679775937	0.14549981654588733937
1.45999999999999996447	0.99994181604098753002	0.64870641026161446341	0.35123540577944545316	5.24721463870987392397	2.00011353233563493603	0.10000684304850092354	0.14649988497637234097
1.46999999999999997335	0.99994156979900283844	0.64020367289221569163	0.35973789690685847864	5.25565199188072362801	2.00011403209115457003	0.10000699878646020224	0.14749995496423695673
1.47999999999999998224	0.99994130643153511517	0.63154596488081204964	0.36839534155079872724	5.26423997485186045964	2.00011456753081917626	0.10000717648148967076	0.14850002672905185386
1.48999999999999999112	0.99994102465093281928	0.62276043490829235960	0.37718058974271312378	5.27295163794484000874	2.00011514138169976817	0.10000737686119397230	0.14950010049766379594
1.50000000000000000000	0.99994072309511827790	0.61387399220330496341	0.38606673089188858761	5.28176027538215286938	2.00011575653925710583	0.10000760048871419616	0.15050017650255093082
1.51000000000000000888	0.99994040034526032734	0.60491323106913008623	0.39502716927621067677	5.29063950020887840964	2.00011641603765388808	0.10000784778260696228	0.15150025498037700267
1.52000000000000001776	0.99994005494282611757	0.59590435793770724082	0.40403569700519487151	5.29956331664673374604	2.00011712300407529241	0.10000811903977363526	0.15250033617077474180
1.53000000000000002665	0.99993968544950762034	0.58687312117529444322	0.41306656427428850575	5.30850618982796351730	2.00011788059767292580	0.10000841441981617175	0.15350042031497290740
1.54000000000000003553	0.99993929047941898514	0.57784474376570471588	0.42209454671379287305	5.31744311298904470675	2.00011869179822987519	0.10000873410615018777	0.15450050765603440261
1.55000000000000004441	0.99993893844780123992	0.56884390141679053166	0.43109503703109447459	5.32635001761209547766	2.00011955930825635619	0.10000907620502667850	0.15550059841808466787
1.56000000000000005329	0.99993855485815696937	0.55989441960907981866	0.44004413524916075051	5.33520841680801982676	2.00011889455937152960	0.10000482359440115987	0.15650064665402868558
1.57000000000000006217	0.99993812972820850238	0.55101945571263333257	0.44891867401566298845	5.34399048790502018136	2.00011971400351695749	0.10000456364546224386	0.15750069229048330177
1.58000000000000007105	0.99993765933556377767	0.54224150719521102548	0.45769615214043940510	5.35267396126521699529	2.00012062106619881163	0.10000429345849148888	0.15850073522506821777
1.59000000000000007994	0.99993714000315914170	0.53358226120461560438	0.46635487879862841387	5.36123737950135836883	2.00012162320539887972	0.10000401216662611892	0.15950077534673448576
1.60000000000000008882	0.99993656814070885908	0.52506254783724770618	0.47487402030354813887	5.36966014186932572017	2.00012272765946974573	0.10000371969399053651	0.16050081254367440375
1.61000000000000009770	0.99993594022084630879	0.51670229712228121777	0.48323364309865812771	5.37792254577457740083	2.00012394149075234395	0.10000341616534737244	0.16150084670532788289
1.62000000000000010658	0.99993525275046812872	0.50852049979424862602	0.49141475295630682174	5.38600582478578360224	2.00012527165408959817	0.10000310179266855282	0.16250087772325455537
1.63000000000000011546	0.99993450225098212680	0.50053517190241192392	0.49939933034866140771	5.39389218298019201825	2.00012672505048261229	0.10000277686855293946	0.16350090549194007394
1.64000000000000012434	0.99993368523903092271	0.49276332328273181327	0.50717036195638576235	5.40156482568373164099	2.00012830857102708038	0.10000244162710221485	0.16450092990821110761
1.65000000000000013323	0.99993279821167524446	0.48522092991059745382	0.51471186830116766320	5.40900798631253820759	2.00013002913170989672	0.10000209633787436603	0.16550095087158986362
1.66000000000000014211	0.99993183763824078358	0.47792291014220367185	0.52200892749612681776	5.41620694947111669393	2.00013189369478983082	0.10000174125766272959	0.16650096828416649508
1.66999999999999992895	0.99993079995488687306	0.47088310483305545473	0.52904769512192584280	5.42314807024405620695	2.00013390928202428043	0.10000137662693829588	0.16750098205043587041
1.67999999999999993783	0.99992968156204853347	0.46411426131226918290	0.53581542024987094397	5.42981878969842313154	2.00013608298362122184	0.10000100266628932089	0.16850099207709876015
1.68999999999999994671	0.99992847882391788783	0.45762802117839740390	0.54230045764561596311	5.43620764662256483746	2.00013842196075630753	0.10000061957476612251	0.16950099827284642595
1.69999999999999995559	0.99992718806975477985	0.45143491187050599489	0.54849227619934115552	5.44230428554272371855	2.00014093344363308447	0.10000022752960908978	0.17050100054814251727
1.70999999999999996447	0.99992580559644617111	0.44554434195639047722	0.55438146364014639911	5.44809946107145215421	2.00014362472784146263	0.09999982668692658505	0.17150099881501179588
1.71999999999999997335	0.99992442331151565327	0.43996468304422625684	0.55995974026738992713	5.45358542749077113143	2.00014439109555963725	0.10000037778529452526	0.17250100259286474391
1.72999999999999998224	0.99992290237311554080	0.43470301947050943303	0.56521988290269620236	5.45875461255847937991	2.00014736376762591874	0.10000003156788164760	0.17350100290854356122
1.73999999999999999112	0.99992327713208750684	0.42976625635657195179	0.57015702077561281058	5.46361118669357104238	2.00015052780264257493	0.09999967691354588739	0.17450099967767901399
1.75000000000000000000	0.99992376418022566043	0.42515859118517895787	0.57476517299514207071	5.46814155239046861823	2.00014959092215205416	0.09999957618074890864	0.17550099543948649572
1.76000000000000000888	0.99992422959727056408	0.42088383087632502688	0.57904039872104517972	5.47234126086887062712	2.00014869390822491724	0.09999949591335734189	0.17650099039862007788
1.77000000000000001776	0.99992467128115192221	0.41694477686085867907	0.58297989442039488406	5.47620761555174162538	2.00014784575015491797	0.09999943194130721247	0.17750098471803316125
1.78000000000000002665	0.99992508829794235492	0.41334317739646309064	0.58658191090158129377	5.47973896558643502885	2.00014704906714824162	0.09999938796645908845	0.17850097859769775699
1.79000000000000003553	0.99992547995199687616	0.41007974872963348645	0.58984573122246841681	5.48293468140397166621	2.00014630524302639003	0.09999936564734665523	0.17950097225417122049
1.80000000000000004441	0.99992584569743636624	0.40715419938512004139	0.59277164631242118542	5.48579512996767526545	2.00014561528401291213	0.09999936648239493575	0.18050096591899517096
1.81000000000000005329	0.99992618509881125988	0.40456525706473323023	0.59536092803418272368	5.48832164767063801492	2.00014497997739626456	0.09999939186558944038	0.18150095983765107688
1.82000000000000006217	0.99992649781010134458	0.40231069798679836014	0.59761579982340151673	5.49051651092314241254	2.00014439995792647764	0.09999944309776946649	0.18250095426862877890
1.83000000000000007105	0.99992678356491526692	0.40038737850503802740	0.59953940505998304378	5.49238290456275546347	2.00014387573938989817	0.09999952138587210604	0.18350094948248749094
1.84000000000000007994	0.99992704217470607109	0.39879126884319343604	0.60113577333161394289	5.49392488823464564263	2.00014340772368948151	0.09999962783860895377	0.18450094576087358589
1.85000000000000008882	0.99992727353101251708	0.39751748878097387108	0.60240978475014772542	5.49514736087298061307	2.00014299620737423524	0.09999976349338969561	0.18550094339580747160
1.86000000000000009770	0.99992747762726863492	0.39656034512688764782	0.60336713250049600621	5.49605602358041167577	2.00014264132253005712	0.09999992917642923362	0.18650094268757175242
1.87000000000000010658	0.99992765457497434500	0.39591337079845040359	0.60401428377663224367	5.49665734090206292706	2.00014234302812887734	0.10000012567758728710	0.18750094394434763112
1.88000000000000011546	0.99992780462559849308	0.39556936534679487671	0.60435843927891075289	5.49695850068622515749	2.00014210106605849759	0.10000035364789147674	0.18850094748082654728
1.89000000000000012434	0.99992792819432851914	0.39552043674605447121	0.60440749144838790130	5.49696737273615365638	2.00014191490174164656	0.10000061361454315456	0.18950095361697197327
1.90000000000000013323	0.99992802588448947976	0.39575804431162808772	0.60416998157297674421	5.49669246563770830249	2.00014178398309905305	0.10000090675139076957	0.19050096268448588055
1.91000000000000014211	0.99992809900615786667	0.39627304282312109107	0.60365505618315529190	5.49614288707067277784	2.00014170683574477039	0.10000123271872833619	0.19150097501167315239
1.91999999999999992895	0.99992814824756992564	0.39705572626614593634	0.60287242198154200601	5.49532830041316078251	2.00014168179695950300	0.10000158802340537723	0.19250099089190719770
1.92999999999999993783	0.99992824422685366859	0.39809590068910405414	0.60183234353786396742	5.49425922958397983109	2.00014170291286585979	0.10000197605455449223	0.19350101065245273180
1.93999999999999994671	0.99992831278715432752	0.39938275568209602451	0.60054555710517643075	5.49295031310316428375	2.00013997688317823886	0.09999878613217751122	0.19450099851377450344
1.94999999999999995559	0.99992834981356748525	0.40090508175696021320	0.59902326805671879395	5.49140884818091645769	2.00013989931306479519	0.09999874377217650434	0.19550098595149625891
1.95999999999999996447	0.99992835417211811677	0.40265137326954014707	0.59727698090269432107	5.48964626657531695741	2.00013988622047822474	0.09999870457790920042	0.19650097299727534161
1.96999999999999997335	0.99992832464029612893	0.40460979486526427173	0.59531852977515165026	5.48767432714691150153	2.00013993965368497285	0.09999866645942760701	0.19750095966186961838
1.97999999999999998224	0.99992826004027235420	0.40676822745188478958	0.59316003258851179858	5.48550506795685866024	2.00014006195711813163	0.09999862870494898026	0.19850094594891912192
1.98999999999999999112	0.99992815924459188537	0.40911431382333740547	0.59081384542137549420	5.48315076011003377232	2.00014025539606521420	0.09999859095191818148	0.19950093185843831289
2.00000000000000000000	0.99992802115865586643	0.41163550379525321032	0.58829251736352439206	5.48062386245381638616	2.00014052214195503510	0.09999855297600761250	0.20050091738819839082
2.01000000000000023093	0.99992784469862805441	0.41431909871286215497	0.58560874598589285345	5.47793697709251059536	2.00014086431014970202	0.09999851460989593599	0.20150090253429733811
2.02000000000000001776	0.99992762877069762961	0.41715229519761176658	0.58277533357320987495	5.47510280578738672830	2.00014128400208734959	0.09999847570272615838	0.20250088729132459386
2.03000000000000024869	0.99992737225361949527	0.42012222800502657671	0.57980514424871820722	5.47213410733596461455	2.00014178334612546806	0.09999843609706385306	0.20350087165229524544
2.04000000000000003553	0.99992707398526115004	0.42321601187309632053	0.57671106211229272720	5.46904365603023201459	2.00014236452906946084	0.09999839561524946630	0.20450085560844774579
2.04999999999999982236	0.99992673275294730040	0.42642078224739260461	0.57350595050568276001	5.46584420129198456095	2.00014302981993408181	0.09999835405145257594	0.20550083914896227766
2.06000000000000005329	0.99992634728718376991	0.42972373477633674099	0.57020261251097570376	5.46254842857979117099	2.00014378158686101372	0.09999831116691555721	0.20650082226063143365
2.06999999999999984013	0.99992591625846605208	0.43311216347753739297	0.56681375278106493898	5.45916892165306677498	2.00014462230714729074	0.09999826669013253677	0.20750080492753275596
2.08000000000000007105	0.99992543827674740253	0.43657349748361390374	0.56335194079326633698	5.45571812628208441254	2.00014555457226972379	0.09999822031644671483	0.20850078713069722380
2.08999999999999985789	0.99992491189275634067	0.44009533628341368505	0.55982957560947366193	5.45220831547729023470	2.00014658108758869304	0.09999817171028840823	0.20950076884780011177
2.10000000000000008882	0.99992433560136850801	0.44366548338262334905	0.55625885221887305665	5.44865155630957165300	2.00014770466871105725	0.09999812050969997257	0.21050075005289711760
2.10999999999999987566	0.99992370784519701843	0.44727197831424708729	0.55265172953108132603	5.44505967839775273376	2.00014892823253598308	0.09999806632024106634	0.21150073071609953868
2.12000000000000010658	0.99992302703400270936	0.45090312694739320687	0.54901990008673962063	5.44144424414378846677	2.00015025478145869187	0.09999800874371299331	0.21250071080353666320
2.12999999999999989342	0.99992229174540436798	0.45454752999394532065	0.54537476175159294023	5.43781652219059097320	2.00015168744381011123	0.09999794744373929900	0.21350069027797405341
2.14000000000000012434	0.99992149940746644088	0.45819410943367777644	0.54172738997392155813	5.43418745159042249071	2.00015323266632272237	0.09999788335084365543	0.21450066911148249482
2.14999999999999991118	0.99992064756580734119	0.46183213383590387968	0.53808851373004018548	5.43056762718876928631	2.00015489320488626390	0.09999781477396174623	0.21550064725922210562
2.16000000000000014211	0.99991973434863157255	0.46545124153452976934	0.53446849281423736144	5.42696727745164508860	2.00015667300077870649	0.09999774152673510108	0.21650062467448946690
2.16999999999999992895	0.99991875787350759097	0.46904146147167491421	0.53087729640196745784	5.42339624149756982519	2.00015857577167821546	0.09999766314283710378	0.21750060130591783447
2.18000000000000015987	0.99991771625344672003	0.47259323238880585061	0.52732448386477648317	5.41986395034994483666	2.00016060525718808449	0.09999757916497639676	0.21850057709756759428
2.18999999999999994671	0.99991660760441303246	0.47609742009667743723	0.52381918750786771177	5.41637941008739876025	2.00016276520495228652	0.09999748915108558345	0.21950055198907844622
2.20000000000000017764	0.99991543005414507128	0.47954533282289263374	0.52037009723139082684	5.41295118690528376248	2.00016505935279687023	0.09999739267756566075	0.22050052591585408979
2.20999999999999996447	0.99991418175213242492	0.48292873464260971383	0.51698544710966420901	5.40958739408515398850	2.00016749141052851968	0.09999728934143393977	0.22150049880926842016
2.22000000000000019540	0.99991286088093700446	0.48623985700464117388	0.51367300387643077819	5.40629568086321654619	2.00017006503736727296	0.09999717876214622714	0.22250047059688987661
2.22999999999999998224	0.99991146566884603342	0.48947140837138958247	0.51044005729760233425	5.40308322317869826890	2.00017278381923624409	0.09999706058331835068	0.22350044120272305470
2.24000000000000021316	0.99991003712186876662	0.49261660049036043452	0.50729343663164783163	5.39995676428592918938	2.00017446890312156071	0.09999799886391047554	0.22450042119136215391
2.25000000000000000000	0.99990852252772266517	0.49566909359760941145	0.50423942893026196810	5.39692246443035550385	2.00017743562940220059	0.09999791400572552447	0.22550040033141940943
2.26000000000000023093	0.99990795809604404720	0.49862343444447454477	0.50128452365172093685	5.39399171817046152455	2.00018055216301471333	0.09999782389263368876	0.22650037857034574507
2.27000000000000001776	0.99990833083850882979	0.50147431407852161023	0.49843401676013099344	5.39116955444864043301	2.00018178031973148379	0.09999786132936433480	0.22750035718363939563
2.28000000000000024869	0.99990878610296340945	0.50421664844359093127	0.49569213765952729878	5.38845595618503647728	2.00018087614001416341	0.09999802507076631375	0.22850033743434705613
2.29000000000000003553	0.99990921616606853739	0.50684605286539152758	0.49306316330083055366	5.38585460340575927773	2.00018002204194944582	0.09999818718755798530	0.22950031930622263876
2.30000000000000026645	0.99990962038090702713	0.50935869925041588058	0.49055092113064485693	5.38336922890432667543	2.00017922125655145393	0.09999835582122622302	0.23050030286443490279
2.31000000000000005329	0.99990999842878891535	0.51175125028767454172	0.48815874814127085957	5.38100307985145054346	2.00017847466235698661	0.09999853203490527420	0.23150028818478396442
2.31999999999999984013	0.99991035015433793465	0.51402085364831107128	0.48588949650619467358	5.37875892276969658212	2.00017778239763588388	0.09999871663364877372	0.23250027535112044452
2.33000000000000007105	0.99991067552499157678	0.51616513483585435562	0.48374554068930275541	5.37663905058016222682	2.00017714430524051750	0.09999891027720579639	0.23350026445389249208
2.33999999999999985789	0.99991097467498823992	0.51818218839287688571	0.48172878628227733255	5.37464529409859181897	2.00017603177471681164	0.09999913978454041952	0.23450025585173789322
2.35000000000000008882	0.99991124771657757808	0.52007056913844207369	0.47984067857830320358	5.37277902356011605178	2.00017549237636371728	0.09999935356960534816	0.23550024938743394087
2.35999999999999987566	0.99991149489202391099	0.52182928007299800299	0.47808221481919027651	5.37104116787708907310	2.00017500574685147541	0.09999957781987686700	0.23650024516563269983
2.37000000000000010658	0.99991171651540533549	0.52345776067182814284	0.47645395584374045095	5.36943222399638386833	2.00017457130086562245	0.09999981288227896559	0.23750024329445548754
2.37999999999999989342	0.99991191296993287008	0.52495587372099639101	0.47495603924910012594	5.36795227012965003865	2.00017418840742111641	0.10000005898049739439	0.23850024388426047106
2.39000000000000012434	0.99991208471340520259	0.52632389118221079016	0.47358819353135978014	5.36660097999308050021	2.00017385637781552887	0.10000031626303680643	0.23950024704689085175
2.39999999999999991118	0.99991223228861270123	0.52756247916510545792	0.47234975312367882827	5.36537763794387867478	2.00017357444907695196	0.10000058478996322331	0.24050025289479048940
2.41000000000000014211	0.99991235634816399980	0.52867268209388318390	0.47123967425445589807	5.36428115498890178969	2.00017334173710503720	0.10000086453803300190	0.24150026154017081859
2.41999999999999992895	0.99991245769136893884	0.52965590614825130977	0.47025655154329115692	5.36331008556804622600	2.00017315716335231102	0.10000115540792178792	0.24250027309425004063
2.43000000000000015987	0.99991253730976348280	0.53051390205828319324	0.46939863525165514968	5.36246264476768441654	2.00017301942124658964	0.10000145746427613336	0.24350028766889281195
2.43999999999999994671	0.99991259651158259647	0.53124874742156791285	0.46866384909018848903	5.36173672736656481419	2.00017292615548214485	0.10000177026235089472	0.24450030537151631882
2.45000000000000017764	0.99991270892026629102	0.53186286595655307696	0.46804984296388962850	5.36113026182246965590	2.00017287588038383817	0.10000209348410145360	0.24550032630635734709
2.45999999999999996447	0.99991281558358102721	0.53235883423145990978	0.46755398135229214729	5.36064407796412467633	2.00017085770527280886	0.09999952715586721275	0.24650032157791601506
2.47000000000000019540	0.99991288733627392560	0.53273952301564875267	0.46717336432080519559	5.36027167212613075975	2.00017068481825477377	0.09999957845229394404	0.24750031736243896519
2.47999999999999998224	0.99991292447373225638	0.53300812721929125004	0.46690479725461414562	5.36000984934188551279	2.00017058162779903796	0.09999961823560510332	0.24850031354479501511
2.49000000000000021316	0.99991292583127888705	0.53316807478732708425	0.46674485104412044567	5.35985517638714448196	2.00017055079930017314	0.09999964668583798122	0.24950031001165340339
2.50000000000000000000	0.99991289027144392154	0.53322300808670686223	0.46668988218491475051	5.35980401099266501319	2.00017059467511648663	0.09999966385724470830	0.25050030665022582355
2.51000000000000023093	0.99991281671365084271	0.53317676450179907199	0.46673605221203245952	5.35985252069200068803	2.00017071540087520987	0.09999966989640222959	0.25150030334918982433
2.52000000000000001776	0.99991270412412491808	0.53303335705597099103	0.46687934706833950083	5.35999670164760555480	2.00017091498240873193	0.09999966498440567009	0.25250029999903389477
2.53000000000000024869	0.99991255150482671876	0.53279695513840374943	0.46711559636660826555	5.36023239749903712692	2.00017119532873088872	0.09999964931832265591	0.25350029649221711425
2.54000000000000003553	0.99991235787370968957	0.53247186538137625256	0.46744049249251784506	5.36055531815454511246	2.00017155823088499389	0.09999962337957196690	0.25450029272601282226
2.55000000000000026645	0.99991212226735270985	0.53206251279024641132	0.46784960947728904124	5.36096105819631052469	2.00017200559407992699	0.09999958676149768577	0.25550028859362777789
2.56000000000000005329	0.99991184373212693703	0.53157342214595593166	0.46833842158636618258	5.36144511541217827499	2.00017253915166648426	0.09999953996332748563	0.25650028399326108008
2.56999999999999984013	0.99991152132300598065	0.53100919973663052165	0.46890232158656836026	5.36200290878558671892	2.00017316061242755865	0.09999948307040794349	0.25750027882396514523
2.58000000000000007105	0.99991115410272279895	0.53037451548941805246	0.46953663861349104192	5.36262979630571479106	2.00017387148254055518	0.09999941599280023907	0.25850027298389316455
2.58999999999999985789	0.99991074112724098732	0.52967408567624729709	0.47023665545118392695	5.36332110612492929391	2.00017395831980238086	0.09999937173579862004	0.25950026670125114769
2.60000000000000008882	0.99991028144593219196	0.52891265531287967594	0.47099762613324042126	5.36407211260249905393	2.00017482269687718599	0.09999928847103742302	0.26050025958596151332
2.60999999999999987566	0.99990977418221782536	0.52809498234099772063	0.47181479184141356109	5.36487809263175829955	2.00017578160929732078	0.09999919632010474679	0.26150025154916256565
2.62000000000000010658	0.99990921849096670027	0.52722582152021513213	0.47268339697094152729	5.36573432827550256263	2.00017683673255497467	0.09999909555531355521	0.26250024250471570841
2.62999999999999989342	0.99990861356620108769	0.52630990911563657608	0.47359870445075996637	5.36663612193740480194	2.00017798967693405388	0.09999898644279560378	0.26350023236914366098
2.64000000000000012434	0.99990795864900061662	0.52535194820756703216	0.47455601044163087110	5.36757881092830491099	2.00017924197374830086	0.09999886926385741226	0.26450022106178222581
2.64999999999999991118	0.99990725294589699601	0.52435659457050820542	0.47555065837558851971	5.36855778123402060942	2.00018059499997180595	0.09999874423172677718	0.26550020850409949968
2.66000000000000014211	0.99990649490179694947	0.52332844301786729524	0.47657805188412849517	5.36956846866937631546	2.00018205379486690987	0.09999861355569705790	0.26650019463965646249
2.66999999999999992895	0.99990568308194416325	0.52227201523663369098	0.47763366784551308797	5.37060639098888792375	2.00018361867525484854	0.09999847517128063190	0.26750017939136927492
2.68000000000000015987	0.99990481672344433406	0.52119174800535428282	0.47871306871829316654	5.37166715482651468960	2.00018529177958948040	0.09999832948778727970	0.26850016268624715687
2.68999999999999994671	0.99990389512838184771	0.52009198170942494421	0.47981191341915924164	5.37274645981726095556	2.00018707438850373848	0.09999817688239032165	0.26950014445507103344
2.70000000000000017764	0.99990291766460936973	0.51897694973234476112	0.48092596793246950027	5.37384012274482092408	2.00018896819772828977	0.09999801694556045839	0.27050012462452666107
2.70999999999999996447	0.99990188466008311785	0.51785076979509003792	0.48205111486519675035	5.37494407252942263398	2.00019097424301728338	0.09999785009193458418	0.27150010312544597957
2.72000000000000019540	0.99990079401423503924	0.51671743126426195047	0.48318336275018097803	5.37605436545986492547	2.00019309346208951084	0.09999767617449213664	0.27250007988719088248
2.72999999999999998224	0.99989964611361381586	0.51558079167340309379	0.48431885444041616884	5.37716719327254910610	2.00019532647910702750	0.09999749622302392393	0.27350005484942113698
2.74000000000000021316	0.99989844065495103731	0.51444456670043969826	0.48545387395472067160	5.37827888867798264982	2.00019767422321459449	0.09999730988750024641	0.27450002794829614361
2.75000000000000000000	0.99989717744042749814	0.51331232394878878456	0.48658485349184710245	5.37938593293930367167	2.00020013718112510404	0.09999711739378383535	0.27549999912223399612
2.76000000000000023093	0.99989585638635503084	0.51218747699230759984	0.48770837939425759622	5.38048496173557389000	2.00020271561817697403	0.09999691899046567189	0.27649996831213863313
2.77000000000000001776	0.99989447753154658827	0.51107328016345709987	0.48882119736829704459	5.38157277027463010199	2.00020540956222747653	0.09999671494935204186	0.27749993546163215230
2.78000000000000024869	0.99989304104497089831	0.50997282407612187782	0.48992021696906018491	5.38264631766490797560	2.00020821878531052107	0.09999650556450458139	0.27849990051727718798
2.79000000000000003553	0.99989154723652806656	0.50888903186222123054	0.49100251537452055395	5.38370273072052896168	2.00021114264975308217	0.09999629172090980511	0.27949986343448629533
2.80000000000000026645	0.99988999656158006335	0.50782465612276761480	0.49206534043902688813	5.38473930670487899164	2.00021418060323652455	0.09999607260068531234	0.28049982416049312750
2.81000000000000005329	0.99988838963366055701	0.50678227656352281549	0.49310611307035240314	5.38575351589468187541	2.00021733145576074975	0.09999584908804701189	0.28149978265137359790
2.81999999999999984013	0.99988672722921612124	0.50576429830085800621	0.49412242892857488608	5.38674300305220477014	2.00022059379962335868	0.09999562153937539832	0.28249973886676732482
2.83000000000000007105	0.99988501029398302311	0.50477295081930173559	0.49511205947489900225	5.38770558837361246418	2.00022396589842399450	0.09999539032571347352	0.28349969277002445844
2.83999999999999985789	0.99988323994803895989	0.50381028755788459517	0.49607295239036708345	5.38863926779865209937	2.00022744567385535319	0.09999515583094119309	0.28449964432833385608
2.85000000000000008882	0.99988141748817183085	0.50287818610027279487	0.49700323138812058099	5.38954221269584721199	2.00023103070136176740	0.09999491844989193134	0.28549959351283277220
2.85999999999999987566	0.99987954439394222117	0.50197834895313397929	0.49790119544103045301	5.39041276918133949181	2.00023471821490694822	0.09999467858306582135	0.28649954029866342431
2.87000000000000010658	0.99987762232975607724	0.50111230487872016059	0.49876531745126007067	5.39124945661164556299	2.00023850508082690070	0.09999443665443913387	0.28749948466520780510
2.87999999999999989342	0.99987565314002802008	0.50028141075442045249	0.49959424238583038935	5.39205096539612593887	2.00024238780142837868	0.09999419310585010157	0.28849942659626631736
2.89000000000000012434	0.99987387142199180001	0.49948696563796951553	0.50038690578425293332	5.39281739569279583435	2.00024409826125415535	0.09999535024170179420	0.28949938009868331212
2.89999999999999991118	0.99987186124565585743	0.49872977697554404797	0.50114208427034034887	5.39354554624897630788	2.00024803309917187377	0.09999512583577667424	0.29049933135704109066
2.91000000000000014211	0.99986978946811932989	0.49801079190747082892	0.50185899756088447887	5.39423547840075467974	2.00025213648926181165	0.09999489492770895216	0.29149928030631816478
2.91999999999999992895	0.99986958887795207573	0.49733130782384743496	0.50253828105433717699	5.39489500396370136315	2.00025632215643511813	0.09999466420216439333	0.29249922694833979664
2.93000000000000015987	0.99986958585732876870	0.49669138476927632286	0.50317820108828703596	5.39551626773216241872	2.00025628580220393715	0.09999471868259708629	0.29349917413516574127
2.93999999999999994671	0.99986954711917108707	0.49609129268009061198	0.50377825443931256721	5.39609764725757390380	2.00025632061657798744	0.09999477298021623717	0.29449912186496790545
2.95000000000000017764	0.99986946993403535977	0.49553127883418196520	0.50433819110009492359	5.39663888907396849248	2.00025643216224890963	0.09999483010210802325	0.29549907016598897513
2.95999999999999996447	0.99986935273980470651	0.49501144950153219693	0.50485790323851209571	5.39713988623307017178	2.00025662424775863002	0.09999489044757725598	0.29649901907046471994
2.97000000000000019540	0.99986919419409092669	0.49453177472312503937	0.50533741947120425220	5.39760066810435645834	2.00025689987795596281	0.09999495364585393731	0.29749896860692326417
2.97999999999999998224	0.99986899302433984715	0.49409209371441487058	0.50577689931016556191	5.39802139421524618257	2.00025726181513441304	0.09999501906516221339	0.29849891879757489699
2.99000000000000021316	0.99986874798650704488	0.49369212053549138552	0.50617662745125502344	5.39840234845538269326	2.00025771272625441100	0.09999508592645729721	0.29949886965683947260
3.00000000000000000000	0.99986845785340672244	0.49333144996345679179	0.50653700789019229234	5.39874393324711032704	2.00025825522651512500	0.09999515334184573556	0.30049882119025794758
3.01000000000000023093	0.99986812141636516316	0.49300956353344327354	0.50685855788316203085	5.39904666362253671252	2.00025889188570804578	0.09999522033416397004	0.30149877339359959505
3.02000000000000001776	0.99986773749573920611	0.49272583572090616899	0.50714190177507922908	5.39931116120925125301	2.00025962521254019322	0.09999528585028294447	0.30249872625210244559
3.03000000000000024869	0.99986730495976705591	0.49247954024011231233	0.50738776471990054695	5.39953814814566612768	2.00026045762181237109	0.09999534877234220187	0.30349867973982586067
3.04000000000000003553	0.99986682275197125147	0.49226985643491932843	0.50759696631729733785	5.39972844095196258252	2.00026139138395908645	0.09999540792911308651	0.30449863381911701499
3.05000000000000026645	0.99986628992831361185	0.49209587573890312129	0.50777041418965684905	5.39988294438489280225	2.00026242855976210677	0.09999546210803900159	0.30549858844019739390
3.06000000000000005329	0.99986570570601085439	0.49195660818311404139	0.50790909752314161718	5.40000264531003626445	2.00026357091147177769	0.09999551006833330702	0.30649854354088074126
3.07000000000000028422	0.99986506952678622095	0.49185098892970652296	0.50801408059733266231	5.40008860662905298966	2.00026481979004522316	0.09999555055680584004	0.30749849904644882548
3.08000000000000007105	0.99986438113692022167	0.49177788481870565729	0.50808649631846147798	5.40014196130375179195	2.00026617599343881082	0.09999558231333349756	0.30849845486958216156
3.08999999999999985789	0.99986364068610145139	0.49173610089035907356	0.50812753979599489806	5.40016390642424148893	2.00026763962250475615	0.09999560430464754512	0.30949841091262864090
3.10000000000000008882	0.99986284894118426791	0.49172438692443720676	0.50813846201700629823	5.40015569798628014553	2.00026920969668475792	0.09999561521732884539	0.31049836706480193893
3.10999999999999987566	0.99986204089967800623	0.49174145510353589605	0.50812058579639451938	5.40011882160601341951	2.00027088442191303130	0.09999561111713763106	0.31149832317597331288
3.12000000000000010658	0.99986118239741994529	0.49178592039494772870	0.50807526200272923322	5.40005762757687701736	2.00027282269769157708	0.09999297351521541088	0.31249825291112548475
3.12999999999999989342	0.99986026108619652231	0.49185637814207416874	0.50800388294437526238	5.39997044536885262289	2.00027461964537067729	0.09999280881486148631	0.31349818099927412307
3.14000000000000012434	0.99985927602691082594	0.49195143123533224827	0.50790784479183603839	5.39985865418853094866	2.00027653995552112676	0.09999263801287749942	0.31449810737940292471
3.14999999999999991118	0.99985822628342058138	0.49206966020452014288	0.50778856607916356136	5.39972366247828094998	2.00027858639034805677	0.09999245943274553960	0.31549803197373038621
3.16000000000000014211	0.99985711119233955380	0.49220962906419296612	0.50764748212841181996	5.39956689878576057140	2.00028076067231275204	0.09999227323219253560	0.31649795470605229797
3.16999999999999992895	0.99985593045618581520	0.49236989094675315259	0.50748603950968984577	5.39938980592988038154	2.00028306373253794703	0.09999207980337952717	0.31749787550408609116
3.18000000000000015987	0.99985468419199408086	0.49254899354189751737	0.50730569065036079657	5.39919383569611888163	2.00028549567312730062	0.09999187963171451976	0.31849779430040325856
3.18999999999999994671	0.99985337296801479745	0.49274548434127085628	0.50710788862701017266	5.39898044381919817170	2.00028805571542411812	0.09999167328313061931	0.31949771103323454380
3.20000000000000017764	0.99985199783902489745	0.49295791568139296634	0.50689408215789821810	5.39875108520836999304	2.00029074213740498678	0.09999146141427897594	0.32049762564737732662
3.20999999999999996447	0.99985056038398323341	0.49318484957621638864	0.50666571080803168847	5.39850720939575268176	2.00029355220582916175	0.09999124478825603679	0.32149753809525988268
3.22000000000000019540	0.99984909687842904447	0.49342486364214005468	0.50642423323655094691	5.39825025863042995411	2.00029493968439631146	0.09999198619649994624	0.32249745795722489783
3.22999999999999998224	0.99984757032035098678	0.49367654449508008296	0.50617102582554129864	5.39798165210813429837	2.00029791983411664447	0.09999180795657229559	0.32349737603679062925
3.24000000000000021316	0.99984598357745091413	0.49393850973208480726	0.50590747384564038747	5.39770278894916710755	2.00030100737019722601	0.09999162963728869258	0.32449729233316348953
3.25000000000000000000	0.99984434607362082659	0.49420940629012005685	0.50563493978377360705	5.39741508340917963693	2.00030419871630638085	0.09999144956280769936	0.32549720682879157430
3.26000000000000023093	0.99984367190221645760	0.49448836550091690434	0.50535530640156545168	5.39712559451193385485	2.00030748490005461093	0.09999126693631985030	0.32649711949815479750
3.27000000000000001776	0.99984395265930703367	0.49477409467452654335	0.50506985798504955287	5.39683535865659447239	2.00030884136683262398	0.09999124096507094883	0.32749703190780549145
3.28000000000000024869	0.99984433060257993375	0.49506497445586911121	0.50477935614698932199	5.39654061405250740080	2.00030800737813452272	0.09999133749021324458	0.32849694528270761973
3.29000000000000003553	0.99984468257810144021	0.49535972008904455288	0.50448496248933516473	5.39624193047100675358	2.00030724250715552515	0.09999143509920994932	0.32949685963369973463
3.30000000000000026645	0.99984500843114654245	0.49565715600382664885	0.50418785242759978082	5.39594045770276053986	2.00030652864439373317	0.09999154236175063215	0.33049677505731722693
3.31000000000000005329	0.99984530868355336874	0.49595615100284046184	0.50388915768099529213	5.39563730390954976457	2.00030586636808438428	0.09999166051621911910	0.33149669166247941465
3.32000000000000028422	0.99984558351141428201	0.49625561944242918555	0.50358996406926881395	5.39533353449510677535	2.00030450557604488893	0.09999182225932370938	0.33249660988507262482
3.33000000000000007105	0.99984583306852126139	0.49655452334353789023	0.50329130972526703314	5.39503016630825715794	2.00030392550815294683	0.09999195839759170146	0.33349652946904856377
3.33999999999999985789	0.99984605765801759514	0.49685187368634664562	0.50299418397196082875	5.39472816546220812484	2.00030339521431832495	0.09999210463025344497	0.33449645051535109586
3.35000000000000008882	0.99984625759986167637	0.49714673171425338705	0.50269952588590249842	5.39442844820602473987	2.00030291434204432477	0.09999226081934052546	0.33549637312354452234
3.35999999999999987566	0.99984643322961108680	0.49743820992870357856	0.50240822330119550010	5.39413188020215539353	2.00030248262663246095	0.09999242658626217306	0.33649629738940711743
3.37000000000000010658	0.99984658490627931204	0.49772547285469614931	0.50212111205186782392	5.39383927603040458365	2.00030209987879459277	0.09999260137450451114	0.33749622340315216240
3.37999999999999989342	0.99984671303136463116	0.49800773758717853390	0.50183897544448052841	5.39355139897716906461	2.00030176596054642957	0.09999278445230444512	0.33849615124767518104
3.39000000000000012434	0.99984681807721031976	0.49828427412366327331	0.50156254395383748079	5.39326896109941245072	2.00030148069983271242	0.09999297488763657371	0.33949608099655154136
3.39999999999999991118	0.99984690061752945489	0.49855440548835966430	0.50129249512947327005	5.39299262348306562842	2.00030124383920560049	0.09999317158085939405	0.34049601271236012989
3.41000000000000014211	0.99984696133918049554	0.49881750762084003936	0.50102945371864016089	5.39272299643081254317	2.00030105523392842670	0.09999337341987657446	0.34149594644655889564
3.41999999999999992895	0.99984700117495750593	0.49907300925826986182	0.50077399191698312997	5.39246063960863164510	2.00030091396187303943	0.09999357974891848189	0.34249588224404808878
3.43000000000000015987	0.99984702145155868180	0.49932039162335101201	0.50052662982851525708	5.39220606601021756887	2.00030081870747578066	0.09999378850802635721	0.34349582012912832640
3.43999999999999994671	0.99984702386688573128	0.49955918748786887207	0.50028783637932905393	5.39195973991144761328	2.00030076757300356860	0.09999399742700441907	0.34449576010339838517
3.45000000000000017764	0.99984706976003756562	0.49978900565805456369	0.50005806410228548220	5.39172236550335082228	2.00030075679512142628	0.09999420580373313827	0.34549570216143571377
3.45999999999999996447	0.99984711466382591993	0.50000941584023173014	0.49983769882390116646	5.39149702508942230139	2.00030133167679524675	0.09999218274189050626	0.34649562398885463965
3.47000000000000019540	0.99984712929269492498	0.50022004943855591375	0.49962707985444976266	5.39128119884057799283	2.00030127349195030462	0.09999220869258469702	0.34749554607578048149
3.47999999999999998224	0.99984711420359084766	0.50042064205489589224	0.49942647214900226516	5.39107515504106071802	2.00030127630707665887	0.09999222226765695776	0.34849546829845706730
3.49000000000000021316	0.99984706878085016779	0.50061097749401062273	0.49923609128715301653	5.39087910538067038857	2.00030134037899287591	0.09999222523210742064	0.34949539055077816219
3.50000000000000000000	0.99984699245310337812	0.50079088699873630652	0.49905610545468354067	5.39069321527725975329	2.00030146685200405088	0.09999221877690367410	0.35049531273854717117
3.51000000000000023093	0.99984688474764427113	0.50096024783432480110	0.49888663691363210884	5.39051760543564739692	2.00030165669111914539	0.09999220379655796020	0.35149523477651273273
3.52000000000000001776	0.99984674527510142283	0.50111898173032298764	0.49872776354509429364	5.39035235350249752884	2.00030191014984426445	0.09999218133052545365	0.35249515658981800392
3.53000000000000024869	0.99984657373323593266	0.50126705328497500602	0.49857952044857417606	5.39019749452845697846	2.00030222836919246987	0.09999215142375603160	0.35349507810405556008
3.54000000000000003553	0.99984636989177866351	0.50140446826918616541	0.49844190162291118762	5.39005302346878067965	2.00030261158072475425	0.09999211511899504246	0.35449499925524552424
3.55000000000000026645	0.99984613358521712279	0.50153127183388945820	0.49831486175164924068	5.38991889669614021585	2.00030306000284285872	0.09999207292819460580	0.35549491998452747987
3.56000000000000005329	0.99984586470635994360	0.50164754665858468652	0.49819831804809194820	5.38979503378063817820	2.00030357374269307513	0.09999202533392856362	0.35649484023786676135
3.57000000000000028422	0.99984556320129014395	0.50175341104050608099	0.49809215216110697133	5.38968131933552108137	2.00030415280877482687	0.09999197279992244614	0.35749475996586599358
3.58000000000000007105	0.99984522906530648445	0.50184901693243200160	0.49799621213319267277	5.38957760491289938898	2.00030479711782449570	0.09999191577977396828	0.35849467912366372868
3.58999999999999985789	0.99984486233891411988	0.50193454793710123862	0.49791031440213745496	5.38948371093586775515	2.00030550650878735652	0.09999185472361830918	0.35949459767089991802
3.60000000000000008882	0.99984446310358221499	0.50201021726608963114	0.49783424583781010764	5.38939942865516652404	2.00030628075026273294	0.09999179008276175284	0.36049451557172751404
3.60999999999999987566	0.99984403147666234268	0.50207626567114260752	0.49776776580583959042	5.38932452212048662687	2.00030711955469087115	0.09999172231421131485	0.36149443279486964675
3.62000000000000010658	0.99984356760540427089	0.50213295935584900676	0.49771060824988111460	5.38925873016860990106	2.00030802259747275684	0.09999165187876478400	0.36249434931365731583
3.62999999999999989342	0.99984307165775054838	0.50218058787404917798	0.49766248378402644370	5.38920176837535880310	2.00030898953528968320	0.09999157925050464191	0.36349426510616233976
3.64000000000000012434	0.99984254381134318734	0.50221946202510714397	0.49762308178655917379	5.38915333098934912215	2.00031002002695101893	0.09999150491898421700	0.36449418015535217652
3.64999999999999991118	0.99984198461958995185	0.50224991193610646345	0.49759207268382088518	5.38911309494076284921	2.00031111344323520029	0.09999142925910886603	0.36549409444794328516
3.66000000000000014211	0.99984139453743647863	0.50227228478231022990	0.49756910975546575493	5.38908071533203258952	2.00031227568183478382	0.09999134991381267157	0.36649400794708142381
3.66999999999999992895	0.99984077416151340145	0.50228694277148211444	0.49755383139035286311	5.38905583789277908835	2.00031349793440682561	0.09999126877884960407	0.36749392063486990834
3.68000000000000015987	0.99984012402937583186	0.50229426096812623825	0.49754586306158277154	5.38903809473211836689	2.00031477956044589916	0.09999118620529262591	0.36849383249692285736
3.68999999999999994671	0.99983944472078178922	0.50229462533312396744	0.49754481938798844620	5.38902710719146416096	2.00031611950671983635	0.09999110237524030942	0.36949374352067526628
3.70000000000000017764	0.99983873685052515601	0.50228843073211626447	0.49755030611873696245	5.38902248775979941797	2.00031751666052937111	0.09999101744113808587	0.37049365369508663326
3.70999999999999996447	0.99983800106073983383	0.50227607898562942612	0.49756192207544247541	5.38902384191764927124	2.00031896985955803814	0.09999093152998035638	0.37149356301038644057
3.72000000000000019540	0.99983723801227764039	0.50225797696612928256	0.49757926104647803855	5.38903076992530039036	2.00032047791136680104	0.09999084474271184575	0.37249347145781358526
3.72999999999999998224	0.99983644833127582885	0.50223453504068049646	0.49760191329093550472	5.38904287004673232531	2.00032129815283710172	0.09999078970010284728	0.37349337935481463635
3.74000000000000021316	0.99983563270303010828	0.50220616442029142323	0.49762946828307297320	5.38905973520415493283	2.00032289739488389202	0.09999070208081982380	0.37449328637562284694
3.75000000000000000000	0.99983479179007517246	0.50217327625885632703	0.49766151553155812959	5.38908096025745386726	2.00032454838020878896	0.09999061365181648176	0.37549319251214102744
3.76000000000000023093	0.99983392623637534768	0.50213627971603236322	0.49769764652068687605	5.38910614150518174625	2.00032624994301411192	0.09999052442832272181	0.37649309775642425535
3.77000000000000001776	0.99983303665762190970	0.50209558035765611272	0.49773745630030757914	5.38913487820834280484	2.00032800097337082335	0.09999043435380265687	0.37749300209996228261
3.78000000000000024869	0.99983212363226270369	0.50205157862868454721	0.49778054500392326931	5.38916677406202015987	2.00032980042958774547	0.09999034333714167111	0.37849290553333370113
3.79000000000000003553	0.99983118769307122164	0.50200466840171309446	0.49782651929170124161	5.38920143860756972742	2.00033164735153423663	0.09999025125323869612	0.37949280804586610349
3.80000000000000026645	0.99983022934773602142	0.50195523550943810243	0.49787499383864847191	5.38923849792941211945	2.00033353980227790458	0.09999015892988660781	0.38049270963516496069
3.81000000000000005329	0.99982924896761149469	0.50190365662310254535	0.49792559234485522790	5.38927756750588127233	2.00033547912120468482	0.09999006424654503788	0.38149261027763042842
3.82000000000000028422	0.99982824871822828516	0.50185029850984097521	0.49797795020874363603	5.38931828724908701389	2.00033746368585152453	0.09998996792729211713	0.38249250995690337041
3.83000000000000007105	0.99982722557002245978	0.50179551436431801825	0.49803171120605216338	5.38936028722147320025	2.00033949248020137546	0.09998987010338611370	0.38349240865793721156
3.83999999999999985789	0.99982618125281697008	0.50173964720121511096	0.49808653405194980301	5.38940323647058772139	2.00034156554028186292	0.09998976979019638667	0.38449230635583919735
3.85000000000000008882	0.99982511589171030320	0.50168302553188448556	0.49814209036018286536	5.38944680561846123368	2.00034368263324013881	0.09998966706406632599	0.38549220302647985159
3.85999999999999987566	0.99982402952884352754	0.50162596346550614168	0.49819806606369021473	5.38949067900208422799	2.00034584371165546912	0.09998956170338776928	0.38649209864351374843
3.87000000000000010658	0.99982292211942058735	0.50156875994891714221	0.49825416217085227721	5.38953455537335202052	2.00034804885758710213	0.09998945347862535360	0.38749199317830002043
3.87999999999999989342	0.99982179353196698468	0.50151169809647078157	0.49831009543585103039	5.38957814871749185670	2.00035029824273369314	0.09998934213536037063	0.38849188659965361303
3.89000000000000012434	0.99982064354745747714	0.50145504460778911326	0.49836559894002535609	5.38962118887676222556	2.00035259218822503158	0.09998922742259308549	0.38949177887387953501
3.89999999999999991118	0.99981947185937136702	0.50139904927422218606	0.49842042258550867118	5.38966342208458737417	2.00035493116636997613	0.09998910909627350962	0.39049166996484224734
3.91000000000000014211	0.99981827807458778512	0.50134394457291775460	0.49847433350202441371	5.38970461141167156427	2.00035731580268816288	0.09998898692225993701	0.39149155983406486170
3.91999999999999992895	0.99981706171313977638	0.50128994534926041293	0.49852711636423424624	5.38974453711909795572	2.00035974687586692866	0.09998886067874741823	0.39249144844085231965
3.93000000000000015987	0.99981582221136011679	0.50123724858151497141	0.49857857363020335884	5.38978299659422521728	2.00036222497369831075	0.09998873089547641313	0.39349133574980710293
3.93999999999999994671	0.99981455892660742180	0.50118603324592714277	0.49862852568104398809	5.38981980515907643792	2.00036475185109363650	0.09998859595163149538	0.39449122170932343634
3.95000000000000017764	0.99981327113820650521	0.50113646025604841050	0.49867681088252302501	5.38985479591608473982	2.00036732841444253594	0.09998845636416679727	0.39549110627296513165
3.95999999999999996447	0.99981195805002887056	0.50108867248939015226	0.49872328556100292696	5.38988781973143549209	2.00036995603483758188	0.09998831197230817480	0.39649098939268823116
3.97000000000000019540	0.99981061879375177082	0.50104279489505099132	0.49876782389906687554	5.38991874515992996919	2.00037263622100613958	0.09998816263166793172	0.39749087101900493213
3.97999999999999998224	0.99980925243241491884	0.50099893467825518112	0.49881031775452866484	5.38994745828944843424	2.00037537061672754390	0.09998800821388213744	0.39849075110114373643
3.99000000000000021316	0.99980785796346283156	0.50095718155768220736	0.49885067640614882967	5.38997386255480481765	2.00037816099634735423	0.09998784859461906649	0.39949062958708991822
4.00000000000000000000	0.99980643432376758994	0.50091760809253260689	0.49888882623160674123	5.38999787837129140655	2.00038100930747297923	0.09998768363767686351	0.40049050642346667450
4.00999999999999978684	0.99980498044178678363	0.50088027010662994343	0.49892471033552954207	5.39001944298712842851	2.00038391750830202298	0.09998751331113900354	0.40149038155657806870
4.02000000000000046185	0.99980349508307142514	0.50084520705720547706	0.49895828802624703213	5.39003850854204724641	2.00038688617445581386	0.09998733807426075926	0.40249025493732065728
4.03000000000000024869	0.99980197703787820895	0.50081244266004609766	0.49898953437820353640	5.39005504467482143838	2.00038992059587261707	0.09998715685963087407	0.40349012650591697948
4.04000000000000003553	0.99980042504496102751	0.50078198539359364272	0.49901843965174574880	5.39006903550842064732	2.00039302162289756026	0.09998697006539050691	0.40448999620657088983
4.04999999999999982236	0.99979883780695211204	0.50075382913894406212	0.49904500866838596984	5.39008047975253656858	2.00039619166803772643	0.09998677763792403195	0.40548986398295011613
4.06000000000000049738	0.99979721399556675809	0.50072795384808665986	0.49906926014785413237	5.39008939006689047346	2.00039943321931845688	0.09998657952604815546	0.40648972977821057340
4.07000000000000028422	0.99979555225731897572	0.50070432625437466534	0.49909122600331962127	5.39009579238620872843	2.00040274882486945884	0.09998637568052537450	0.40748959353501584824
4.08000000000000007105	0.99979385121935071545	0.50068290062067055679	0.49911095059905807858	5.39009972520756086567	2.00040614108592551545	0.09998616605340700236	0.40848945519554991090
4.08999999999999985789	0.99979210949532604236	0.50066361952070126407	0.49912848997501241266	5.39010123884468139721	2.00040961263890482158	0.09998595059812957764	0.40948931470153121515
4.09999999999999964473	0.99979032569148784670	0.50064641464907644330	0.49914391104279232092	5.39010039465439660944	2.00041316614858910583	0.09998572927008991806	0.41048917199423212709
4.11000000000000031974	0.99978849841292405376	0.50063120765557700409	0.49915729075772397039	5.39009726424214097307	2.00041680429222168414	0.09998550202750534910	0.41148902701450718045
4.12000000000000010658	0.99978662626993108908	0.50061791099898200752	0.49916871527133610531	5.39009192865107245041	2.00042052975312190100	0.09998526883164911283	0.41248887970282366311
4.12999999999999989342	0.99978470788474338438	0.50060642881615680100	0.49917827906897710433	5.39008447754289576892	2.00042434520866851955	0.09998502964653269154	0.41348872999928898420
4.13999999999999968026	0.99978274189416771467	0.50059665186065704923	0.49918609003390801426	5.39007500493404556607	2.00042825198965967815	0.09998478595039156369	0.41448857785879289484
4.15000000000000035527	0.99978072697279651848	0.50058846553346736385	0.49919226143972683651	5.39006360792002592319	2.00043225280357050977	0.09998453755856175074	0.41548842323437851221
4.16000000000000014211	0.99977871596874823279	0.50058177140876869426	0.49919694456037261299	5.39005069001343795065	2.00043458569080900844	0.09998514252359358423	0.41648827465961446581
4.16999999999999992895	0.99977763145419740187	0.50057687514602122736	0.49920075630857563276	5.39004236349076837342	2.00043873041158848380	0.09998491726915463562	0.41748812383230599066
4.17999999999999971578	0.99977556410107126794	0.50057280800226489070	0.49920275609920677917	5.39002646878822311294	2.00044095277825828560	0.09998483819117591487	0.41848797221421774051
4.19000000000000039080	0.99977542324452661759	0.50057075732173506033	0.49920466592320028587	5.39002167449742231042	2.00044514468678125141	0.09998466853607360094	0.41948781889957847957
4.20000000000000017764	0.99977537589086640235	0.50056979456850669852	0.49920558132277054186	5.39001631901694278071	2.00044523671748963878	0.09998465803319038503	0.42048766547991039966
4.20999999999999996447	0.99977531911512007579	0.50056974405349707880	0.49920557506202956066	5.39000994090919061108	2.00044536767659897336	0.09998469834774065257	0.42148751246338778120
4.21999999999999975131	0.99977525225490959659	0.50057047926232201007	0.49920477299299603757	5.39000265785189469625	2.00044552015030330239	0.09998474477965002549	0.42248735991118430144
4.23000000000000042633	0.99977517479678557066	0.50057187434042016427	0.49920330045677829833	5.38999458641800455183	2.00044569515057002462	0.09998479861223691367	0.42348720789730665004
4.24000000000000021316	0.99977508620418797936	0.50057380468046941413	0.49920128152413290046	5.38998584069689190557	2.00044589345490875232	0.09998486080971340229	0.42448705650540380363
4.25000000000000000000	0.99977498591117064386	0.50057614758646706843	0.49919883832510930644	5.38997653171055635113	2.00044611587258414076	0.09998493218384561787	0.42548690582724224551
4.25999999999999978684	0.99977487333272896386	0.50057878290940116539	0.49919609042373863650	5.38996676685429498832	2.00044636327337466142	0.09998501348354238427	0.42648675596207769045
4.27000000000000046185	0.99977474787547238044	0.50058159363960297306	0.49919315423628485284	5.38995664942266827779	2.00044663659178523218	0.09998510538838777106	0.42748660701596158384
4.28000000000000024869	0.99977460894780001421	0.50058446645200482816	0.49919014249621346258	5.38994627816630789141	2.00044693683486407565	0.09998520852786056679	0.42848645910124016911
4.29000000000000003553	0.99977445598219816247	0.50058729220939068849	0.49918716377322236433	5.38993574696649258016	2.00044726499786751361	0.09998532342487405356	0.42948631233548889563
4.29999999999999982236	0.99977428845005922309	0.50058996641026676233	0.49918432204020435350	5.38992514447765014296	2.00044762209291349109	0.09998545057566686489	0.43048616684124557663
4.31000000000000049738	0.99977410588307447092	0.50059238958890261983	0.49918171629457991356	5.38991455392738494368	2.00044800911541953425	0.09998559039922434721	0.43148602274523784050
4.32000000000000028422	0.99977390790470188620	0.50059446766738346923	0.49917944023773619389	5.38990405296650365585	2.00044842698942249015	0.09998574324103531863	0.43248588017764821867
4.33000000000000007105	0.99977369426839857169	0.50059611225746014629	0.49917758201136114282	5.38989371364087244132	2.00044887649833924570	0.09998590940344191658	0.43348573927168265740
4.33999999999999985789	0.99977346490524077183	0.50059724091367674426	0.49917622399198902094	5.38988360247244546741	2.00044935809963808637	0.09998608910130886429	0.43448560016269577311
4.35000000000000053291	0.99977321997439227985	0.50059777734320409781	0.49917544263160351647	5.38987378035453268410	2.00044987222552306250	0.09998628275740663318	0.43548546299026985595
4.36000000000000031974	0.99977295995490311764	0.50059765124017219229	0.49917530871515464197	5.38986430299319962955	2.00045041830751602063	0.09998649014845764627	0.43648532789175442659
4.37000000000000010658	0.99977275124042630505	0.50059684177445074038	0.49917590946639911476	5.38985557909916135344	2.00045099188225261599	0.09998671347011824084	0.43748519502645560886
4.37999999999999989342	0.99977255747063198399	0.50059520786882305554	0.49917734960223253404	5.38984995688474732844	2.00045148856801002779	0.09998497942408962613	0.43848504482069650123
4.38999999999999968026	0.99977233944918475483	0.50059262786232117115	0.49917971158729040893	5.38984508320640287593	2.00045191300656499678	0.09998497562268233996	0.43948489457692330173
4.40000000000000035527	0.99977209725784366157	0.50058905122868890825	0.49918304602957885852	5.38984101190839659523	2.00045238331092400941	0.09998496119216998546	0.44048474418884497883
4.41000000000000014211	0.99977182977678602516	0.50058443434662869276	0.49918739543058660013	5.38983778318188821999	2.00045290198317538000	0.09998493643822445320	0.44148459355322722253
4.41999999999999992895	0.99977153603297330697	0.50057874099636956444	0.49919279503704133694	5.38983542961698525176	2.00045347137313012098	0.09998490340646520869	0.44248444258729185963
4.42999999999999971578	0.99977121516888001196	0.50057194229104773342	0.49919927287827114970	5.38983397682597686895	2.00045409339299240514	0.09998486317461165174	0.44348429121903798489
4.44000000000000039080	0.99977086642586765475	0.50056401657142668427	0.49920684985488483765	5.38983344364449390440	2.00045476969817270785	0.09998481643139142672	0.44448413938335190609
4.45000000000000017764	0.99977048912346799803	0.50055494926079591167	0.49921553986311206774	5.38983384223622596920	2.00045550175584629926	0.09998476366869740728	0.44548398702003888516
4.45999999999999996447	0.99977008264167943619	0.50054473268483712367	0.49922534995727613216	5.38983517821821322968	2.00045629088957976904	0.09998470526246995560	0.44648383407266356571
4.46999999999999975131	0.99976964640760357383	0.50053336585819441229	0.49923628054984547919	5.38983745083290699540	2.00045713831560467710	0.09998464151289003510	0.44748368048779246786
4.48000000000000042633	0.99976917988640190416	0.50052085423921577334	0.49924832564762722242	5.38984065317209903867	2.00045804516319902788	0.09998457266704341428	0.44848352621446291311
4.49000000000000021316	0.99976868257577056198	0.50050720945428073261	0.49926147312193491778	5.38984477245053739125	2.00045901249488089491	0.09998449893219803208	0.44948337120378489828
4.50000000000000000000	0.99976815400336505046	0.50049244899346412296	0.49927570501034856942	5.38984979032075717242	2.00046004131329580034	0.09998442048621539180	0.45048321540864705304
4.50999999999999978684	0.99976759372686829774	0.50047659587962911587	0.49929099784768155024	5.38985568323021624337	2.00046113256574065176	0.09998433748411902910	0.45148305878348826692
4.52000000000000046185	0.99976700133595275410	0.50045967831306814588	0.49930732302332969663	5.38986242281191785253	2.00046228714528284698	0.09998425006431314876	0.45248290128413137801
4.53000000000000024869	0.99976637645586718950	0.50044172929405195127	0.49932464716225549717	5.38986997630331021725	2.00046350588531973713	0.09998415835487994840	0.45348274286768019969
4.54000000000000003553	0.99976571875228092967	0.50042278622592895054	0.49934293252680350683	5.38987830698925485251	2.00046478955601081395	0.09998406247989338747	0.45448258349247910859
4.54999999999999982236	0.99976502793689236981	0.50040289050120234648	0.49936213743614649152	5.38988737466013922983	2.00046613885452906345	0.09998396256689862094	0.45548242311814807204
4.56000000000000049738	0.99976430377457448095	0.50038208707313414081	0.49938221670189014700	5.38989713609727250088	2.00046755440382684199	0.09998385875002778478	0.45648226170564837334
4.57000000000000028422	0.99976354576288262166	0.50036042384339118883	0.49940312191994856716	5.38990754445894637570	2.00046903677507970087	0.09998375108616680551	0.45748209921651006304
4.58000000000000007105	0.99976275279076309843	0.50033795111305368053	0.49942480167817127068	5.38991853930186248789	2.00047059644202818163	0.09998364159729537792	0.45848193563248301752
4.58999999999999985789	0.99976192400486429968	0.50031472163281509591	0.49944720237250883610	5.38993006614567615742	2.00047222738127494779	0.09998352860658130115	0.45948177091854880416
4.60000000000000053291	0.99976105908196521987	0.50029079015254751539	0.49947026892987950175	5.38994207147383708190	2.00047393016392227594	0.09998341179713332583	0.46048160503652013631
4.61000000000000031974	0.99976015774964499538	0.50026621272589799627	0.49949394502420524367	5.38995450106115825406	2.00047570545002217912	0.09998329117478384209	0.46148143794826795849
4.62000000000000010658	0.99975921978931603373	0.50024104625250753742	0.49951817353726879478	5.38996730045526462050	2.00047755378241953750	0.09998316675683351085	0.46248126961583629901
4.62999999999999989342	0.99975824504138666171	0.50021534802756506544	0.49954289701428389314	5.38998041545579908984	2.00047947557712468836	0.09998303857353448010	0.46348110000157166644
4.63999999999999968026	0.99975723341068034600	0.50018917530032747099	0.49956805811081972379	5.38999379257793265197	2.00048147111292085043	0.09998290667151965572	0.46448092906828686299
4.65000000000000035527	0.99975618487249040545	0.50016258484421294295	0.49959360002874331208	5.39000737950377484253	2.00048354052149290894	0.09998277111563698416	0.46548075677944322770
4.66000000000000014211	0.99975509947885587980	0.50013563254058934771	0.49961946693873909853	5.39002112551862300194	2.00048568377418911624	0.09998263199010842817	0.46648058309934431476
4.66999999999999992895	0.99975397736526283587	0.50010837297849186633	0.49964560438724092695	5.39003498193041252762	2.00048790067240833679	0.09998248939917359079	0.46748040799333606676
4.67999999999999971578	0.99975281875743349236	0.50008085907228927436	0.49967195968561239905	5.39004890246945134180	2.00049019083313428524	0.09998234346752839230	0.46848023142801137331
4.69000000000000039080	0.99975162397815109383	0.50005314169911097011	0.49969848227951602082	5.39006284366414689657	2.00049255367749978518	0.09998219434051613952	0.46948005337141651694
4.70000000000000017764	0.99975039345417371361	0.50002526935793134566	0.49972512409671937528	5.39007676519183487329	2.00049498841807027461	0.09998204218412121147	0.47047987379325773016
4.70999999999999996447	0.99974912772290114304	0.49999728785183983337	0.49975183987152960174	5.39009063020014878020	2.00049749404584087387	0.09998188718483619342	0.47147969266510608710
4.71999999999999975131	0.99974782743866541512	0.49996923999492215440	0.49977858744421732595	5.39010440559601544663	2.00050006931990909109	0.09998172954921988320	0.47247950996059828732
4.73000000000000042633	0.99974649337869114785	0.49994116534511023886	0.49980532803406141351	5.39011806230020695807	2.00050271275408686478	0.09998156950338887849	0.47347932565563216611
4.74000000000000021316	0.99974512644812296713	0.49991309996405552951	0.49983202648454655437	5.39013157546315468949	2.00050542260939412387	0.09998140729210462652	0.47447913972855321196
4.75000000000000000000	0.99974372768434183190	0.49988507620506617002	0.49985865147975111489	5.39014492464119054915	2.00050819688411651853	0.09998124317767601021	0.47547895216032998178
4.75999999999999978684	0.99974229826011307143	0.49985712252981007175	0.49988517573078344869	5.39015809392958100688	2.00051103330926549617	0.09998107743847488293	0.47647876293471475018
4.77000000000000046185	0.99974083948607295191	0.49982926335354704861	0.49991157613300440943	5.39017107205069567755	2.00051392934404193014	0.09998091036780192009	0.47747857203839277895
4.78000000000000024869	0.99973935281396764108	0.49980151892471924580	0.49993783388971685389	5.39018385263516819350	2.00051688220226697723	0.09998074226789069319	0.47847837946107169005
4.79000000000000003553	0.99973783983485953186	0.49977390523382630994	0.49996393460151411503	5.39019643413774396379	2.00051988881021625133	0.09998057347435354569	0.47947818519581519858
4.79999999999999982236	0.99973630227345300359	0.49974643395122281264	0.49998986832271463676	5.39020881962309506008	2.00052294580142886460	0.09998040434599378412	0.48047798923927514947
4.81000000000000049738	0.99973474198157052939	0.49971911239587235576	0.50001562958618384069	5.39022101665237052259	2.00052604955465529457	0.09998023524905863546	0.48147779159176573582
4.82000000000000028422	0.99973316092874586758	0.49969194353370460782	0.50004121739551843362	5.39023303712015344757	2.00052919621140112838	0.09998006655220750827	0.48247759225728781285
4.83000000000000007105	0.99973156118982808849	0.49966492600521972278	0.50006663518509875122	5.39024489704520082256	2.00053238169844105343	0.09997989862083722645	0.48347739124349620177
4.83999999999999985789	0.99972994492956279711	0.49963805418157952731	0.50009189074846338574	5.39025661631676911156	2.00053560175934652676	0.09997973181072471183	0.48447718856160343348
4.85000000000000053291	0.99972831438358078504	0.49961131824832005766	0.50011699613575388845	5.39026821840080572201	2.00053885199107561732	0.09997956646109064371	0.48547698422621432535
4.86000000000000031974	0.99972689929060820635	0.49958479117040044404	0.50014210812070380996	5.39028099766861057418	2.00053984724016675756	0.09998067386544491619	0.48647679096486878825
4.87000000000000010658	0.99972530615193133663	0.49955827254110213298	0.50016703361131642502	5.39029281280871419568	2.00054303972000102618	0.09998051611848407516	0.48747659612605365176
4.87999999999999989342	0.99972366146962032829	0.49953181245405525734	0.50019184901605739935	5.39030436305787574724	2.00054631321382414555	0.09998035974647043189	0.48847639972351836191
4.88999999999999968026	0.99972199832047714541	0.49950540283748012804	0.50021659548349661772	5.39031584845953215535	2.00054963137424035580	0.09998020477261523875	0.48947620177124451235
4.90000000000000035527	0.99972032911793562437	0.49947902109952790894	0.50024130801891109055	5.39032735953015595953	2.00055296712694774541	0.09998005089929000444	0.49047600228023741087
4.91000000000000014211	0.99971865830542150366	0.49945263709593262780	0.50026602120997942791	5.39033894590075135511	2.00055631096282837689	0.09997989783384100826	0.49147580125857581734
4.91999999999999992895	0.99971698835562927687	0.49942621671462084088	0.50029077164151014578	5.39035064834834543035	2.00055965770799115688	0.09997974552225806499	0.49247559871379842367
4.92999999999999971578	0.99971532119112938020	0.49939972294727075219	0.50031559824435756223	5.39036250621380030879	2.00056300336831371922	0.09997959397429075079	0.49347539465354134380
4.94000000000000039080	0.99971364331506196166	0.49937311118196509030	0.50034053213359896972	5.39037447829797855547	2.00056634444843473020	0.09997944318504006778	0.49447518908539173088
4.95000000000000017764	0.99971197966193547924	0.49934634927194926357	0.50036563039049286594	5.39038673048351490991	2.00056969337573997691	0.09997929295215675360	0.49547498201491330105
4.95999999999999996447	0.99971032880394161690	0.49931939267127062321	0.50039093613317753295	5.39039928685499347694	2.00057301939027043503	0.09997914365540271076	0.49647477345146734384
4.96999999999999975131	0.99970867279807218431	0.49929218919601031645	0.50041648360256474337	5.39041208559070650352	2.00057633025861703047	0.09997899471431893892	0.49747456339861051422
4.98000000000000042633	0.99970702053789262109	0.49926469688405905600	0.50044232365434304644	5.39042521024568443977	2.00057963949718464747	0.09997884588889283108	0.49847435185749944253
4.99000000000000021316	0.99970519343497332709	0.49923680628006528170	0.50046838715541164255	5.39043763208899662231	2.00058513176067931383	0.09997749712837702973	0.49947412682878322698
5.00000000000000000000	0.99970358119750935000	0.49920864502886663772	0.50049493616914597638	5.39045159100668502816	2.00058837092471453190	0.09997736506833422576	0.50047390047946660463
5.00999999999999978684	0.99970197804182303614	0.49918005034899026739	0.50052192769334757916	5.39046600915095019957	2.00059159530975394503	0.09997723048110046529	0.50147367278427756876
5.02000000000000046185	0.99970038348255141347	0.49915097435824429262	0.50054940912482048798	5.39048092082606000730	2.00059480406519574203	0.09997709525725599622	0.50247344373685010055
5.03000000000000024869	0.99969879681944884275	0.49912136965884512652	0.50057742716111552905	5.39049635930301462849	2.00059799841587437896	0.09997695898392723601	0.50347321332668937277
5.04000000000000003553	0.99969721712010317649	0.49909118964851673095	0.50060602747209759222	5.39051235658122784855	2.00060118005421516685	0.09997682115523080781	0.50447298153824171596
5.04999999999999982236	0.99969564324043869163	0.49906038884964026847	0.50063525439131095762	5.39052894330317311500	2.00060435108776024649	0.09997668126652545229	0.50547274835090694189
