0.00000000000000000000	1.00000000000000000000	1.00000000000000000000	0.00000000000000000000	4.99764078470405070931	1.99456208508931154277	0.99951171875000011102	0.00000000000000000000
0.01000000000000000021	0.99935948356901904699	0.99876012264973590415	0.00059936091928350648	4.99463568221707987504	1.99577947452748660773	0.99910202210897047781	0.00999102022108970533
0.02000000000000000042	0.99932907689728589506	0.99693346393412929363	0.00239561296315643317	4.99587652996047903997	1.99584020228365832672	0.99907160272571826631	0.01998173624834688814
0.02999999999999999889	0.99929856472464151373	0.99391500332989179967	0.00538356139474994132	4.99830841639789191788	1.99590114566065079948	0.99904109687366549064	0.02997214721708354318
0.04000000000000000083	0.99926790772785656358	0.98971314618454697687	0.00955476154331021642	5.00192262082360006303	1.99596238317342034030	0.99901046624538603069	0.03996225187953740543
0.05000000000000000278	0.99923706706955506274	0.98433952139997793473	0.01489754566957995560	5.00670720289217108245	1.99602399243447004018	0.99897967212539784398	0.04995204860079138776
0.05999999999999999778	0.99920600459402342253	0.97780894511134464064	0.02139705948267991639	5.01264704040929665041	1.99608498424578084673	0.99894920953004473496	0.05994154069609183844
0.07000000000000000666	0.99917468299547385069	0.97013937450191700673	0.02903530849355708682	5.01972387681538378956	1.99614733155530998943	0.99891809135826248323	0.06993072160967446493
0.08000000000000000167	0.99914306597520941011	0.96135185251845922672	0.03779121345675082871	5.02791637770244559391	1.99621023792095897420	0.99888671615023305606	0.07991958877117680271
0.08999999999999999667	0.99911111838910016125	0.95147044313845996477	0.04764067525064438063	5.03720019669223795233	1.99627377478154643953	0.99885504822146109483	0.08990813925339141699
0.10000000000000000555	0.99908106206660063364	0.94052268222332757741	0.05855837984327764284	5.04756346437524072712	1.99633564413687358829	0.99882649766692432891	0.09989640423006065917
0.11000000000000000056	0.99905097874840020911	0.92853794964393820965	0.07051302910447045103	5.05896239538486192089	1.99639575816068970404	0.99879695755710429239	0.10988437380563170764
0.11999999999999999556	0.99902086627552677545	0.91554890969310542825	0.08347195658243329597	5.07136420164552781387	1.99645593414573241375	0.99876743596033301653	0.11987204816523504280
0.13000000000000000444	0.99899072387005616314	0.90159090582308965001	0.09739981804697366019	5.08473343048051873438	1.99651617358894251097	0.99873793268441868332	0.12985942749207923796
0.14000000000000001332	0.99896055098520308846	0.88670185260856326792	0.11225869837665103379	5.09903206547544662897	1.99657647757986600467	0.99870844582145701374	0.13984651195029379478
0.14999999999999999445	0.99893034723860074653	0.87092212107901356699	0.12800822615959814299	5.11421964042952481577	1.99663684688691245306	0.99867897327036370125	0.14983330168299743845
0.16000000000000000333	0.99890011234066233836	0.85429441684614393360	0.14460569549453031191	5.13025336056349345881	1.99669728209650165773	0.99864951279897751224	0.15981979681098720802
0.17000000000000001221	0.99886984603588435672	0.83686365144773189328	0.16200619458816492569	5.14708823066258958079	1.99675778372949253026	0.99862006202952757761	0.16980599743128249601
0.17999999999999999334	0.99883954805680563727	0.81867680733307124363	0.18016274072374965920	5.16467718971861433630	1.99681835233240834171	0.99859061841885854438	0.17979190361547109367
0.19000000000000000222	0.99880921808828593278	0.79978279693204668011	0.19902642115625265862	5.18297125160289962054	1.99687898854864975817	0.99856117924205978209	0.18977751540789170037
0.20000000000000001110	0.99877884846827469367	0.78023231068242071551	0.21854653778586752289	5.20191961366538624389	1.99693969317392849838	0.99853174158049584630	0.19976283282369666772
0.20999999999999999223	0.99874841377106449158	0.76007801355768833673	0.23867040021339228084	5.22106214363805776202	1.99699954169699656070	0.99910908801021514059	0.20975392370379880580
0.22000000000000000111	0.99871793118988183569	0.73937412346091679893	0.25934380772898041334	5.24075124128287850311	1.99706049303482013890	0.99908022845580335414	0.21974472598835684267
0.23000000000000000999	0.99868739754788804497	0.71817581755720860670	0.28051157999069248339	5.26093159551692668430	1.99712155046917239076	0.99905142647154288049	0.22973524025307226482
0.23999999999999999112	0.99865681045896181889	0.69653941730833690560	0.30211739315064117806	5.28154676314179383212	1.99718271910746691944	0.99902267503779151880	0.23972546700345018222
0.25000000000000000000	0.99862616787253377648	0.67452222145437612522	0.32410394641817136252	5.30253933315386127845	1.99724400321656991864	0.99899396731445000430	0.24971540667659467005
0.26000000000000000888	0.99859546785333153096	0.65218233686127680127	0.34641313099207526882	5.32385109465051886701	1.99730540675561951680	0.99896529646474707675	0.25970505964124213083
0.27000000000000001776	0.99856470846390643636	0.62957850765859735276	0.36898620080532679166	5.34542320718441654748	1.99736693364923767469	0.99893665543813958685	0.26969442619562350449
0.28000000000000002665	0.99853388769698792071	0.60676994316742216551	0.39176394452958424042	5.36719637252938497340	1.99742858794112265741	0.99890803701622821187	0.27968350656578577773
0.28999999999999998002	0.99850300410278247654	0.58381614600789355496	0.41468685809491007133	5.38911101106141821049	1.99748958610805549263	0.99887984734024215516	0.28967230503918817153
0.29999999999999998890	0.99847205133835292834	0.56077679493500032226	0.43769525640337125783	5.41110195356651324516	1.99755139618035060245	0.99885888799105604363	0.29966089391909872530
0.30999999999999999778	0.99844102984080274066	0.53771151385690774127	0.46072951598391426176	5.43311434657225955647	1.99761341144251192148	0.99883125144840845255	0.30964920643358279095
0.32000000000000000666	0.99840993579130465907	0.51467964120777198733	0.48373029458355382149	5.45508876732788117181	1.99767557457351818684	0.99880364794425624542	0.31963724291302536562
0.33000000000000001554	0.99837876560987304231	0.49174011939845563290	0.50663864621143772649	5.47696620189856009375	1.99773789297851167568	0.99877606473791069597	0.32962500356040447258
0.34000000000000002442	0.99834751579771541241	0.46895132672986050704	0.52939618906787899721	5.49868821240157590324	1.99780037383890296532	0.99874848850589093008	0.33961248844546337855
0.35000000000000003331	0.99831618284779743977	0.44637091191020805692	0.55194527093761269754	5.52019710193389290254	1.99786302431655693468	0.99872090555262205136	0.34959969750098962571
0.35999999999999998668	0.99828476319305947673	0.42405563166954457488	0.57422913152353327604	5.54143607659335479809	1.99792585167198954998	0.99869330188239524571	0.35958663051981359926
0.36999999999999999556	0.99825325317714386220	0.40206119196080902789	0.59619206121636536544	5.56234940402694100214	1.99798886333181791031	0.99866566324572758617	0.36957328715227089067
0.38000000000000000444	0.99822164903930099555	0.38044209322653810279	0.61777955581278509722	5.58288256797966830902	1.99805206692422876458	0.99863797517928121206	0.37955966690406373054
0.39000000000000001332	0.99818994690891171828	0.35925148019692887402	0.63893846671200715814	5.60298241835334476235	1.99811547029293112843	0.99861022304537061522	0.38954576913451743891
0.40000000000000002220	0.99815814276729253329	0.33854099665887249504	0.65961714610844035533	5.62259731609013879705	1.99817908149572320831	0.99858239207221888289	0.39953159305523960887
0.41000000000000003109	0.99812623227519148283	0.31836064560900140252	0.67976558666622000082	5.64167727340767743982	1.99824290989894004511	0.99855444061301057435	0.40951713746136969574
0.41999999999999998446	0.99809421092349492888	0.29875865530352618826	0.69933555561999594108	5.66017409657531445077	1.99830696432841303789	0.99852635417982982258	0.41950240100316799063
0.42999999999999999334	0.99806207456127538080	0.27978135159424127876	0.71828072296706391153	5.67804149651524081577	1.99837125300241580383	0.99849814277761672621	0.42948738243094414235
0.44000000000000000222	0.99802981898139253580	0.26147303661177290213	0.73655678236964639005	5.69523521769533669357	1.99843578443125213795	0.99846979169743477200	0.43947208034791851450
0.45000000000000001110	0.99799743993491052407	0.24387587449293285369	0.75412156544200648067	5.71171315227870923792	1.99850056720370528041	0.99844128630462192220	0.44945649321096475814
0.46000000000000001998	0.99796493315076006958	0.22702978434856985190	0.77093514880221913899	5.72743544703650897532	1.99856560994600940262	0.99841261209619758255	0.45944061933192675840
0.47000000000000002887	0.99793229438317054836	0.21097234058590388917	0.78695995379729788421	5.74236460347657118319	1.99863006745384308438	0.99838417525319989032	0.46942446108445873287
0.47999999999999998224	0.99789951944510957293	0.19573868179194042760	0.80216083765320111976	5.75646556773472362067	1.99869558001282565662	0.99835515824619536218	0.47940801266692067983
0.48999999999999999112	0.99786660398116222570	0.18136142639378627361	0.81650517758741236740	5.76970581429526241379	1.99876137422152821976	0.99832593202099306762	0.48939127198713061606
0.50000000000000000000	0.99783354299839577273	0.16787059744712207188	0.82996294555130345483	5.78205541933779709751	1.99882746034895686371	0.99829648074250154632	0.49937423679455561487
0.51000000000000000888	0.99780033212293428591	0.15529355574528311279	0.84250677637768700556	5.79348713167999296303	1.99889384754029175717	0.99826678892246700769	0.50935690468378025386
0.52000000000000001776	0.99776696744458281962	0.14365494135267961595	0.85411202609193803692	5.80397643160835396969	1.99896054373216536248	0.99823684657198641368	0.51933927314950012466
0.53000000000000002665	0.99773344525908269631	0.13297662383535055475	0.86475682142377319206	5.81350157843868764473	1.99902755662875719622	0.99820664169058059834	0.52932133956640592398
0.54000000000000003553	0.99769976209961908076	0.12327766147027673094	0.87442210062938263704	5.82204364650534689218	1.99909489243399507430	0.99817616441322976062	0.53930310121053826045
0.55000000000000004441	0.99766693444890885978	0.11457443382641670226	0.88309250062252930835	5.82959421771084240760	1.99916255857274505203	0.99814540288632702669	0.54928455523940156180
0.56000000000000005329	0.99763394997946441833	0.10688012015634304475	0.89075382982315920444	5.83613252693847517349	1.99922854446502151760	0.99811532882684106394	0.55926570852766999131
0.57000000000000006217	0.99760181941441450348	0.10020535075652613199	0.89739646865793343267	5.84165585366845352411	1.99929281250429413674	0.99808706099988964144	0.56924657913766885109
0.57999999999999996003	0.99756957634115428490	0.09455755539313674685	0.90301202094805677056	5.84614957445693406157	1.99935732157876455695	0.99805747875867378838	0.57922715392525558897
0.58999999999999996891	0.99753722063073446691	0.08994143787151372138	0.90759578275926433566	5.84960917120995294027	1.99942206121812904307	0.99802763515260217719	0.58920743027678157411
0.59999999999999997780	0.99750695908319342298	0.08636066543710892163	0.91114629364613153317	5.85204568806397418257	1.99948460083952750388	0.99799997477326485296	0.59918743002451424484
0.60999999999999998668	0.99747669242834535730	0.08381247219695947548	0.91366422023142990216	5.85344818168587899265	1.99954526512406549621	0.99797196372800178743	0.60916714966179430490
0.61999999999999999556	0.99744641880987461313	0.08229301352839184236	0.91515340528153854560	5.85382067021203322810	1.99960594770174449053	0.99794378036442799029	0.61914658746543860257
0.63000000000000000444	0.99741613758822689206	0.08179566026018154912	0.91562047732810003531	5.85316996464066274797	1.99966664977586128238	0.99791542196558580269	0.62912574168509449724
0.64000000000000001332	0.99738584815808861705	0.08231104416449450123	0.91507480399364082846	5.85150561651487244319	1.99972737256945443107	0.99788688417559257005	0.63910461052685041405
0.65000000000000002220	0.99735554991452390894	0.08382711142915652558	0.91352843848541875893	5.84883986367943808915	1.99978811730982308781	0.99785816297904617045	0.64908319215664089796
0.66000000000000003109	0.99732524224793350776	0.08632918381021667531	0.91099605843777264891	5.84518756858912968966	1.99984888523197867904	0.99782925480645079386	0.65906148470470538037
0.67000000000000003997	0.99729492454081969388	0.08980002719015120483	0.90749489735072375041	5.84056614928801298703	1.99990967758431681389	0.99780015658533727230	0.66903948627055875864
0.68000000000000004885	0.99726459616349927284	0.09421992725465758167	0.90304466890889156794	5.83499550301425440324	1.99997049565188422804	0.99777086556415439667	0.67901719492620027374
0.69000000000000005773	0.99723425646587693372	0.09956677197835379911	0.89766748448757971435	5.82849792340602590457	2.00003134073208865829	0.99774137966847853409	0.68899460872288509350
0.70000000000000006661	0.99720390477398346274	0.10581614059363411706	0.89138776418040088778	5.82109801089712330935	2.00009221417885463268	0.99771169735377596144	0.69897172569642285200
0.70999999999999996447	0.99717354039153838219	0.11294139869620344052	0.88423214169538444374	5.81282257720396078327	2.00015311739210011055	0.99768181745645656555	0.70894854387098737991
0.71999999999999997335	0.99714316259826685229	0.12091379912304041355	0.87622936347528168621	5.80370054401024315638	2.00021405181848876964	0.99765173923372729714	0.71892506126332467176
0.72999999999999998224	0.99711277064702752426	0.12970258822393843090	0.86741018242314182896	5.79376283624443644271	2.00027501895660098086	0.99762146239402804682	0.72890127588726494334
0.73999999999999999112	0.99708237387671039276	0.13927511937321898627	0.85780725450354478046	5.78304233307768011940	2.00033602036098834276	0.99759098710802251997	0.73887718575834515633
0.75000000000000000000	0.99705194632310656377	0.14959695772079822929	0.84745498860236656569	5.77157523776613512467	2.00039701535323422021	0.99755952955719007225	0.74885278105391706038
0.76000000000000000888	0.99702150958391999591	0.16063202108105575916	0.83638948850292449411	5.75939619663647039971	2.00045808698220595190	0.99752867857924776285	0.75882806783970957465
0.77000000000000001776	0.99699106052600128258	0.17234268621696960389	0.82464837430908566329	5.74654297082695375565	2.00051918695372821233	0.99749763564586158004	0.76880304419616818379
0.78000000000000002665	0.99696059668616199279	0.18468992151229932097	0.81227067517392004259	5.73305472927785597648	2.00058032037154687188	0.99746640228011529405	0.77877770821896930009
0.79000000000000003553	0.99693013213251180371	0.19763342477529435848	0.79929670735727964548	5.71897202705669016609	2.00064149145425762555	0.99743498052342471905	0.78875205802420356171
0.80000000000000004441	0.99689964557166232950	0.21113171759051430065	0.78576792798120997929	5.70433908488467178444	2.00070262001013876585	0.99740189058396122590	0.79872607693004316065
0.81000000000000005329	0.99686913891703143875	0.22514230877244453821	0.77172683014464682483	5.68919590720205725631	2.00076385348817176180	0.99737001714188044943	0.80869977710146201400
0.82000000000000006217	0.99683860804042356829	0.23962185694433274508	0.75721675109614938748	5.67358593829544766152	2.00082513749448986928	0.99733796246643002803	0.81867315672612628319
0.83000000000000007105	0.99680805022241825153	0.25452628284752032428	0.74228176737495121795	5.65755336260456065389	2.00088647841349809298	0.99730572883134793738	0.82864621401443971926
0.83999999999999996891	0.99677746347382356618	0.26981090675175423144	0.72696655672213383870	5.64114296257172576077	2.00094788076684793054	0.99727331946609287794	0.83861894720910068468
0.84999999999999997780	0.99674684619538433950	0.28543058612263788598	0.71131626007281234525	5.62439997851678619156	2.00100934807797070647	0.99724073833152360180	0.84859135459241596955
0.85999999999999998668	0.99671619699958191596	0.30133985305967520008	0.69537634393996627935	5.60736996983547797413	2.00107088332308702405	0.99720798995199444459	0.85856343449193595063
0.86999999999999999556	0.99668551461544696579	0.31749305104813368983	0.67919246356737261738	5.59009867745240018877	2.00113248917233521595	0.99717507930601567701	0.86853518528499606965
0.88000000000000000444	0.99665479783826060878	0.33384447058566057986	0.66281032725266286754	5.57263188771737638660	2.00119416811952177682	0.99714201175340622108	0.87850660540253011632
0.89000000000000001332	0.99662404550435201855	0.35034848325793072066	0.64627556224648130545	5.55501529804180904648	2.00125592254885242838	0.99710879298494625722	0.88847769333237958111
0.90000000000000002220	0.99659325648048180391	0.36695967385017452811	0.62963358263036306450	5.53729438461934719840	2.00131775476597573160	0.99707542898585022062	0.89844844762223807777
0.91000000000000003109	0.99656242966221675328	0.38363297009416963412	0.61292945956810651609	5.51951427259391191882	2.00137966700762692795	0.99704192600788799083	0.90841886688231698876
0.92000000000000003997	0.99653156397775100039	0.40032376966363186765	0.59620779431417114669	5.50171960903906676066	2.00144166143744239861	0.99700829054721584743	0.91838894978778917721
0.93000000000000004885	0.99650065839500379106	0.41698806404533322878	0.57951259434973445561	5.48395443910750746142	2.00150374013438092646	0.99697452932566643646	0.92835869508104584824
0.94000000000000005773	0.99646971196232991819	0.43358255895415825920	0.56288715300823310983	5.46626208600497687229	2.00156590507534826173	0.99694064927474901339	0.93832810157379331617
0.95000000000000006661	0.99643872360523666476	0.45006479080987316088	0.54637393279542323388	5.44868503513889912426	2.00162815839733143619	0.99690665257891053486	0.94829716809958242152
0.95999999999999996447	0.99640769239827620130	0.46639323922387837529	0.53001445317446271854	5.43126481830603768941	2.00168999419515580840	0.99687280046864934491	0.95826589610426893273
0.96999999999999997335	0.99637661757267637075	0.48252743510575846209	0.51384918246698585431	5.41404190925143513624	2.00175240216127336979	0.99683861660647266056	0.96823428227033370153
0.97999999999999998224	0.99634549844640807326	0.49842806368078540480	0.49791743476568917082	5.39705561972494329837	2.00181490245918825011	0.99680434409710994004	0.97820232571130483201
0.98999999999999999112	0.99631433430756244363	0.51405706273237028459	0.48225727157525660749	5.38034400088730091483	2.00187749638657619400	0.99676999058171844581	0.98817002561712197206
1.00000000000000000000	0.99628312356469572730	0.52937771510336895098	0.46690540846139033659	5.36394374395471462691	2.00194018761860537126	0.99673555828403481716	0.99813738119996231468
1.01000000000000000888	0.99625186553772804299	0.54435473692254543465	0.45189712861524422571	5.34789010693897637339	2.00200297760914036616	0.99670105566338185188	1.00810439175659616318
1.02000000000000001776	0.99622056006465908862	0.55895435935246406967	0.43726620071225641428	5.33221682799624385751	2.00206586677712916611	0.99666649396443973696	1.01807105669624053945
1.03000000000000002665	0.99618920715378478370	0.57314440436168534454	0.42304480279217226979	5.31695604820354894571	2.00212885526593797891	0.99663188123830614984	1.02803737550862361871
1.04000000000000003553	0.99615780698203792998	0.58689435462947003863	0.40926345235263372757	5.30213824180532800057	2.00219194287985757796	0.99659722560373453781	1.03800334776466085529
1.05000000000000004441	0.99612635989236220091	0.60017541728557144420	0.39595094260686186649	5.28779215264128854557	2.00225512908825953318	0.99656253522357496344	1.04796897311689662935
1.06000000000000005329	0.99609486638988664620	0.61296058136929576499	0.38313428502065921544	5.27394473686349218866	2.00231841303166779866	0.99652781827962144678	1.05793425129969276277
1.07000000000000006217	0.99606332713613277008	0.62522466891477679329	0.37083865822141981461	5.26062111203092097611	2.00238179353187906173	0.99649308294584970636	1.06789918212915124762
1.08000000000000007105	0.99603174294101448627	0.63694437959204952548	0.35908736334903279541	5.24784451264710938290	2.00244526910573839018	0.99645833735988176283	1.07786376550275009301
1.09000000000000007994	0.99600011475247829384	0.64809832885637097544	0.34790178589617154481	5.23563625218725814392	2.00250883798407075531	0.99642358959249832662	1.08782800139867497080
1.10000000000000008882	0.99596844364341463596	0.65866707958061443406	0.33730136406287086759	5.22401569163788526140	2.00257249813539539574	0.99638884761542589885	1.09779188987482934081
1.11000000000000009770	0.99593673079601408027	0.66863316716789900074	0.32730356362818846527	5.21300021455140338844	2.00263624729550882009	0.99635411926689732010	1.10775543106749840838
1.12000000000000010658	0.99590497748321904492	0.67798111816359241111	0.31792385931969624480	5.20260520859608455169	2.00270008300217394748	0.99631941221575059942	1.11771862518965581224
1.13000000000000011546	0.99587318504781852102	0.68669746240763307465	0.30917572264026482731	5.19284405356309086699	2.00276400263533504997	0.99628473392360683558	1.12768147252889194831
1.14000000000000012434	0.99584135487851188628	0.69477073878871686841	0.30107061608987090162	5.18372811576505654330	2.00282800346247435996	0.99625009160588318124	1.13764397344495082898
1.15000000000000013323	0.99580948838388794186	0.70219149468341723885	0.29361799370053831559	5.17526674875247305607	2.00289208269122509520	0.99621549218827409877	1.14760612836683351112
1.15999999999999992006	0.99577758696586593512	0.70895227918336267692	0.28682530778258158444	5.16746730025585954138	2.00295623752089113623	0.99618094226745990127	1.15756793778950806129
1.16999999999999992895	0.99574565199114262182	0.71504763023238027131	0.28069802175884023265	5.16033512518201575858	2.00302046520046550526	0.99614644807469887589	1.16752940227025514552
1.17999999999999993783	0.99571368476139088255	0.72047405581453682899	0.27523962894692538539	5.15387360463607979710	2.00308476308435423618	0.99611201544568150901	1.17749052242471186069
1.18999999999999994671	0.99568168647945687333	0.72523000934907155823	0.27045167713046708302	5.14808417067247248156	2.00314912869754691016	0.99607764975648860339	1.18745129892227674340
1.19999999999999995559	0.99564965821498030429	0.72931585947015864502	0.26633379874489260253	5.14296633680634762698	2.00321355981503623767	0.99604335579460634431	1.19741173248022270137
1.20999999999999996447	0.99561760088220407905	0.73273385439369786987	0.26288374648858647831	5.13851773381793375250	2.00327805450796603282	0.99600913789206002580	1.20737182385914332272
1.21999999999999997335	0.99558551521428528819	0.73548808106736696111	0.26009743414700309261	5.13473415081140682759	2.00334261119374090754	0.99597499984998727474	1.21733157385764312330
1.22999999999999998224	0.99555340173643303014	0.73758441932700247179	0.25796898240950932868	5.13160958131042388430	2.00340722869177545462	0.99594094488032314239	1.22729098330644625925
1.23999999999999999112	0.99552126074124391852	0.73903049129627473857	0.25649076944505455611	5.12913627413226258511	2.00347190627557969478	0.99590697557936858075	1.23725005306223989621
1.25000000000000000000	0.99548909226676207673	0.73983560627723399250	0.25565348598961357141	5.12730478879469941944	2.00353664371954920398	0.99587309390555911470	1.24720878400129553398
1.26000000000000000888	0.99545689607748399919	0.74001070139038027662	0.25544619468718837707	5.12610405519727052592	2.00360144133949757972	0.99583930116161722967	1.25716717701291180731
1.27000000000000001776	0.99542467164891057507	0.73956827823293935786	0.25585639341605787012	5.12552143730855735981	2.00366630002709289471	0.99580559798120715786	1.26712523299272383781
1.28000000000000002665	0.99539241815573686889	0.73852233583277016038	0.25687008232306179911	5.12554280058081612736	2.00373122127563263462	0.99577198432115177074	1.27708295283593531444
1.29000000000000003553	0.99536013446393201143	0.73688830018315087944	0.25847183428088427171	5.12615258280542729352	2.00379620719838724696	0.99573845945863270757	1.28704033743052170813
1.30000000000000004441	0.99532781912680678982	0.73468295065016309131	0.26064486847674478431	5.12733386811554314733	2.00386126053821334025	0.99570502199395183318	1.29699738765046124200
1.31000000000000005329	0.99529547038527399483	0.73192434354992075285	0.26337112683545388370	5.12906846383747883067	2.00392638466836947586	0.99567166985877408880	1.30695410434904890629
1.32000000000000006217	0.99526308617191883155	0.72863173319664908956	0.26663135297537343682	5.13133697988438086668	2.00399158358477924580	0.99563840032972950045	1.31691048835234614245
1.33000000000000007105	0.99523066411633187567	0.72482549040747235036	0.27040517370895345017	5.13411891037581202824	2.00405633920595116493	0.99560546561712293112	1.32686654300851736288
1.34000000000000007994	0.99519820156605875994	0.72052702034032767298	0.27467118122582639961	5.13739271728462565392	2.00412169020286601295	0.99557235635473506630	1.33682226657206482123
1.35000000000000008882	0.99516569559273149181	0.71575867688362704300	0.27940701870919876226	5.14113591546670622989	2.00418712984899727303	0.99553931862833811017	1.34677765975834828893
1.36000000000000009770	0.99513314301420940922	0.71054367693906017589	0.28458946607524571171	5.14532515920630739714	2.00425266417749892156	0.99550634743963484219	1.35673272323274463069
1.37000000000000010658	0.99510054041653273060	0.70490601341335323848	0.29019452700327225125	5.14993632969274628408	2.00431829970323693857	0.99547343727000092706	1.36668745760544463330
1.38000000000000011546	0.99506788417863734075	0.69887036751446374172	0.29619751666427546200	5.15494462318848079008	2.00438404338842079966	0.99544058211285102455	1.37664186342657313133
1.39000000000000012434	0.99503517049973522202	0.69246202065187056895	0.30257314984796496171	5.16032463958566012252	2.00444990260311062258	0.99540777550916781369	1.38659594118166484833
1.40000000000000013323	0.99500239542866764086	0.68570676623615745005	0.30929562919260772391	5.16605047105135195551	2.00451588507974376441	0.99537501058916155738	1.39654969128755657160
1.40999999999999992006	0.99496955586356272683	0.67863082346312475490	0.31633873240054039000	5.17209579376981487542	2.00458199872543429976	0.99534228037191452287	1.40650311409127581896
1.41999999999999992895	0.99493664996367137121	0.67126074673916658053	0.32367590322460243479	5.17843396014600543253	2.00464824314272105354	0.99530958888639387006	1.41645620998013965774
1.42999999999999993783	0.99490367000405455222	0.66362333694441200116	0.33128033305974169398	5.18503805218579749692	2.00471463637769842236	0.99527690773827770521	1.42640897905752250807
1.43999999999999994671	0.99487061180466307420	0.65574556149916218839	0.33912505030559697561	5.19188100958032539012	2.00478118663521165388	0.99524423744816825632	1.43636142143200418175
1.44999999999999995559	0.99483747120973586853	0.64765446722581609951	0.34718300398402063278	5.19893569891275220130	2.00484790240515486914	0.99521156987816306039	1.44631353713078580903
1.45999999999999996447	0.99480424412388290811	0.63937709738474568510	0.35542714673924069579	5.20617499695313501462	2.00491479210817580281	0.99517889679984272711	1.45626532609878434066
1.46999999999999997335	0.99477092654755783219	0.63094041047847337911	0.36383051606918909160	5.21357187215379269674	2.00498186401701916637	0.99514620995042213369	1.46621678819828860085
1.47999999999999998224	0.99473751461166948218	0.62237120105338239462	0.37236631355838750723	5.22109946411369918451	2.00504912618079123021	0.99511350108669671677	1.47616792320915557468
1.48999999999999999112	0.99470400461116803559	0.61369602271688028505	0.38100798189439377683	5.22873116079302757697	2.00511658635362977066	0.99508076203650375202	1.48611873082952050673
1.50000000000000000000	0.99467039303793158833	0.60494111357613633562	0.38972927946190044635	5.23644067327257634048	2.00518425192469207374	0.99504798474901057226	1.49606921067701059691
1.51000000000000000888	0.99463667661285859456	0.59613232429195373019	0.39850435232100672733	5.24420210786516882706	2.00525212985244438713	0.99501516134343426234	1.50601936229044497395
1.52000000000000001776	0.99460285231766909497	0.58729504892868533705	0.40730780338908861848	5.25199003539968067855	2.00532022659834607836	0.99498228415811729164	1.51596918513202605361
1.53000000000000002665	0.99456891742625075370	0.57845415876762207308	0.41611475865873720492	5.25977955751088632752	2.00538854806332800251	0.99494934579207239267	1.52591867858994678642
1.54000000000000003553	0.99453599972923101280	0.56963464167018251771	0.42490135805915479894	5.26755378159723530729	2.00545482907547922835	0.99491956339120102282	1.53586787422385873114
1.55000000000000004441	0.99450391687410955033	0.56086003675644635624	0.43364388011776888732	5.27528819511941282627	2.00552148816571529366	0.99488759811069726879	1.54581675020496578377
1.56000000000000005329	0.99447191006801205493	0.55215282320955694217	0.44231908685856208274	5.28295415970833737163	2.00558600247259244398	0.99485675364444270397	1.55576531774141013642
1.57000000000000006217	0.99443986566849329467	0.54353510553486839019	0.45090476013373498310	5.29052898500417612127	2.00565059782249210940	0.99482588950752115498	1.56571357663648536018
1.58000000000000007105	0.99440778483351066619	0.53502825760145011902	0.45937952723216740614	5.29799131124963285089	2.00571527185554465689	0.99479501273513382120	1.57566152676383675058
1.59000000000000007994	0.99437566875850724735	0.52665280284046644965	0.46772286591815059875	5.30532063316698199174	2.00578002218695905512	0.99476412021654470053	1.58560916796600226419
1.60000000000000008882	0.99434351839909995707	0.51842837223583082551	0.47591514616338359556	5.31249734039690224563	2.00584484656441164319	0.99473320858681579804	1.59555650005187033003
1.61000000000000009770	0.99431133467749055477	0.51037366644024217965	0.48393766823736139582	5.31950275868550104263	2.00590974360480700511	0.99470227565584490304	1.60550352280842867359
1.62000000000000010658	0.99427911877715191569	0.50250642171621884291	0.49177269706104681513	5.32631917785117536823	2.00597471087183665261	0.99467131597746560878	1.61545023596820325196
1.63000000000000011546	0.99424687140307932420	0.49484337921333559907	0.49940349218985391477	5.33292988629175113147	2.00603974670548357295	0.99464032685093184405	1.62539663923671251489
1.64000000000000012434	0.99421459310668558462	0.48740025872628067738	0.50681433438052236884	5.33931919600790472202	2.00610484993441184898	0.99460930466780583803	1.63534273228339066542
1.65000000000000013323	0.99418228428125865470	0.48019173614194810007	0.51399054813942635089	5.34547246495590311355	2.00617001970103059350	0.99457824578149756078	1.64528851474120574316
1.66000000000000014211	0.99414994515954357990	0.47323142475303126009	0.52091852040662967038	5.35137611555038272826	2.00623525546849590384	0.99454714651289599647	1.65523398620633477307
1.66999999999999992895	0.99411757581346327228	0.46653186040950017643	0.52758571540407694922	5.35701764934370139315	2.00630055702317067201	0.99451600315821508946	1.66517914623791685180
1.67999999999999993783	0.99408517615539837564	0.46010449046673107532	0.53398068568878687135	5.36238565791989874043	2.00636592447263240047	0.99448481199906635375	1.67512399435790748647
1.68999999999999994671	0.99405274594090908824	0.45395966647682317596	0.54009307946420037627	5.36746983005440014836	2.00643135824213292295	0.99445356931329731420	1.68506853005104040299
1.69999999999999995559	0.99402028477220349956	0.44810664055795923488	0.54591364421436305854	5.37226095520142266082	2.00649685906776253930	0.99442227138690508781	1.69501275276490948052
1.70999999999999996447	0.99398779210249943450	0.44255356536546780477	0.55143422673715247750	5.37675092338508964218	2.00656242798836315089	0.99439091452533112658	1.70495666191016281843
1.71999999999999997335	0.99395526723267280111	0.43730749771967297734	0.55664776951312067155	5.38093271793847272022	2.00662763466353855080	0.99435970862733358278	1.71490025899643616647
1.72999999999999998224	0.99392274121381152252	0.43237441526034159356	0.56154832595358916691	5.38480059193196414213	2.00669333478244560354	0.99432822732683223688	1.72484354126970451659
1.73999999999999999112	0.99389020972400321519	0.42775921452704307457	0.56613099519707521523	5.38834730614238566204	2.00675895350771060777	0.99430123676284964951	1.73478655363733302863
1.75000000000000000000	0.99385765398880809851	0.42346572385212055689	0.57039193013681077638	5.39157125270311787801	2.00682466534892478549	0.99426986866800926013	1.74472925232401321338
1.76000000000000000888	0.99382506011126992007	0.41949670532524963029	0.57432835478614219227	5.39446965348296902931	2.00689045522850850745	0.99423838460889535362	1.75467163617010224463
1.77000000000000001776	0.99379242473601570040	0.41585389640028225244	0.57793852833586434325	5.39704081451665995672	2.00695633013998619987	0.99420680799218941193	1.76461370425002406215
1.78000000000000002665	0.99375974533148525580	0.41253802730312055802	0.58122171802849165179	5.39928405413564505011	2.00702229581389168800	0.99417513496653242555	1.77455545559968941305
1.79000000000000003553	0.99372701977907762494	0.40954884578692868358	0.58417817399228344488	5.40119967598494632455	2.00708835688663933539	0.99414336160637162276	1.78449688921575311262
1.80000000000000004441	0.99369424615314638771	0.40688514448852419747	0.58680910166474753442	5.40278894036588130945	2.00715451745231110436	0.99411148414311822918	1.79443800405718434376
1.81000000000000005329	0.99366142259690637406	0.40454479068176774081	0.58911663191526897343	5.40405403367389247649	2.00722078137526072084	0.99407949898993408500	1.80437879904708364798
1.82000000000000006217	0.99362854725566518432	0.40252475824781913660	0.59110378900797344581	5.40499803592616956394	2.00728715246270716932	0.99404740271084157666	1.81431927307419216255
1.83000000000000007105	0.99359561823735420560	0.40082116168289488867	0.59277445655458771423	5.40562488639652993783	2.00735363456621263012	0.99401519202916732709	1.82425942499448390244
1.84000000000000007994	0.99356263359259433532	0.39942929197271043185	0.59413334162001174565	5.40593934749376714421	2.00742023163583827028	0.99398286381045464211	1.83419925363258840001
1.85000000000000008882	0.99352959130600226878	0.39834365415993516768	0.59518593714620027235	5.40594696701379451298	2.00748694774699432131	0.99395041505756287492	1.84413875778316405096
1.86000000000000009770	0.99349648929469247527	0.39755800643152922058	0.59593848286329531572	5.40565403891636808709	2.00755378710916465579	0.99391784290941675994	1.85407793621225813752
1.87000000000000010658	0.99346332541146697981	0.39706540055277333989	0.59639792485882825446	5.40506756278713229591	2.00762075406383155851	0.99388514464230148793	1.86401678765868106247
1.88000000000000011546	0.99343009745121624299	0.39685822347490612438	0.59657187397643962612	5.40419520214925697132	2.00768785307428920817	0.99385231767316406515	1.87395531083541277972
1.89000000000000012434	0.99339680315957656909	0.39692823994411680077	0.59646856321558616720	5.40304524179281031593	2.00775508871027641433	0.99381935956430567103	1.88389350443105585420
1.90000000000000013323	0.99336344024306522105	0.39726663594050060091	0.59609680430270117757	5.40162654428776711768	2.00782246562898292197	0.99378626802906933069	1.89383136711134647534
1.91000000000000014211	0.99333000638059909537	0.39786406277766578343	0.59546594360307525395	5.39994850584985908171	2.00788998855327616155	0.99375304093815897133	1.90376889752072808726
1.91999999999999992895	0.99329657606387478097	0.39871072831290582661	0.59458584775110423504	5.39802140468168722975	2.00795548317297978258	0.99372238252467681718	1.91370612134597495313
1.92999999999999993783	0.99326500821442986755	0.39979696744001758102	0.59346804077455805881	5.39586450146838458863	2.00802326222912475018	0.99368895585881222843	1.92364301090456302212
1.93999999999999994671	0.99323346769450804317	0.40111146101767347627	0.59212200667697978407	5.39347960526370240331	2.00808700050281929705	0.99365746936780963150	1.93357958559824116840
1.94999999999999995559	0.99320188765548556020	0.40264313962904041411	0.59055874802658103739	5.39087746473380047263	2.00815082182889215190	0.99362588911585369988	1.94351584448939962435
1.95999999999999996447	0.99317026644703376714	0.40438065535113215665	0.58878961109604022184	5.38806947763440824417	2.00821472989524929531	0.99359420133670262043	1.95345178650276674048
1.96999999999999997335	0.99313860278011023563	0.40631239507413874357	0.58682620770611182426	5.38506730775387687515	2.00827872744583313391	0.99356240672279461101	1.96338741056999466217
1.97999999999999998224	0.99310689559049003527	0.40842652467328227628	0.58468037091734703647	5.38188283981739523654	2.00834281677098269725	0.99353050593648584154	1.97332271562935956943
1.98999999999999999112	0.99307514402042373902	0.41071103266727582159	0.58236411135328924882	5.37852813560411124882	2.00840699974253134030	0.99349849985836968802	1.98325770062794326520
2.00000000000000000000	0.99304334740861344155	0.41315377317867946205	0.57988957423007980729	5.37501539080769763501	2.00847127783350654084	0.99346638964033640029	1.99319236452434656037
2.01000000000000023093	0.99301150528155046615	0.41574250806591789287	0.57726899721577096258	5.37135689272981675657	2.00853565213488005625	0.99343417671764600030	2.00312670629152300705
2.02000000000000001776	0.99297961734445350235	0.41846494810635814776	0.57451466923823735211	5.36756497891885331342	2.00860012337252902270	0.99340186280542674968	2.01306072491957710469
2.03000000000000024869	0.99294768347191542102	0.42130879311724861447	0.57163889035480808243	5.36365199686790994349	2.00866469192581043046	0.99336944988876241247	2.02299441941846458448
2.04000000000000003553	0.99291570369742099267	0.42426177090816685755	0.56865393278939835309	5.35963026487684235377	2.00872935784701800443	0.99333694020810758829	2.03292778882054570033
2.04999999999999982236	0.99288367820216316684	0.42731167496598476685	0.56557200323632528249	5.35551203417967158771	2.00879412088317543805	0.99330433624180924923	2.04286083218296399266
2.06000000000000005329	0.99285160730267163487	0.43044640078045870446	0.56240520652236780652	5.35130945242893663050	2.00885898049971700630	0.99327164068603013281	2.05279354858982410192
2.06999999999999984013	0.99281949143443692929	0.43365398070484456605	0.55916551072974363112	5.34703452841892357128	2.00892343164097297858	0.99323910785499724962	2.06272593966837414214
2.08000000000000007105	0.99278733114642192525	0.43692261738577486962	0.55586471376079671369	5.34269909908121132247	2.00898847293683235904	0.99320624237484322894	2.07265800209212258665
2.08999999999999985789	0.99275512707744650864	0.44024071546298054747	0.55251441161461678497	5.33831479704539191289	2.00905360765553098190	0.99317329453747593693	2.08258973503749755807
2.10000000000000008882	0.99272287994120200771	0.44359691171451132163	0.54912596822684245357	5.33389302046943747371	2.00911883441812832984	0.99314026767564511644	2.09252113771425385380
2.10999999999999987566	0.99269059057406328073	0.44698010352994527183	0.54571048704427049802	5.32944490495560430077	2.00918415171645303730	0.99310716507447838186	2.10245220936499865871
2.12000000000000010658	0.99265828161123403905	0.45037948457263005109	0.54227879703875281336	5.32498140191332680615	2.00924955751814504623	0.99307399164565102190	2.11238294928145498019
2.12999999999999989342	0.99262595776617534860	0.45378458454686809720	0.53884137321945457799	5.32051131791469700261	2.00931491743639734082	0.99304425528419748570	2.12231339183429712492
2.14000000000000012434	0.99259359387600654134	0.45718524995833426106	0.53540834391782266000	5.31604621210491057326	2.00938040791357686032	0.99301120841119772109	2.13224350391840911101
2.14999999999999991118	0.99256118745609134280	0.46057166412997319060	0.53198952332626914252	5.31159590513526325140	2.00944598677869468162	0.99297809787143720417	2.14217328489712333095
2.16000000000000014211	0.99252873745482905754	0.46393438583006779696	0.52859435162490597815	5.30716984758820764512	2.00951165720904034728	0.99294492557958669021	2.15210273415291908350
2.16999999999999992895	0.99249624354039356344	0.46726436644626045958	0.52523187709428953429	5.30277709902223115535	2.00957742045819687249	0.99291169341342921939	2.16203185108705353557
2.18000000000000015987	0.99246370784651638530	0.47055296703273979952	0.52191074081392907491	5.29842632258629109288	2.00964327656256980248	0.99287840374359859208	2.17196063512448933608
2.18999999999999994671	0.99243113433578888927	0.47379197032343112195	0.51863916401251286548	5.29412576462003414690	2.00970920902009764220	0.99284507991597958920	2.18188908592364905203
2.20000000000000017764	0.99239851685613078569	0.47697358817582197199	0.51542492868046629884	5.28988318415643554715	2.00977523547693870398	0.99281168665918506644	2.19181720279024094822
2.20999999999999996447	0.99236585566434720729	0.48009047936867238482	0.51227537629583330681	5.28570592762666091602	2.00984135497481064547	0.99277824090604427365	2.20174498519930139651
2.22000000000000019540	0.99233315094322915861	0.48313575477365461319	0.50919739616973702656	5.28160088684443174145	2.00990756713667462208	0.99274474442892357562	2.21167243264359081323
2.22999999999999998224	0.99230040277353404043	0.48610298389836748001	0.50619741887533209468	5.27757449237590048341	2.00997387176649278118	0.99271119884744796202	2.22159954463206510411
2.24000000000000021316	0.99226761111492545187	0.48898619969856427225	0.50328141141652582569	5.27363270869905687022	2.01004026889540243772	0.99267760560826123761	2.23152632068814771316
2.25000000000000000000	0.99223477579269192539	0.49177990169851854008	0.50045487409433675463	5.26978103109575091167	2.01010675881432110401	0.99264396596951043339	2.24145276034784268759
2.26000000000000023093	0.99220189648883427846	0.49447905746416409567	0.49772283902483532847	5.26602448422346913759	2.01017334209658837807	0.99261028098948711484	2.25137886315773760870
2.27000000000000001776	0.99216897273595927587	0.49707910247800579651	0.49508987025812151161	5.26236762230832244569	2.01024001961204401567	0.99257655153327184472	2.26130462867307047148
2.28000000000000024869	0.99213600391402023693	0.49957593846982883967	0.49256006544435737560	5.25881453090686701302	2.01030679253942334839	0.99254277820902414575	2.27123005645516062856
2.29000000000000003553	0.99210298924899287254	0.50196593026038327512	0.49013705898877801825	5.25536883016756206644	2.01037366236741643633	0.99250896145431888318	2.28115514606970393174
2.30000000000000026645	0.99206992781344049970	0.50424590117925571775	0.48782402663435314727	5.25203367953646438338	2.01044063089704083680	0.99247510147631357036	2.29107989708446702082
2.31000000000000005329	0.99203681852988734313	0.50641312712158792486	0.48562369140846922688	5.24881178384451363428	2.01050770023824521004	0.99244119826804122475	2.30100430906714725765
2.31999999999999984013	0.99200366019762376002	0.50846532929789811650	0.48353833089989528560	5.24570540078285940666	2.01057487279842472816	0.99240725179584332594	2.31092838158510582858
2.33000000000000007105	0.99197045048699095116	0.51040066516797666374	0.48156978531917654651	5.24271634490561133646	2.01064215361457954145	0.99237325532439046860	2.32085211413834979766
2.33999999999999985789	0.99193718758205096098	0.51221771994426590346	0.47971946763796169400	5.23984600407674783185	2.01070954590407557916	0.99233921171743455503	2.33077550625552420982
2.35000000000000008882	0.99190386982941414207	0.51391549553424431540	0.47798837429533730381	5.23709534961977052347	2.01077705286502350646	0.99230512252601488221	2.34069855748078436974
2.35999999999999987566	0.99187049547480954370	0.51549339869288846039	0.47637709678209283481	5.23446494685600249852	2.01084467801189115121	0.99227098686307335651	2.35062126734941490014
2.37000000000000010658	0.99183706241567537454	0.51695122823198991213	0.47488583418386293156	5.23195496650815528028	2.01091242505748635239	0.99223680362428390289	2.36054363538565770142
2.37999999999999989342	0.99180356789987789146	0.51828916131629976238	0.47351440658375376636	5.22956520157333493160	2.01098030038967534594	0.99220256862503086737	2.37046566107190814776
2.39000000000000012434	0.99177001105755258070	0.51950774076939254531	0.47226227028833028809	5.22729508144264531921	2.01104830562018044304	0.99216828450662430949	2.38038734391697426318
2.39999999999999991118	0.99173638980254297248	0.52060785818136889880	0.47112853162134588070	5.22514368375900772890	2.01111644475918716068	0.99213394848423652750	2.39030868340181656961
2.41000000000000014211	0.99170270199254928478	0.52159073901180541544	0.47011196298091945112	5.22310975203410521317	2.01118472213579702057	0.99209955883775513552	2.40022967899019423754
2.41999999999999992895	0.99166894544139494450	0.52245792644114052994	0.46921101900042644361	5.22119171196962117421	2.01125314217398587502	0.99206511375074923897	2.41015033012770185650
2.43000000000000015987	0.99163511793206049472	0.52321126474826873398	0.46842385318396967397	5.21938768825015397823	2.01132170936664156358	0.99203061132798231458	2.42007063624098162080
2.43999999999999994671	0.99160127411944709586	0.52385292872170008405	0.46774834539793297417	5.21769577047946953030	2.01138828156517135426	0.99199874997109616093	2.42999062374069252357
2.45000000000000017764	0.99156731980244361413	0.52438524400216279808	0.46718207580046683391	5.21611312841786922689	2.01145663826839982136	0.99196442787186123180	2.43991026801941135460
2.45999999999999996447	0.99153528604788010448	0.52481176610194413268	0.46672351994612137904	5.21464633970903346238	2.01152561740233215559	0.99192981999607043875	2.44982956621937209007
2.47000000000000019540	0.99150327952516148500	0.52513453632278983552	0.46636874320255156112	5.21328373563417457603	2.01159052392782156105	0.99189723047030331493	2.45974853852407493449
2.47999999999999998224	0.99147122945546239947	0.52535659914522725433	0.46611463031041611149	5.21202188823901302328	2.01165552155890736685	0.99186461617458387963	2.46966718468582069335
2.49000000000000021316	0.99143913429715035956	0.52548123714715155863	0.46595789715018126609	5.21085749348864268882	2.01172061381440903105	0.99183196889431823884	2.47958550437476388240
2.50000000000000000000	0.99140699280232991164	0.52551191068356650771	0.46589508211894581358	5.20978707221457693066	2.01178580327827827290	0.99179928792663141213	2.48950349725403041745
2.51000000000000023093	0.99137480387614651534	0.52545223994693435188	0.46592256392938791176	5.20880698721844836996	2.01185109224078972900	0.99176657238474619227	2.49942116297787775281
2.52000000000000001776	0.99134256656665109553	0.52530598724152910428	0.46603657932530201391	5.20791346093245000048	2.01191648271490475253	0.99173382144762933788	2.50933850119235390963
2.53000000000000024869	0.99131028006810351094	0.52507703945688499747	0.46623324061140070107	5.20710259284379795020	2.01198197643390086498	0.99170103455713531915	2.51925551153792515180
2.54000000000000003553	0.99127794372261190947	0.52476939078345996581	0.46650855293932941281	5.20637037685416181887	2.01204757484472240847	0.99166821112619518708	2.52917219364918688385
2.55000000000000026645	0.99124555701981853506	0.52438712571913692617	0.46685843130086224217	5.20571271827172221691	2.01211327910488435577	0.99163535066199670620	2.53908854715580689643
2.56000000000000005329	0.99121311959593294549	0.52393440241626454412	0.46727871717985036693	5.20512545043143415313	2.01217909008158013506	0.99160245279455283551	2.54900457168375238481
2.56999999999999984013	0.99118063122948696364	0.52341543641238919005	0.46776519481728334737	5.20460435090259920798	2.01224500835304631607	0.99156951728729936235	2.55892026685662532515
2.58000000000000007105	0.99114809183848151530	0.52283448478939664739	0.46831360704926094929	5.20414515724058546198	2.01231103422178048135	0.99153654413595238015	2.56883563229798506100
2.58999999999999985789	0.99111550148030591600	0.52219583080025455679	0.46891967068023959753	5.20374358238086021089	2.01237716771009678141	0.99150353320439366112	2.57875066763002891435
2.60000000000000008882	0.99108286034181336532	0.52150376899119688101	0.46957909135080222462	5.20339532937643411969	2.01244340857011705381	0.99147048459780950935	2.58866537247600714267
2.60999999999999987566	0.99105016873251905452	0.52076259086002429921	0.47028757787268271606	5.20309610563751601120	2.01250975630171291542	0.99143739853520362892	2.59857974646135936325
2.62000000000000010658	0.99101742707430295898	0.51997657107540129484	0.47104085599908473991	5.20284163659777476596	2.01257621016845744677	0.99140427532620511997	2.60849378921462138337
2.62999999999999989342	0.99098463720617535611	0.51914995504948513450	0.47183468215688240122	5.20262768654051299677	2.01264276916860618272	0.99137111547358647279	2.61840750036935743239
2.64000000000000012434	0.99095180250381054154	0.51828694619743720384	0.47266485630656634997	5.20245007076498122700	2.01270942101224692422	0.99133793436418815581	2.62832087971299932505
2.64999999999999991118	0.99091894033628069582	0.51739169923142069862	0.47352724110505678423	5.20230471276427497429	2.01277617556782528752	0.99130470888411892361	2.63823392680184065640
2.66000000000000014211	0.99088605360415127343	0.51646831994332365046	0.47441773366101613885	5.20218588980867924221	2.01284290077280569875	0.99127489864428131039	2.64814667578828366601
2.66999999999999992895	0.99085312110111611883	0.51552082446995595166	0.47533229663135773135	5.20209095176497893220	2.01290977349379218708	0.99124183607663152173	2.65805909414905006116
2.68000000000000015987	0.99082014018430764057	0.51455312738124980854	0.47626701280325195453	5.20201597048409869473	2.01297674666033366009	0.99120873738129322561	2.66797118152286305559
2.68999999999999994671	0.99078710973189376698	0.51356904747884801754	0.47721806225324214790	5.20195712200679416526	2.01304382370192103124	0.99117560204320320771	2.67788293754329487228
2.70000000000000017764	0.99075402942136014950	0.51257229880427035429	0.47818173061727992090	5.20191069198796363082	2.01311100593635616818	0.99114242932477625292	2.68779436183654274473
2.70999999999999996447	0.99072089935604013000	0.51156648253642256208	0.47915441681981035815	5.20187308184766727948	2.01317829354993715896	0.99110921856340994385	2.69770545402217676312
2.72000000000000019540	0.99068771986381620742	0.51055507968214797199	0.48013264018186435633	5.20184081499132577875	2.01324568611863519152	0.99107596917075901910	2.70761621371388416790
2.72999999999999998224	0.99065449138191652434	0.50954144450894089946	0.48111304687317557605	5.20181054272900489366	2.01331318290250171898	0.99104268059621092313	2.71752664051984638149
2.74000000000000021316	0.99062121438755068592	0.50852879869200173779	0.48209241569574423636	5.20177904971712301574	2.01338078301955381022	0.99100935229401732052	2.72743673404278652583
2.75000000000000000000	0.99058788935350483573	0.50752022615661351868	0.48306766319709454338	5.20174325883594868003	2.01344848555566624526	0.99097598369699868570	2.73734649387975670365
2.76000000000000023093	0.99055451671859351404	0.50651866860038963214	0.48403584811840583146	5.20170023546657400715	2.01351628963694206931	0.99094257419672815423	2.74725591962172410732
2.77000000000000001776	0.99052109686668010635	0.50552692168038504406	0.48499417518649451386	5.20164719115165219421	2.01358419447998437946	0.99090912312865242484	2.75716501085301057827
2.78000000000000024869	0.99048763011128793110	0.50454763184963202782	0.48593999826185402258	5.20158148663885544494	2.01365219942859541291	0.99087562976097742773	2.76707376715062025596
2.79000000000000003553	0.99045411668415916928	0.50358329382686106701	0.48687082285749427868	5.20150063431578590922	2.01372030398088597281	0.99084209328598149558	2.77698218808348018527
2.80000000000000026645	0.99042055672614570661	0.50263624868140166502	0.48778430804494421480	5.20140230004562109656	2.01378850781116591762	0.99080851281403115038	2.78689027321162052786
2.81000000000000005329	0.99038695028047007973	0.50170868251468436760	0.48867826776598610738	5.20128430442243328002	2.01385681078536871169	0.99077488736978958084	2.79679802208531835817
2.81999999999999984013	0.99035329718502473906	0.50080262576906942051	0.48955067141615127291	5.20114462238766783742	2.01392480156488185017	0.99074141789923064749	2.80670543626431046036
2.83000000000000007105	0.99031959699446003853	0.49991995268214550752	0.49039964431251797938	5.20098138804760612430	2.01399330208859916880	0.99070769972510186463	2.81661251326156136798
2.83999999999999985789	0.99028584981148004562	0.49906238239117911570	0.49122346742050204682	5.20079288694939467774	2.01406190265463891365	0.99067393298628758647	2.82651925259142444702
2.85000000000000008882	0.99025205512312231004	0.49823147903259595859	0.49202057609072719080	5.20057755974496771501	2.01413060415790834412	0.99064011613622349195	2.83642565375278676854
2.85999999999999987566	0.99021821180440672272	0.49742865312099265873	0.49278955868360790893	5.20033399822657660394	2.01419940890396986788	0.99060624323533930102	2.84633171618514024814
2.87000000000000010658	0.99018431895455027991	0.49665516390337516306	0.49352915505137257002	5.20006094578865951661	2.01426831846381571012	0.99057231491474129204	2.85623743933428775321
2.87999999999999989342	0.99015037582207876543	0.49591212144226515246	0.49423825438000823507	5.19975729583778978338	2.01433733419121852037	0.99053833194473561718	2.86614282265373532255
2.89000000000000012434	0.99011638157275394523	0.49520048913426528703	0.49491589243868494563	5.19942208812467487888	2.01440645771325854696	0.99050429284997831836	2.87604786558223501913
2.89999999999999991118	0.99008233528941869128	0.49452108673354788770	0.49556124855606087376	5.19905450574602578939	2.01447569083496613729	0.99047019602387775805	2.88595256754247397879
2.91000000000000014211	0.99004823597381585998	0.49387459373158659748	0.49617364224242554993	5.19865387178891769082	2.01454503553573127661	0.99043603976739236217	2.89585692794014804008
2.91999999999999992895	0.99001408255017231408	0.49326155306650160126	0.49675252948386627860	5.19821964564699978695	2.01461449396239267173	0.99040182231457640771	2.90576094616329383413
2.93000000000000015987	0.98997987386989738656	0.49268237513535612093	0.49729749873473411137	5.19775141903616599848	2.01468406841862401890	0.99036754185175601695	2.91566462158181138875
2.93999999999999994671	0.98994560871768200183	0.49213734208297743589	0.49780826663489424755	5.19724891173773340114	2.01475376135113881659	0.99033319653342022360	2.92556795354714571644
2.95000000000000017764	0.98991133375218254287	0.49162664663585708968	0.49828468711652657008	5.19671221461431276367	2.01482141648654078381	0.99030119174939923443	2.93547096546463981426
2.95999999999999996447	0.98987697315863332204	0.49115027864574628547	0.49872669451307677368	5.19614091093183638748	2.01489131614182648278	0.99026676694054849293	2.94537363313404521037
2.97000000000000019540	0.98984455340434107651	0.49070896526483981370	0.49913558813969582939	5.19554674576690267429	2.01496134057135956041	0.99023227499798405216	2.95527595588402514082
2.97999999999999998224	0.98981216788804171625	0.49030179744147600607	0.49951037044676338539	5.19491871468142640822	2.01502725166478002805	0.99019979440382410729	2.96517795382806337301
2.99000000000000021316	0.98977975545457475004	0.48992845226998754660	0.49985130318478304678	5.19425680573870618417	2.01509322088451048316	0.99016728187574609699	2.97507962664682068521
3.00000000000000000000	0.98974731497576906580	0.48958854317907790632	0.50015877179689205434	5.19356141052780095890	2.01515925092415937314	0.99013472779887723441	2.98498097392480943313
3.01000000000000023093	0.98971484546943255811	0.48928159081710931311	0.50043325465252597173	5.19283301441101130536	2.01522534377238660142	0.99010213122884738191	2.99488199523709797134
3.02000000000000001776	0.98968234600343973906	0.48900702861313483094	0.50067531739050485928	5.19207219034383449241	2.01529150131838186155	0.99006949114800091305	3.00478269014857790609
3.03000000000000024869	0.98964981569192345123	0.48876420844156764911	0.50088560725054998013	5.19127959313056397406	2.01535772536481916362	0.99003680660971060679	3.01468305821467508210
3.04000000000000003553	0.98961725369738995362	0.48855240632521473865	0.50106484737237588778	5.19045595369524104257	2.01542401762098766227	0.99000407671923496000	3.02458309898186739062
3.05000000000000026645	0.98958465922980343166	0.48837082814991655821	0.50121383108008876750	5.18960207329036915525	2.01549037970406930143	0.98997130076121098163	3.03448281198947933390
3.06000000000000005329	0.98955203155041582264	0.48821861537539890108	0.50133341617521687272	5.18871881769002119000	2.01555681313872936400	0.98993847820380131974	3.04438219677151744591
3.07000000000000028422	0.98951936997402134555	0.48809485071911218323	0.50142451925511122290	5.18780711153116858014	2.01562331934936755928	0.98990560854491438381	3.05428125285696649982
3.08000000000000007105	0.98948667387028288456	0.48799856379342643198	0.50148811007705573761	5.18686793266231838118	2.01568989965737843661	0.98987269136227140631	3.06417997977058931269
3.08999999999999985789	0.98945394266429476104	0.48792873667991759623	0.50152520598458338874	5.18590230653425443563	2.01575655527813379919	0.98983972633880334957	3.07407837703397746054
3.10000000000000008882	0.98942117583789146451	0.48788430942509025678	0.50153686641300898597	5.18491130066909811092	2.01582328731865834115	0.98980671326623970163	3.08397644416663974098
3.10999999999999987566	0.98938837292900005949	0.48786418544068138603	0.50152418748852189978	5.18389601922519638322	2.01589009677708119739	0.98977365203216338685	3.09387418068696140594
3.12000000000000010658	0.98935553353171179491	0.48786723679539584220	0.50148829673652195460	5.18285759767069897919	2.01595698454081384554	0.98974054262842814378	3.10377158611324555082
3.12999999999999989342	0.98932265729634183415	0.48789230938411237704	0.50143034791243334958	5.18179719758313428457	2.01602395138682588538	0.98970738514477429870	3.11366865996469321942
3.14000000000000012434	0.98928974391899060503	0.48793822795611030418	0.50135151596308913380	5.18071600162126433275	2.01609099798160240624	0.98967417968235293912	3.12356540176151664667
3.14999999999999991118	0.98925679302500535428	0.48800380095504919398	0.50125299207016027481	5.17961520789066209858	2.01615812487543699660	0.98964092668127545682	3.13346181102832943566
3.16000000000000014211	0.98922383498646337951	0.48808783837241331849	0.50113599661425711762	5.17849618002601008726	2.01622533237653334126	0.98960762800341572909	3.14335788730836362959
3.16999999999999992895	0.98919087616084044878	0.48818914814325364837	0.50100172801779307985	5.17736006317704600121	2.01629242861921875729	0.98957595793192854039	3.15325364688768283727
3.18000000000000015987	0.98915787952275946449	0.48830651604068586735	0.50085136348228997960	5.17620785515785364339	2.01635966847384029421	0.98954275761333454486	3.16314907446381621270
3.18999999999999994671	0.98912484227257613245	0.48843872950697542201	0.50068611276581376224	5.17504076302488602579	2.01642656776948081543	0.98950971650591901252	3.17304417162887553161
3.20000000000000017764	0.98909176285188515898	0.48858458155376643939	0.50050718129832960646	5.17385998740140085062	2.01649397801173346778	0.98947642547349490272	3.18293893588361065383
3.20999999999999996447	0.98905864035670587597	0.48874287448545095103	0.50031576587146908697	5.17266672668747506947	2.01656147943391728106	0.98944308745541054151	3.19283336675816453720
3.22000000000000019540	0.98902547424583564517	0.48891242331216117067	0.50011305093389113452	5.17146216834381799998	2.01662907350955888930	0.98940970209648726463	3.20272746377912920224
3.22999999999999998224	0.98899226418758434676	0.48909205910575659360	0.49990020508203919514	5.17024748472508299812	2.01669676116393148391	0.98937626919996002339	3.21262122647112891016
3.24000000000000021316	0.98895900997482544259	0.48928063219035589082	0.49967837778469265109	5.16902382943948701666	2.01676454299593554964	0.98934278868062008883	3.22251465435793527092
3.25000000000000000000	0.98892571147598862247	0.48947701514887337337	0.49944869632733718268	5.16779233408156013496	2.01683241940536150949	0.98930926052864831544	3.23240774696322175075
3.26000000000000023093	0.98889236860556672948	0.48968010563622771381	0.49921226296955956148	5.16655410526245262304	2.01690039066851811711	0.98927568478400285112	3.24230050381106194024
3.27000000000000001776	0.98885898130559446439	0.48988882899415081562	0.49897015231167274329	5.16531022189531263678	2.01696845698543691938	0.98924206151827698275	3.25219292442624485773
3.28000000000000024869	0.98882554953343404502	0.49010214066546486933	0.49872340886819782613	5.16406173271409052461	2.01703661851000015659	0.98920839082156652999	3.26208500833446057854
3.29000000000000003553	0.98879207325340512380	0.49031902840733310178	0.49847304484630172716	5.16280965401439129181	2.01710487537128235758	0.98917467279223869614	3.27197675506238283560
3.30000000000000026645	0.98875855243062416022	0.49053851430395090105	0.49822003812690152103	5.16155496760593912597	2.01717322768790063847	0.98914090752931627115	3.28186816413767612488
3.31000000000000005329	0.98872498702608202503	0.49075965658020892501	0.49796533044610052920	5.16029861897113928393	2.01724167557986167054	0.98910709512589356507	3.29175923508893486513
3.32000000000000028422	0.98869137699281017806	0.49098155121870468154	0.49770982577433869887	5.15904151562630719496	2.01731021917727604276	0.98907323566376958990	3.30164996744557237562
3.33000000000000007105	0.98865772227237702641	0.49120333338271232604	0.49745438888990045623	5.15778452567882350621	2.01737885862831189954	0.98903932920881254542	3.31154036073766055992
3.33999999999999985789	0.98862402279194150356	0.49142417864876436484	0.49719984414341023005	5.15652847657884638721	2.01744759410605967176	0.98900537580604108712	3.32143041449572118395
3.35000000000000008882	0.98859027837868163058	0.49164330400788486264	0.49694697437103052540	5.15527415361657226356	2.01751642581406276378	0.98897137547924307555	3.33132012825051360139
3.35999999999999987566	0.98855648880779978249	0.49185996874775850252	0.49669652006028142122	5.15402230123890969793	2.01758535449781284399	0.98893732804659006952	3.34120950153097950874
3.37000000000000010658	0.98852265349691847973	0.49207347499954545711	0.49644917849760700213	5.15277361423593749379	2.01765438162907395636	0.98890322860329249455	3.35109853381701228159
3.37999999999999989342	0.98848877209411467604	0.49228316858067627804	0.49620560351368070418	5.15152874768798518801	2.01772350758825869121	0.98886907955925851255	3.36098722461260468464
3.39000000000000012434	0.98845484440399167259	0.49248843926350632794	0.49596640514072209971	5.15028831323713376378	2.01779273272410053508	0.98883488264976515669	3.37087557343910226848
3.39999999999999991118	0.98842087021687641268	0.49268872088133380815	0.49573214933578585439	5.14905287819484769329	2.01786205747508651243	0.98880063782567140240	3.38076357981735897695
3.41000000000000014211	0.98838684930471631951	0.49288349135645959098	0.49550335794849720283	5.14782296546563244988	2.01793148231318841823	0.98876634506849059303	3.39065124326804401278
3.41999999999999992895	0.98835278141737048507	0.49307227257883212701	0.49528050883877894339	5.14659905369550507714	2.01800100775359503302	0.98873200421696993967	3.40053856331021364667
3.43000000000000015987	0.98831866628023989918	0.49325463014175208176	0.49506403613873245506	5.14538157753609226575	2.01807063435861433476	0.98869761505653241951	3.41042553946077875437
3.43999999999999994671	0.98828450359251751589	0.49343017294117447191	0.49485433065157929944	5.14417092804655773364	2.01814036274198294052	0.98866317732539621410	3.42031217123403274982
3.45000000000000017764	0.98825029302612810156	0.49359855264530827501	0.49465174038106479726	5.14296745322842685511	2.01821019357062647614	0.98862869071900005835	3.43019845814122259497
3.45999999999999996447	0.98821603422531156813	0.49375946304118883967	0.49445657118437236210	5.14177145868528207018	2.01828012756661268057	0.98859415489321034176	3.44008439969015489268
3.47000000000000019540	0.98818172680671334529	0.49391263926520800887	0.49426908754175685745	5.14058320840191651513	2.01835016550715184991	0.98855956946719414358	3.44996999538482684855
3.47999999999999998224	0.98814737035999045123	0.49405785692440173928	0.49408951343583723537	5.13940292563469824927	2.01842030822311579996	0.98852493402637997555	3.45985524472509053950
3.49000000000000021316	0.98811296444879082035	0.49419493111548656872	0.49391803333356065764	5.13823079390631942687	2.01849055659796272622	0.98849024812515084992	3.46974014720634205133
3.50000000000000000000	0.98807850861224366668	0.49432371534865404694	0.49375479326383064915	5.13706695809809588127	2.01856091156510109030	0.98845551128983988320	3.47962470231924037023
3.51000000000000023093	0.98804400236672851321	0.49444410038317820888	0.49359990198379410931	5.13591152563289110589	2.01863137410369608560	0.98842072302208294765	3.48950890954946135736
3.52000000000000001776	0.98800944520800260129	0.49455601298163337498	0.49345343222661997018	5.13476456773986456028	2.01870194523580170909	0.98838588280180728063	3.49939276837747925697
3.53000000000000024869	0.98797483661369123187	0.49465941458997919611	0.49331542202396500008	5.13362612079637159468	2.01877262602086204879	0.98835099009105842338	3.50927627827838994889
3.54000000000000003553	0.98794017604583428405	0.49475429995014985618	0.49318587609594033427	5.13249618773700877483	2.01884341755096752280	0.98831604433750896987	3.51915943872176484319
3.55000000000000026645	0.98790546295357606343	0.49484069565214078290	0.49306476730170328837	5.13137473952271605526	2.01891432094562572885	0.98828104497915014726	3.52904224917155628916
3.56000000000000005329	0.98787069677537142631	0.49491865863208317489	0.49295203814353893979	5.13026171667018271449	2.01898533734530527539	0.98824599145418901003	3.53892470908609801938
3.57000000000000028422	0.98783587694260599488	0.49498827462415018186	0.49284760231871477254	5.12915703076106499481	2.01905646790904125254	0.98821088327701134268	3.54880681791886809506
3.58000000000000007105	0.98780100288400296549	0.49504965657310390226	0.49275134631115208306	5.12806056610487370762	2.01912771380471633975	0.98817571989540942123	3.55868857511782232805
3.58999999999999985789	0.98776705792026209263	0.49510341803912355507	0.49266363988139943997	5.12697798336771448646	2.01919651310075654038	0.98814310726872878199	3.56857000619050968027
3.60000000000000008882	0.98773211219073575595	0.49514880328514260244	0.49258330890585755313	5.12589766167613714032	2.01926597303431432096	0.98810885367968548376	3.57845109472730671385
3.60999999999999987566	0.98769711286203132339	0.49518644215806068010	0.49251067070423321104	5.12482507087500760434	2.01933749003326079574	0.98807359004242856226	3.58833183062773120042
3.62000000000000010658	0.98766404035510246828	0.49521751634218436067	0.49244652401318056434	5.12377142176808320073	2.01940912294171592833	0.98803827412956546361	3.59821221336902663523
3.62999999999999989342	0.98763099914859620032	0.49524133811899689883	0.49238966102986464479	5.12272537577824582655	2.01947666945317783060	0.98800497612296500627	3.60809226313025632749
3.64000000000000012434	0.98759793560033737325	0.49525811793488500046	0.49233981766571482952	5.12168644271290940395	2.01954426612524473583	0.98797164814374616171	3.61797197961169381131
3.64999999999999991118	0.98756484921415799150	0.49526811190889219461	0.49229673730553369371	5.12065436308219368300	2.01961191389332039847	0.98793829566460167335	3.62785136256833995461
3.66000000000000014211	0.98753173957017492679	0.49527158979877855538	0.49226014977166110409	5.11962886447003739931	2.01967961361974879253	0.98790491837237170980	3.63773041175206346409
3.66999999999999992895	0.98749860628397112539	0.49526883333520355102	0.49222977294904002310	5.11860966293383778947	2.01974736609182103919	0.98787151592828803537	3.64760912691134642216
3.68000000000000015987	0.98746544899754662428	0.49526013457514805882	0.49220531442266274302	5.11759646460080652730	2.01981517204394256382	0.98783808800305850095	3.65748750779137710154
3.68999999999999994671	0.98743226737662914694	0.49524579428207382570	0.49218647309482205232	5.11658896726743694927	2.01988303216349462943	0.98780463428991738262	3.66736555413427645078
3.70000000000000017764	0.98739906110959951846	0.49522612033666152387	0.49217294077320122847	5.11558686197146261776	2.01995094709283939949	0.98777115450885322190	3.67724326567936499188
3.70999999999999996447	0.98736582990708232632	0.49520142618260054590	0.49216440372474773435	5.11458983453055626711	2.02001891742984884814	0.98773764840836220102	3.68712064216344881373
3.72000000000000019540	0.98733257350128722507	0.49517202931110881892	0.49216054419044913404	5.11359756703858980842	2.02008694372931074668	0.98770411576581951252	3.69699768332110689784
3.72999999999999998224	0.98729929164592711288	0.49513824978875059513	0.49216104185744746768	5.11260973931890472244	2.02015502650292466669	0.98767055638913137106	3.70687438888499842804
3.74000000000000021316	0.98726598411491794938	0.49510040883126560374	0.49216557528392801402	5.11162603032705931128	2.02022316622114228579	0.98763697011189333086	3.71675075858611725366
3.75000000000000000000	0.98723265070178733982	0.49505882742785356498	0.49217382327421060895	5.11064611950408576035	2.02029136331450276387	0.98760335679701283240	3.72662679215408720879
3.76000000000000023093	0.98719929121862992627	0.49501382501862195573	0.49218546620028152949	5.10966968807454424706	2.02035961817487175196	0.98756971633434920133	3.73650248931743078629
3.77000000000000001776	0.98716590549533400623	0.49496571822847373889	0.49220018726714004353	5.10869642029024007002	2.02042793115828400730	0.98753604863896782273	3.74637784980382049227
3.78000000000000024869	0.98713249319379281488	0.49491481953237431712	0.49221767366169666413	5.10772600369659812714	2.02049630258538792660	0.98750235363282556911	3.75625287334014856810
3.79000000000000003553	0.98709905409816511845	0.49486143631742685045	0.49223761778102081976	5.10675813048621840551	2.02056473325967278498	0.98746864347225737912	3.76612755977487134729
3.80000000000000026645	0.98706561907686596324	0.49480588474128206489	0.49225973433586112105	5.10579265163795970039	2.02063322318916815945	0.98743489464603073635	3.77600190872133145703
3.81000000000000005329	0.98703219487181059755	0.49474846569538755148	0.49228372917670393250	5.10482954505233887943	2.02070158124922016896	0.98740248296833310615	3.78587593355101459380
3.82000000000000028422	0.98699874530949727180	0.49468945645912487663	0.49230928885065822209	5.10386804513590064403	2.02077005469418180539	0.98736882713192930527	3.79574962182233388575
3.83000000000000007105	0.98696526670503603729	0.49462913293691856964	0.49233613376840823506	5.10290785525447532223	2.02083858941523786257	0.98733514029746405338	3.80562297322530840304
3.83999999999999985789	0.98693175721647818932	0.49456776175070504831	0.49236399546606235411	5.10194869825547936415	2.02090719010920594201	0.98730142551393429429	3.81549598748044793695
3.85000000000000008882	0.98689821577752201431	0.49450559893993772942	0.49239261683787099999	5.10099031150990089856	2.02097585956538994267	0.98726768235840833832	3.82536866430403188488
3.85999999999999987566	0.98686464173269383693	0.49444288908743222466	0.49242175264555315684	5.10003244619226059342	2.02104459947767667316	0.98723391015541461790	3.83524100340558593558
3.87000000000000010658	0.98683103464713484154	0.49437986460656607735	0.49245117004085925405	5.09907486706209489569	2.02111341094237451088	0.98720010829072035730	3.84511300448849313582
3.87999999999999989342	0.98679739420142453810	0.49431674514712564683	0.49248064905459165708	5.09811735252651931916	2.02118229473293409271	0.98716627620906371998	3.85498466725058364091
3.89000000000000012434	0.98676372013136204320	0.49425373709948100531	0.49250998303217613516	5.09715969482518005407	2.02125125145719541919	0.98713241338673185510	3.86485599138445090617
3.89999999999999991118	0.98673001219244749205	0.49419103318643420319	0.49253897900630927431	5.09620170025196728147	2.02132028164973975848	0.98709851930831837841	3.87472697657753428757
3.91000000000000014211	0.98669627013850536024	0.49412881213678139236	0.49256745800202095253	5.09524318936653752843	2.02138938582776450659	0.98706459345032337982	3.88459762251203732930
3.91999999999999992895	0.98666249370853442713	0.49406723843671751517	0.49259525527211589502	5.09428399717000246483	2.02145856452553251970	0.98703063527009748945	3.89446792886473813766
3.93000000000000015987	0.98662868261864478114	0.49400646215646298876	0.49262222046248388407	5.09332397323142771484	2.02152781831654859701	0.98699664419846289132	3.90433789530672292756
3.93999999999999994671	0.98659483655713908767	0.49394661884975654687	0.49264821770768191245	5.09236298175762858165	2.02159714782705179914	0.98696261963504905435	3.91420752150307338368
3.95000000000000017764	0.98656095518145359158	0.49388782952405890780	0.49267312565769244559	5.09140090160182001711	2.02166655374489323549	0.98692856094557512847	3.92407680711252915273
3.95999999999999996447	0.98652770014674073806	0.49383042001097265938	0.49269728013606861605	5.09044048851326813576	2.02173553919896109576	0.98689470720630834144	3.93394575418459213623
3.97000000000000019540	0.98649375588994459019	0.49377405105320482104	0.49271970483704635724	5.08947602402183107984	2.02180373665346380108	0.98686124971041067067	3.94381436668169627069
3.97999999999999998224	0.98645977532599238291	0.49371901376212440349	0.49274076156417589978	5.08851020306086443412	2.02187335429545766985	0.98682709479844354927	3.95368263762968075170
3.99000000000000021316	0.98642575822809874797	0.49366537170488805630	0.49276038652351183966	5.08754295844510728841	2.02194305120230621853	0.98679290343173520217	3.96355056666399807597
4.00000000000000000000	0.98639170402258824488	0.49361317480166200244	0.49277852922123760449	5.08657423752494519675	2.02201282858396780284	0.98675867312849341317	3.97341815339528281470
4.00999999999999978684	0.98635761179408765198	0.49356245941408327660	0.49279515238031473823	5.08560400510179277944	2.02208268854345618593	0.98672439306509007739	3.98328539732593389644
4.02000000000000046185	0.98632348091490840147	0.49351324912995481187	0.49281023178526273121	5.08463223469149294687	2.02215263210822504547	0.98669007304239253475	3.99315229805635762972
4.03000000000000024869	0.98628931085332161022	0.49346555511601020161	0.49282375573762254861	5.08365891309414319466	2.02222266029434827317	0.98665571382546013446	4.00301885519461198015
4.04000000000000003553	0.98625510104641833653	0.49341937655019058040	0.49283572449653989533	5.08268403948551839022	2.02229277424195075241	0.98662131454344093040	4.01288506834004632395
4.04999999999999982236	0.98622085090120892303	0.49337470116473702841	0.49284614973678925187	5.08170762497720307493	2.02236297515601126662	0.98658687428205649184	4.02275093708286668459
4.06000000000000049738	0.98618655979799496603	0.49333150582762475000	0.49285505397068724021	5.08072969209267188972	2.02243326430168757213	0.98655239209616807372	4.03261646100382797897
4.07000000000000028422	0.98615222709475036655	0.49328975715707973349	0.49286246993798604743	5.07975027415100655048	2.02250364299685880809	0.98651786702217669767	4.04248163967405016450
4.08000000000000007105	0.98611785213244085302	0.49324941216586826176	0.49286843996689022607	5.07876941457627317789	2.02257411260174713163	0.98648329808801027418	4.05234647265493030943
4.08999999999999985789	0.98608343424040856284	0.49321041893238931619	0.49287301530833488306	5.07778716615544212232	2.02264467450744245269	0.98644868432190291330	4.06221095949814969828
4.09999999999999964473	0.98604897274179847955	0.49317271729589912121	0.49287625544620689011	5.07680359026870053896	2.02271533012407500607	0.98641402475994222065	4.07207509974574932698
4.11000000000000031974	0.98601446695868910641	0.49313623957260033226	0.49287822738640596487	5.07581875610776656060	2.02278608086991917858	0.98637931845283377541	4.08193889293027734055
4.12000000000000010658	0.98597991621706404519	0.49310091128918054348	0.49287900492820180265	5.07483273989204342058	2.02285692816007367512	0.98634456447225149489	4.09180233857499953132
4.12999999999999989342	0.98594531985132216612	0.49306665192991322444	0.49287866792172996266	5.07384562408734662853	2.02292787339675594893	0.98630976191663455310	4.10166543619416579247
4.13999999999999968026	0.98591067720896408133	0.49303337569351229908	0.49287730151576675253	5.07285749663005702814	2.02299891795942832218	0.98627490991834765310	4.11152818529334940223
4.15000000000000035527	0.98587598745406235246	0.49300099214131148928	0.49287499531307049638	5.07186844907222766921	2.02307006319501869740	0.98624000764074504222	4.12139058536975699809
4.16000000000000014211	0.98584124969367958879	0.49296940696867275200	0.49287184272533218765	5.07087858676290892390	2.02314131157305165942	0.98620504954070165038	4.13125263586516400238
4.16999999999999992895	0.98580646390845239058	0.49293852342781946385	0.49286794048096310705	5.06988800210806456192	2.02321266329550120133	0.98617004390463935959	4.14111433630421021945
4.17999999999999971578	0.98577162954194053057	0.49290824221342161016	0.49286338732885304204	5.06889679717452779073	2.02328411926819162758	0.98613498601771287788	4.15097568616438739042
4.19000000000000039080	0.98573674607169359252	0.49287846252249656320	0.49285828354953142849	5.06790507571573645151	2.02335568061895632042	0.98609987526890408027	4.16083668491707658887
4.20000000000000017764	0.98570181301323078760	0.49284908278516315061	0.49285273022840331292	5.06691294246293910675	2.02342734839961302384	0.98606471112038429627	4.17069733202828007990
4.20999999999999996447	0.98566682992469034641	0.49282000137873110956	0.49284682854629852100	5.06592050239575009130	2.02349912357894368142	0.98602949311271370636	4.18055762695940735796
4.21999999999999975131	0.98563185131495179014	0.49279115655190192102	0.49284069476338704385	5.06492811113866014949	2.02356882061796028438	0.98599680260976085844	4.19041759498550536733
4.23000000000000042633	0.98559678868522371253	0.49276238914398345914	0.49283439954157781671	5.06393546587050380481	2.02364076867017494976	0.98596153071831693637	4.20027721029268885644
4.24000000000000021316	0.98556168142206990179	0.49273362550945654093	0.49282805591294331915	5.06294285444176317412	2.02371281254775903236	0.98592621421426163142	4.21013647243483113414
4.25000000000000000000	0.98552849651482288262	0.49270558330666974767	0.49282291320849180849	5.06195928060737188048	2.02378496289917020334	0.98589084506224244908	4.21999538088545378400
4.25999999999999978684	0.98549538342966325200	0.49267741899290429242	0.49281796443709968703	5.06097638412988981571	2.02385295328644998492	0.98585752097307777220	4.22985395609518466387
4.27000000000000046185	0.98546225673730158956	0.49264899529345429485	0.49281326144417897384	5.05999386251725180585	2.02392097576773544176	0.98582416924170079842	4.23971219778760133323
4.28000000000000024869	0.98542911572323865776	0.49262022777466535350	0.49280888794891236637	5.05901179921016908025	2.02398903188056689118	0.98579079806352853943	4.24957010576823623893
4.29000000000000003553	0.98539595978069915994	0.49259103673089349451	0.49280492305014333976	5.05803027311417441325	2.02405712289223238542	0.98575740717099091803	4.25942767983994574621
4.29999999999999982236	0.98536278833178658765	0.49256134757761005361	0.49280144075451448593	5.05704935807220756772	2.02412524998734699722	0.98572399617819073114	4.26928491980172797327
4.31000000000000049738	0.98532960081223386339	0.49253109123286897830	0.49279850957970777747	5.05606912246251116727	2.02419341431753085914	0.98569056469185512004	4.27914182544864640789
4.32000000000000028422	0.98529639666717794277	0.49250020446009562525	0.49279619220742965080	5.05508962884390466996	2.02426161701371221113	0.98565711233646113865	4.28899839657201109588
4.33000000000000007105	0.98526317535001561865	0.49246863016732195240	0.49279454518303661414	5.05411093364493435587	2.02432985918993235686	0.98562363876146252828	4.29885463295962555463
4.33999999999999985789	0.98522993632251676388	0.49243631766103274083	0.49279361866182253005	5.05313308689960294373	2.02439814194408240766	0.98559014364326347213	4.30871053439605855573
4.35000000000000053291	0.98519667905427743548	0.49240322285316440176	0.49279345620145520446	5.05215613201446078762	2.02446646635617710785	0.98555662671053323454	4.31856610066316370933
4.36000000000000031974	0.98516340302254679084	0.49236930842166992672	0.49279409460121514908	5.05118010558804098054	2.02453483349113971812	0.98552308776040187244	4.32842133154076780244
4.37000000000000010658	0.98513010771273323840	0.49233454392419084833	0.49279556378888156321	5.05020503731977754569	2.02460324440159533665	0.98548952645720555577	4.33827622680533941946
4.37999999999999989342	0.98509679261732407962	0.49229890586411861886	0.49279788675354740946	5.04923094990410081806	2.02467170012306407756	0.98545594257485946699	4.34813078623108761889
4.38999999999999968026	0.98506345723669486159	0.49226237771144670807	0.49280107952559859541	5.04825785899668488810	2.02474020167692403405	0.98542233591521699587	4.35798500959023993317
4.40000000000000035527	0.98503010107714294996	0.49222494987637777086	0.49280515120111018090	5.04728577322163651786	2.02480875007166938317	0.98538870628788033379	4.36783889665311875206
4.41000000000000014211	0.98499672365022772347	0.49218661963857962549	0.49281010401199371040	5.04631469419853839753	2.02487734630217541820	0.98535505365145015233	4.37769244718963346230
4.41999999999999992895	0.98496332446167333963	0.49214739102676213767	0.49281593343526569617	5.04534461681269341682	2.02494599135714548055	0.98532137745723713529	4.38754566096420539623
4.42999999999999971578	0.98492993333248357590	0.49210728823332244852	0.49282264509951206888	5.04437566543526028084	2.02501468620017988087	0.98528767789687698997	4.39739853774317435153
4.44000000000000039080	0.98489656441895956362	0.49206633908380642550	0.49283022533550358002	5.04340754681102509949	2.02508322276592478417	0.98525609487770204886	4.40725109869195108558
4.45000000000000017764	0.98486317521924926499	0.49202455424497670844	0.49283862097462377561	5.04244029986748376615	2.02515186988069961771	0.98522251862150922452	4.41710332387816606570
4.45999999999999996447	0.98482975991703569640	0.49198196000095273384	0.49284779991643090646	5.04147386805602337745	2.02522057075092787315	0.98518890933486502615	4.42695521297151461937
4.46999999999999975131	0.98479631546012702525	0.49193858923313332765	0.49285772622734802528	5.04050820350513362200	2.02528933301466640415	0.98515527137700220628	4.43680676568528475912
4.48000000000000042633	0.98476283993819391238	0.49189448025182969104	0.49286835968672282338	5.03954325862961916016	2.02535816153091463576	0.98512160367893308877	4.44665798172207438199
4.49000000000000021316	0.98472933205474000307	0.49184967615188107670	0.49287965590321419773	5.03857898417187666240	2.02542705952569601635	0.98508790515690092260	4.45650886077364383198
4.50000000000000000000	0.98469579084969138805	0.49180422427232123317	0.49289156657773336434	5.03761532835601766322	2.02549602932122141397	0.98505417485313517822	4.46635940252217533697
4.50999999999999978684	0.98466221554618926781	0.49175817569961227660	0.49290403984694097783	5.03665223662314343045	2.02556507273840624705	0.98502041190249123304	4.47620960664120026706
