0.00000000000000000000	0.99999999999999977796	0.00000000000000000000	0.99999999999999977796	5.99929219794398971288	0.99978366219490133471	1.99999999999994781952	0.09999999999999995004	0.00000000000000000000
0.00200000000000000004	1.00000001754626088868	0.00002399563292503876	0.99997602191333490040	5.99808848889145629357	0.99979028706679995420	1.99990943210605331970	0.10094388344960614212	0.10094388344960614212
0.00400000000000000008	1.00000003330956377390	0.00009597032885880051	0.99990406298070511060	5.99683702845377020196	0.99979691318828955993	1.99990943786223240863	0.10094368780550169729	0.20188757125510783941
0.00600000000000000012	1.00000004709187217955	0.00021590175957376771	0.99978414533229931216	5.99553784726967453622	0.99980354066462928664	1.99990944902806311312	0.10094348418025733682	0.30283105543536514848
0.00800000000000000017	1.00000005886141840605	0.00038376223628202227	0.99961629662513784567	5.99419098238821046465	0.99981016932174515688	1.99990946564207083824	0.10094327269077113529	0.40377432812613628377
0.01000000000000000021	1.00000006858315493297	0.00059951871622966992	0.99940054986692872241	5.99279647618346800186	0.99981679886013141711	1.99990948776805166354	0.10094305335880093821	0.50471738148493727749
0.01200000000000000025	1.00000007622151998454	0.00086313280995963524	0.99913694341156367162	5.99135437636401668726	0.99982342885279418265	1.99990951547379536279	0.10094282619386700517	0.60566020767880424103
0.01400000000000000029	1.00000008174086318924	0.00117456078924127157	0.99882552095162280281	5.98986473596674606767	0.99983005874537311808	1.99990954882741167609	0.10094259120289773846	0.70660279888170196561
0.01600000000000000033	1.00000008510555660202	0.00153375359566508638	0.99846633150989483330	5.98832761334829744015	0.99983668785652357602	1.99990958526933404471	0.10094234856053613258	0.80754514744223815370
0.01800000000000000211	1.00000008628006042954	0.00194065684990082227	0.99805942943016445756	5.98674307217402379422	0.99984331537908677223	1.99990962979431285973	0.10094209795371597571	0.90848724539595415717
0.02000000000000000042	1.00000008522888994555	0.00239521086161688683	0.99760487436727907085	5.98511118140794540210	0.99984994038054775256	1.99990968017169801207	0.10094183954171108419	1.00942908493766525524
0.02199999999999999872	1.00000008191670919366	0.00289735064005955650	0.99710273127665582926	5.98343201530134471966	0.99985656180409077098	1.99990973646863667845	0.10094157333270728505	1.11037065827037251253
0.02400000000000000050	1.00000007630830811678	0.00344700590528947831	0.99655307040302720800	5.98170565338035498115	0.99986317846974470669	1.99990979875190166837	0.10094129933566504953	1.21131195760603760370
0.02600000000000000228	1.00000006836860144688	0.00404410110007351418	0.99595596726853852232	5.97993218043300700515	0.99986978907562984453	1.99990986708793072602	0.10094101756034887241	1.31225297516638650386
0.02800000000000000058	1.00000005806270308994	0.00468855540243119651	0.99531150266027834661	5.97811168649704072209	0.99987639219807045166	1.99990993872144851018	0.10094072823864592980	1.41319370340503236427
0.02999999999999999889	1.00000004535584285925	0.00538028273882751405	0.99461976261702733648	5.97624426684369591811	0.99988298629518246319	1.99991001914245813964	0.10094043095721132175	1.51413413436224364439
0.03200000000000000067	1.00000003021346373089	0.00611919179802003759	0.99388083841545327157	5.97433002196434070896	0.99988956970717768336	1.99991010580090078363	0.10094012593523928045	1.61507426029748302199
0.03400000000000000244	1.00000001260111948120	0.00690518604554784827	0.99309482655558811715	5.97236905755344871238	0.99989614065928311692	1.99991019877749276468	0.10093981318110943624	1.71601407347859247210
0.03600000000000000422	0.99999999248457527301	0.00773816373886538223	0.99226182874572277370	5.97036148449322379150	0.99990269726284486396	1.99991029813522058767	0.10093949270890979764	1.81695356618750225586
0.03799999999999999906	0.99999996982979177940	0.00861801794311499794	0.99138195188669175906	5.96830741883704796180	0.99990923751666749286	1.99991040390800445259	0.10093916454172935371	1.91789273072923149854
0.04000000000000000083	0.99999995675040154186	0.00954463669880871966	0.99045532005160863420	5.96620709826029216316	0.99991576034137996665	1.99991050505912415503	0.10093883235512846053	2.01883156308436007009
0.04200000000000000261	0.99999994456969520940	0.01051786334782221430	0.98948208122189162950	5.96311952899271346951	0.99992761495333482014	1.99955587599832407264	0.10211554141152887065	2.12094710449588896850
0.04399999999999999745	0.99999993093025518753	0.01153752838058520920	0.98846240254969197636	5.95998647615046639459	0.99993945088864966131	1.99955626955779397491	0.10211464309264203787	2.22306174758853103413
0.04599999999999999922	0.99999991549298605786	0.01260349320956579734	0.98739642228343738051	5.95680809253296317252	0.99995126595847838580	1.99955667308750761890	0.10211372812517335862	2.32517547571370419845
0.04800000000000000100	0.99999989805902000928	0.01371561420936411729	0.98628428384967525844	5.95358453707830292956	0.99996305783179750826	1.99955708684537825093	0.10211279664596364936	2.42728827235966804210
0.05000000000000000278	0.99999987850532401357	0.01487374273741294550	0.98512613576793173209	5.95031597397666800475	0.99997482397006387522	1.99955760330045539952	0.10211185964739330490	2.52940013200706115271
0.05200000000000000455	0.99999987025578951361	0.01607772565654273095	0.98392214459926985448	5.94700276096997271225	0.99998657411389257899	1.99955803650573171737	0.10211089552498163469	2.63151102753204257922
0.05399999999999999939	0.99999988014727236862	0.01732741604901833626	0.98267246409828068465	5.94364501662026256668	0.99999827551293751782	1.99955841845435333681	0.10210992004820884649	2.73362094758025131469
0.05600000000000000117	0.99999988956721252986	0.01862263916565765065	0.98137725040158174661	5.94024280434772933290	1.00000994216649430335	1.99955880332345348194	0.10210892777754364269	2.83572987535779486024
0.05800000000000000294	0.99999989842174374921	0.01996322662157017785	0.98003667180020581640	5.93679630792592671895	1.00002157109953615510	1.99955919569793305612	0.10210791928199661194	2.93783779463979133340
0.05999999999999999778	0.99999990672892347110	0.02134900513412537129	0.97865090159482759358	5.93330571672275386419	1.00003315916709967226	1.99955959553570883358	0.10210689458007100872	3.03994468921986227272
0.06199999999999999956	0.99999991450693503925	0.02277979654904133816	0.97722011795792462774	5.92977122493239239276	1.00004470314648341578	1.99956000278178591678	0.10210585372307311169	3.14205054294293528727
0.06400000000000000133	0.99999992177572405438	0.02425541786786496179	0.97574450390789380094	5.92619303155518739601	1.00005619973910842013	1.99956041737256673407	0.10210479676286803030	3.24415533970580316492
0.06600000000000000311	0.99999992855653951906	0.02577568127578655499	0.97422424728078715894	5.92257134036453614101	1.00006764557467087151	1.99956083923849203821	0.10210372375244332332	3.34625906345824652988
0.06800000000000000488	0.99999993487146465743	0.02734039416998262570	0.97265954070151650068	5.91890635987303159737	1.00007903721516688833	1.99956126830583635900	0.10210263474647751636	3.44836169820472404624
0.07000000000000000666	0.99999994074289266788	0.02894935918851431270	0.97105058155441337231	5.91519830329825158088	1.00009037115929610984	1.99956170449775116893	0.10210152980081171892	3.55046322800553593169
0.07200000000000000844	0.99999994619319909628	0.03060237423979064036	0.96939757195344056218	5.91144738852887297043	1.00010164384670408033	1.99956214773603213608	0.10210040897270702964	3.65256363697824282255
0.07399999999999999634	0.99999995124429730264	0.03229923253258331489	0.96770071871174678790	5.90765383808985156122	1.00011285166242358535	1.99956259794166624211	0.10209927232077697923	3.75466290929901980178
0.07599999999999999811	0.99999995591739609946	0.03403972260659470644	0.96596023331083680219	5.90381787910809485709	1.00012399094131620991	1.99956305503536091450	0.10209811990494203904	3.85676102920396202123
0.07799999999999999989	0.99999996033226712377	0.03582362836914111670	0.96417633196316243627	5.89993974419879663174	1.00013505796297175188	1.99956351893864470171	0.10209695178637162583	3.95885798099033348052
0.08000000000000000167	0.99999996429750803717	0.03765072909235711585	0.96234923520519266571	5.89601967647199121103	1.00014605209052609425	1.99956401549189610733	0.10209576011377914651	4.06095374110411277968
0.08200000000000000344	0.99999996792184087102	0.03952079949384128266	0.96047916842803993109	5.89205794664260018578	1.00015696648746321706	1.99956451589949835146	0.10209450392288765830	4.16304824502700032696
0.08400000000000000522	0.99999997123336792360	0.04143360976090548764	0.95856636147250062763	5.88805483737301660341	1.00016779712777958977	1.99956504572148774379	0.10209317593560261750	4.26514142096260329140
0.08600000000000000699	0.99999997426975117953	0.04338892557606315731	0.95661104869372937110	5.88401059834643014312	1.00017854016598839451	1.99956558193168376647	0.10209183268353798357	4.36723325364614112232
0.08799999999999999489	0.99999997706902132855	0.04538650814769747827	0.95461346892136578202	5.87992548366012979244	1.00018919173686082758	1.99956612441473913222	0.10209047422725756049	4.46932372787339904363
0.08999999999999999667	0.99999997974528331834	0.04742611425217924809	0.95257386549314215785	5.87579975283541422471	1.00019974802783884194	1.99956667305065005635	0.10208910062329482060	4.57141282849669394750
0.09199999999999999845	0.99999998262864897569	0.04950749626132897735	0.95049248636736416440	5.87163366288127352988	1.00021020028580132077	1.99956724839813015926	0.10208772176106631346	4.67350055025776001116
0.09400000000000000022	0.99999998509088661169	0.05163040185957424449	0.94836958323136011373	5.86742751724161948346	1.00022056251841084951	1.99956780658371235937	0.10208628437192433791	4.77558683462968414091
0.09600000000000000200	0.99999998709105852868	0.05379457442705432024	0.94620541266405244762	5.86318155602629254020	1.00023081930413670904	1.99956837251727126414	0.10208486180291256873	4.87767169643259634881
0.09800000000000000377	0.99999998858562200166	0.05599975329133010521	0.94400023529434162750	5.85889605419031855860	1.00024096679835583501	1.99956894497556336709	0.10208342446208767962	4.97975512089468441701
0.10000000000000000555	0.99999998954693825048	0.05824567352321796676	0.94175431602377146501	5.85457129098214590357	1.00025100115674914214	1.99956952396909648506	0.10208197241037521297	5.08183709330505983814
0.10200000000000000733	0.99999998995836825166	0.06053206597334370026	0.93946792398507694699	5.85020754985860325093	1.00026091853911802687	1.99957010948576918707	0.10208050572156433800	5.18391759902662396797
0.10400000000000000910	0.99999998981109716745	0.06285865730944255325	0.93714133250171061107	5.84580511842124472821	1.00027071511611476140	1.99957070149668059145	0.10207902447516643829	5.28599662350179055892
0.10599999999999999700	0.99999998910173515387	0.06522517005423215941	0.93477481904755843622	5.84136428835993193331	1.00028038707653776918	1.99957129996028548646	0.10207752875415657123	5.38807415225594699137
0.10799999999999999878	0.99999998783062693519	0.06763132262381840731	0.93236866520686279003	5.83688535540156916426	1.00028993063443749634	1.99957190482742053206	0.10207601864412409187	5.49015017090007084732
0.11000000000000000056	0.99999998600054196274	0.07007682936659166695	0.92992315663401181602	5.83236861926105110143	1.00029934203613413146	1.99957251604257990607	0.10207449423296117985	5.59222466513303206881
0.11200000000000000233	0.99999998361582997930	0.07256140060260850289	0.92743858301327353200	5.82781438359453574094	1.00030861756697753151	1.99957313354572230324	0.10207295561069741618	5.69429762074372991520
0.11400000000000000411	0.99999998068163731268	0.07508474266343430348	0.92491523801826280859	5.82322295595352557029	1.00031775355805652161	1.99957375727515840325	0.10207140286939742069	5.79636902361312777998
0.11600000000000000588	0.99999997720357047815	0.07764655793244613913	0.92235341927118474903	5.81859464774010515242	1.00032674639271990102	1.99957438716667823542	0.10206983610313842548	5.89843885971626580300
0.11800000000000000766	0.99999997318712308125	0.08024654488556719201	0.91975342830161876950	5.81392977416172751504	1.00033559251334680518	1.99957502315562707373	0.10206825540796880813	6.00050711512423440297
0.11999999999999999556	0.99999996863572804262	0.08288439813254272481	0.91711557050324721274	5.80922865415278977252	1.00034428842873368559	1.99957566519062757138	0.10206666089668768593	6.10257377602092176971
0.12199999999999999734	0.99999996355365183831	0.08555980845872766805	0.91444015509498599581	5.80449161037697347609	1.00035283071334868410	1.99957631319861262043	0.10206505267018040062	6.20463882869110250340
0.12399999999999999911	0.99999995794567597684	0.08827246286678387677	0.91172749507894990106	5.79971896916954143819	1.00036121601717753471	1.99957696711220878072	0.10206343084554801715	6.30670225953665042340
0.12600000000000000089	0.99999995181588885451	0.09102204461888804832	0.90897790719706195173	5.79491106049461723870	1.00036944107647052249	1.99957762686599682667	0.10206179552546841560	6.40876405506211899166
0.12800000000000000266	0.99999994516765122743	0.09380823327949416868	0.90619171188822000840	5.79006821790213521695	1.00037750272055303569	1.99957829239594175874	0.10206014681190547777	6.51082420187402455269
0.13000000000000000444	0.99999993800334463501	0.09663070475847986007	0.90336923324492779397	5.78519077848194118729	1.00038539787886726629	1.99957896363944365170	0.10205848480838337899	6.61288268668240775128
0.13200000000000000622	0.99999993032377687552	0.09948913135475899450	0.90051079896908026168	5.78027908283129310263	1.00039312359321619361	1.99957964063162618729	0.10205680959343625680	6.71493949627584374440
0.13400000000000000799	0.99999992208876586908	0.10238318179658739693	0.89761674029224047811	5.77533347456630785643	1.00040067698330936707	1.99958032331890511735	0.10205512134613618780	6.81699461762197955750
0.13600000000000000977	0.99999991327475967751	0.10531252129248111493	0.89468739198234192855	5.77035430093485146585	1.00040805531973431286	1.99958101167150137378	0.10205342007835602192	6.91904803770033538513
0.13800000000000001155	0.99999990387856652063	0.10827681157698021419	0.89172309230165003324	5.76534191266029605316	1.00041525597522928948	1.99958170563846993062	0.10205170601556523557	7.02109974371590084274
0.14000000000000001332	0.99999989389786159144	0.11127571095367157217	0.88872418294425203911	5.76029666378560101236	1.00042227645322578944	1.99958240516421570376	0.10204997927299711002	7.12314972298889781399
0.14200000000000001510	0.99999988333104772309	0.11430887434053310647	0.88569100899057362497	5.75521891162507426287	1.00042911439475767921	1.99958311019169698852	0.10204823996758807803	7.22519796295648575324
0.14400000000000001688	0.99999987217710006870	0.11737595331563280276	0.88262391886153745979	5.75010901671590168860	1.00043576758546315375	1.99958382066259621190	0.10204648821790071600	7.32724445117438616393
0.14599999999999999090	0.99999986043553845683	0.12047659616318091846	0.87952326427242599749	5.74496734276997322866	1.00044223396262421666	1.99958453651700351905	0.10204472414403784053	7.42928917531842358812
0.14799999999999999267	0.99999984810625619502	0.12361044791992065184	0.87638940018640165697	5.73979425662527997787	1.00044851162234516018	1.99958525769402051253	0.10204294786755142843	7.53133212318597511370
0.14999999999999999445	0.99999983518949142614	0.12677715042185136451	0.87322268476771136569	5.73459012819736368982	1.00045459882674925289	1.99958598413226074086	0.10204115951137289475	7.63337328269734793906
0.15199999999999999623	0.99999982168576773134	0.12997634235127306090	0.87002347933456558593	5.72935533043036659961	1.00046049401126357914	1.99958671576880364640	0.10203935919978084079	7.73541264189712851618
0.15399999999999999800	0.99999980759581186263	0.13320765928414968204	0.86679214831173756473	5.72409023924813453732	1.00046619579191187199	1.99958745254071956765	0.10203754705833703587	7.83745018895546596838
0.15599999999999999978	0.99999979292054386182	0.13647073373777832139	0.86352905918283728859	5.71879523350493990108	1.00047170297267928873	1.99958819438373813782	0.10203572321387943678	7.93948591216934573822
0.15800000000000000155	0.99999977766098613330	0.13976519521875777063	0.86023458244230099901	5.71347069493600212553	1.00047701455291515593	1.99958894123393071673	0.10203388779445671242	8.04151979996380283922
0.16000000000000000333	0.99999976181828464927	0.14309067027125377258	0.85690909154710648288	5.70811700810816713414	1.00048212973478301002	1.99958969302615408026	0.10203204092921205892	8.14355184089301431527
0.16200000000000000511	0.99999974539368563509	0.14644678252555248799	0.85355296286821213947	5.70273456037003700914	1.00048704793072862351	1.99959044969493837662	0.10203018274844455338	8.24558202364145920171
0.16400000000000000688	0.99999972838845752054	0.14983315274691616503	0.85016657564162068095	5.69732374180304912414	1.00049176877141166031	1.99959120740949236605	0.10202831363185708990	8.34761033727331636101
0.16600000000000000866	0.99999971080388327938	0.15324939888456803883	0.84675031191939598152	5.69188494516706366966	1.00049629211199975209	1.99959197354128770385	0.10202643321992795056	8.44963677049324424218
0.16800000000000001044	0.99999969264126731261	0.15669513612116098278	0.84330455652018310175	5.68641856585400784496	1.00050061804086443118	1.99959274435190037522	0.10202454188959647619	8.55166131238284066285
0.17000000000000001221	0.99999967390187982641	0.16016997692235385164	0.83982969697960341282	5.68092500183566073702	1.00050474688675161694	1.99959351977542132417	0.10202263977537300021	8.65368395215821450961
0.17200000000000001399	0.99999965458688966358	0.16367353108665866346	0.83632612350030854920	5.67540465361215318296	1.00050867922644104446	1.99959429974420710430	0.10202072701303263602	8.75570467917124695134
0.17400000000000001577	0.99999963469723784915	0.16720540579555079330	0.83279422890176513228	5.66985792416352651912	1.00051241589356831874	1.99959508419262177448	0.10201880373632601917	8.85772348290757349787
0.17599999999999998979	0.99999961423390004711	0.17076520566388300737	0.82923440857009678151	5.66428521889838521020	1.00051595798525627679	1.99959587305461305995	0.10201687008191172301	8.95974035298948479067
0.17799999999999999156	0.99999959319801401403	0.17435253279047746577	0.82564706040761626227	5.65868694560129270599	1.00051930686885115485	1.99959666626330756500	0.10201492618931139178	9.06175527917879541917
0.17999999999999999334	0.99999957159088481706	0.17796698680890218891	0.82203258478205887272	5.65306351438108656282	1.00052246418943258099	1.99959746375150682063	0.10201297219898101953	9.16376825137777650809
0.18199999999999999512	0.99999954941393009999	0.18160816493844852970	0.81839138447556303291	5.64741533761868552688	1.00052543187739262365	1.99959826545181051927	0.10201100825231466940	9.26577925963009185750
0.18399999999999999689	0.99999952666871394502	0.18527566203532119804	0.81472386463347612473	5.64174282991492237471	1.00052821215594689441	1.99959907129610203746	0.10200903449162461445	9.36778829412171631930
0.18599999999999999867	0.99999950335689413716	0.18896907064402385101	0.81103043271295549577	5.63604640803826661966	1.00053080754862944168	1.99959988121648279957	0.10200705106012102064	9.46979534518183818648
0.18800000000000000044	0.99999947948035561307	0.19268798104835749285	0.80731149843207949957	5.63032649082812053365	1.00053322087716178856	1.99960071495020286214	0.10200506979821258313	9.57180041498004996470
0.19000000000000000222	0.99999945504102760729	0.19643198132499514741	0.80356747371611925157	5.62458349927754408526	1.00053545529866694253	1.99960153249915806306	0.10200306767393656215	9.67380348265398737340
0.19200000000000000400	0.99999943012420156041	0.20020065741123704850	0.79979877271304544717	5.61881785684836998485	1.00053751420864145416	1.99960235390919671694	0.10200105631429506881	9.77580453896828238669
0.19400000000000000577	0.99999941728264929441	0.20399359900283775549	0.79600581827989547179	5.61303016474767524358	1.00053941324179285211	1.99960317910823026644	0.10199903586548590695	9.87780357483376825201
0.19600000000000000755	0.99999940420362998239	0.20781038228938769619	0.79218902191433082649	5.60722067636845888927	1.00054114488370005098	1.99960398245004311590	0.10199700795947030940	9.97980058279323856141
0.19800000000000000933	0.99999939080627842092	0.21165058702195727047	0.78834880378441452020	5.60138981984232664502	1.00054271368621794380	1.99960478895203319638	0.10199497130834880854	10.08179555410158734219
0.20000000000000001110	0.99999937708514596846	0.21551379102026227419	0.78448558606497720280	5.59553802556350454722	1.00054412448841345551	1.99960559856668051992	0.10199292603794721246	10.18378848013953508200
0.20200000000000001288	0.99999936303600756027	0.21939957020969083623	0.78059979282640989950	5.58966572567794273141	1.00054538248806479395	1.99960641124149107739	0.10199087229671045807	10.28577935243624530415
0.20400000000000001465	0.99999934865544470863	0.22330749867405011444	0.77669184998149287669	5.58377335402588670377	1.00054649324868205618	1.99960722692077474960	0.10198881023462492978	10.38776816267086999801
0.20600000000000001643	0.99999933394086482075	0.22723714870854658243	0.77276218523241613223	5.57786134608848804817	1.00054746270677608067	1.99960804554630877661	0.10198674000220248059	10.48975490267307186798
0.20800000000000001821	0.99999931889030302390	0.23118809087284647452	0.76881122801755463758	5.57193013893282795834	1.00054829717890836349	1.99960886705871443425	0.10198466175115047938	10.59173956442422159796
0.20999999999999999223	0.99999930350231491794	0.23515989404425502451	0.76483940945815964696	5.56598017115741328098	1.00054900336883445533	1.99960969139709310305	0.10198257563383385238	10.69372214005805510340
0.21199999999999999400	0.99999928777591895468	0.23915212547101422080	0.76084716230500770706	5.56001188283787861621	1.00054958837444574193	1.99961051849946036540	0.10198048180335292368	10.79570262186140716665
0.21399999999999999578	0.99999927171047919838	0.24316435082567774972	0.75683492088489967564	5.55402571547220258452	1.00055005969468324700	1.99961134830304798626	0.10197838041357801253	10.89768100227498592858
0.21599999999999999756	0.99999925530561217801	0.24719613425859437994	0.75280312104712354682	5.54802211192628824676	1.00055042523629111884	1.99961218074444291304	0.10197627161909790516	10.99965727389408343129
0.21799999999999999933	0.99999923856117733934	0.25124703845146162395	0.74875220010981546892	5.54200151637929927517	1.00055069332052481990	1.99961301575987104862	0.10197415557516548157	11.10163142946924885734
0.22000000000000000111	0.99999922147718989240	0.25531662467098092950	0.74468259680631132547	5.53596437426949083971	1.00055087268967013436	1.99961385328517482485	0.10197203243764602076	11.20360346190689426749
0.22200000000000000289	0.99999920405375331001	0.25940445282253837833	0.74059475123132256780	5.52991113223906349816	1.00055097251363367405	1.99961469325594198843	0.10196990236301888000	11.30557336426991277278
0.22400000000000000466	0.99999918629107953372	0.26351008150399812813	0.73648910478718920825	5.52384223808019036994	1.00055100239619765290	1.99961553560794458306	0.10196776550832928332	11.40754112977824163977
0.22600000000000000644	0.99999916818938994201	0.26763306805951431189	0.73236610012998426544	5.51775814068016146052	1.00055097238131751602	1.99961638027692822916	0.10196562203117907897	11.50950675180942006648
0.22800000000000000822	0.99999914974894554831	0.27177296863341299238	0.72822618111564507704	5.51165928996666210082	1.00055089295893662182	1.99961722719830037320	0.10196347209038646164	11.61147022389980598689
0.23000000000000000999	0.99999913096999493156	0.27592933822409942968	0.72406979274600002938	5.50554613685428506642	1.00055077507179612795	1.99961807630778420908	0.10196131584331395714	11.71343153974311945831
0.23200000000000001177	0.99999911191696189139	0.28010173077896399763	0.71989738113810541886	5.49941913411909055753	1.00055063019413026382	1.99961892754184855647	0.10195915344971215322	11.81539069319283186132
0.23400000000000001354	0.99999909249833829339	0.28428969911610413313	0.71570939338234185190	5.49327872447419363056	1.00055046481348464127	1.99961978086259639653	0.10195699687898406027	11.91734769007181604650
0.23600000000000001532	0.99999907269716081792	0.28849279510162162410	0.71150627759564966102	5.48712537004777889393	1.00055029656616278899	1.99962063596073202909	0.10195482256728251313	12.01930251263909887882
0.23800000000000001710	0.99999905251398879535	0.29271056968926062458	0.70728848282483802734	5.48095952516037332458	1.00055013826116434572	1.99962149308540859671	0.10195264258440508987	12.12125515522350482911
0.23999999999999999112	0.99999903194934525175	0.29694257295685205778	0.70305645899261026699	5.47478164484821849811	1.00055000318840936480	1.99962235217230643869	0.10195045708933728190	12.22320561231284230530
0.24199999999999999289	0.99999901100376287211	0.30118835416032124774	0.69881065684355214707	5.46859218480825504116	1.00054990512349895049	1.99962321315693514201	0.10194826624232437851	12.32515387855516664217
0.24399999999999999467	0.99999898967770461944	0.30544746178768905631	0.69455152789013174797	5.46239160134351742215	1.00054985833253073935	1.99962407597650027036	0.10194607020423357424	12.42709994875940004988
0.24599999999999999645	0.99999896797158915884	0.30971944361303743731	0.69027952435866590797	5.45618035130830403290	1.00054987757690505568	1.99962494056812145615	0.10194386913640197945	12.52904381789580234852
0.24799999999999999822	0.99999894588571935916	0.31400384675047238181	0.68599509913536504957	5.44995889205387840093	1.00054997811790524764	1.99962580686872848368	0.10194166320055754460	12.63098548109635999026
0.25000000000000000000	0.99999892342031049264	0.31830021770804939329	0.68169870571237178858	5.44372768137403095778	1.00055017572114035573	1.99962667481654832180	0.10193945255874400924	12.73292493365510402725
0.25200000000000000178	0.99999890057546891864	0.32260810244168047767	0.67739079813390179474	5.43748717745111420641	1.00055048666074486441	1.99962754434962919348	0.10193723737333006130	12.83486217102843340854
0.25400000000000000355	0.99999887735119685761	0.32692704640896957935	0.67307183094234157572	5.43123783880163024662	1.00055092772347897778	1.99962841540660063444	0.10193501780695495007	12.93679718883538853902
0.25600000000000000533	0.99999885374737873533	0.33125659462302231573	0.66874225912447027298	5.42498012422231123963	1.00055151621255444816	1.99962928792720351368	0.10193279402250018939	13.03872998285788931128
0.25800000000000000711	0.99999882976379594890	0.33559629170619348359	0.66440253805772087059	5.41871449273624961052	1.00055226995126633760	1.99963016185087627541	0.10193056618309362382	13.14066054904098379552
0.26000000000000000888	0.99999880540010555041	0.33994568194375285319	0.66005312345646538486	5.41244140353879021887	1.00055320728647267892	1.99963103711801326590	0.10192833445206311849	13.24258888349304719156
0.26200000000000001066	0.99999878065584002496	0.34430430933751304812	0.65569447131844960097	5.40616131594401849725	1.00055434709178059371	1.99963191366917225622	0.10192609899291936448	13.34451498248596656993
0.26400000000000001243	0.99999875553045325383	0.34867171765934706906	0.65132703787122980810	5.39987468933098657686	1.00055570877055122203	1.99963279144612959826	0.10192385996932822045	13.44643884245529541488
0.26600000000000001421	0.99999873002327022142	0.35304745050464364509	0.64695127951874997763	5.39358198309018099792	1.00055731225867572398	1.99963367039075801124	0.10192161754510620231	13.54836046000040106208
0.26800000000000001599	0.99999870413347491382	0.35743105134564767678	0.64256765278795302532	5.38728365656993268829	1.00055917802713922882	1.99963455044535276528	0.10191937188419282478	13.65027983188459437258
0.27000000000000001776	0.99999867786014029480	0.36182206358472451813	0.63817661427554428499	5.38098016902317155541	1.00056132708430145506	1.99963543155334755319	0.10191712315061038363	13.75219695503520433988
0.27200000000000001954	0.99999865120224096238	0.36622003060751812109	0.63377862059484901813	5.37467197955432585132	1.00056378097792930681	1.99963631365812788410	0.10191487150847435006	13.85411182654367934219
0.27400000000000002132	0.99999862415855556019	0.37062449583603029879	0.62937412832265282603	5.36835954708738150032	1.00056656180766001540	1.99963719676327533747	0.10191261708995344448	13.95602444363363225932
0.27600000000000002309	0.99999859672798907528	0.37503500278158963255	0.62496359394652456487	5.36204333027137014511	1.00056969220411851040	1.99963808075735616221	0.10191036009243835403	14.05793480372607007212
0.27800000000000002487	0.99999856890941407617	0.37945109509760521771	0.62054747381193708922	5.35572378744824728614	1.00057319534181288212	1.99963896558422993266	0.10190810068082038764	14.15984290440689008506
0.28000000000000002665	0.99999854070154470254	0.38387231663216853095	0.61612622406950479093	5.34940137659970460504	1.00057709494040469878	1.99963985118950215991	0.10190583901926673904	14.26174874342615694900
0.28200000000000002842	0.99999851210296664128	0.38829821148059900926	0.61170030062249380887	5.34307655529486336121	1.00058141526540644861	1.99964073751891269204	0.10190357527194844611	14.36365231869810621390
0.28400000000000003020	0.99999848311210115526	0.39272832403781759991	0.60727015907441184162	5.33674978063786920046	1.00058618112863006999	1.99964162451963334277	0.10190130960298021678	14.46555362830108570904
0.28600000000000003197	0.99999845372723472625	0.39716219905058242068	0.60283625467678569887	5.33042150921569302113	1.00059141788837879794	1.99964251213930643836	0.10189904217642202500	14.56745267047750758138
0.28800000000000003375	0.99999842394649129940	0.40159938166955705396	0.59839904227706885997	5.32409219704616099023	1.00059715144929506359	1.99964340032634679822	0.10189677315625814136	14.66934944363376658316
0.28999999999999998002	0.99999839376786536782	0.40603941750124311616	0.59395897626675897563	5.31776229952633272546	1.00060340826192861741	1.99964428902987134684	0.10189450270637172291	14.77124394634013881955
0.29199999999999998179	0.99999836318918122746	0.41048185265970005275	0.58951651052961739907	5.31143227138061924109	1.00061021532205640661	1.99964517819969178625	0.10189223099053032473	14.87313617733066983817
0.29399999999999998357	0.99999833220813461043	0.41492623381813353856	0.58507209839013873953	5.30510256660970114240	1.00061760016959055974	1.99964606778636944107	0.10188995817236047581	14.97502613550303074419
0.29599999999999998535	0.99999830082224783201	0.41937210826025883570	0.58062619256212677499	5.29877363843898763207	1.00062559088730340662	1.99964695774133893735	0.10188768441532559950	15.07691381991835655185
0.29799999999999998712	0.99999826902889155100	0.42381902392955295156	0.57617924509947626710	5.29244593926791306870	1.00063421609884883878	1.99964784597426037394	0.10188540999414009980	15.17879922991249586062
0.29999999999999998890	0.99999823682531696623	0.42826652948605198334	0.57173170733940303911	5.28611992061899282902	1.00064350496756260256	1.99964873645821583636	0.10188313485216264620	15.28068236476465813212
0.30199999999999999067	0.99999820420859475423	0.43271417435142950358	0.56728402985730697061	5.27979603308721401334	1.00065348719344782147	1.99964962716728922310	0.10188085926068249365	15.38256322402533982086
0.30399999999999999245	0.99999817117565292790	0.43716150876147202853	0.56283666241431851152	5.27347472628978142239	1.00066419301073650239	1.99965051805587390454	0.10187858338234546951	15.48444180740768594262
0.30599999999999999423	0.99999813772324319672	0.44160808381646465826	0.55839005390691842656	5.26715644881599676097	1.00067565318491968895	1.99965140907919902702	0.10187630737954185556	15.58631811478722717368
0.30799999999999999600	0.99999810384799536767	0.44605345153135766978	0.55394465231678313710	5.26084164817746646747	1.00068789900941279569	1.99965230019280570950	0.10187403141440233567	15.68819214620162938445
0.30999999999999999778	0.99999806954634529177	0.45049716488568253281	0.54950090466081324969	5.25453077075819940944	1.00070096230193361642	1.99965319135365171554	0.10187175564874795253	15.79006390185037744800
0.31199999999999999956	0.99999803481461113641	0.45493877787328768081	0.54505925694146872829	5.24822426176556167121	1.00071487540043135844	1.99965408251913023818	0.10186948024410288904	15.89193338209448036480
0.31400000000000000133	0.99999799964890401238	0.45937784555178834411	0.54062015409726604798	5.24192256518090182738	1.00072967115875588462	1.99965497364728861385	0.10186720536167877260	15.99380058745615862392
0.31600000000000000311	0.99999796404522212079	0.46381392409180516312	0.53618403995356034297	5.23562612371082902740	1.00074538294192083576	1.99965586469712675033	0.10186493116231375156	16.09566551861847116811
0.31800000000000000488	0.99999792799935915966	0.46824657082593945656	0.53175135717356314391	5.22933537873851950195	1.00076204462102968940	1.99965675562858380410	0.10186265780646959478	16.19752817642494235884
0.32000000000000000666	0.99999789150697548923	0.47267534429750401870	0.52732254720961657668	5.22305077027548758650	1.00077969056778681711	1.99965764640237231298	0.10186038545423459212	16.29938856187917650686
0.32200000000000000844	0.99999785456355705371	0.47709980430898835113	0.52289805025471747246	5.21677273691343579287	1.00079835564869923381	1.99965853697965578739	0.10185811426530302914	16.40124667614448128461
0.32400000000000001021	0.99999781716442559532	0.48151951197025533169	0.51847830519431903351	5.21050171577647791565	1.00081807521887133916	1.99965942732301793505	0.10185584439894734832	16.50310252054342896599
0.32600000000000001199	0.99999777930474420540	0.48593402974649230197	0.51406374955840639096	5.20423814247383731413	1.00083888511540020083	1.99966031739541438839	0.10185357601400715777	16.60495609655743720623
0.32800000000000001377	0.99999774097950822060	0.49034292150584279923	0.50965481947382329508	5.19798245105241107922	1.00086082165046508230	1.99966120716098649801	0.10185130926887145386	16.70680740582630718905
0.33000000000000001554	0.99999770218354167017	0.49474575256679198532	0.50525194961690356177	5.19173507394998345887	1.00088392160398487185	1.99966209658443894170	0.10184904432146241193	16.80865645014776887933
0.33200000000000001732	0.99999766291151104269	0.49914208974526824703	0.50085557316640128001	5.18549644194881853565	1.00090822221585096230	1.99966298563148980882	0.10184678132921327898	16.91050323147698364323
0.33400000000000001910	0.99999762315791662637	0.50353150140141444968	0.49646612175666360312	5.17926698412906638680	1.00093376117790433533	1.99966387426832703511	0.10184452044906176782	17.01234775192604686822
0.33600000000000002087	0.99999758291709406333	0.50791355748609945397	0.49208402543115392636	5.17304712782305298191	1.00096057662537973876	1.99966476246244040382	0.10184226183741298954	17.11419001376345860876
0.33800000000000002265	0.99999754218318637200	0.51228782958710306072	0.48770971259624168459	5.16683729856940932024	1.00098870712810428252	1.99966565018218922489	0.10184000565016995687	17.21603001941362975913
0.34000000000000002442	0.99999750095019923624	0.51665389097502412152	0.48334360997533615256	5.16063792006806565382	1.00101819168112449177	1.99966653739620237040	0.10183775204261656666	17.31786777145624611762
0.34200000000000002620	0.99999745921198190945	0.52101131664884114958	0.47898614256330002137	5.15444941413509027939	1.00104906969508511416	1.99966742407425157602	0.10183550116950809694	17.41970327262575324312
0.34400000000000002798	0.99999741696219179854	0.52535968338116334486	0.47463773358118560575	5.14827220065801327564	1.00108138098618226763	1.99966831018743707027	0.10183325318499501788	17.52153652581074894101
0.34600000000000002975	0.99999737419431722341	0.52969856976316864738	0.47029880443130894774	5.14210669755152416371	1.00111516576572090464	1.99966919570696721742	0.10183100824263820183	17.62336753405338640732
0.34800000000000003153	0.99999733090170050964	0.53402755624921349753	0.46596977465264982632	5.13595332071358789960	1.00115046462923951154	1.99967008060519857437	0.10182876649537109248	17.72519630054875605651
0.35000000000000003331	0.99999728707751345258	0.53834622520109853827	0.46165106187657317660	5.12981248398177580583	1.00118731854528797420	1.99967096485545470230	0.10182652809548704831	17.82702282864424248032
0.35199999999999997957	0.99999724271474732529	0.54265416093200669057	0.45734308178290034030	5.12368459908998374885	1.00122576884379355100	1.99967184843168399588	0.10182429319462878159	17.92884712183887074843
0.35399999999999998135	0.99999719780626150634	0.54695094975009972416	0.45304624805631760198	5.11757007562565124914	1.00126585720399918777	1.99967273130858447239	0.10182206194377567410	18.03066918378264560374
0.35599999999999998312	0.99999715234471009406	0.55123618000174434695	0.44876097234312556372	5.11146932098702588831	1.00130762564207742571	1.99967361346237981756	0.10181983449320231028	18.13248901827584802504
0.35799999999999998490	0.99999712817441177570	0.55550945250177519164	0.44448767567280095259	5.10538287281797753536	1.00135110140653815769	1.99967445922107311951	0.10181761756267994345	18.23430663583852862075
0.35999999999999998668	0.99999710421364795820	0.55977034975208928014	0.44022675446172748748	5.09931100602755460471	1.00139634152244716425	1.99967529524340581482	0.10181540222340063062	18.33612203806193008404
0.36199999999999998845	0.99999708040471302350	0.56401846644132924702	0.43597861396355191976	5.09325412120501486157	1.00144338870070814806	1.99967612923724424867	0.10181319084605262859	18.43793522890798186609
0.36399999999999999023	0.99999705667478977489	0.56825339945534047992	0.43174365721962199016	5.08721261625759169078	1.00149228618585861561	1.99967696112329562652	0.10181098381956554810	18.53974621272754674806
0.36599999999999999201	0.99999703296341335701	0.57247474793444352859	0.42752228502914157993	5.08118688676826479877	1.00154307747798876349	1.99967779098996678577	0.10180878128972491170	18.64155499401727311692
0.36799999999999999378	0.99999700921802303633	0.57668211331221186366	0.42331489590597648487	5.07517732593224124571	1.00159580632278411017	1.99967861890978082506	0.10180658339927310674	18.74336157741654673714
0.36999999999999999556	0.99999698539222958704	0.58087509935479864076	0.41912188603760219818	5.06918432449567291087	1.00165051669601412598	1.99967944152292820270	0.10180439049227972548	18.84516596790882658752
0.37199999999999999734	0.99999696144557892463	0.58505331220274270354	0.41494364924300569664	5.06320827075056101307	1.00170725279615080439	1.99968026566579104575	0.10180220230537564974	18.94696817021420187643
0.37399999999999999911	0.99999693734198547013	0.58921636040860836392	0.41078057693354957935	5.05724955045184465519	1.00176605902316606667	1.99968108800826938065	0.10180001917765112152	19.04876818939185412205
0.37600000000000000089	0.99999691304942905923	0.59336385497689680957	0.40663305807270394565	5.05130854678821794579	1.00182697996546354879	1.99968190858177030655	0.10179784124687897562	19.15056603063873197357
0.37800000000000000266	0.99999688853938595301	0.59749540940296186342	0.40250147913660372367	5.04538564034076042475	1.00189006038426620115	1.99968272741030483886	0.10179566865011635546	19.25236169928884777391
0.38000000000000000444	0.99999686378639607298	0.60161063971153760921	0.39838622407503038181	5.03948120904213148208	1.00195534519751450198	1.99968354451216767664	0.10179350152398257412	19.35415520081282991782
0.38200000000000000622	0.99999683876758127532	0.60570916449491951639	0.39428767427284083791	5.03359562813650551760	1.00202287946326751289	1.99968435990030624083	0.10179134000501278978	19.45594654081784113941
0.38400000000000000799	0.99999681346242597080	0.60979060495076498061	0.39020620851184489863	5.02772927014022830150	1.00209270836251018721	1.99968517358341646428	0.10178918423007020377	19.55773572504791246729
0.38600000000000000977	0.99999678785253576230	0.61385458491957078930	0.38614220293314077681	5.02188250480335973691	1.00216487718130409235	1.99968598556591725668	0.10178703433678142065	19.65952275938469284711
0.38800000000000001155	0.99999676192147546328	0.61790073092175945568	0.38209603099989641883	5.01605569907188098000	1.00223943129227133220	1.99968679584868080923	0.10178489046393328354	19.76130764984862508982
0.39000000000000001332	0.99999673565484115123	0.62192867219442427018	0.37806806346059740331	5.01024921705093539970	1.00231641613532374002	1.99968760442920956422	0.10178275275177818548	19.86309040260040248427
0.39200000000000001510	0.99999670904025894647	0.62593804072769365643	0.37405866831274542372	5.00446341996877475111	1.00239587719771416907	1.99968841130190511102	0.10178062134215011547	19.96487102394255330751
0.39400000000000001688	0.99999668206751224364	0.62992847130069618000	0.37006821076700185946	4.99869866614168500973	1.00247785999339988905	1.99968921645726371850	0.10177849637834995855	20.06664952032090454281
0.39600000000000001865	0.99999665487106048634	0.63389960160285840907	0.36609705326838443140	4.99295531163261685492	1.00256240990690725923	1.99969001988308892059	0.10177637800469480078	20.16842589832559795582
0.39800000000000002043	0.99999662766147390247	0.63785107222936909821	0.36214555543229043355	4.98723371752481181574	1.00264957282656341775	1.99969081106417490012	0.10177426211577278448	20.27020016044136951905
0.40000000000000002220	0.99999659989077149813	0.64178252622100540048	0.35821407366994728605	4.98153422182495564385	1.00273939561619385152	1.99969160864776451803	0.10177215768514649707	20.37197231812651665450
0.40200000000000002398	0.99999657156430354910	0.64569360987191670720	0.35430296169257047278	4.97585717080088674180	1.00283192371471407967	1.99969240476747822655	0.10177006046728584443	20.47374237859380130544
0.40400000000000002576	0.99999654269036397647	0.64958397243903476248	0.35041257025151140159	4.97020290765374905817	1.00292720249885847217	1.99969319936663847415	0.10176797055654535074	20.57551034915034549044
0.40600000000000002753	0.99999651327939287349	0.65345326617494892130	0.34654324710462774961	4.96457177247884384741	1.00302527725334256203	1.99969399239560741144	0.10176588806271036347	20.67727623721305718618
0.40800000000000002931	0.99999648334282420503	0.65730114635998304617	0.34269533698302795388	4.95896410222659866918	1.00312619314793094460	1.99969478380723031385	0.10176381310038926098	20.77904005031344780718
0.41000000000000003109	0.99999645289236871459	0.66112727133408533131	0.33886918155847745027	4.95338023066721699905	1.00322999521529387934	1.99969557355442861812	0.10176174578654809122	20.88080179609999476043
0.41200000000000003286	0.99999642193955984304	0.66493130252839116601	0.33506511941136213339	4.94782048835691767863	1.00333672832918385787	1.99969636159138364206	0.10175968623953561554	20.98256148233953055637
0.41400000000000003464	0.99999639049553534775	0.66871290449649722909	0.33128348599922796680	4.94228520260661774444	1.00344643718202353178	1.99969714787295971270	0.10175763457811787260	21.08431911691764781835
0.41600000000000003642	0.99999635857088642332	0.67247174494529138311	0.32752461362578882964	4.93677469745113128852	1.00355916626259022983	1.99969793235593096270	0.10175559092104781433	21.18607470783869572983
0.41799999999999998268	0.99999632617566791559	0.67620749476540376044	0.32378883141045966543	4.93128929361976986456	1.00367495983333943066	1.99969871499821816307	0.10175355538681640777	21.28782826322551358089
0.41999999999999998446	0.99999629331935901977	0.67991982806119810601	0.32007646525835381501	4.92582930850732569894	1.00379386190759500863	1.99969949575917871343	0.10175152809344645277	21.38957979131895825731
0.42199999999999998623	0.99999626001087971172	0.68360842218031736550	0.31638783783076157574	4.92039505614577343806	1.00391591622655695915	1.99970027459997368169	0.10174950915834393705	21.49132930047730383194
0.42399999999999998801	0.99999622625866302350	0.68727295774275665163	0.31272326851610393605	4.91498684717648437470	1.00404116623613171022	1.99970105148246224402	0.10174749869823386528	21.59307679917553812743
0.42599999999999998979	0.99999619222371949334	0.69091311876213978849	0.30908307346178331976	4.90960498898352781794	1.00416965477064046297	1.99970182465003287753	0.10174550755982000871	21.69482230673535738674
0.42799999999999999156	0.99999615774837313786	0.69452859239257092039	0.30546756535600333438	4.90424978535578492966	1.00430142497824026471	1.99970259728550581180	0.10174351452063402912	21.79656582125599229016
0.42999999999999999334	0.99999612283636352128	0.69811906923788613621	0.30187705359867961219	4.89892153651625505972	1.00443651926372634620	1.99970336783472268927	0.10174153029133248261	21.89830735154732366254
0.43199999999999999512	0.99999608756254043662	0.70168424333831880269	0.29831184422442524884	4.89362053963540599710	1.00457497959770858387	1.99970413626716769784	0.10173955499496174781	22.00004690654228411972
0.43399999999999999689	0.99999606422582831833	0.70522382376910519586	0.29477224045692884680	4.88834724005000875735	1.00471686029010309760	1.99970490250443400093	0.10173758873496217825	22.10178449527724708901
0.43599999999999999867	0.99999604121753415953	0.70873750014506675665	0.29125854107267851179	4.88310177963951552726	1.00486218954680950333	1.99970564057264255098	0.10173563330278220795	22.20352012858002765938
0.43800000000000000044	0.99999601797477211118	0.71222497635686654593	0.28777104161811467575	4.87788444142549337812	1.00501100879632287999	1.99970637586380073358	0.10173368723215683862	22.30525381581218624660
0.44000000000000000222	0.99999599448946585589	0.71568596017973162837	0.28431003430994367109	4.87269550793914341114	1.00516335827959268912	1.99970710864629852566	0.10173175049265084646	22.40698556630483651020
0.44200000000000000400	0.99999597076050139588	0.71912016290639191318	0.28087580785432336716	4.86753525811927012512	1.00531927771933937699	1.99970783890377168390	0.10172982323242175939	22.50871538953725803367
0.44400000000000000577	0.99999594678812753212	0.72252729936736248550	0.27746864742098048540	4.86240396726746215705	1.00547880630398234203	1.99970856661485374417	0.10172790556292481134	22.61044329510018258134
0.44600000000000000755	0.99999592257339697809	0.72590708795435998635	0.27408883461925298564	4.85730190702297104366	1.00564198266341886523	1.99970929175638301167	0.10172599759353931348	22.71216929269372286626
0.44800000000000000933	0.99999589811767541914	0.72925925064325280989	0.27073664747464426528	4.85222934533861316453	1.00580884484481702934	1.99971001430532568932	0.10172409943083007833	22.81389339212455169559
0.45000000000000001110	0.99999587342262463707	0.73258351301683144463	0.26741236040601157331	4.84718654645929003522	1.00597943028795766551	1.99971073423938361380	0.10172221118019522668	22.91561560330474733860
0.45200000000000001288	0.99999584848998290809	0.73587960428698773185	0.26411624420321117013	4.84217377090031142473	1.00615377580081322151	1.99971145153659435323	0.10172033294546981019	23.01733593625021612183
0.45400000000000001465	0.99999582332156866649	0.73914725731649488782	0.26084856600529449100	4.83719127542693172472	1.00633191753500561560	1.99971216617549552019	0.10171846482931880262	23.11905440107953424445
0.45600000000000001643	0.99999579791914994242	0.74238620864020143930	0.25760958927917171346	4.83223931303391829317	1.00651389096148324853	1.99971287813505882447	0.10171660693248490981	23.22077100801201865465
0.45800000000000001821	0.99999577228449132438	0.74559619848588720714	0.25439957379883337829	4.82731813292655953518	1.00669973084600639091	1.99971358739553894956	0.10171475935460735918	23.32248576736662570852
0.46000000000000001998	0.99999574641930255581	0.74877697079449223594	0.25121877562504196790	4.82242798050138787858	1.00688947122491834207	1.99971429393718724832	0.10171292219398105072	23.42419868956060824416
0.46200000000000002176	0.99999572032526062859	0.75192827323993938204	0.24806744708555125700	4.81756909732811244851	1.00708314538087018164	1.99971499774135397232	0.10171109554752974513	23.52590978510813712887
0.46400000000000002354	0.99999569400400667440	0.75504985724841333639	0.24494583675582576321	4.81274172113161657904	1.00728078581873958797	1.99971569878961230593	0.10170927951083255647	23.62761906461896899145
0.46600000000000002531	0.99999566745709356219	0.75814147801708697827	0.24185418944024428267	4.80794608577520676818	1.00748242424243317217	1.99971639706328541131	0.10170747417698326742	23.72932653879595221724
0.46800000000000002709	0.99999564068615365287	0.76120289453251610556	0.23879274615387385827	4.80318242124306316043	1.00768809152935978624	1.99971709254630236607	0.10170567963958851432	23.83103221843554209158
0.47000000000000002887	0.99999561369285028256	0.76423386958838546157	0.23576174410470326914	4.79845095362403561978	1.00789781770762920665	1.99971778522141785395	0.10170389599116679002	23.93273611442671011673
0.47200000000000003064	0.99999558656908671406	0.76723416987676473777	0.23276141669255981381	4.79375190589302135891	1.00811163195277075921	1.99971847507187061588	0.10170212332152506196	24.03443823774823684403
0.47400000000000003242	0.99999555935523121164	0.77020356587988081376	0.22979199347558937339	4.78908548881638385097	1.00832955721050154807	1.99971915813675171769	0.10170037231714484927	24.13613861006538030551
0.47600000000000003419	0.99999553182999145751	0.77314183174376771568	0.22685370008646973949	4.78445192250264028644	1.00855162614255311482	1.99971984192837348715	0.10169862196541670785	24.23783723203079532027
0.47800000000000003597	0.99999550399501158093	0.77604874565812076437	0.22394675833714020041	4.77985141731964802148	1.00877786514933109885	1.99972052302985714434	0.10169688285204640799	24.33953411488284146458
0.47999999999999998224	0.99999547585306769459	0.77892408970183701911	0.22107138615147414740	4.77528417966230289693	1.00900829966536886850	1.99972120142333764647	0.10169515506333215438	24.44122926994617372998
0.48199999999999998401	0.99999544740784840346	0.78176764985756386217	0.21822779755053084427	4.77075041194423565827	1.00924295413833142732	1.99972187709047277693	0.10169343868228646055	24.54292270862845981583
0.48399999999999998579	0.99999541866348495844	0.78457921602549329787	0.21541620263824134973	4.76625031258424503022	1.00948185200765361280	1.99972255001195531321	0.10169173378994103563	24.64461444241840126779
0.48599999999999998757	0.99999538962420253529	0.78735858203679920386	0.21263680758765909906	4.76178407599307629283	1.00972501568318895337	1.99972322016866899119	0.10169004046586531398	24.74630448288426620707
0.48799999999999998934	0.99999536029416291605	0.79010554566666746368	0.20988981462775224696	4.75735189256108181866	1.00997246652396976963	1.99972388754128127530	0.10168835878830397024	24.84799284167257127365
0.48999999999999999112	0.99999533067734314162	0.79281990864686902043	0.20717542203072472629	4.75295394864663744983	1.01022422481718621157	1.99972455211084709781	0.10168668883418349735	24.94967953050675646409
0.49199999999999999289	0.99999530077746134893	0.79550147667785320316	0.20449382409986191500	4.74859042656515395464	1.01048030975748948102	1.99972521385988732945	0.10168503067909523407	25.05136456118585286390
0.49399999999999999467	0.99999527059800352724	0.79815005944036487850	0.20184521115789497148	4.74426150457882389588	1.01074073942657527425	1.99972587277074564938	0.10168338439731981759	25.15304794558317169617
0.49599999999999999645	0.99999524014218188483	0.80076547060656011467	0.19922976953588211746	4.73996735688694581512	1.01100553077312849126	1.99972652882681267705	0.10168175006177934683	25.25472969564495073769
0.49799999999999999822	0.99999520941293873477	0.80334752785060303815	0.19664768156259720966	4.73570815361664898546	1.01127469959318605497	1.99972718201236143720	0.10168012774403026310	25.35640982338897941872
0.50000000000000000000	0.99999517841293761311	0.80589605285876608765	0.19409912555443725735	4.73148406081433758885	1.01154826051084256733	1.99972783231257911218	0.10167851751424489271	25.45808834090322392285
0.50200000000000000178	0.99999514714460258080	0.80841087133902289619	0.19158427580583914374	4.72729524043753279727	1.01182622695941404345	1.99972847971277900569	0.10167691944122073111	25.55976526034444518132
0.50400000000000000355	0.99999511561009279959	0.81089181303014401525	0.18910330258021246230	4.72314185034742717306	1.01210861116299200013	1.99972912419963910757	0.10167533359233621448	25.66144059393678134029
0.50600000000000000533	0.99999508381135393531	0.81333871171024696434	0.18665637210137117630	4.71902404430164335025	1.01239542411852800896	1.99972976576051353348	0.10167376003355461933	25.76311435397033733352
0.50800000000000000711	0.99999505175012004532	0.81575140520489175522	0.18424364654549280074	4.71494197194793063233	1.01268667557828440096	1.99973040438279037190	0.10167219882941394560	25.86478655279974958603
0.51000000000000000888	0.99999501942790169906	0.81812973539459898920	0.18186528403356941319	4.71089577881791754521	1.01298237403284518976	1.99973104005532054117	0.10167065004302260067	25.96645720284277203405
0.51200000000000001066	0.99999498684605170329	0.82047354822195928126	0.17952143862436542587	4.70688560632206431933	1.01328252669461216229	1.99973167276715790841	0.10166911373605083679	26.06812631657882306513
0.51400000000000001243	0.99999495400247440102	0.82278269369550849355	0.17721226030723588596	4.70291159168011052572	1.01358713948564593821	1.99973230253481171204	0.10166759000116969147	26.16979390657999360315
0.51600000000000001421	0.99999492089844532750	0.82505702590128315865	0.17493789499743142568	4.69897386805970551649	1.01389621701800769493	1.99973292933153734552	0.10166607884989248278	26.27145998542988536428
0.51800000000000001599	0.99999488753537890684	0.82729640300565643329	0.17269848452999320143	4.69507256448997178921	1.01420976257656603181	1.99973355314447176490	0.10166458034805254951	26.37312456577793895462
0.52000000000000001776	0.99999485391449371985	0.82950068726007697428	0.17049416665468722365	4.69120780585943464303	1.01452777810673944181	1.99973417396344421704	0.10166309455318275901	26.47478766033112052014
0.52200000000000001954	0.99999482003677830910	0.83166974500554780025	0.16832507503149762851	4.68737971291341981583	1.01485026420091606347	1.99973479177928092909	0.10166162152073086877	26.57644928185185051461
0.52400000000000002132	0.99999478590304935466	0.83380344667667705139	0.16619133922664167113	4.68358840225224248854	1.01517722008529664990	1.99973540658326220942	0.10166016130429317288	26.67810944315614207767
0.52600000000000002309	0.99999475151393679706	0.83590166680513999786	0.16409308470907110755	4.67983398632931191230	1.01550864360735704217	1.99973601836726078140	0.10165871395573106151	26.77976815711187441593
0.52800000000000002487	0.99999471686992225106	0.83796428402270695113	0.16203043284748597230	4.67611657344996256569	1.01584453122387885493	1.99973662712406552444	0.10165727952523273547	26.88142543663710881674
0.53000000000000002665	0.99999468197133578595	0.83999118106376080561	0.16000350090785100954	4.67243626777076581646	1.01618487798952927825	1.99973723284658388977	0.10165585806138842384	26.98308129469849703241
0.53200000000000002842	0.99999464681838190483	0.84198224476725702647	0.15801240205139796546	4.66879316929895793464	1.01652967754616563312	1.99973783552825934429	0.10165444961120360945	27.08473574430970032267
0.53400000000000003020	0.99999461141112810925	0.84393736607826119744	0.15605724533314369040	4.66518737389271276328	1.01687892211270858311	1.99973843516335003656	0.10165305422012319014	27.18638879852982270791
0.53600000000000003197	0.99999457574951533534	0.84585644004890403469	0.15413813570088691352	4.66161897326157070864	1.01723260247567015568	1.99973903174610678768	0.10165167193206019192	27.28804047046188330228
0.53800000000000003375	0.99999453983337305285	0.84773936583893516605	0.15225517399471871771	4.65808805496765110377	1.01759070798036677097	1.99973962527127491207	0.10165030278939270192	27.38969077325127443601
0.54000000000000003553	0.99999450366244790889	0.84958604671571491540	0.15040845694701610036	4.65459470242722073152	1.01795322652274378150	1.99974021573450655431	0.10164894683297064082	27.49133972008424464661
0.54200000000000003730	0.99999446723635632139	0.85139639005371414715	0.14859807718292603052	4.65113899491255011753	1.01832014454197961051	1.99974080313100199824	0.10164760410213810604	27.59298732418638167019
0.54400000000000003908	0.99999443055465553343	0.85317030733358745209	0.14682412322135485194	4.64772100755471395672	1.01869144701365832439	1.99974138745689300478	0.10164627463472435120	27.69463359882110609078
0.54600000000000004086	0.99999439361681530247	0.85490771414067001643	0.14508667947643039131	4.64434081134640752708	1.01906711744372935335	1.99974196870832066075	0.10164495846705232096	27.79627855728815788439
0.54800000000000004263	0.99999435642219913767	0.85660853016302340723	0.14338582625945689442	4.64099847314537861109	1.01944713786317175952	1.99974254688209862607	0.10164365563393377989	27.89792221292209006833
0.55000000000000004441	0.99999431897009583015	0.85827267918902083732	0.14172163978136481655	4.63769405567853354455	1.01983148882330643126	1.99974312197524972667	0.10164236616868004004	27.99956457909076945612
0.55200000000000004619	0.99999428125975198256	0.85990008910440973722	0.14009419215563245764	4.63442761754631682436	1.02022014939189076266	1.99974369398475215753	0.10164109010310742875	28.10120566919387741223
0.55400000000000004796	0.99999424329035202508	0.86149069188893789839	0.13850355140170436674	4.63119921322869920743	1.02061309715005132936	1.99974426290846452048	0.10163982746660266132	28.20284549666047979599
0.55600000000000004974	0.99999420506103653405	0.86304442361244904092	0.13694978144887698379	4.62800889308948804057	1.02101030818962756896	1.99974482874371806140	0.10163857828818328999	28.30448407494866458478
0.55800000000000005151	0.99999416657084205795	0.86456122443047689341	0.13543294214065926262	4.62485670338186150019	1.02141175711151022121	1.99974539148880081640	0.10163734259532107573	28.40612141754398578541
0.56000000000000005329	0.99999412781876662049	0.86604103857941883149	0.13395308923963639147	4.62174268625574136138	1.02181741702504957914	1.99974594904498692571	0.10163612053764085885	28.50775753808162704672
0.56200000000000005507	0.99999408880371665198	0.86748381437125876570	0.13251027443275290030	4.61866687976238932123	1.02222725954649318325	1.99974650556899380405	0.10163491189424787853	28.60939244997587493913
0.56400000000000005684	0.99999404952458503804	0.86888950418775312556	0.13110454533712961878	4.61562931786390873157	1.02264125480080614317	1.99974705899799731768	0.10163371680976436562	28.71102616678563990149
0.56600000000000005862	0.99999400998017884401	0.87025806447415976486	0.12973594550631542544	4.61263003044018038423	1.02305937142252978411	1.99974760933099182658	0.10163253530562328664	28.81265870209126234158
0.56800000000000006040	0.99999397016926661053	0.87158945573254786865	0.12840451443701847434	4.60966904329729931789	1.02348157655775295893	1.99974815656743265535	0.10163136740176424710	28.91429006949302760177
0.57000000000000006217	0.99999393009054882153	0.87288364251455763387	0.12711028757629244668	4.60674637817598586764	1.02390783586695843788	1.99974870070685950552	0.10163021311663936186	29.01592028260966671382
0.57200000000000006395	0.99999388974268421659	0.87414059341379013457	0.12585329632919800558	4.60386205276097459915	1.02433811352849768461	1.99974924174889823192	0.10162907246720769006	29.11754935507687491736
0.57400000000000006573	0.99999384912429556405	0.87536028105767449414	0.12463356806691709699	4.60101608069049028416	1.02477237224291162221	1.99974977969376355169	0.10162794546893923198	29.21917730054581241461
0.57600000000000006750	0.99999380823392380879	0.87654268209890096042	0.12345112613532539803	4.59820847156632162012	1.02521057323799813510	1.99975031454173457490	0.10162683213583163788	29.32080413268164420515
0.57799999999999995826	0.99999376707010023679	0.87768777720638191386	0.12230598986402180239	4.59543923096434614450	1.02565267627459277833	1.99975084629275468018	0.10162573248041113783	29.42242986516205505154
0.57999999999999996003	0.99999372563129285130	0.87879555105578888163	0.12119817457581115450	4.59270836044548946830	1.02609863965317060774	1.99975137494806065597	0.10162464651370645141	29.52405451167576089233
0.58199999999999996181	0.99999368391593523864	0.87986599231960738177	0.12012769159663534702	4.59001585756708951891	1.02654842022115300182	1.99975190050792828167	0.10162357424530636674	29.62567808592106644028
0.58399999999999996358	0.99999364192241690930	0.88089909365677254716	0.11909454826595354537	4.58736171589477681465	1.02700197338101029132	1.99975242297372468592	0.10162251568330775420	29.72730060160437304262
0.58599999999999996536	0.99999359964907608145	0.88189485170182380092	0.11809874794756373972	4.58474592501471622796	1.02745925309906804834	1.99975294234682210437	0.10162147083435590922	29.82892207243872917388
0.58799999999999996714	0.99999355709423842775	0.88285326705367594968	0.11714029004087372909	4.58216847054641895909	1.02792021191510851708	1.99975345862833164823	0.10162043970364345591	29.93054251214237382328
0.58999999999999996891	0.99999351425614491085	0.88377434426386347610	0.11621916999259732095	4.57962933415568063111	1.02838480095270634607	1.99975397182023129083	0.10161942229489261125	30.03216193443726567125
0.59199999999999997069	0.99999347113303715950	0.88465809182444954395	0.11533537930890357115	4.57712849356843065607	1.02885296993025487922	1.99975448192384108737	0.10161841861039372370	30.13378035304765845126
0.59399999999999997247	0.99999342772310051419	0.88550452215543096202	0.11448890556798767271	4.57466592258456117293	1.02932466717280823865	1.99975498894155800933	0.10161742865098311039	30.23539778169864078450
0.59599999999999997424	0.99999338402447135454	0.88631365159171837664	0.11367973243307154252	4.57224159109235284149	1.02979983962458132574	1.99975549287546328081	0.10161645241606562240	30.33701423411470798897
0.59799999999999997602	0.99999334003525908177	0.88708550036973987662	0.11290783966584166942	4.56985546508348328132	1.03027843286219189523	1.99975599372757195660	0.10161548990361232714	30.43862972401831967773
0.59999999999999997780	0.99999329575353224087	0.88782009261355698815	0.11217320314029885497	4.56750750666812610490	1.03076039110863271198	1.99975649150086298711	0.10161454111016303414	30.54024426512848222615
0.60199999999999997957	0.99999325117730675228	0.88851745632059342395	0.11147579485703708324	4.56519767409074894715	1.03124565724798644695	1.99975698619778441412	0.10161360603077206066	30.64185787115925307944
0.60399999999999998135	0.99999320630457688708	0.88917762334696659465	0.11081558295793909885	4.56292592174625966095	1.03173417284072632683	1.99975747782149104737	0.10161268465912889902	30.74347055581838361604
0.60599999999999998312	0.99999316113330205535	0.88980062939234627617	0.11019253174128186556	4.56069220019643939423	1.03222587813980903881	1.99975796637500491393	0.10161177698749011833	30.84508233280587319314
0.60799999999999998490	0.99999311566137460972	0.89038651398444679241	0.10960660167725759517	4.55849645618685084258	1.03272071210743332514	1.99975845186127498820	0.10161088300670242934	30.94669321581257648290
0.60999999999999998668	0.99999306988668790197	0.89093532046311640915	0.10905774942390369930	4.55633863266428562611	1.03321861243242518746	1.99975893428385886885	0.10161000270619008345	31.04830321851876817618
0.61199999999999998845	0.99999302380706367455	0.89144709596396409790	0.10854592784343046474	4.55421866879427650332	1.03371951554835428411	1.99975941364650244836	0.10160913607397538405	31.14991235459274321329
0.61399999999999999023	0.99999297742030834879	0.89192189140167787986	0.10807108601896102396	4.55213649997948355264	1.03422335665221520884	1.99975988995269826631	0.10160828309669343861	31.25152063768943833111
0.61599999999999999201	0.99999293072415906813	0.89235976145283524286	0.10763316927165585135	4.55009205787790627085	1.03473006972385750402	1.99976036320662076129	0.10160744375957454777	31.35312808144901453034
0.61799999999999999378	0.99999288371634387218	0.89276076453843233871	0.10723211917824433670	4.54808527042200871904	1.03523958754593570220	1.99976083341236865465	0.10160661804646978212	31.45473469949548572799
0.61999999999999999556	0.99999283639453817596	0.89312496280593201003	0.10686787358893966304	4.54611606183793703906	1.03575184172453504949	1.99976130057414347441	0.10160580593985109321	31.55634050543533675182
0.62199999999999999734	0.99999278875638497599	0.89345242211098063745	0.10654036664574277615	4.54418435266515619020	1.03626676271040274457	1.99976176469625888110	0.10160500742081378378	31.65794551285615199276
0.62399999999999999911	0.99999274079949662664	0.89374321199870443433	0.10624952880112942255	4.54229005977649613612	1.03678427982075249680	1.99976222578365447902	0.10160422246908040744	31.75954973532523339941
0.62600000000000000089	0.99999269252144051823	0.89399740568465468904	0.10599528683711860466	4.54043309639859504756	1.03730432126164662243	1.99976268384083177843	0.10160345106302226537	31.86115318638825399944
0.62800000000000000266	0.99999264391971343091	0.89421508003533101139	0.10577756388471389049	4.53861337213253168699	1.03782681415097588484	1.99976313887279322223	0.10160269317965067715	31.96275587956790431576
0.63000000000000000444	0.99999259499182535649	0.89439631554843623817	0.10559627944372851349	4.53683079297532021457	1.03835168454189230580	1.99976359088483879312	0.10160194879462350337	32.06435782836252457173
0.63200000000000000622	0.99999254573520890421	0.89454119633259210342	0.10545134940295812498	4.53508526134090761417	1.03887885744695229739	1.99976403988207995788	0.10160121788226368633	32.16595904624478663436
0.63400000000000000799	0.99999249614727847568	0.89464981008687760600	0.10534268606074399799	4.53337667608256023044	1.03940825686254201266	1.99976448587014865588	0.10160050041555754308	32.26755954666034398315
0.63600000000000000977	0.99999244622537819538	0.89472224807984523931	0.10527019814587641744	4.53170493251462236373	1.03993980579407163667	1.99976492885471968108	0.10159979636616073284	32.36915934302650299514
0.63800000000000001155	0.99999239596685218778	0.89475860512832117166	0.10523379083887328400	4.53006992243555650646	1.04047342628137839959	1.99976536884135835948	0.10159910570441610389	32.47075844873091909903
0.64000000000000001332	0.99999234536897951831	0.89475897957573158337	0.10523336579359622578	4.52847153415048264691	1.04100903942485989440	1.99976580583634166999	0.10159842839934055125	32.57235687713026095480
0.64200000000000001510	0.99999229442903325715	0.89472347327014689622	0.10526882115922760186	4.52690965249463594944	1.04154656541187895513	1.99976623984571610926	0.10159776441865765728	32.67395464154891726594
0.64400000000000001688	0.99999224314418722059	0.89465219154194208784	0.10534005160258794187	4.52538415885681999384	1.04208592354372497901	1.99976667087600401551	0.10159711372878110769	32.77555175527769648625
0.64600000000000001865	0.99999219151161178321	0.89454524318116002135	0.10544694833079693019	4.52389493120341956711	1.04262703226292519076	1.99976709893342130542	0.10159647629484920561	32.87714823157254784292
0.64800000000000002043	0.99999214910737488360	0.89440274887087978239	0.10558940023684112997	4.52244188768355659391	1.04316979939907694686	1.99976748864597664301	0.10159585861361673798	32.97874409018616148614
0.65000000000000002220	0.99999210334237675912	0.89422481313832746785	0.10576729020440085727	4.52102484215972211246	1.04371415457137173277	1.99976789623369577420	0.10159524767363363462	33.08033933785979741060
0.65200000000000002398	0.99999205894559761720	0.89401155920467023641	0.10598049974127672634	4.51964368438539665362	1.04426000905450822032	1.99976830279840722682	0.10159464992561426100	33.18193398778541336469
0.65400000000000002576	0.99999201693278261249	0.89376311035140598715	0.10622890658172949585	4.51829828347623418949	1.04480727708621712324	1.99976869639493526343	0.10159407226349150000	33.28352806004890140912
0.65600000000000002753	0.99999197445018894737	0.89347958979153774273	0.10651238465900612906	4.51698848776210670763	1.04535587619795822256	1.99976908761936100767	0.10159350241015324690	33.38512156245905515561
0.65800000000000002931	0.99999193159776067485	0.89316112666824820643	0.10683080492986944676	4.51571415569655698619	1.04590572017277461114	1.99976947596866883039	0.10159294546919955815	33.48671450792825510234
0.66000000000000003109	0.99999188833602281612	0.89280785329343725909	0.10718403504294568562	4.51447514184909248769	1.04645672227988040248	1.99976986148579416458	0.10159240129372172634	33.58830690922197703685
0.66200000000000003286	0.99999184464552759444	0.89241990526334402656	0.10757193938254917820	4.51327129766083334772	1.04700879514059441711	1.99977024419584048509	0.10159186984701727707	33.68989877906899721438
0.66400000000000003464	0.99999180051365332833	0.89199742142128579658	0.10799437909273719438	4.51210247140937870114	1.04756185077238916925	1.99977062412067185804	0.10159135109680107745	33.79149013016579772284
0.66600000000000003642	0.99999176597921868304	0.89154054600218646254	0.10845121997740031494	4.51096861403196669471	1.04811580990113184519	1.99977100128151485947	0.10159084501511901621	33.89308097518091500433
0.66800000000000003819	0.99999173806029473255	0.89104942772756612346	0.10894231033309660639	4.50986949771870726522	1.04867056749984532971	1.99977134447598725586	0.10159035380340027122	33.99467132898431742660
0.67000000000000003997	0.99999171115859708525	0.89052421037616313892	0.10946750078280448326	4.50880493371392621071	1.04922603919954826601	1.99977168075950428872	0.10158987588349722986	34.09626120486781530872
0.67200000000000004174	0.99999168448747499660	0.88996504486310823445	0.11002663962474387715	4.50777475380562808738	1.04978213561378996843	1.99977201251411362826	0.10158941041982279263	34.19785061528763492333
0.67400000000000004352	0.99999165778498422252	0.88937208564038550129	0.11061957214496896673	4.50677878941962450909	1.05033876644867141259	1.99977234047908525305	0.10158895748994088704	34.29943957277757249358
0.67600000000000004530	0.99999163093204179731	0.88874549035768601879	0.11124614057474051243	4.50581686970041683793	1.05089584087130205603	1.99977266498651795601	0.10158851706721289121	34.40102808984478599541
0.67800000000000004707	0.99999160386365537612	0.88808541976237509452	0.11190618410166154606	4.50488882108251953440	1.05145326762099000639	1.99977298621595678263	0.10158808910237585033	34.50261617894716437149
0.68000000000000004885	0.99999157653949677371	0.88739203764788521234	0.11259953889200181865	4.50399446716810292202	1.05201095506786557188	1.99977330427754806941	0.10158767353740513761	34.60420385248456653926
0.68200000000000005063	0.99999154893201880334	0.88666551081588473870	0.11332603811652432191	4.50313362868925093352	1.05256881125487899986	1.99977361924458318931	0.10158727031430221655	34.70579112279887112891
0.68400000000000005240	0.99999152102068622483	0.88590600904331573417	0.11408551197775945729	4.50230612351041958874	1.05312674393615957058	1.99977393117220825225	0.10158687936871974022	34.80737800216758870420
0.68600000000000005418	0.99999149278901233728	0.88511370505135666953	0.11487778773804778465	4.50151176664128183091	1.05368466061182020077	1.99977424010287330169	0.10158650063503052441	34.90896450280261831267
0.68800000000000005596	0.99999146422291973479	0.88428877447522880040	0.11570268974808793627	4.50075037026511015625	1.05424246856284775653	1.99977454607394400377	0.10158613403874669490	35.01055063684136570146
0.69000000000000005773	0.99999143530298850724	0.88343139582834651069	0.11656003947504547935	4.50002174371640162320	1.05480007488974236729	1.99977484911427927372	0.10158577951878161594	35.11213641636014415326
0.69200000000000005951	0.99999140601374969517	0.88254175048100436118	0.11744965553314884454	4.49932569455492092914	1.05535738682324420346	1.99977514921751198251	0.10158543604219885670	35.21372185240234387038
0.69400000000000006128	0.99999137636932589057	0.88162002265378125454	0.11837135371594838251	4.49866202532724468455	1.05591431080016406874	1.99977544639648008307	0.10158510585736181542	35.31530695825970411761
0.69600000000000006306	0.99999134636006459242	0.88066639934055535033	0.11932494701992073238	4.49803053702567101624	1.05647075352334662846	1.99977574067917540646	0.10158478765749988371	35.41689174591720501439
0.69800000000000006484	0.99999131597687751505	0.87968107029989051071	0.12031024567739835585	4.49743102796434524038	1.05702662163998462042	1.99977603208899568088	0.10158448136177147814	35.51847622727897402228
0.70000000000000006661	0.99999128521150137949	0.87866422802510879553	0.12132705718680490692	4.49686329380606331085	1.05758182177142034952	1.99977632064548149771	0.10158418689796909484	35.62006041417694035545
0.70200000000000006839	0.99999125405731403848	0.87761606771562439278	0.12237518634210026169	4.49632712755397889737	1.05813626053211207179	1.99977660634447707011	0.10158390426177797694	35.72164431843872023364
0.70399999999999995914	0.99999122267454521040	0.87653678738421281214	0.12345443529074888456	4.49582232048094621035	1.05868984431666302015	1.99977688894611382864	0.10158363393361863336	35.82322795237234203114
0.70599999999999996092	0.99999119112124046360	0.87542658759395663992	0.12456460352769949118	4.49534866412339528807	1.05924248046009084057	1.99977716749402745222	0.10158337299875640214	35.92481132537109544955
0.70799999999999996270	0.99999115909896874044	0.87428567121674116702	0.12570548788264873652	4.49490593823320505606	1.05979407561854443998	1.99977744343270602556	0.10158312587863052578	36.02639445124972894519
0.70999999999999996447	0.99999112654955191193	0.87311424391346437179	0.12687688263651258902	4.49449392517660761825	1.06034453680317453106	1.99977771696784034638	0.10158289021274559405	36.12797734146247563558
0.71199999999999996625	0.99999109345501857593	0.87191251392767121775	0.12807857952776799393	4.49411240522834187772	1.06089377115310123934	1.99977798805923834280	0.10158266595745377159	36.22956000741992710346
0.71399999999999996803	0.99999105980986890962	0.87068069202963938036	0.12931036778065682635	4.49376115631612105261	1.06144168598378207946	1.99977825669419062571	0.10158245305669379166	36.33114246047662021510
0.71599999999999996980	0.99999102561428954150	0.86941899147851986474	0.13057203413619786203	4.49343995399277940095	1.06198818882302936650	1.99977852286477020272	0.10158225144668713014	36.43272471192330641543
0.71799999999999997158	0.99999099087130061125	0.86812762798782494578	0.13186336288390551608	4.49314857144945722922	1.06253318744408842278	1.99977878656460750229	0.10158206105835013155	36.53430677298165818456
0.71999999999999997335	0.99999095558543882323	0.86680681969198980497	0.13318413589387745333	4.49288677954083226496	1.06307658989715680953	1.99977904778681470077	0.10158188181917504611	36.63588865480083001103
0.72199999999999997513	0.99999091976197196363	0.86545678711326490262	0.13453413264914049208	4.49265434681487541013	1.06361830453994454793	1.99977930652530333511	0.10158171365423723786	36.73747036845506386271
0.72399999999999997691	0.99999088340652397822	0.86407775312874035567	0.13591313027821769199	4.49245103954461377782	1.06415824006759596188	1.99977956277344870450	0.10158155648686638395	36.83905192494192704089
0.72599999999999997868	0.99999086627244671011	0.86266995337345619976	0.13732091289942588430	4.49227676198621317383	1.06469630128222170207	1.99977978893999486232	0.10158141663323103088	36.94063334157515754441
0.72799999999999998046	0.99999084901952561832	0.86123360507290247501	0.13875724394706115405	4.49213113831752774985	1.06523240164676336050	1.99978000000091449273	0.10158128431124167912	37.04221462588640179092
0.72999999999999998224	0.99999083156527746041	0.85976893789121189293	0.14022189367450629827	4.49201392790067810523	1.06576645112904011548	1.99978020797647726425	0.10158116268196033805	37.14379578856836161549
0.73199999999999998401	0.99999081388882538057	0.85827618377061731803	0.14171463011864515735	4.49192488812697110490	1.06629836007281797450	1.99978041288434060796	0.10158105176653541013	37.24537684033489881585
0.73399999999999998579	0.99999079598250195655	0.85675557685356107385	0.14323521912937942080	4.49186377435586425833	1.06682803928807046212	1.99978061475171586814	0.10158095147275417180	37.34695779180765384808
0.73599999999999998757	0.99999077784489798226	0.85520735344306597625	0.14478342440227781607	4.49183033990983471284	1.06735540008379126142	1.99978081359265669192	0.10158086171553191990	37.44853865352318678106
0.73799999999999998934	0.99999075947806481679	0.85363175196663576560	0.14635900751187452817	4.49182433609634923499	1.06788035429809924359	1.99978100941367031851	0.10158078240638132583	37.55011943592956669136
0.73999999999999999112	0.99999074088576722641	0.85202901294097610485	0.14796172794524084515	4.49184551223468098158	1.06840281432682449037	1.99978120221786626054	0.10158071345421548770	37.65170014938378528768
0.74199999999999999289	0.99999072207254691147	0.85039937893720241036	0.14959134313579661169	4.49189361568529665902	1.06892269315070631563	1.99978139200540794285	0.10158065476682948125	37.75328080415061293706
0.74399999999999999467	0.99999070304237147599	0.84874309454567831157	0.15124760849714369293	4.49196839185590945931	1.06943990435794189509	1.99978157876977102880	0.10158060627380385843	37.85486141042441943227
0.74599999999999999645	0.99999068379537492390	0.84706040633926082961	0.15293027745656631589	4.49206958418312218839	1.06995436216924666439	1.99978176250172157147	0.10158056793434176723	37.95644197835876099134
0.74799999999999999822	0.99999066433209915505	0.84535156284250956293	0.15463910149004161942	4.49219693433919164960	1.07046598148672322814	1.99978194323468927429	0.10158053955004207880	38.05802251790880319504
0.75000000000000000000	0.99999064465229647869	0.84361681449622161200	0.15637383015652717155	4.49235018218199400053	1.07097467790222289352	1.99978212098084529025	0.10158052101539731538	38.15960303892420313332
0.75200000000000000178	0.99999062475348998724	0.84185641362170193780	0.15813421113224243597	4.49252906577584631975	1.07148036772348187462	1.99978229575297761222	0.10158051222407445124	38.26118355114827807029
0.75400000000000000355	0.99999060463041344882	0.84007061438571395406	0.15991999024515402006	4.49273332142159542713	1.07198296799891368281	1.99978246756803179629	0.10158051306918652879	38.36276406421746543174
0.75600000000000000533	0.99999058427474940558	0.83825967276561785813	0.16173091150958895934	4.49296268368912166125	1.07248239654154198242	1.99978263644821607770	0.10158052344347263951	38.46434458766093911208
0.75800000000000000711	0.99999056367507921372	0.83642384651458034917	0.16356671716096002345	4.49321688545065178744	1.07297857195214407788	1.99978280242149475399	0.10158054324027428195	38.56592513090121343566
0.76000000000000000888	0.99999054281706012404	0.83456339512691402049	0.16542714769060939961	4.49349565791503646750	1.07347141364123910279	1.99978296552077061676	0.10158057235496152637	38.66750570325617530898
0.76200000000000001066	0.99999052168393243178	0.83267857980360548975	0.16731194188078657437	4.49379873066324986297	1.07396084184976259301	1.99978312578420269752	0.10158061068662846416	38.76908631394280035920
0.76400000000000001243	0.99999050042094961288	0.83076966354681869298	0.16922083687459116286	4.49412583251849895305	1.07444677751735384597	1.99978328325277265876	0.10158065813979841319	38.87066697208259569152
0.76600000000000001421	0.99999047909275240453	0.82883691094275757649	0.17115356815046528505	4.49447669975320351909	1.07492914546646534113	1.99978343420424131693	0.10158070758875328843	38.97224767967134795299
0.76800000000000001599	0.99999045722386881163	0.82688058772784522876	0.17310986949648834998	4.49485104507126376205	1.07540786629924922657	1.99978358546783852034	0.10158077270043489038	39.07382845237178514708
0.77000000000000001776	0.99999043482092098145	0.82490096160856185570	0.17508947321283269138	4.49524859194182102584	1.07588286371383112794	1.99978373440251733228	0.10158084694465761844	39.17540929931644200224
0.77200000000000001954	0.99999041189527260176	0.82289830182780920875	0.17709211006793595944	4.49566906242937935900	1.07635406232935215698	1.99978388100477477707	0.10158093019019537318	39.27699022950663731990
0.77400000000000002132	0.99999038846089804977	0.82087287912792594735	0.17911750933344608439	4.49611217721575595618	1.07682138770511892645	1.99978402526325771404	0.10158102231994609044	39.37857125182658535323
0.77600000000000002309	0.99999036453267009517	0.81882496571385876560	0.18116539881928625522	4.49657765562613409571	1.07728476635987702181	1.99978416716322304758	0.10158112322250964499	39.48015237504909435984
0.77800000000000002487	0.99999034012535381599	0.81675483521692604505	0.18323550490890533338	4.49706521565942463070	1.07774412579008771473	1.99978430668913809143	0.10158123278951831925	39.58173360783861483014
0.78000000000000002665	0.99999031525304971080	0.81466276265888781793	0.18532755259463729036	4.49757457402111437972	1.07819939448725787834	1.99978444382612563501	0.10158135091439504660	39.68331495875300873877
0.78200000000000002842	0.99999028992883665090	0.81254902441617793407	0.18744126551314529983	4.49810544615742990970	1.07865050195450318249	1.99978457856070646059	0.10158147749166385188	39.78489643624467220206
0.78400000000000003020	0.99999026416469338763	0.81041389818425602076	0.18957636598092614255	4.49865754629067282622	1.07909737872236499712	1.99978471088166376290	0.10158161241634923455	39.88647804866101864718
0.78600000000000003197	0.99999023797140973446	0.80825766294203471585	0.19173257502986273959	4.49923058745536419423	1.07953995636381905321	1.99978484078022145098	0.10158175558345118594	39.98805980424447170662
0.78800000000000003375	0.99999021135863619403	0.80608059891631766991	0.19390961244280632836	4.49982428153396263326	1.07997816750865438529	1.99978496825030083173	0.10158190688864648932	40.08964171113311891759
0.79000000000000003553	0.99999018433496467129	0.80388298754626674736	0.19610719678918789310	4.50043833929319081477	1.08041194585733801858	1.99978509328738462969	0.10158206622776770611	40.19122377736088935762
0.79200000000000003730	0.99999015690801928979	0.80166511144786867238	0.19832504546064372297	4.50107247042058045139	1.08084122619420130995	1.99978521588941404730	0.10158223349655064183	40.29280601085743995782
0.79400000000000003908	0.99999012908454742998	0.79942725437838946245	0.20056287470665096206	4.50172638356104570789	1.08126594440008094722	1.99978533605676100926	0.10158240859051927141	40.39438841944795655081
0.79600000000000004086	0.99999010087052708773	0.79716970120084795770	0.20282039967017265192	4.50239978635363957693	1.08168603746434355273	1.99978545379137195859	0.10158259140493726413	40.49597101085289097000
0.79800000000000004263	0.99999007227126845976	0.79489273784846892212	0.20509733442329963760	4.50309238546821077875	1.08210144349636117056	1.99978556909730920133	0.10158278183474694911	40.59755379268764130529
0.80000000000000004441	0.99999004329156371274	0.79259665128916056975	0.20739339200290043963	4.50380388664224362572	1.08251210173641765344	1.99978568197970552056	0.10158297977455732486	40.69913677246219663175
0.80200000000000004619	0.99999001393572806151	0.79028172948997588154	0.20970828444624617370	4.50453399471741988691	1.08291795256610257070	1.99978579244497423062	0.10158318511865865874	40.80071995758085279249
0.80400000000000004796	0.99998998420776508134	0.78794826138154494544	0.21204172282671934768	4.50528241367684945118	1.08331893751824570593	1.99978590050087712271	0.10158339776104907681	40.90230335534189975988
0.80600000000000004974	0.99998995409644397814	0.78559653681096530686	0.21439341728597766101	4.50604884650965509252	1.08371499935736603781	1.99978600612384149748	0.10158361764307002884	41.00388697298497220345
0.80800000000000005151	0.99998992360058669426	0.78322684652568286268	0.21676307707541067615	4.50683299558919348016	1.08410608195740598703	1.99978610657630606617	0.10158384470907107222	41.10547081769404087481
0.81000000000000005329	0.99998989272559413166	0.78083948213699561069	0.21915041058910411653	4.50763456255591332678	1.08449213035384128823	1.99978620748962887532	0.10158407860756130114	41.20705489630159945591
