0.00000000000000000000	1.00000000000000000000	1.00000000000000000000	0.00000000000000000000	5.00000000000000000000	2.00000000000000133227	0.04999999999999995420	0.00000000000000000000
0.00500000000000000010	0.99999955514515259658	0.99984958596130757424	0.00014996918384810619	4.99643695515965013954	1.99871078324395523573	0.05123591175960340999	0.00025617955879801707
0.01000000000000000021	0.99999969734573446178	0.99940011562839614623	0.00059958171733718961	4.99317764936598873504	1.99928452185165594912	0.05123648966736696342	0.00051236200713485188
0.01499999999999999944	0.99999969623281037556	0.99865143574501369361	0.00134826048779997359	4.99021910296390380779	1.99928412861860027583	0.05123567697809044280	0.00076854039202530410
0.02000000000000000042	0.99999951384790575215	0.99760426418663283865	0.00239524966127488761	4.98756024214849702503	1.99928405232640105105	0.05123491663380830979	0.00102471497519434577
0.02500000000000000139	0.99999911233992566650	0.99625949686752102163	0.00373961547240018099	4.98519981598413419732	1.99928436796910280471	0.05123420663410651471	0.00128088600836487841
0.02999999999999999889	0.99999845402622045132	0.99461820690568092385	0.00538024712053780836	4.98313639779490014092	1.99928515027136466387	0.05123354485928304641	0.00153705373266129364
0.03500000000000000333	0.99999750142039312006	0.99268164364917854670	0.00731585777121520481	4.98136838649138091739	1.99928643255070448426	0.05123299505527257464	0.00179321870793765648
0.04000000000000000083	0.99999621723846632282	0.99045123157668779612	0.00954498566177738525	4.97989400789067726549	1.99928808450265149688	0.05123243656518585570	0.00204938089076358567
0.04499999999999999833	0.99999456439828415810	0.98792856908815773753	0.01206599531012757416	4.97871131610267170231	1.99929038844140838371	0.05123192058859769860	0.00230554049370657434
0.05000000000000000278	0.99999250601712386111	0.98511542719174072236	0.01487707882538621962	4.97781819500587374705	1.99929341781242686515	0.05123144484791396919	0.00256169771794614431
0.05500000000000000028	0.99999108633273448010	0.98201480317536060660	0.01797628315737534802	4.97721454750382807930	1.99929644388499161423	0.05123102763064515258	0.00281785285609937024
0.05999999999999999778	0.99998946479258565834	0.97862801466398152694	0.02136145012860694511	4.97689630416309825023	1.99929952322109572016	0.05123075745277742149	0.00307400664336325742
0.06500000000000000222	0.99998763128379941634	0.97495736249647135807	0.02503026878732924829	4.97686090571945438654	1.99930303551190347022	0.05123051675186187509	0.00333015922712256692
0.07000000000000000666	0.99998557583727110121	0.97100531290791403105	0.02898026292935796180	4.97710563039313225175	1.99930677708189152852	0.05123035752444555363	0.00358631101474479481
0.07499999999999999722	0.99998328862646912452	0.96677449561539463563	0.03320879301107211579	4.97762759591714232243	1.99931090631733887619	0.05123025234880811823	0.00384246227648883535
0.08000000000000000167	0.99998075998777991025	0.96226770189813692902	0.03771305808964196815	4.97842376168299072248	1.99931544333223065735	0.05123020004742425554	0.00409861327672595647
0.08500000000000000611	0.99997798043479757535	0.95748788256695527288	0.04249009786784455761	4.97949093096077355369	1.99931918341677561379	0.05123023054672889987	0.00435476442945960125
0.08999999999999999667	0.99997494067276826435	0.95243814584637853660	0.04753679482639192738	4.98082575320663778484	1.99932452620035250312	0.05123028207229066849	0.00461091583982105487
0.09500000000000000111	0.99997163161103808093	0.94712175516898777783	0.05284987644205030310	4.98242472644529676984	1.99933033551980066100	0.05123038277552018072	0.00486706775369865566
0.10000000000000000555	0.99996812141114854722	0.94154127103170504043	0.05842685037944601867	4.98428710216380732589	1.99933663004631423377	0.05123053138044966065	0.00512322041060090435
0.10499999999999999611	0.99996241044230760320	0.93570023718060779672	0.06426217326170040323	4.98290991185201281866	1.98037737680221170855	0.05719383961269104699	0.00540918960866435938
0.11000000000000000056	0.99995677551268180583	0.92960638408309881342	0.07035039142958469938	4.98178571168407735570	1.98042905743543351527	0.05718987137845321644	0.00569513896555662574
0.11500000000000000500	0.99995186908321720409	0.92326360782280114670	0.07668826126041568270	4.98091463525565814052	1.98046073915131848331	0.05718586879081869606	0.00598106830951071911
0.11999999999999999556	0.99994814918845165153	0.91667576354233526459	0.08327238564611844085	4.98029512987932676538	1.98050375556139379718	0.05718305538905783109	0.00626698358645600816
0.12500000000000000000	0.99994449587718059469	0.90984776821029234029	0.09009672766688955892	4.97991977923748141421	1.98053545539968767208	0.05718041244171875870	0.00655288564866460168
0.13000000000000000444	0.99994175169358689992	0.90278328266937746260	0.09715846902421125530	4.97978608460632088395	1.98055867900146953531	0.05717806077078286392	0.00683877595251851638
0.13500000000000000888	0.99993695651515512868	0.89548585776649136658	0.10445109874866378985	4.97987266620879243106	1.98057748170274439126	0.05717598712105584347	0.00712465588812379556
0.14000000000000001332	0.99993391451937296832	0.88796205854767951138	0.11197185597169395654	4.98019751123506182466	1.98059541383525550273	0.05717418064869750349	0.00741052679136728308
0.14499999999999999001	0.99993175369786024831	0.88021598675795098554	0.11971576693991098361	4.98074911389360241998	1.98059569287451453512	0.05717392358801669933	0.00769639640930736696
0.14999999999999999445	0.99992859499329123096	0.87225172205603773712	0.12767687293725307751	4.98151063368274549248	1.98060457490900132527	0.05717284785811216352	0.00798226064859792854
0.15499999999999999889	0.99992616058844230320	0.86407579318262495160	0.13585036740581798997	4.98248792801373774353	1.98083703114496056941	0.05717672288747810416	0.00826814426303531906
0.16000000000000000333	0.99992351998764239518	0.85569261084374648174	0.14423090914389502526	4.98367076649926854515	1.98084676975118600950	0.05717651482728376006	0.00855402683717173748
0.16500000000000000777	0.99992064035321948090	0.84710744987188379973	0.15281319048133795713	4.98505340340788904996	1.98085509329217668295	0.05717657923797751784	0.00883990973336162486
0.17000000000000001221	0.99991654765993309706	0.83832494341548358108	0.16159160424444912740	4.98662323239768312533	1.98086381789336085646	0.05717701063363504754	0.00912579478652980093
0.17500000000000001665	0.99991315623418730585	0.82935212279998815621	0.17056103343420189744	4.98838824111596323974	1.98086972360981738994	0.05717763910737229394	0.00941168298206666171
0.17999999999999999334	0.99990952995850557183	0.82019383492960729054	0.17971569502890008541	4.99033587780405163414	1.98087374708966756920	0.05717863109840024688	0.00969757613755866353
0.18499999999999999778	0.99990566653205537051	0.81085576998003838778	0.18904989655201903664	4.99246022606851003189	1.98087469464853938028	0.05717994584954423642	0.00998347586680638395
0.19000000000000000222	0.99990248487048449810	0.80134438964777654490	0.19855809522270567724	4.99476200852480989312	1.98087656151844671015	0.05718149529095906819	0.01026938334326117988
0.19500000000000000666	0.99989916870466744037	0.79166492531496490681	0.20823424338970150660	4.99722917627147644737	1.98087511145974848326	0.05718340481491345634	0.01055530036733574699
0.20000000000000001110	0.99989562822093158712	0.78182324767459543402	0.21807238054633446001	4.99985498099175096343	1.98087107574575371771	0.05718580094945231729	0.01084122937208300934
0.20500000000000001554	0.99989289361842359494	0.77182605747369104066	0.22806683614473080568	5.00263516172991629105	1.98087500353814260912	0.05718684581904239644	0.01112716360117822073
0.20999999999999999223	0.99988991897101986428	0.76167872677091619238	0.23821119220010347761	5.00556251735972868033	1.98088266158148917917	0.05718678977727299773	0.01141309755006458641
0.21499999999999999667	0.99988672340584594522	0.75138742991813345373	0.24849929348770982696	5.00863073223223675967	1.98088952051010136479	0.05718701163651337960	0.01169903260824715387
0.22000000000000000111	0.99988325623285800869	0.74095841348938840110	0.25892484274346644346	5.01182955281608322196	1.98087488727535276922	0.05719182191208518201	0.01198499171780757939
0.22500000000000000555	0.99987960755011162650	0.73039770723629426907	0.26948190031381535903	5.01515825099805212517	1.98087988998667707818	0.05719281806176334387	0.01227095580811639677
0.23000000000000000999	0.99987664027418010626	0.71971256681014372791	0.28016407346403454648	5.01860906947475093887	1.98088168301555445083	0.05719399703108293126	0.01255692579327181112
0.23500000000000001443	0.99987268959039654614	0.70890864549398502348	0.29096404409640663768	5.02217199614648990291	1.98088294047056345804	0.05719544121822253691	0.01284290299936292380
0.23999999999999999112	0.99986944917073694583	0.69799280858019085994	0.30187664059054541976	5.02584782389788475854	1.98089900978884281280	0.05719566108923164471	0.01312888130480908272
0.24499999999999999556	0.99986497649796812759	0.68697094406379399789	0.31289403243417324152	5.02962092405143046392	1.98094435208324104458	0.05719873246427700786	0.01341487496713046797
0.25000000000000000000	0.99986230030467870833	0.67585081412919234545	0.32401148617548342079	5.03349318093583697475	1.98094743284994434518	0.05720107069031314662	0.01370088032058203349
0.25500000000000000444	0.99985954558845424600	0.66463814850107560961	0.33522139708737241914	5.03745306563653638676	1.98094616910378085173	0.05720363399353263489	0.01398689849054969743
0.26000000000000000888	0.99985575960790329386	0.65333919898467318621	0.34651656062322627738	5.04149025141046536191	1.98094433786407564391	0.05720655544836500406	0.01427293126779152245
0.26500000000000001332	0.99985283566603955219	0.64196124236035223554	0.35789159330567615891	5.04560490189621724255	1.98094343255763272182	0.05720966387142210896	0.01455897958714863320
0.27000000000000001776	0.99984884429523812610	0.63051023113312865132	0.36933861316210486736	5.04978319502507044803	1.98093866977298871390	0.05721300631513552559	0.01484504461872431132
0.27500000000000002220	0.99984572932379867094	0.61899354647711535282	0.38085218284667704536	5.05402541057958831772	1.98093585366718083485	0.05721649672065232811	0.01513112710232757292
0.28000000000000002665	0.99984250682242481467	0.60741751311286051873	0.39242499370955719051	5.05832117100265143961	1.98095554277987395686	0.05722126052535845414	0.01541723340495436585
0.28500000000000003109	0.99984025187838077020	0.59578927496527012142	0.40405097691310221109	5.06266756532374273547	1.98094873489929601540	0.05722521026839286901	0.01570335945629633065
0.28999999999999998002	0.99983800874752426502	0.58411515556987581022	0.41572285317763818524	5.06705431561006935937	1.98093955170901603324	0.05722938324154207279	0.01598950637250404205
0.29499999999999998446	0.99983576430749387942	0.57240186116780689130	0.42743390313967832839	5.07147454570791822448	1.98092854585543265422	0.05723374950987365067	0.01627567512005341152
0.29999999999999998890	0.99983351169505862988	0.56065610177339897380	0.43917740992164799874	5.07592144145829760049	1.98091662555680914082	0.05723825850161319562	0.01656186641256147604
0.30499999999999999334	0.99983145947647300567	0.54888468393207245910	0.45094677554439066558	5.08038853019999869787	1.98090393418383992064	0.05724291287996427502	0.01684808097696129797
0.30999999999999999778	0.99982941589668605786	0.53709422071678258881	0.46273519517989197825	5.08486717936967647091	1.98092394834152796257	0.05725085856575284210	0.01713433526979006236
0.31500000000000000222	0.99982731760422105527	0.52529137738930098411	0.47453594021490647092	5.08935202495352356777	1.98091023406169730592	0.05725591875324134716	0.01742061486355626909
0.32000000000000000666	0.99982515859087139898	0.51348283027863506067	0.48634232831221996252	5.09383633158181048373	1.98089611341464100214	0.05726106797022501027	0.01770692020340739262
0.32500000000000001110	0.99982293350432194234	0.50167523779559664021	0.49814769570870903737	5.09831333213752291300	1.98088199524051478129	0.05726644652978971767	0.01799325243605634159
0.33000000000000001554	0.99982063757634820345	0.48987523661021031840	0.50994540096611873370	5.10277636987327287699	1.98086714878401148887	0.05727185985563824216	0.01827961173533453401
0.33500000000000001998	0.99981826746704915987	0.47808943658538821664	0.52172883088164012655	5.10721877440016402971	1.98085111389200352328	0.05727747312620320996	0.01856599910096555159
0.34000000000000002442	0.99981592124496532215	0.46632447226262563333	0.53349144898232558898	5.11163434524747728460	1.98083538972347472651	0.05728306605071174090	0.01885241443121911040
0.34500000000000002887	0.99981350187282935771	0.45458685881231264414	0.54522664306049817284	5.11601408855109163198	1.98085975923734847193	0.05729210473533072334	0.01913887495489576332
0.35000000000000003331	0.99981097797694584717	0.44288311190648183002	0.55692786607044231229	5.12035339801210120925	1.98084434821405408478	0.05729786923955970668	0.01942536430109356033
0.35499999999999998224	0.99980834513946326148	0.43121970229588119095	0.56858864284356103180	5.12464580957427795482	1.98082865002048746916	0.05730367919692889306	0.01971188269707820420
0.35999999999999998668	0.99980559897146503712	0.41960305692851818105	0.58020254204292798228	5.12888491757346276501	1.98081272172083333594	0.05730951409779886513	0.01999843026756719863
0.36499999999999999112	0.99980273521915274948	0.40803955551835507931	0.59176317970077429997	5.13306437334742238221	1.98079662103539488882	0.05731536497514141959	0.02028500709244290476
0.36999999999999999556	0.99979974984348507494	0.39653552718073570293	0.60326422266272883288	5.13717788791668805715	1.98078038992985838718	0.05732122509988636649	0.02057161321794233680
0.37500000000000000000	0.99979663893654424633	0.38509724697584019060	0.61469939196068090759	5.14121923772807587483	1.98076410049413587089	0.05732708227696695080	0.02085824862932717308
0.38000000000000000444	0.99979339875802963888	0.37373093259984602188	0.62606246615815996925	5.14518226549609458687	1.98074779338870277101	0.05733292968831678327	0.02114491327776875720
0.38500000000000000888	0.99979002578202247342	0.36244274109714852417	0.63734728468484891373	5.14906088742861456353	1.98073155580378879037	0.05733875285619861178	0.02143160704204975092
0.39000000000000001332	0.99978651633308124325	0.35123876693018790673	0.64854774940287129859	5.15284908685646669824	1.98071541624645353075	0.05734454571952698337	0.02171832977064738421
0.39500000000000001776	0.99978365350411979584	0.34012554716099596686	0.65965810634309773874	5.15654277987648868020	1.98069876666995869918	0.05735035172123804925	0.02200508152925357425
0.40000000000000002220	0.99977988489702540598	0.32910803237167002289	0.67067185252533123574	5.16013246548919646273	1.98068136777727943354	0.05735606840280297464	0.02229186187126758895
0.40500000000000002665	0.99977595677751263104	0.31819258873601558024	0.68158336804146757437	5.16361413109575106972	1.98066584150072033665	0.05736170866824328446	0.02257867041460880422
0.41000000000000003109	0.99977187912199194653	0.30738503070710621046	0.69238684841485620414	5.16698215149721917783	1.98065074061841150943	0.05736723397562119853	0.02286550658448691098
0.41500000000000003553	0.99976764913405458124	0.29669108495953400162	0.70307656417449271302	5.17023092944180895358	1.98063604590892672341	0.05737267921277965782	0.02315236998055080972
0.41999999999999998446	0.99976326399449455540	0.28611639591410553685	0.71364686808035604493	5.17335495807498357834	1.98062180240225305106	0.05737803608276668271	0.02343926016096464435
0.42499999999999998890	0.99975872087936068500	0.27566652292125248813	0.72409219795807755471	5.17634882401557483433	1.98060805982204546360	0.05738329571158887199	0.02372617663952258926
0.42999999999999999334	0.99975401670350927397	0.26534693742530646166	0.73440707927817217016	5.17920720853258043093	1.98059486771463499899	0.05738844925055269081	0.02401311888577535233
0.43499999999999999778	0.99974914741254106154	0.25516302072332058826	0.74458612668918833233	5.18192488542361129333	1.98058226700141815080	0.05739348808966867471	0.02430008632622369588
0.44000000000000000222	0.99974510481341405388	0.24512079504813324982	0.75462430976524863535	5.18449898587059809785	1.98057032639830987719	0.05739840138135576114	0.02458707833313047639
0.44500000000000000666	0.99973993191527532609	0.23522401443116186526	0.76451591748407454752	5.18692008532372916818	1.98055726006072707612	0.05740318942520677287	0.02487409428025651181
0.45000000000000001110	0.99973555232888022815	0.22547920653980749184	0.77425634578903335115	5.18918760678197621417	1.98054691202480159795	0.05740781598888865939	0.02516113336020095459
0.45500000000000001554	0.99973107845562214635	0.21589004153263702257	0.78384103692294815335	5.19129337529784873340	1.98053539363772501680	0.05741231570134130296	0.02544819493870766058
0.46000000000000001998	0.99972641832410080731	0.20646198256388817449	0.79326443576017879877	5.19323386021417388037	1.98052517555981677511	0.05741667895289905704	0.02573527833347215646
0.46500000000000002442	0.99972258718040085679	0.19720060516640983139	0.80252198201395474886	5.19500675421040725155	1.98051605664582641708	0.05742087858498940572	0.02602238272639710234
0.47000000000000002887	0.99971762399549957134	0.18810906142752986669	0.81160856256793045826	5.19660323387707734355	1.98050581814973836181	0.05742493485857144003	0.02630950740068995972
0.47500000000000003331	0.99971252307029279116	0.17919334562646263564	0.82051917744378377595	5.19802238750308021054	1.98049871153071221919	0.05742879225868553761	0.02659665136198338664
0.47999999999999998224	0.99970725471087984459	0.17045657686635345973	0.82925067784448469599	5.19925745124798055485	1.98049167550523752546	0.05743243250737696537	0.02688381352452027043
0.48499999999999998668	0.99970280853256165976	0.16190453573849325486	0.83779827279402463436	5.20030773295549586521	1.98048633199006407501	0.05743590606661851811	0.02717099305485336236
0.48999999999999999112	0.99969724922945824019	0.15353990522228802562	0.84615734400713105146	5.20116501539703257606	1.98048011431457249287	0.05743921144035474269	0.02745818911205513690
0.49499999999999999556	0.99969150468920708885	0.14536825784189147392	0.85432324684727389830	5.20182868131668119105	1.98047669892974353978	0.05744231028349861684	0.02774540066347263093
