0.00000000000000000000	1.00000000000000000000	1.00000000000000000000	0.00000000000000000000	4.99764078470405070931	1.99994577959870922790	0.49999891977834975965	0.00000000000000000000
0.00500000000000000010	0.99999802369957124792	0.99984810514231758916	0.00014991855725669722	4.99439798578332716517	1.99994303720843991101	0.50112181408364275814	0.00250560907041821402
0.01000000000000000021	0.99999700108790423592	0.99939762975630541675	0.00059937133160516132	4.99146106766530905929	1.99994509166813072554	0.50112029725761564336	0.00501121055670629249
0.01499999999999999944	0.99999656537358638797	0.99864878309727156402	0.00134778227632071810	4.98883535494423657752	1.99994591756643758096	0.50112072298071586030	0.00751681417160987228
0.02000000000000000042	0.99999570892741762584	0.99760137571381757304	0.00239433321361046418	4.98650681541251739048	1.99994638344273512054	0.50111985124471214448	0.01002241342783343273
0.02500000000000000139	0.99999441823984647204	0.99625640357587363916	0.00373801466398043965	4.98447415822867423429	1.99994863200965600214	0.50111856864512294152	0.01252800627105904799
0.02999999999999999889	0.99999268486323467098	0.99461506692026946386	0.00537761794297263954	4.98273591282878491882	1.99995176482441183730	0.50111713480463349057	0.01503359194508221627
0.03500000000000000333	0.99999164019583841601	0.99267986818066245025	0.00731177201518379543	4.98129792033609852808	1.99995579254241673262	0.50111554906175370672	0.01753916969039098425
0.04000000000000000083	0.99999036761384207939	0.99045150366266421216	0.00953886395118385376	4.98015225887358070622	1.99995834204104450116	0.50111443650370657288	0.02004474187290951684
0.04499999999999999833	0.99998886580960189008	0.98793176164679441520	0.01205710416281505735	4.97929686660540404830	1.99996134940078729159	0.50111328398463927947	0.02255030829283271449
0.05000000000000000278	0.99998713685462603529	0.98512262670483174976	0.01486451014979933531	4.97872950725692131613	1.99996481050975893901	0.50111209320505889497	0.02505586875885800965
0.05500000000000000028	0.99998518464852792498	0.98202627723493074452	0.01795890741360255463	4.97844776609593164807	1.99996871759380390188	0.50111086654704262155	0.02756142309159322415
0.05999999999999999778	0.99998301473884643187	0.97864508410278983064	0.02133793063606493137	4.97844905502818146914	1.99997305957793192199	0.50110960693558437296	0.03006697112627114421
0.06500000000000000222	0.99998063274812210022	0.97498160621613094712	0.02499902653199237088	4.97873062005013622411	1.99997686204933367016	0.50110853046515402287	0.03257251377859691349
0.07000000000000000666	0.99997804685394631186	0.97103859572018502710	0.02893945113376843875	4.97928952840929284207	1.99998194747029622853	0.50110723361188502789	0.03507804994665633669
0.07499999999999999722	0.99997526486668886214	0.96681898839165336668	0.03315627647504525155	4.98012268159914572863	1.99998743183483229657	0.50110591188222675108	0.03758357950606747155
0.08000000000000000167	0.99997229451071123485	0.96232590308349308383	0.03764639142722535359	4.98122681142190959491	1.99999329989293817000	0.50110456804580616463	0.04008910234629649988
0.08500000000000000611	0.99996914311323714664	0.95756263873078373283	0.04240650438246378051	4.98259847950609380263	1.99999953682559472590	0.50110320454141243918	0.04259461836900356457
0.08999999999999999667	0.99996581737797374245	0.95253267120627005404	0.04743314617170747011	4.98423407705304200022	2.00000612880180517195	0.50110182339255904260	0.04510012748596636117
0.09500000000000000111	0.99996232319035094349	0.94723964861847997909	0.05272267457187655021	4.98612981691726453448	2.00001305235008208783	0.50110043707653983969	0.04760562967134906315
0.10000000000000000555	0.99995759415514340329	0.94168645140895312906	0.05827114274619724782	4.98827515355070882919	2.00002031886453668363	0.50109902455115085118	0.05011112479410481657
0.10499999999999999611	0.99995302887498715982	0.93587744297793562520	0.06407558589705929231	4.99385406941960674487	2.00003347813809995159	0.50016612425567219535	0.05261195541538317422
0.11000000000000000056	0.99994847437611045216	0.92981561717262128930	0.07013285720349822505	4.99968217740802778337	2.00004261417979645188	0.50016268145989228877	0.05511276882268263677
0.11500000000000000500	0.99994393290267902241	0.92350507676114046429	0.07643885614155356001	5.00575544991222276536	2.00005164553929226656	0.50015928041488033617	0.05761356522475703790
0.11999999999999999556	0.99993938152363370797	0.91695006550995761252	0.08298931601368229882	5.01206957453663459745	2.00006065280598432921	0.50015589607727140020	0.06011434470514339518
0.12500000000000000000	0.99993480513698351775	0.91015499288526247046	0.08977981225172848578	5.01862011842087873958	2.00006968785549643641	0.50015251452515485653	0.06261510727776917196
0.13000000000000000444	0.99993085763119748943	0.90312498078272773760	0.09680587684847749563	5.02540691664593186516	2.00007877670978695406	0.50014912610469641763	0.06511585290829265127
0.13500000000000000888	0.99992699617268276935	0.89586429595464589504	0.10406270021804721326	5.03242001322239662642	2.00008754903064156494	0.50014871790710424548	0.06761659649782816861
0.14000000000000001332	0.99992303178857655510	0.88837766046804145237	0.11154537132054637150	5.03965507113978361531	2.00009526990436681260	0.50014567674456622548	0.07011732488155099363
0.14499999999999999001	0.99991895991965407120	0.88067009655079453445	0.11924886336887421945	5.04710709968831139349	2.00010319440151373982	0.50014257360420100174	0.07261803774957199809
0.14999999999999999445	0.99991477793443761524	0.87274677012124080022	0.12716800781320641844	5.05477096910236145533	2.00011132998000817906	0.50013941333277633916	0.07511873481623587701
0.15499999999999999889	0.99991048409134364316	0.86461298614722581490	0.13529749794411941033	5.06264140985408506168	2.00011968201643197673	0.50013619874458969949	0.07761941580995881940
0.16000000000000000333	0.99990607748178617076	0.85627418486343398474	0.14363189261836076249	5.07071301687551478921	2.00012825446455844158	0.50013293235666844705	0.08012008047174215553
0.16500000000000000777	0.99990155787926759956	0.84773593782692202581	0.15216562005235062527	5.07898025090267601911	2.00013704961831084717	0.50012961695467461620	0.08262072855651553249
0.17000000000000001221	0.99989692583337264065	0.83900394404070199883	0.16089298179268327060	5.08743744860598212654	2.00014606821575036122	0.50012625487359485543	0.08512135983088350843
0.17500000000000001665	0.99989218305893401428	0.83008402604350262077	0.16980815701543763852	5.09607882749158580538	2.00015530889113479773	0.50012284843756604769	0.08762197407307133201
0.17999999999999999334	0.99988733236739679722	0.82098212558957783802	0.17890520677782578707	5.10489849041867227442	2.00016476814680466134	0.50011940049719028067	0.09012257107555728119
0.18499999999999999778	0.99988237769261156807	0.81170429928442633383	0.18817807840819250620	5.11389043078048555202	2.00017444026061719242	0.50011591425098833597	0.09262315064681223009
0.19000000000000000222	0.99987732409830376579	0.80225671410086552005	0.19762060999745262313	5.12304853767213508320	2.00018431723770184760	0.50011239331741608183	0.09512371261339931661
0.19500000000000000666	0.99987217781214776657	0.79264564280111737826	0.20722653501104359997	5.13236660142121792205	2.00019438876894639634	0.50010884179030046237	0.09762425682235081892
0.20000000000000001110	0.99986699012152147059	0.78287749377119231209	0.21698949635034359140	5.14183854330987344383	2.00020464192893632216	0.50010526463257420904	0.10012478314551369329
0.20500000000000001554	0.99986178401265890514	0.77295874416826604314	0.22690303984440401974	5.15145862580911018114	2.00021501652562738727	0.50010206069079898850	0.10262529344896768879
0.20999999999999999223	0.99985654444984006783	0.76289593623775675546	0.23696060821209480318	5.16122081419819789261	2.00022545816848928979	0.50009918062094205204	0.10512578935207239628
0.21499999999999999667	0.99985127122904104979	0.75269570906068694605	0.24715556216837117343	5.17111852814070971363	2.00023596833710204379	0.50009629380532816256	0.10762627082109903209
0.22000000000000000111	0.99984596420408322626	0.74236478261445548732	0.25748118158964389268	5.18114510240952785836	2.00024654678925051243	0.50009340410163094504	0.11012673784160718904
0.22500000000000000555	0.99984062313294130853	0.73190995285248683366	0.26793067028047012901	5.19129379214088704231	2.00025719346717689717	0.50009051423339556663	0.11262719041277416410
0.23000000000000000999	0.99983524796047451577	0.72133808625224526967	0.27849716170824517780	5.20155778045611150162	2.00026790867192172385	0.50008762602288803212	0.11512762854288860481
0.23500000000000001443	0.99982983943976422303	0.71065611710863285655	0.28917372233115468116	5.21193020868412926205	2.00027868997323343692	0.50008471453580194410	0.11762805211556760787
0.23999999999999999112	0.99982439677237799902	0.69987103964666319555	0.29995335712573467646	5.22240412158738909199	2.00028953833222811198	0.50008181165633525112	0.12012846117384928801
0.24499999999999999556	0.99981891897819918924	0.68898990414753280564	0.31082901483068153814	5.23297250467284058573	2.00030045549206736410	0.50007891836801354746	0.12262885576568935408
0.25000000000000000000	0.99981340497312143345	0.67801981191500071411	0.32179359305813531877	5.24362829077812531153	2.00031144339702571244	0.50007603384483023667	0.12512923593491351304
0.25500000000000000444	0.99980785358797918949	0.66696791016844081401	0.33283994341955197571	5.25436436550666030598	2.00032250421041490895	0.50007315703681520791	0.12762960172009760185
0.26000000000000000888	0.99980226358422341626	0.65584138690043503050	0.34396087668380248559	5.26517357270993979768	2.00033364027760862669	0.50007028674400533230	0.13012995315381761796
0.26500000000000001332	0.99979663366289117654	0.64464746570094311195	0.35514916796196782656	5.27604871996377777776	2.00034485409300089032	0.50006742167601436755	0.13263029026219769202
0.27000000000000001776	0.99979096247457122093	0.63339340055880921643	0.36639756191578226607	5.28698258404467136273	2.00035614827792151971	0.50006456047643932372	0.13513061306457987976
0.27500000000000002220	0.99978524862207296398	0.62208647064125410786	0.37769877798082918119	5.29796791632674679562	2.00036752556348940146	0.50006170176120634530	0.13763092157338591148
0.28000000000000002665	0.99977949066140714418	0.61073397505991444678	0.38904551560151379164	5.30899744817738383773	2.00037898878465014718	0.50005884412561685259	0.14013121579401399686
0.28500000000000003109	0.99977368710132952234	0.59934322762852987321	0.40043045947281413754	5.32006389632448417615	2.00039054087710832519	0.50005598615192026202	0.14263149572477359928
0.28999999999999998002	0.99976783640148092491	0.58792155161744674707	0.41184628478404855523	5.33115996819323179068	2.00040218487900700595	0.50005312641297183784	0.14513176135683844570
0.29499999999999998446	0.99976193697028781227	0.57647627451023086831	0.42328566246007398588	5.34227836721306914569	2.00041392393354477974	0.50005026347360204131	0.14763201267420644758
0.29999999999999998890	0.99975598720667557817	0.56501472279922526631	0.43474126440747035138	5.35341179831981328618	2.00042576129101101756	0.50004739588840307896	0.15013224965364846408
0.30499999999999999334	0.99974998551570848360	0.55354421675759479804	0.44620576875813550144	5.36455297504337025316	2.00043770020948974420	0.50004452218458628199	0.15263247226457138384
0.30999999999999999778	0.99974393026649199800	0.54207206519234707454	0.45767186507416007801	5.37569462426019661905	2.00044974397517227871	0.50004164093860614670	0.15513268046926442789
0.31500000000000000222	0.99973781979923570518	0.53060556025275529279	0.46913225954650095151	5.38682949033256530669	2.00046189595667467387	0.50003875082630677706	0.15763287422339597454
0.32000000000000000666	0.99973166387093292951	0.51915197960369208197	0.48057968426725639066	5.39795039596385262115	2.00047415959401275742	0.50003585083675572420	0.16013305347757975095
0.32500000000000001110	0.99972543570698613191	0.50771855289829603830	0.49200688280870236158	5.40905001136510854565	2.00048654385292978830	0.50003293369885115638	0.16263321814607401006
0.33000000000000001554	0.99971914689242169505	0.49631249784272285508	0.50340664904971754723	5.42012122938523344118	2.00049904717972681922	0.50003000940154296305	0.16513336819308171988
0.33500000000000001998	0.99971381753269628057	0.48494140219579301432	0.51477241533691475706	5.43116381846801399291	2.00051167331131285465	0.50002707197689100216	0.16763350355296616212
0.34000000000000002442	0.99970845820816234273	0.47361201183179069130	0.52609644637639085829	5.44216388950017027071	2.00052236254449145036	0.50002465082272751218	0.17013362680707980190
0.34500000000000002887	0.99970304991357794577	0.46233140571864517199	0.53737164419495109247	5.45311429545542569741	2.00053316268434189240	0.50002221120132539500	0.17263373786308641722
0.35000000000000003331	0.99969759240978506298	0.45110661804166823918	0.54859097436813797355	5.46400805358004770795	2.00054407506154818819	0.50001975695118805465	0.17513383664784235028
0.35499999999999998224	0.99969115411280884409	0.43994420699166408850	0.55974694712116668249	5.47483230756423377983	2.00055510521061874485	0.50001728552360535929	0.17763392307546038706
0.35999999999999998668	0.99968559691141312129	0.42885192556328199931	0.57083367134814944066	5.48559207890073441405	2.00056806224308347808	0.50001435301276930812	0.18013399484052422528
0.36499999999999999112	0.99967999297554543947	0.41783620244471952887	0.58184379053084689382	5.49627464024044343205	2.00057930113595627830	0.50001185771691869508	0.18263405412910882486
0.36999999999999999556	0.99967432959210822396	0.40690380997100289440	0.59277051962112203842	5.50687320844248429097	2.00059067720096761533	0.50000933448712847618	0.18513410080154446558
0.37500000000000000000	0.99966860189207829013	0.39606144637313656087	0.60360715551896348963	5.51738111580315138127	2.00060220224457285809	0.50000678159408196155	0.18763413470951487150
0.38000000000000000444	0.99966461616115875888	0.38531642864203208276	0.61434818751915210022	5.52780207151560709633	2.00061018420440639431	0.50000629170309296434	0.19013416616803033299
0.38500000000000000888	0.99966064080586836127	0.37467462288130060077	0.62498601792459151927	5.53811973757159936582	2.00061889082778510129	0.50000456786223523853	0.19263418900734149974
0.39000000000000001332	0.99965668746389035881	0.36414248189944925516	0.63551420556447335564	5.54832764853921212023	2.00062741812482869364	0.50000315951662865910	0.19513420480492463249
0.39500000000000001776	0.99965275967356381770	0.35372636113373467914	0.64592639853986022480	5.55841944108809826730	2.00063575384144698432	0.50000196509955896484	0.19763421463042243897
0.40000000000000002220	0.99964884850808100047	0.34343251439971128613	0.65621633410838753342	5.56838881529966389650	2.00064393076074686917	0.50000089946759307402	0.20013421912776041545
0.40500000000000002665	0.99964493492383676987	0.33326709123504610899	0.66637784368881891606	5.57822954965154771401	2.00065200920860730704	0.49999988827664687552	0.20263421856914365371
0.41000000000000003109	0.99964099607809753234	0.32323613502912112994	0.67640486104900054976	5.58793553537817366816	2.00066005780439137851	0.49999887223757610855	0.20513421293033154424
0.41500000000000003553	0.99963700942228217450	0.31334558016253327706	0.68629142925977604239	5.59750079551651591458	2.00066814174457441311	0.49999780707573837635	0.20763420196571022447
0.41999999999999998446	0.99963295523136863618	0.30360124866718324332	0.69603170656421164963	5.60691950215141865499	2.00067631921632527181	0.49999665204456200662	0.21013418522593302340
0.42499999999999998890	0.99962881621850163683	0.29400884601968735321	0.70561997019884470372	5.61618594671479431923	2.00068463433975818333	0.49999540990671414997	0.21263416227546658166
0.42999999999999999334	0.99962457655915948340	0.28457395646205851936	0.71505062009712061499	5.62529455498265651414	2.00069312735769733180	0.49999406157890635694	0.21513413258336111511
0.43499999999999999778	0.99962015490251054928	0.27530202491270616694	0.72431812998982958440	5.63423956349828181089	2.00070183955877078930	0.49999254854531582914	0.21763409532608768426
0.44000000000000000222	0.99961566426066483793	0.26619842012169248058	0.73341724413899767043	5.64301620190991215509	2.00071077906138716784	0.49999116421719885794	0.22013405114717368716
0.44500000000000000666	0.99961102155485870302	0.25726832399809318463	0.74234269755679505032	5.65161909788819638578	2.00072002652436431447	0.49998938011664040282	0.22263399804775688140
0.45000000000000001110	0.99960623820153060581	0.24851680679397489260	0.75108943140758932522	5.66004328304576542763	2.00072954904488753414	0.49998743577187448883	0.22513393522661626078
0.45500000000000001554	0.99960132393464962153	0.23994879903788479680	0.75965252489679635506	5.66828392601565678177	2.00073932592764691663	0.49998535925882181541	0.22763386202291036042
0.46000000000000001998	0.99959628797155586355	0.23156908876718967916	0.76802719920439066481	5.67633633831277073512	2.00074934182740671318	0.49998319028385673768	0.23013377797432965632
0.46500000000000002442	0.99959114078775257450	0.22338231903163299763	0.77620882175615091292	5.68419598469137365981	2.00075957982064167595	0.49998096762017163464	0.23263368281243052005
0.47000000000000002887	0.99958589466696734505	0.21539298521534969155	0.78419290945164465967	5.69185848607777433728	2.00077001952979971477	0.49997871746936695114	0.23513357639977736091
0.47500000000000003331	0.99958056423029195692	0.20760543242085668925	0.79197513180946454980	5.69931962493793076163	2.00078063517918858238	0.49997645767090620472	0.23763345868813190442
0.47999999999999998224	0.99957516587389327878	0.20002385262638769370	0.79955131324754369349	5.70657534472457594887	2.00079139678546047421	0.49997420260561714622	0.24013332970115999765
0.48499999999999998668	0.99956971552362383626	0.19265228204323528449	0.80691743348040934070	5.71362173765527892044	2.00080227209306604763	0.49997197882044969175	0.24263318959526225527
0.48999999999999999112	0.99956422829113322770	0.18549459868820739050	0.81406962960295947695	5.72045504326559228758	2.00081323093219065612	0.49996978654480983550	0.24513303852798629112
0.49499999999999999556	0.99955871792187789282	0.17855452025378296121	0.82100419766812382516	5.72707165134037410326	2.00082424519177726197	0.49996762658642945887	0.24763287666091843287
0.50000000000000000000	0.99955319636447970133	0.17183560214642057407	0.82771759421808766000	5.73346810294276920672	2.00083528982583391809	0.49996549907887599673	0.25013270415631283505
0.50500000000000000444	0.99954767209928063743	0.16534123667843816929	0.83420643542087102862	5.73964106926085282367	2.00084557649508987254	0.49996359092972109117	0.25263252211096143274
0.51000000000000000888	0.99954215426312253978	0.15907464826216480280	0.84046750600098563133	5.74558742341549422150	2.00085662581802914417	0.49996152318846032170	0.25513232972690375044
0.51500000000000001332	0.99953664894948546227	0.15303889512975601961	0.84649775381976144484	5.75130417273333538475	2.00086765391714438422	0.49995948340432955215	0.25763212714392541569
0.52000000000000001776	0.99953116038863809578	0.14723686670642419094	0.85229429368224407515	5.75678848402611098578	2.00087865105663853527	0.49995746961560438848	0.26013191449200345762
0.52500000000000002220	0.99952569119498502204	0.14167128228876763041	0.85785440890624720112	5.76203768621113265880	2.00088961095093686993	0.49995547983793431346	0.26263169189119311975
0.53000000000000002665	0.99952024258153238101	0.13634468981121181108	0.86317555277035296069	5.76704927257742561153	2.00090053032814019218	0.49995351199457011004	0.26513145945116595170
0.53500000000000003109	0.99951481379634787849	0.13125946463214979709	0.86825534916422619780	5.77182089805485354361	2.00091140852590010368	0.49995156394526873989	0.26763121727089228541
0.54000000000000003553	0.99950940251199982267	0.12641780855815099027	0.87309159395388580283	5.77635038063004735420	2.00092224973716970027	0.49994962477637466813	0.27013096539477415847
0.54500000000000003997	0.99950400609544565178	0.12182174924837108065	0.87768225684710099443	5.78063571442473644879	2.00093306049878671971	0.49994770182595493768	0.27263070390390392594
0.55000000000000004441	0.99949862142465151216	0.11747313898855435421	0.88202548243612743928	5.78467506790917784798	2.00094384652770607147	0.49994578852283305670	0.27513043284651811371
0.55500000000000004885	0.99949324514562820632	0.11337365424562406702	0.88611959090003344919	5.78846678369824374499	2.00095461418110076579	0.49994388130621714161	0.27763015225304921163
0.56000000000000005329	0.99948787385740023304	0.10952479516798163672	0.88996307868944568575	5.79200937954894801152	2.00096537006246677493	0.49994197685165686629	0.28012986213730750595
0.56500000000000005773	0.99948250426627782694	0.10592788522936853746	0.89355461903694133330	5.79530154922985740740	2.00097612067760044496	0.49994007202496792974	0.28262956249743231840
0.57000000000000006217	0.99947713329265264193	0.10258407101508398851	0.89689306227760612344	5.79834216308283512120	2.00098687219302195928	0.49993816391822404333	0.28512925331702343446
0.57500000000000006661	0.99947175813688415857	0.09949432214860423618	0.89997743598830992617	5.80113026827494326909	2.00099763026507027064	0.49993624983914081161	0.28762893456621912991
0.57999999999999996003	0.99946637631308699046	0.09665943135309570944	0.90280694496001678839	5.80366508879579168223	2.00100839995508961167	0.49993432735313275694	0.29012860620298480674
0.58499999999999996447	0.99946098565740548736	0.09408001464215169640	0.90538097101528292043	5.80594602525552083705	2.00101918570345027604	0.49993239437424319416	0.29262826817485604325
0.58999999999999996891	0.99945558430510406112	0.09175651164117021308	0.90769907266396943069	5.80797265442793708701	2.00102999137494830251	0.49993044918501328144	0.29512792042078112020
0.59499999999999997335	0.99945017065555563640	0.08968918603930443878	0.90976098461628018832	5.80974472863955337942	2.00104082032227248433	0.49992849042262604842	0.29762756287289426904
0.59999999999999997780	0.99944474329642651877	0.08787812617010684613	0.91156661712634889927	5.81126217482764495514	2.00105167546243967180	0.49992651702262647095	0.30012719545800742305
0.60499999999999998224	0.99943930092423505229	0.08632324563702960252	0.91311605528723593928	5.81252509442435005838	2.00106255957645107202	0.49992452911321461073	0.30262681810357350276
0.60999999999999998668	0.99943384252143463442	0.08502428436813129486	0.91440955815333502255	5.81353376086101647502	2.00107347492109921561	0.49992252401656239735	0.30512643072365630559
0.61499999999999999112	0.99942836710012838974	0.08398080938504418058	0.91544755771511676645	5.81428861988585499176	2.00108442353197890640	0.49992050200660853587	0.30762603323368936659
0.61999999999999999556	0.99942287373572635811	0.08319221595291446947	0.91623065778283796501	5.81479028785397922263	2.00109540735397972711	0.49991846248666765851	0.31012562554612271848
0.62500000000000000000	0.99941736154174654061	0.08265772879768426562	0.91675963274409899562	5.81503955042207021364	2.00110642823779683042	0.49991640487176985941	0.31262520757048156694
0.63000000000000000444	0.99941182964916186471	0.08237640344736493758	0.91703542620182754153	5.81503736113498614912	2.00111748798244226677	0.49991432857180023719	0.31512477921334058895
0.63500000000000000888	0.99940627718942265378	0.08234712769535322552	0.91705914949409950143	5.81478483990471417542	2.00112858837045637372	0.49991223298183601331	0.31762434037824976985
0.64000000000000001332	0.99940070327318741850	0.08256862317652891026	0.91683208009668959448	5.81428327135641520584	2.00113973123679711463	0.49991011758044351376	0.32012389096615201378
0.64500000000000001776	0.99939510697239009041	0.08303944706652467700	0.91635565990589684660	5.81353410305230688948	2.00115091846932768860	0.49990798182216950041	0.32262343087526285101
0.65000000000000002220	0.99938948732353083404	0.08375799391314005249	0.91563149341042293639	5.81253894371231982774	2.00116215199578251216	0.49990582498541041856	0.32512296000018992004
0.65500000000000002665	0.99938384333151741856	0.08472249757246975987	0.91466134575907187543	5.81129956130265501457	2.00117343380505152695	0.49990364631726652567	0.32762247823177625961
0.66000000000000003109	0.99937817397329264946	0.08593103325684391114	0.91344714071648214215	5.80981788101457308215	2.00118476593804484054	0.49990144502972666540	0.33012198545692489349
0.66500000000000003553	0.99937247820236263518	0.08738151969311580558	0.91199095850928335594	5.80809598313458153029	2.00119615047829624288	0.49989922030433692202	0.33262148155844656339
0.67000000000000003997	0.99936675495424098781	0.08907172138893844349	0.91029503356534291481	5.80613610081062070378	2.00120758954126110041	0.49989697129829591127	0.33512096641493804849
0.67500000000000004441	0.99936100315242737402	0.09099925100457437188	0.90836175214788728027	5.80394061771414371265	2.00121908526222203051	0.49989469715156886753	0.33762043990069590116
0.68000000000000004885	0.99935522171445323458	0.09316157182776685364	0.90619364988672590489	5.80151206559943855012	2.00123063978417548014	0.49989239699384979687	0.34011990188566515458
0.68500000000000005329	0.99934940955784401506	0.09555600034915141816	0.90379340920872552889	5.79885312176158151942	2.00124225524538124077	0.49989006995080265128	0.34261935223541917228
0.69000000000000005773	0.99934356560550996473	0.09817970893554502088	0.90116385667000187265	5.79596660639479832611	2.00125393376874916029	0.49988771515144386770	0.34511879081117641244
0.69500000000000006217	0.99933768879060647095	0.10102972859849328191	0.89830796019214487202	5.79285547985268056692	2.00126567745164374301	0.49988533173475330207	0.34761821746985016590
0.70000000000000006661	0.99933177806024520162	0.10410295185550302866	0.89522882620476973425	5.78952283981139093072	2.00127748835740959521	0.49988291885471430875	0.35011763206412371829
0.70499999999999996003	0.99932583237865246772	0.10739613568127173715	0.89192969669741783978	5.78597191834153967704	2.00128936851047445344	0.49988047568505655782	0.35261703444254899331
0.70999999999999996447	0.99931985073027829181	0.11090590454641097162	0.88841394618390179261	5.78220607889264393009	2.00130131988987036706	0.49987800142166466388	0.35511642444965729748
0.71499999999999996891	0.99931383212249791370	0.11462875354097659675	0.88468507858155431833	5.77822881319284942236	2.00131334442476616076	0.49987549528229380247	0.35761580192606878814
0.71999999999999997335	0.99930777558803318694	0.11856105157960740437	0.88074672400845965825	5.77404373806641224576	2.00132544399183665007	0.49987295651010710262	0.36011516670861931644
0.72499999999999997780	0.99930168018702647537	0.12269904468531921127	0.87660263550174066793	5.76965459217099319034	2.00133762041315499403	0.49987038437448771955	0.36261451863049176669
0.72999999999999998224	0.99929554500902262326	0.12703885934897909959	0.87225668566007741322	5.76506523265933878974	2.00134987545599019043	0.49986777817148725367	0.36511385752134922766
0.73499999999999998668	0.99928936917492205971	0.13157650596138509291	0.86771286321357554705	5.76027963176813528889	2.00136221083136955912	0.49986513722439002150	0.36761318320747116140
0.73999999999999999112	0.99928315183876881278	0.13630788231477755645	0.86297526952403369460	5.75530187333677467620	2.00137462819356937160	0.49986246088424979295	0.37011249551189240314
0.74499999999999999556	0.99927689218952642225	0.14122877717082329974	0.85804811501873923252	5.75013614926011662476	2.00138712913847527375	0.49985974853056508449	0.37261179425454521441
0.75000000000000000000	0.99927058945312474680	0.14633487389203597706	0.85293571556112279808	5.74478675588022635878	2.00139971520072457167	0.49985699957248302949	0.37511107925240760874
0.75500000000000000444	0.99926424289473381180	0.15162175413353484732	0.84764248876123904353	5.73925809031899092361	2.00141238784887809388	0.49985421345011754601	0.37761035031965817232
0.76000000000000000888	0.99925785182129678308	0.15708490159202301295	0.84217295022931248916	5.73355464675612491732	2.00142514847839336767	0.49985138963643249710	0.38010960726784032149
0.76500000000000001332	0.99925141558419661170	0.16271970580877970214	0.83653170977545321385	5.72768101265470352956	2.00143799840418568081	0.49984852763920978314	0.38260884990603638567
0.77000000000000001776	0.99924493358222798989	0.16852146602335885128	0.83072346755891668391	5.72164186493836535163	2.00145093885144698120	0.49984562700340395835	0.38510807804105340324
0.77500000000000002220	0.99923840526483886926	0.17448539507464316811	0.82475301019024327420	5.71544196612283617043	2.00146397094666816940	0.49984268731311931599	0.38760729147761902036
0.78000000000000002665	0.99923183013543459552	0.18060662334580740440	0.81862520678966854693	5.70908616040491523336	2.00147709570852372352	0.49983970819364637039	0.39010649001858727081
0.78500000000000003109	0.99922520775489243050	0.18688020274974107005	0.81234500500519846167	5.70257936971217027633	2.00149031403859245515	0.49983668931327507323	0.39260567346515362619
0.79000000000000003553	0.99921853774527236158	0.19330111075146239052	0.80591742699386181847	5.69592658971678300617	2.00150362671341630616	0.49983363038491418484	0.39510484161707820627
0.79500000000000003997	0.99921181979344209090	0.19986425442401722918	0.79934756536946061090	5.68913288581619713824	2.00151703437542138886	0.49983053116767889312	0.39760399427291659435
0.80000000000000004441	0.99920505365471223858	0.20656447453442308704	0.79264057912033192288	5.68220338908480737672	2.00153053752557230638	0.49982739146829363586	0.40010313123025803561
0.80500000000000004885	0.99919823915670136216	0.21339654965617294025	0.78580168950057716071	5.67514329219991342512	2.00154413651608420466	0.49982421114228231529	0.40260225228596946412
0.81000000000000005329	0.99919137620262943322	0.22035520030480218456	0.77883617589787101920	5.66795784534382729447	2.00155783154302291393	0.49982099009522468203	0.40510135723644558059
0.81500000000000005773	0.99918446477453937149	0.22743509309310447342	0.77174937168148427524	5.66065235208711481363	2.00157162264082577607	0.49981772828339726678	0.40760044587786259385
0.82000000000000006217	0.99917750493634538422	0.23463084490254648706	0.76454666003384896822	5.65323216525592009418	2.00158550967616832850	0.49981442571458717383	0.41009951800643551501
0.82500000000000006661	0.99917049683632741530	0.24193702706745504050	0.75723346976892280669	5.64570268278663967010	2.00159949234401013385	0.49981108244840011245	0.41259857341867750558
0.83000000000000007105	0.99916344070890894535	0.24934816956848918079	0.74981527114046553351	5.63806934356923861174	2.00161357016430851985	0.49980769859623191964	0.41509761191165867045
0.83499999999999996447	0.99915633687612170899	0.25685876523217793244	0.74229757164398668667	5.63033762328641262940	2.00162582172017922133	0.49980535470280440524	0.41759663868517271634
0.83999999999999996891	0.99914918574786848460	0.26446327393297602848	0.73468591181493525522	5.62251303024662885122	2.00164004950934826255	0.49980190409507158078	0.42009564820564809784
0.84499999999999997335	0.99914198782149565847	0.27215612679469292079	0.72698586102685636146	5.61460110121814981454	2.00165437182411487527	0.49979841226481869221	0.42259464026697218797
0.84999999999999997780	0.99913563256108195443	0.27993230048324158066	0.71920333207788411656	5.60661164748682327996	2.00166878766455980099	0.49979487945367762070	0.42509361466424055997
0.85499999999999998224	0.99912926897524179104	0.28778561164606547562	0.71134365732922588688	5.59854622368022614154	2.00168147942883534185	0.49979173843800051014	0.42759257335643058306
0.85999999999999998668	0.99912287829396562167	0.29571042525615581775	0.70341245303786281706	5.59041032650531999337	2.00169420585601276485	0.49978858273085746688	0.43009151627008485042
0.86499999999999999112	0.99911646064588088834	0.30370109850089749282	0.69541536214504218183	5.58220956143303581598	2.00170698095744814538	0.49978540403813276338	0.43259044329027551701
0.86999999999999999556	0.99911001611419070212	0.31175198080305593917	0.68735803531119388232	5.57394954275169851599	2.00171980833454243864	0.49978219721449279600	0.43508935427634798376
0.87500000000000000000	0.99910354465038253569	0.31985741791135624545	0.67924612673908513205	5.56563588750709303810	2.00173268926774694521	0.49977896102466440320	0.43758824908147131438
0.88000000000000000444	0.99909704610704153094	0.32801175600845849933	0.67108529009864092973	5.55727421129159537827	2.00174562450013260317	0.49977569512114711214	0.44008712755707707354
0.88500000000000000888	0.99909052026171951688	0.33620934579945654930	0.66288117446232042163	5.54887012426832360035	2.00175861466343807393	0.49977239938380418893	0.44258598955399608421
0.89000000000000001332	0.99908396683299416363	0.34444454657222239868	0.65463942026082810877	5.54042922723361019877	2.00177166040069343111	0.49976907374899259828	0.44508483492274103499
0.89500000000000001776	0.99907738549193603195	0.35271173022562057886	0.64636565526636702295	5.53195710769846815680	2.00178476240341396419	0.49976571815791481779	0.44758366351353062740
0.90000000000000002220	0.99907077587109138772	0.36100528526246500327	0.63806549060868145151	5.52345933599386285096	2.00179792141938550643	0.49976233254125479455	0.45008247517623689582
0.90500000000000002665	0.99906413757182754853	0.36931962074422375331	0.62974451682765852922	5.51494146140424490454	2.00181113825024370456	0.49975891681637224506	0.45258126976031876065
0.91000000000000003109	0.99905747017063029070	0.37764917020466776121	0.62140829996601498753	5.50640900833584723273	2.00182441374480646346	0.49975547088876071111	0.45508004711476257587
0.91500000000000003553	0.99905077322483626379	0.38598839551962271788	0.61306237770527305386	5.49786747252404239816	2.00183774879088360876	0.49975199465510550256	0.45757880708803810865
0.92000000000000003997	0.99904404627793852445	0.39433179073012281091	0.60471225554787044754	5.48932231728393738024	2.00185114430647370654	0.49974848800663684845	0.46007754952807128346
0.92500000000000004441	0.99903728886444198576	0.40267388581619695254	0.59636340304830182113	5.48077896980744760924	2.00186460123071574557	0.49974495083253794858	0.46257627428223396793
0.93000000000000004885	0.99903050051479258542	0.41100925041875824295	0.58802125009609451656	5.47224281751126717666	2.00187812051516189626	0.49974138302307763437	0.46507498119734935749
0.93500000000000005329	0.99902368075980196860	0.41933249750682588530	0.57969118325302704253	5.46371920443639069731	2.00189170311428199511	0.49973778447277911186	0.46757367011971323612
0.94000000000000005773	0.99901682913508638162	0.42763828698770989245	0.57137854214742800352	5.45521342770430273106	2.00190534997760716251	0.49973415508286661568	0.47007234089512756059
0.94500000000000006217	0.99900997081833031732	0.43592134051773107073	0.56308863030065159361	5.44673090829572004168	2.00191906204029868022	0.49973049476377634504	0.47257099336894642372
0.95000000000000006661	0.99900305613727935494	0.44417640083806125828	0.55482665529928776316	5.43827653580019543256	2.00193283926158072106	0.49972680618537884678	0.47506962739987329547
0.95500000000000007105	0.99899610834848440177	0.45239829993303753986	0.54659780841550575925	5.42985557826452946983	2.00194668193987324045	0.49972308505261769929	0.47756824282513637980
0.95999999999999996447	0.99899013646805501221	0.46058236940741709153	0.53840776706070792024	5.42148024544325757290	2.00196059202581722047	0.49971933187724665304	0.48006683948452261168
0.96499999999999996891	0.99898416255213773329	0.46872310617773571551	0.53026105637446752095	5.41314852105195853937	2.00197256545558177621	0.49971605539350971714	0.48256541976149014417
0.96999999999999997335	0.99897814894567682487	0.47681550897194407979	0.52216263997379619433	5.40486508901969830987	2.00198463188224984322	0.49971274516395397525	0.48506398348730989101
0.97499999999999997780	0.99897210724982343777	0.48485466861043113873	0.51411743863945746913	5.39663492070945327583	2.00199676688740835218	0.49970940624314474920	0.48756253051852560532
0.97999999999999998224	0.99896603855803667305	0.49283574403974361733	0.50613029451836266670	5.38846284858499480208	2.00200896848709763987	0.49970603940509111807	0.49006106071555105563
0.98499999999999998668	0.99896207199449948977	0.50075499225310060591	0.49820707974146749564	5.38036565147634426864	2.00201702620726429416	0.49970602583706852373	0.49255959084473638354
0.98999999999999999112	0.99895812913307391323	0.50860674676528105920	0.49035138236786157684	5.37233623923530778654	2.00202566699637030112	0.49970352133400047778	0.49505810845140640897
0.99499999999999999556	0.99895422402138833728	0.51638640770327659535	0.48256781631818185252	5.36437933058668647845	2.00203409796849607361	0.49970114054260356129	0.49755661415411944759
1.00000000000000000000	0.99895035622959071908	0.52408945591100175587	0.47486090031866612371	5.35649940147314840289	2.00204230439949970588	0.49969887930988954317	0.50005510855066892528
1.00500000000000011546	0.99894651244794130385	0.53171145407738384936	0.46723505837063045165	5.34870076099320979068	2.00205033930539944009	0.49969667651138560682	0.50255359193322590716
1.01000000000000000888	0.99894267233256417438	0.53924805155804667045	0.45969462077459849469	5.34098758467715306608	2.00205827324784557675	0.49969448924087228603	0.50505206437943028774
1.01500000000000012434	0.99893881492473279859	0.54669498974228036836	0.45224382518253503083	5.33336385878463570265	2.00206555225806726028	0.49969244590971984010	0.50755052660897892469
1.02000000000000001776	0.99893492108884229808	0.55404810637464496637	0.44488681471427260483	5.32583366426967508289	2.00207347183866746221	0.49969021725509493725	0.51004897769525436857
1.02499999999999991118	0.99893097428116572889	0.56130333733739568025	0.43762763694384460011	5.31840091258373881544	2.00208146024607014368	0.49968794668870386566	0.51254741742869791565
1.03000000000000002665	0.99892696038906791944	0.56845671927423591097	0.43047024111491227760	5.31106943113028595604	2.00208955518008968610	0.49968562560340046286	0.51504584555671495405
1.03499999999999992006	0.99892286731202839523	0.57550439156027333176	0.42341847575182328667	5.30384295908306135914	2.00209778757655687542	0.49968324745901115946	0.51754426179401002983
1.04000000000000003553	0.99891868302192443618	0.58244259725002123229	0.41647608577197281488	5.29672513632038821640	2.00210618327943423722	0.49968080692246635843	0.52004266582862235246
1.04499999999999992895	0.99891440067435677275	0.58926768803141682529	0.40964671264301838471	5.28971950726626971573	2.00211477098770096461	0.49967826974391937878	0.52254105717734189440
1.05000000000000004441	0.99891001078217922515	0.59597612170607616733	0.40293388907617866401	5.28282953452304937514	2.00212355636749972376	0.49967569010420598286	0.52503943562786292709
1.05499999999999993783	0.99890543481597970921	0.60256442165948398415	0.39634101315656855569	5.27605819087023864000	2.00213256275196460621	0.49967303606733221022	0.52753780080819956400
1.06000000000000005329	0.99890079301360945596	0.60902934745698678043	0.38987144555669855928	5.26940921867969880310	2.00214192530065737685	0.49967014738054482681	0.53003615154510230756
1.06499999999999994671	0.99889602071433014618	0.61536765743038479570	0.38352836328402223343	5.26288561749966188330	2.00215144817364576468	0.49966737247985543169	0.53253448840750161608
1.07000000000000006217	0.99889113866645684592	0.62157627443662943900	0.37731486422990839769	5.25649057517745443846	2.00216117977698848662	0.49966438324894846268	0.53503281032374638837
1.07499999999999995559	0.99888615924141754832	0.62765223130548997155	0.37123392793599652162	5.25022710957595872827	2.00217109273768256728	0.49966124866908384616	0.53753111656709184896
1.08000000000000007105	0.99888109069670727447	0.63359267482872261290	0.36528841586805760322	5.24409809907814672414	2.00218117484925972605	0.49965803103036832145	0.54002940672224364338
1.08499999999999996447	0.99887594173436988765	0.63939487009465756362	0.35948107163978759715	5.23810630716389091788	2.00219141383394871880	0.49965476384893131589	0.54252768054148825527
1.09000000000000007994	0.99887071981389252695	0.64505620043258160567	0.35381451938139069080	5.23225437995654019119	2.00220179618003335520	0.49965147852481067714	0.54502593793411235890
1.09499999999999997335	0.99886543316370690615	0.65057416983899085672	0.34829126332479570793	5.22654484577503808396	2.00221231037699087807	0.49964817295325553159	0.54752417879887860241
1.10000000000000008882	0.99886009000377340428	0.65594640341480126011	0.34291368658904741729	5.22098010986844762726	2.00222294240818321498	0.49964484835196787404	0.55002240304063843013
1.10499999999999998224	0.99885469793802061922	0.66117064774704437102	0.33768405019105840470	5.21556245087421643802	2.00223367811868024901	0.49964150757650266366	0.55252061057852097647
1.11000000000000009770	0.99884926381639393966	0.66624477148099359169	0.33260449233548133874	5.21029401930908964147	2.00224450395845376960	0.49963815243927844900	0.55501880134071734929
1.11499999999999999112	0.99884379382850163598	0.67116676594322133287	0.32767702788536484659	5.20517683777019346536	2.00225540743901220253	0.49963478514308212741	0.55751697526643273495
1.12000000000000010658	0.99883829332934004341	0.67593474546050624774	0.32290354786891101169	5.20021279916650502884	2.00226637738969426294	0.49963140630011987353	0.56001513229793331572
1.12500000000000000000	0.99883276691681976978	0.68054694775304891419	0.31828581916385062511	5.19540366805721198773	2.00227740397998577038	0.49962801808395601588	0.56251327238835313604
1.13000000000000011546	0.99882721845948774231	0.68500173419821153153	0.31382548426135581376	5.19075108048322064747	2.00228847878986115916	0.49962462227050064012	0.56501139549970569309
1.13500000000000000888	0.99882165114307752685	0.68929759001149026876	0.30952406113167163504	5.18625654434389637970	2.00229959472767493622	0.49962122059325098089	0.56750950160267199518
1.14000000000000012434	0.99881606753748952698	0.69343312434842430125	0.30538294318914627201	5.18192143993379517042	2.00231074594301361458	0.49961781470132310412	0.57000759067617856601
1.14500000000000001776	0.99881046961988828592	0.69740707027818837904	0.30140339934177878822	5.17774702028746425242	2.00232192777750173107	0.49961440602779916276	0.57250566270631753074
1.15000000000000013323	0.99880485885660563738	0.70121828471192260146	0.29758657414476724634	5.17373441192836480695	2.00233313654360411959	0.49961099614421050630	0.57500371768703861797
1.15500000000000002665	0.99879923693857508571	0.70486574872825613625	0.29393348821040382601	5.16988461901047990921	2.00234436946001981283	0.49960758636605889782	0.57750175561886896158
1.15999999999999992006	0.99879360406506312309	0.70834856587308270282	0.29044503819206324291	5.16619851294478760195	2.00235562526624555346	0.49960417356665498545	0.57999977648670220098
1.16500000000000003553	0.99878795922126151208	0.71166596221853029025	0.28712199700281759718	5.16267683898299445389	2.00236690347188295291	0.49960076600428832139	0.58249778031672361234
1.16999999999999992895	0.99878230180124549786	0.71481728698533875122	0.28396501481598895866	5.15932022145109225875	2.00237820424132895170	0.49959736037924462604	0.58499576711861978051
1.17500000000000004441	0.99877663095561641793	0.71780201139343735584	0.28097461956226421620	5.15612916223280404182	2.00238952845900897159	0.49959395560494057609	0.58749373689664452503
1.17999999999999993783	0.99877094573379299192	0.72061972806640361977	0.27815121766746642162	5.15310404234846153315	2.00240087754393725206	0.49959055062360646637	0.58999168964976256291
1.18500000000000005329	0.99876524519103004884	0.72327015032230090874	0.27549509486881218479	5.15024512342525309094	2.00241225316267534851	0.49958714425847006169	0.59248962537105487325
1.18999999999999994671	0.99875952848159554875	0.72575311138678155753	0.27300641709489897879	5.14755254913720339260	2.00242365703854252601	0.49958373546089529516	0.59498754404835929588
1.19500000000000006217	0.99875379489031035352	0.72806856348021764536	0.27068523141018285827	5.14502634634423561266	2.00243509078115877742	0.49958032324899515064	0.59748544566460426442
1.19999999999999995559	0.99874804384245652322	0.73021657680860552198	0.26853146703394392691	5.14266642616275326816	2.00244655580854002963	0.49957690680194810628	0.59998333019861405102
1.20500000000000007105	0.99874227490518252548	0.73219733847014578654	0.26654493643512972012	5.14047258502803572355	2.00245805331064374855	0.49957348550035068913	0.60248119762611584971
1.20999999999999996447	0.99873648777955847944	0.73401115127635097046	0.26472533650329421739	5.13844450576398426023	2.00246958423797583038	0.49957005891763894834	0.60497904792070400504
1.21500000000000007994	0.99873068228395978085	0.73565843248908102670	0.26307224979497134676	5.13658175867247024371	2.00248114930969522973	0.49956662680869035054	0.60747688105474750841
1.21999999999999997335	0.99872485833700219704	0.73713971248032428285	0.26158514585676961861	5.13488380269420563451	2.00249274903774576728	0.49956318908951191649	0.60997469700019502081
1.22500000000000008882	0.99871901594169520955	0.73845563331750641023	0.26026338262427395343	5.13334998665094222048	2.00250438375302319827	0.49955974581554657421	0.61247249572927275896
