0.00000000000000000000	1.00000000000000000000	1.00000000000000000000	0.00000000000000000000	5.00000000000000000000	2.00000000000000133227	0.04999999999999995420	0.00000000000000000000
0.00500000000000000010	0.99999997128516937561	0.99984997453397561618	0.00014999675119676151	4.99977868026869209928	1.99998655234333688746	0.05012372168482397139	0.00025061860842411987
0.01000000000000000021	0.99999981696034556666	0.99939994057384529125	0.00059987638650139225	4.99985686852331134844	1.99998687034124356110	0.05012366859030388533	0.00050123695137563925
0.01499999999999999944	0.99999953605285196723	0.99865019814169952994	0.00134933791115225254	5.00023423735357663844	1.99998743993335725833	0.05012361629641664401	0.00075185503285772246
0.02000000000000000042	0.99999912759346309965	0.99760122715899290924	0.00239790043446839801	5.00091027956679212707	1.99998826306005850206	0.05012356475347152368	0.00100247285662508003
0.02500000000000000139	0.99999859058318840699	0.99625368708106643023	0.00374490350212037908	5.00188430836544650759	1.99998934172612674587	0.05012351388753190362	0.00125309042606273945
0.02999999999999999889	0.99999792399598741444	0.99460841645987341231	0.00538950753611207398	5.00315545781199055853	1.99999067799142737911	0.05012346361872226097	0.00150370774415635065
0.03500000000000000333	0.99999712678109564656	0.99266643239893370687	0.00733069438215859948	5.00472268339907522261	1.99999227396629097875	0.05012341386204107602	0.00175432481346655608
0.04000000000000000083	0.99999619786519988729	0.99042892990111797147	0.00956726796407980813	5.00658476272593055967	1.99999413180651774979	0.05012336452758482663	0.00200494163610448039
0.04499999999999999833	0.99999513615451207649	0.98789728110974484032	0.01209785504476434612	5.00874029628066441688	1.99999481393736577850	0.05012338035060392993	0.00225555853785750025
0.05000000000000000278	0.99999394053680312755	0.98507303444360316824	0.01492090609319788978	5.01118770832848614560	1.99999703593401823021	0.05012333575172382705	0.00250617521661611938
0.05500000000000000028	0.99999260988345617385	0.98195791362647033562	0.01803469625698312512	5.01392524790526117329	1.99999952617870091487	0.05012329128930875094	0.00275679167306266308
0.05999999999999999778	0.99999114305141434400	0.97855381661169105190	0.02143732643972112370	5.01695098991546561962	2.00000228692593085000	0.05012324685623970738	0.00300740790734386164
0.06500000000000000222	0.99999058923522810005	0.97486383238535745388	0.02512675684986935901	5.02026601975192932059	2.00000532045610368570	0.05012320234112112999	0.00325802391904946725
0.07000000000000000666	0.99999000825815598237	0.97088928397812790383	0.02910072428002469583	5.02386523148983243914	2.00000646745955634742	0.05012324061900467337	0.00350864012214449064
0.07499999999999999722	0.99998939921542184806	0.96663258234631166399	0.03335681686910887955	5.02774618854294352843	2.00000766911446570262	0.05012328420583792715	0.00375925654317368040
0.08000000000000000167	0.99998876122285917933	0.96209630718542371586	0.03789245403743297935	5.03190628588087385253	2.00000892719976430811	0.05012333299924944668	0.00400987320816992808
0.08500000000000000611	0.99998809341830929842	0.95728320534538724473	0.04270488807291919486	5.03634275163459221858	2.00001024345082045741	0.05012338689436447725	0.00426049014264175043
0.08999999999999999667	0.99998739496309574371	0.95219618914621728667	0.04779120581687689578	5.04105264880033665520	2.00001161955694950478	0.05012344578388677752	0.00451110737156118404
0.09500000000000000111	0.99998666504341093830	0.94683833459513122577	0.05314833044827672187	5.04603287704162450922	2.00001305715817156994	0.05012350955819652037	0.00476172491935216661
0.10000000000000000555	0.99998558179956686942	0.94121258002754981664	0.05877300177201496417	5.05127918827869404339	2.00001455784291071183	0.05012357810543665443	0.00501234280987934971
0.10499999999999999611	0.99998366315562059459	0.93532197047148335489	0.06466169268413544946	5.05643645927026597064	1.99959070456375442859	0.05071882717522430833	0.00526593694575547104
0.11000000000000000056	0.99998161343651159605	0.92917083993652460627	0.07081077349998476933	5.06185321666332921353	1.99959465446206485773	0.05071879968070836658	0.00551953094415901305
0.11500000000000000500	0.99997949213039172278	0.92276298103428633368	0.07721651109610222496	5.06752589678049769617	1.99968347292722170572	0.05071992884658777651	0.00577313058839195193
0.11999999999999999556	0.99997840075693178452	0.91610327994096907300	0.08387512081596246172	5.07345386383131025099	1.99968733237834972449	0.05072021823247992167	0.00602673167955435161
0.12500000000000000000	0.99997745159168227591	0.90919495637748359851	0.09078249521419617940	5.07963044205748293081	1.99968904346888898260	0.05072048975261731624	0.00628033412831743854
0.13000000000000000444	0.99997659607424294048	0.90204214901444623731	0.09793444705979341414	5.08605110572899921095	1.99969028504178281125	0.05072100372677181002	0.00653393914695129738
0.13500000000000000888	0.99997580825239351654	0.89464916281727913105	0.10532664543511253974	5.09271142116171393610	1.99969137826522636026	0.05072152726513505516	0.00678754678327697300
0.14000000000000001332	0.99997506889050169487	0.88702045168916821005	0.11295461720133256889	5.09960683047036145155	1.99969235728769700877	0.05072206588781495717	0.00704115711271604758
0.14499999999999999001	0.99997436338498102426	0.87916061372688847353	0.12081374965809156541	5.10673264833193840673	1.99969324697244510425	0.05072262460506423570	0.00729477023574136903
0.14999999999999999445	0.99997368042285239564	0.87107438711089690830	0.12889929331195282280	5.11408406147512906159	1.99969406692309514817	0.05072320678804040361	0.00754838626968157116
0.15499999999999999889	0.99997301108693048555	0.86276664634581401447	0.13720636474111572167	5.12165612934709635340	1.99969483283880866686	0.05072381472458751400	0.00780200534330450883
0.16000000000000000333	0.99997254000397917117	0.85424255947712957049	0.14572998052684640879	5.12944439206323909985	1.99969555747428362480	0.05072444995999297879	0.00805562759310447449
0.16500000000000000777	0.99997211067025559839	0.84550713386118858672	0.15446497680906340344	5.13744158520067539797	1.99980233266717433160	0.05072831902842588059	0.00830926918824660340
0.17000000000000001221	0.99997165752406746986	0.83656558175158646229	0.16340607577247706628	5.14564377279099272045	1.99980269690902678903	0.05072907532358451876	0.00856291456486452628
0.17500000000000001665	0.99997118015797648027	0.82742329140215542527	0.17254788875581719698	5.15404553464883541380	1.99980308835062126072	0.05072986237420878258	0.00881656387673557078
0.17999999999999999334	0.99997067814158913102	0.81808576943018718186	0.18188490871139548211	5.16264133261799962327	1.99980350818193808315	0.05073068001714759606	0.00907021727682130914
0.18499999999999999778	0.99997015103880204645	0.80855863749292944398	0.19141151354586677380	5.17142551402026207086	1.99980395740043626063	0.05073152801706977411	0.00932387491690665760
0.19000000000000000222	0.99996959842089316872	0.79884762889241622830	0.20112196952847213871	5.18039231514935138989	1.99980443693771303693	0.05073240607977454880	0.00957753694730553023
0.19500000000000000666	0.99996901987633846076	0.78895858511179262074	0.21101043476453842929	5.18953586481439277378	1.99980494768593430877	0.05073331386015993844	0.00983120351660633079
0.20000000000000001110	0.99996841731446794999	0.77889745403410248770	0.22107096328035832911	5.19885019534486314541	1.99980549050073075357	0.05073425096809041496	0.01008487477144678207
0.20500000000000001554	0.99996779064707752571	0.76867028300495643389	0.23129750764211604031	5.20832921233381007653	1.99980597716170427347	0.05073525313051138047	0.01033855103709933887
0.20999999999999999223	0.99996713905136891398	0.75828321620722338725	0.24168392284413869886	5.21796674814813243870	1.99980650084644895337	0.05073627107683365695	0.01059223239248350754
0.21499999999999999667	0.99996646172039893585	0.74774249152387251005	0.25222397019651898731	5.22775653513514360071	1.99980705009234727143	0.05073732139118809076	0.01084591899943944740
0.22000000000000000111	0.99996575801296117003	0.73705443688192773255	0.26291132113102744228	5.23769222089474162374	1.99980763712795472919	0.05073839454945208022	0.01109961097218670721
0.22500000000000000555	0.99996502731753633686	0.72622546633183104881	0.27373956098569934836	5.24776736368847895875	1.99980825077390855782	0.05073949941767790656	0.01135330846927509740
0.23000000000000000999	0.99996426909529456672	0.71526207620985360336	0.28470219288543807679	5.25797544496408963965	1.99980890494834562254	0.05074062515352099206	0.01160701159504270302
0.23500000000000001443	0.99996348291754366677	0.70417084124482476337	0.29579264167271346331	5.26830986841114956576	1.99980959927797963260	0.05074177247348812814	0.01186072045741014443
0.23999999999999999112	0.99996266844765813175	0.69295841058243079491	0.30700425786522500538	5.27876396407423520429	1.99981033369379423981	0.05074294165450288219	0.01211443516568265835
0.24499999999999999556	0.99996182542802747317	0.68163150377112591283	0.31833032165689550963	5.28933099245617377449	1.99981110828400709956	0.05074413268367269220	0.01236815582910102268
0.25000000000000000000	0.99996095367018456024	0.67019690671063281151	0.32976404695954836255	5.30000414862922930581	1.99981192320819101127	0.05074534535072222630	0.01262188255585463409
0.25500000000000000444	0.99996005304720791962	0.65866146756457388811	0.34129858548262881346	5.31077656636384443090	1.99981277865016826567	0.05074657930550557916	0.01287561545238216122
0.26000000000000000888	0.99995912334501757535	0.64703209254900118097	0.35292703079601206451	5.32164132179769566733	1.99981367478962868134	0.05074783409520803451	0.01312935462285820185
0.26500000000000001332	0.99995816457512276543	0.63531574197320062058	0.36464242260191637168	5.33259145397096823160	1.99981466538788410503	0.05074907284740965557	0.01338309998709525002
0.27000000000000001776	0.99995717687328489198	0.62351942598853438149	0.37643775088474751289	5.34361993784367861338	1.99981461329702758789	0.05075034818253770785	0.01363685172800793884
0.27500000000000002220	0.99995616040817913994	0.61165020034053485531	0.38830596006764189765	5.35471970374396821768	1.99981565910633052319	0.05075162727051853173	0.01389060986436053101
0.28000000000000002665	0.99995511537910808375	0.59971516211955966380	0.40023995325954409008	5.36588364177184740100	1.99981674619093463541	0.05075292505709372987	0.01414437448964600032
0.28500000000000003109	0.99995404201441773218	0.58772144551191896067	0.41223259650249660657	5.37710460599320683173	1.99981787455479431692	0.05075424077453109806	0.01439814569351865504
0.28999999999999998002	0.99995294056981709474	0.57567621752346409547	0.42427672304635066780	5.38837541872137748555	1.99981904415459488256	0.05075557363380851089	0.01465192356168769708
0.29499999999999998446	0.99995181132671406843	0.56358667368559256516	0.43636513764111889424	5.39968887481467785250	1.99982025490533055212	0.05075692282783460935	0.01490570817582687058
0.29999999999999998890	0.99995065458828558125	0.55146003374471586067	0.44849062084356566826	5.41103774597934972235	1.99982150668515545888	0.05075828753320709569	0.01515949961349290567
0.30499999999999999334	0.99994947068008377400	0.53930353734212199690	0.46064593333795811336	5.42241478531416820630	1.99982280048215810275	0.05075966640302334576	0.01541329794550802199
0.30999999999999999778	0.99994825994996183738	0.52712443968326339050	0.47282382026669633746	5.43381273140069520622	1.99982413602542274944	0.05076105865863746180	0.01566710323880120964
0.31500000000000000222	0.99994702276653657513	0.51493000719911363738	0.48501701556741866339	5.44522431264775796933	1.99982551303575695201	0.05076246349609080111	0.01592091555628166386
0.32000000000000000666	0.99994575951718722706	0.50272751320256248153	0.49721824631462052668	5.45664225162616034481	1.99982693115873821910	0.05076388011449307208	0.01617473495685413029
0.32500000000000001110	0.99994447060629709778	0.49052423354287288948	0.50942023706341910128	5.46805926942503628396	1.99982839009158297472	0.05076530767030460606	0.01642856149520565204
0.33000000000000001554	0.99994315645337905618	0.47832744226056572723	0.52161571419280838846	5.47946808998672896251	1.99982988945805173486	0.05076674532480612845	0.01668239522182968226
0.33500000000000001998	0.99994181749127397651	0.46614440724544820016	0.53379741024582183506	5.49086144444944057597	1.99983142888676868054	0.05076819221792921999	0.01693623618291932933
0.34000000000000002442	0.99994045416441179608	0.45398238590036277262	0.54595806826404325030	5.50223207548248716137	1.99983300800965491106	0.05076964747168598302	0.01719008442027775835
0.34500000000000002887	0.99993906692704270789	0.44184862081320386284	0.55809044611383318291	5.51357274161153476655	1.99983462646222931447	0.05077111019289579780	0.01744393997124223800
0.35000000000000003331	0.99993765624159058891	0.42975033543983992557	0.57018732080174372445	5.52487622153202817543	1.99983628388397494113	0.05077257947531783888	0.01769780286861882823
0.35499999999999998224	0.99993622257697523104	0.41769472980047511745	0.58224149277649184242	5.53613531840799133477	1.99983797991992151566	0.05077405440135617648	0.01795167314062560970
0.35999999999999998668	0.99993476640718470527	0.40568897619217930695	0.59424579021499990272	5.54734286415465227549	1.99983971422205075719	0.05077553404349123556	0.01820555081084306720
0.36499999999999999112	0.99993328820934079815	0.39374021491967298170	0.60619307328966198778	5.55849172368244115461	1.99984148617133516979	0.05077701750606475328	0.01845943589837338930
0.36999999999999999556	0.99993178846216856925	0.38185555004743243490	0.61807623841472836279	5.56957479917249997925	1.99984329548656969422	0.05077850380349603621	0.01871332841739086969
0.37500000000000000000	0.99993026764448922350	0.37004204517541738895	0.62988822246906461810	5.58058503431771235626	1.99984514196771678840	0.05077999188316943691	0.01896722837680671694
0.38000000000000000444	0.99992872623376427565	0.35830671924098678183	0.64162200699277038840	5.59151541842344990130	1.99984702520038681861	0.05078148090504307904	0.01922113578133193348
0.38500000000000000888	0.99992716470470588419	0.34665654234953663382	0.65327062235516242250	5.60235899061895370465	1.99984894491587583687	0.05078296989968640596	0.01947505063083036433
0.39000000000000001332	0.99992558352784499665	0.33509843163623048712	0.66482715189160923597	5.61310884398557075059	1.99985090086336048110	0.05078445789430501706	0.01972897292030189112
0.39500000000000001776	0.99992398316821673454	0.32363924716138053883	0.67628473600682736944	5.62375812965130084109	1.99985289281251876758	0.05078594391335360114	0.01998290263986865836
0.40000000000000002220	0.99992236408402179748	0.31228578784188293360	0.68763657624213214703	5.63430006084866885629	1.99985492055536084877	0.05078742697914669091	0.02023683977476439105
0.40500000000000002665	0.99992072672540266431	0.30104478742113532919	0.69887593930425961908	5.64472791693351627629	1.99985698390027710758	0.05078890611314564041	0.02049078430533012030
0.41000000000000003109	0.99991907153315773282	0.28992291047983348440	0.70999616105331686544	5.65503504736263273855	1.99985908268284662270	0.05079038033568557264	0.02074473620700854892
0.41500000000000003553	0.99991739893760089863	0.27892674849003423754	0.72099065044755961118	5.66521487562802139593	1.99986121676757022669	0.05079184866660494541	0.02099869545034157431
0.41999999999999998446	0.99991570935745088811	0.26806281591481279092	0.73185289344263126932	5.67526090314523123936	1.99986338604992419654	0.05079331012585508454	0.02125266200097085043
0.42499999999999998890	0.99991400319871115432	0.25733754635581457260	0.74257645684288930976	5.68516671309299503889	1.99986559045749734409	0.05079476373416200174	0.02150663581964165974
0.42999999999999999334	0.99991228085369276979	0.24675728875102839743	0.75315499210265501873	5.69492597420287616217	1.99986782995189416035	0.05079620851362539463	0.02176061686220978619
0.43499999999999999778	0.99991054270001800131	0.23632830362499301913	0.76358223907501654448	5.70453244449570462393	1.99987010452990698894	0.05079764348835197341	0.02201460507965154537
0.44000000000000000222	0.99990878909975422495	0.22605675939368996552	0.77385202970605548867	5.71397997496335818823	1.99987241422495110044	0.05079906768507425757	0.02226860041807691634
0.44500000000000000666	0.99990702039849388427	0.21594872872627302041	0.78395829167221264822	5.72326251319290157937	1.99987475910761758335	0.05080048013378541533	0.02252260281874584463
0.45000000000000001110	0.99990523692461563687	0.20601018496583262118	0.79389505195877640986	5.73237410693197713130	1.99987713928714194722	0.05080187986834931724	0.02277661221808759129
0.45500000000000001554	0.99990343898852884763	0.19624699861126490563	0.80365644037725547655	5.74130890759239154164	1.99987955491169144828	0.05080326592712706285	0.02303062854772322532
0.46000000000000001998	0.99990162688198114260	0.18666493386235138985	0.81323669301961998279	5.75006117369032754283	1.99988200616976219415	0.05080463735358781846	0.02328465173449116576
0.46500000000000002442	0.99989980087746299642	0.17726964523006927266	0.82263015564738584118	5.75862527422120429321	1.99988449329232897966	0.05080599319682103238	0.02353868170047527034
0.47000000000000002887	0.99989796122762486519	0.16806667421413507002	0.83183128701348141298	5.76699569196669425963	1.99988701655144618385	0.05080733251227473324	0.02379271836303664331
0.47500000000000003331	0.99989610816481255817	0.15906144604974006840	0.84083466211506441290	5.77516702673279169744	1.99988957626027397119	0.05080865436237178012	0.02404676163484850346
0.47999999999999998224	0.99989424190062381470	0.15025926652537985317	0.84963497537523424707	5.78313399851613407776	1.99989217277288688912	0.05080995781713112946	0.02430081142393416063
0.48499999999999998668	0.99989236262550040824	0.14166531887364461340	0.85822704375184644121	5.79089145059713228392	1.99989480648512119032	0.05081124195476549588	0.02455486763370798645
0.48999999999999999112	0.99989047050844115372	0.13328466073679851034	0.86660580977163093053	5.79843435255826911146	1.99989747783374505197	0.05081250586230607463	0.02480893016301951789
0.49499999999999999556	0.99988856569674600117	0.12512222120892296795	0.87476634448781143139	5.80575780322565471181	1.99990018729682272891	0.05081374863620377602	0.02506299890620053775
0.50000000000000000000	0.99988664831582274584	0.11718279795634133078	0.88270385035947085406	5.81285703353188942799	1.99990293539300445502	0.05081496938294643995	0.02531707375311527050
0.50500000000000000444	0.99988471846902882145	0.10947105441801166514	0.89041366405100552672	5.81972740929872678350	1.99990572268133548484	0.05081616721965318689	0.02557115458921353779
0.51000000000000000888	0.99988277623758659018	0.10199151708751465206	0.89789125915005996159	5.82636443393805958380	1.99990854976057730319	0.05081734127468177237	0.02582524129558694606
0.51500000000000001332	0.99988082168059400079	0.09474857287821687735	0.90513224880236442527	5.83276375106964817263	1.99991141726874688267	0.05081849068822277132	0.02607933374902806148
0.52000000000000001776	0.99987885483501193207	0.08774646657313184273	0.91213238826186793240	5.83892114705357645477	1.99991432588186679453	0.05081961461289811327	0.02633343182209255118
0.52500000000000002220	0.99987687571578376389	0.08098929836095711265	0.91888757735481552125	5.84483255343674024118	1.99991727631333460202	0.05082071221434580899	0.02658753538316428050
0.53000000000000002665	0.99987488438489180442	0.07448102148027473113	0.92539386290460712292	5.85049404970433339912	1.99991934111571367794	0.05082181849854816580	0.02684164447565702202
0.53500000000000003109	0.99987288092096282544	0.06822543988027304773	0.93164744104067986896	5.85590186541608304083	1.99992235310934818315	0.05082286178719216951	0.02709575878459298190
0.54000000000000003553	0.99987086509458167338	0.06222620605153347112	0.93764465904303795352	5.86105238041220122369	1.99992540898863913057	0.05082387632669006783	0.02734987816622643300
0.54500000000000003997	0.99986883683446248217	0.05648681893820628463	0.94338201789624787086	5.86594212967369443845	1.99992850961067625271	0.05082486135379971764	0.02760400247299543003
0.55000000000000004441	0.99986679604845285496	0.05101062191077122832	0.94885617413767497919	5.87056780425648394584	1.99993165586107113363	0.05082581610769924818	0.02785813155353392481
0.55500000000000004885	0.99986474262392055490	0.04580080084705225041	0.95406394177685760472	5.87492625319173011889	1.99993484865505255499	0.05082673984396511579	0.02811226525275374935
0.56000000000000005329	0.99986267642815529477	0.04086038230819521305	0.95900229411995274731	5.87901448529097603313	1.99993808893620306222	0.05082763183510145832	0.02836640341192925643
0.56500000000000005773	0.99986059730882026475	0.03619223181063178224	0.96366836549818102320	5.88282967085481445224	1.99994137767444102316	0.05082849137106702775	0.02862054586878459012
0.57000000000000006217	0.99985850509443863210	0.03179905219500708813	0.96805945289942607612	5.88636914328491123172	1.99994471586461464163	0.05082931775978611483	0.02887469245758352010
0.57500000000000006661	0.99985639959493022300	0.02768338209297182759	0.97217301750195062038	5.88963040059766917977	1.99994810452437854487	0.05083011032764925274	0.02912884300922176720
0.57999999999999996003	0.99985428054306313417	0.02384759448260551432	0.97600668606044915787	5.89261110647273689267	1.99995154469248404006	0.05083086842000385935	0.02938299735132178514
0.58499999999999996447	0.99985214762106822128	0.02029389538279032998	0.97955825223826609172	5.89530909171088612908	1.99995503784396633229	0.05083159138035919095	0.02963715530822358044
0.58999999999999996891	0.99985000074156249461	0.01702432259346122606	0.98282567814808874385	5.89772235723837567889	1.99995858463514109005	0.05083227862672165531	0.02989131670135718871
0.59499999999999997335	0.99984783964578349824	0.01404074456383491015	0.98580709508193697932	5.89984907267901981243	1.99996218615120624484	0.05083292955223277232	0.03014548134911835403
0.59999999999999997780	0.99984566405939734324	0.01134485936375841802	0.98850080469562895402	5.90168757834209678492	1.99996584349619177523	0.05083354358267687390	0.03039964906703173861
0.60499999999999998224	0.99984347369315829113	0.00893819375343784389	0.99090527993971266874	5.90323638613212597903	1.99996955778552298888	0.05083412016503174868	0.03065381966785689707
0.60999999999999998668	0.99984126824360985974	0.00682210235570874460	0.99301916588789052032	5.90449418035607997979	1.99997333014387046468	0.05083465876787340160	0.03090799296169626301
0.61499999999999999112	0.99983904739375906168	0.00499776693126723764	0.99484128046248343491	5.90545981842737610634	1.99997716170322981100	0.05083515888176300124	0.03116216875610507836
0.61999999999999999556	0.99983681081382014266	0.00346619575722296059	0.99637061505658797156	5.90613233146644933669	1.99998105360080491444	0.05083562001961684784	0.03141634685620316170
0.62500000000000000000	0.99983455814911403881	0.00222822310925171758	0.99760633503985596260	5.90651092472013417023	1.99998500697681569349	0.05083604171706301855	0.03167052706478847707
0.63000000000000000444	0.99983228903813570199	0.00128450884746701883	0.99854778019066114947	5.90659497785979858975	1.99998902297846514742	0.05083642394762438038	0.03192470918452659789
0.63500000000000000888	0.99983000314098502415	0.00063553810676228678	0.99919446503421427419	5.90638404603421385275	1.99999310279734876516	0.05083676546792451761	0.03217889301186622336
0.64000000000000001332	0.99982770008371857351	0.00028162109089093244	0.99954607899281944228	5.90587785911858720311	1.99999724750907814652	0.05083706629425917278	0.03243307834333752221
0.64500000000000001776	0.99982537948315519660	0.00022289297082120043	0.99960248651232497252	5.90507632213760746964	2.00000145824693476015	0.05083732605627574314	0.03268726497361890138
0.65000000000000002220	0.99982304094759766322	0.00045931388727096540	0.99936372706031784130	5.90397951524129105394	2.00000573613779719651	0.05083754440783088552	0.03294145269565805501
0.65500000000000002665	0.99982068407751945038	0.00099066905733344182	0.99883001502018020634	5.90258769357639234698	2.00001008230003574084	0.05083772102723348868	0.03319564130079422082
0.66000000000000003109	0.99981830846622565812	0.00181656898505482521	0.99800173948116499556	5.90090128705366101514	2.00001449784199802906	0.05083785561746606563	0.03344983057888155364
0.66500000000000003553	0.99981591370054234691	0.00293644977576287478	0.99687946392477189139	5.89892090001157676227	2.00001898385976417671	0.05083794790639476618	0.03370402031841352591
0.67000000000000003997	0.99981349936144348067	0.00434957355388406689	0.99546392580755183044	5.89664731077612547239	2.00002354143617822047	0.05083799764694311996	0.03395821030664824408
0.67500000000000004441	0.99981106503666083984	0.00605502898401841065	0.99375603605263651552	5.89408147118995984215	2.00002817163877466555	0.05083800461726191433	0.03421240032973455608
0.68000000000000004885	0.99980861030489343033	0.00805173189489991233	0.99175687840998794087	5.89122450600370672902	2.00003287592197009914	0.05083796835528701930	0.03446659017151099125
0.68500000000000005329	0.99980613471076529297	0.01033842600479606064	0.98946770870596234548	5.88807771156293835446	2.00003765445473380424	0.05083788921947352685	0.03472077961760836051
0.69000000000000005773	0.99980363781787950916	0.01291368374985610822	0.98688995406801560684	5.88464255568350491643	2.00004250871693622926	0.05083776680049195695	0.03497496845161082030
0.69500000000000006217	0.99980111918684133610	0.01577590721326188258	0.98402521197357328830	5.88092067642775262470	2.00004743970124376773	0.05083760097859801180	0.03522915645650381150
0.70000000000000006661	0.99979857837571406431	0.01892332915504457355	0.98087524922066438027	5.87691388105162371147	2.00005244837907047994	0.05083739165976285113	0.03548334341480262333
0.70499999999999996003	0.99979601494047543042	0.02235401414185055058	0.97744200079862020303	5.87262414485199801817	2.00005753569877509079	0.05083713877571829909	0.03573752910868121385
0.70999999999999996447	0.99979342843540919272	0.02606585977591343792	0.97372756865949139371	5.86805360991456748110	2.00006270258516494209	0.05083684228396414401	0.03599171332010103752
0.71499999999999996891	0.99979081841344774606	0.03005659802242796261	0.96973422039101331293	5.86320458376313347060	2.00006794993898706636	0.05083650216775648101	0.03624589583093981715
0.71999999999999997335	0.99978919542800737119	0.03432380234869417818	0.96546539307930667739	5.85808256520192482952	2.00007327863548400870	0.05083611843608873415	0.03650007642312026040
0.72499999999999997780	0.99978754725076734999	0.03886487495245113249	0.96092267229831274111	5.85268714782810572927	2.00007671010105880782	0.05083573799487526440	0.03675425511309463739
0.72999999999999998224	0.99978587386893846833	0.04367706029550527669	0.95610881357342891729	5.84702112728770462269	2.00008022567400356451	0.05083531438503356009	0.03700843168501980612
0.73499999999999998668	0.99978318858746895170	0.04875743325786744548	0.95102575532959587878	5.84108450831574632645	2.00008382534133266617	0.05083484769265184805	0.03726260592348306505
0.73999999999999999112	0.99978147168344699836	0.05410294009902897466	0.94567853158440962069	5.83488632503394821782	2.00008945644161295618	0.05083429070146845696	0.03751677737699040532
0.74499999999999999556	0.99977973663175512264	0.05971034419253868492	0.94006939243921106009	5.82842690149809072864	2.00009319606466329233	0.05083373862083125777	0.03777094607009456179
0.75000000000000000000	0.99977698809039505790	0.06557624739834690131	0.93420074069204106504	5.82170668056122586620	2.00009701972909104128	0.05083314382799011821	0.03802511178923451141
0.75500000000000000444	0.99977520736842528937	0.07169714677701682914	0.92807806059139996702	5.81473514771747890251	2.00010287838587075271	0.05083245869843643072	0.03827927408272669557
0.76000000000000000888	0.99977340762614075320	0.07806934543117848013	0.92170406219495293332	5.80751308509660013613	2.00010684532361349142	0.05083177936083571602	0.03853343297953087249
0.76500000000000001332	0.99977059169028847929	0.08468898951872590175	0.91508160217155221083	5.80004138448075678980	2.00011089707251166203	0.05083105813394148131	0.03878758827020058197
0.77000000000000001776	0.99976874402656457086	0.09155214924108373564	0.90821659478547045463	5.79232996655574083888	2.00011698935903403651	0.05083024673814152961	0.03904173950389128872
0.77500000000000002220	0.99976687640168482307	0.09865468630311598208	0.90111219009855636486	5.78438004921182891138	2.00012118743084066352	0.05082944226550149824	0.03929588671521879600
0.78000000000000002665	0.99976398885464146105	0.10599231077974634319	0.89377167807488588913	5.77619295046346969968	2.00012547100766546748	0.05082859693120376360	0.03955002969987481826
0.78500000000000003109	0.99976207095511038236	0.11356069069407820349	0.88620138026102035500	5.76777900714539271121	2.00013180248765554126	0.05082766179584476129	0.03980416800885404338
0.79000000000000003553	0.99976013208474079352	0.12135526749459130125	0.87840486459013800147	5.75913984859143024408	2.00013623519225269831	0.05082673495525573404	0.04005830168363032351
0.79500000000000003997	0.99975816455009369754	0.12937138004794226931	0.87038678450214124194	5.75028013954637007288	2.00014075403605140480	0.05082576847539208020	0.04031243052600728266
0.80000000000000004441	0.99975517773241984187	0.13760419192732928351	0.86215098580508175985	5.74120177804963649493	2.00014536013743837728	0.05082476226046846873	0.04056655433730962240
0.80500000000000004885	0.99975315671012421337	0.14604887649704506591	0.85370428021307032118	5.73191558006615853316	2.00015201254934060771	0.05082366730829367130	0.04082067267385108833
0.81000000000000005329	0.99975111332364019479	0.15470035173679394513	0.84505076158683445353	5.72242370321692828128	2.00015677110099154845	0.05082258253377641005	0.04107478558651996708
0.81500000000000005773	0.99974903996677233486	0.16355345785666830505	0.83619558211009126225	5.71273130874696377646	2.00016161636651323974	0.05082146007172644309	0.04132889288687859736
0.82000000000000006217	0.99974594580660491872	0.17260285568226518826	0.82714309012432851720	5.70284079396231113890	2.00016655026672918183	0.05082030010412585952	0.04158299438739922887
0.82500000000000006661	0.99974381547691437699	0.18184327626532140187	0.81790053921158156758	5.69276341338328073505	2.00017353246549411949	0.05081905283460667888	0.04183708965157226234
0.83000000000000007105	0.99974166121224450343	0.19126916036740795879	0.80847250084482391586	5.68250180014610517532	2.00017862139752722328	0.05081781804425813953	0.04209117874179355012
0.83499999999999996447	0.99973947547595642948	0.20087489929149182633	0.79886457618445372297	5.67206156186027676824	2.00018379747810648439	0.05081654784839625266	0.04234526148103553295
0.83999999999999996891	0.99973626551843675081	0.21065469952502646755	0.78908156599339929205	5.66144554151275247733	2.00018906247985972513	0.05081524208097348838	0.04259933769144039900
0.84499999999999997335	0.99973401897998304122	0.22060290656293723988	0.77913111241703292276	5.65066538548557950605	2.00019638175612834985	0.05081385067989657028	0.04285340694483988355
0.84999999999999997780	0.99973184800816083939	0.23071354377234545852	0.76901830423580286311	5.63972444114801607640	2.00020180525383350911	0.05081247444563214560	0.04310746931706804091
0.85499999999999998224	0.99973054800025940025	0.24098068658878551984	0.75874986141146261165	5.62862942163640234128	2.00022174943659969415	0.05081485086796369566	0.04336154357140786092
0.85999999999999998668	0.99972923290727921941	0.25139816467194536775	0.74833106823532047347	5.61738545990451854095	2.00022531888455779026	0.05081351989913801548	0.04361561117090355377
0.86499999999999999112	0.99972790202229977474	0.26195979931784890704	0.73776810270443760054	5.60599875707324812879	2.00022893854038308348	0.05081215694218042117	0.04386967195561445459
0.86999999999999999556	0.99972655465963045085	0.27265932930371306053	0.72706722535590517786	5.59447559602406663259	2.00023260921089107711	0.05081076269659503403	0.04412372576909742716
0.87500000000000000000	0.99972519011937699407	0.28349041462625695909	0.71623477549310676782	5.58282233744851819068	2.00023633169845282964	0.05080933800322025989	0.04437777245911352780
0.88000000000000000444	0.99972380768025348452	0.29444664028765332731	0.70527716739258705658	5.57104541616440140928	2.00024010667311236134	0.05080788337303426133	0.04463181187597869970
0.88500000000000000888	0.99972240659743050184	0.30552152012422933991	0.69420088647318767272	5.55915133719418363967	2.00024393493491459139	0.05080639949643857289	0.04488584387346089555
0.89000000000000001332	0.99972098610031290278	0.31670850067492806179	0.68301248542537096320	5.54714667180808529423	2.00024781736863888071	0.05080488724032655723	0.04513986830966253139
0.89500000000000001776	0.99971954539133922601	0.32800096508742160317	0.67171858030390263483	5.53503805373789870004	2.00025175477233885246	0.05080334715309649252	0.04539388504542801045
0.90000000000000002220	0.99971808364507663835	0.33939223705949189691	0.66032584658556947588	5.52283217515074564830	2.00025574806617578716	0.05080177996082423098	0.04564789394523213056
0.90500000000000002665	0.99971660000731588092	0.35087558481318964487	0.64884101519411274683	5.51053578265869425934	2.00025979822779609307	0.05080018640217639353	0.04590189487724301298
0.91000000000000003109	0.99971509359361843128	0.36244422509933382770	0.63727086849426850534	5.49815567323363119101	2.00026390632476580578	0.05079856738639582092	0.04615588771417498959
0.91500000000000003553	0.99971356348817275173	0.37409132723012999966	0.62562223625802726445	5.48569869029162671126	2.00026807337615775140	0.05079692351002722955	0.04640987233172512438
0.92000000000000003997	0.99971200874290211402	0.38581001713749668580	0.61390199160538816425	5.47317171955433767749	2.00027230052044746600	0.05079525554151641253	0.04666384860943270652
0.92500000000000004441	0.99971042837645573975	0.39759338145458839042	0.60211704692185297194	5.46058168495332463266	2.00027658896480131645	0.05079356425960383781	0.04691781643073072300
0.93000000000000004885	0.99970882137292804703	0.40943447161800389233	0.59027434975490855606	5.44793554445268757291	2.00028094000907330496	0.05079185060703684390	0.04717177568376590413
0.93500000000000005329	0.99970718668070013280	0.42132630798841058661	0.57838087869227450266	5.43524028604284747956	2.00028535493933112832	0.05079011521899321618	0.04742572625986087032
0.94000000000000005773	0.99970552321145700336	0.43326188398709508665	0.56644363922434781689	5.42250292352826779307	2.00028983516063485482	0.05078835889628712658	0.04767966805434230293
0.94500000000000006217	0.99970382983912131625	0.44523417024591988023	0.55446965959318506023	5.40973049236548320096	2.00029438215793886613	0.05078658244769019420	0.04793360096658075276
0.95000000000000006661	0.99970210539571857655	0.45723611876724612468	0.54246598662845546546	5.39693004542355492248	2.00029899751120376905	0.05078478683949130823	0.04818752490077821138
0.95500000000000007105	0.99970034868542145823	0.46926066710127706250	0.53043968158412735381	5.38410865633333823865	2.00030368172506323177	0.05078295417927462807	0.04844143967167458681
0.95999999999999996447	0.99969855847875566113	0.48130074252159976700	0.51839781595713796403	5.37127340050551005390	2.00030843805747515773	0.05078110370490435815	0.04869534519019910745
0.96499999999999996891	0.99969673350481014218	0.49334926619809327253	0.50634746730669877302	5.35843135825354188739	2.00031326818684451752	0.05077923631855348757	0.04894924137179187257
0.96999999999999997335	0.99969487245004795550	0.50539915737682028496	0.49429571507320907431	5.34558961063265858371	2.00031817396558775357	0.05077735285911426366	0.04920312813608744562
0.97499999999999997780	0.99969297395730682965	0.51744333755856208867	0.48224963639872431287	5.33275523525470074304	2.00032315733413623704	0.05077545416779212506	0.04945700540692640756
0.97999999999999998224	0.99969103662477609706	0.52947473467340744335	0.47021630195135066810	5.31993530210720422247	2.00032822032430734893	0.05077354108784236375	0.04971087311236561945
0.98499999999999998668	0.99968905900510940388	0.54148628724899028342	0.45820277175609991360	5.30713686938010020810	2.00033336506227810148	0.05077161446383705867	0.04996473118468480745
0.98999999999999999112	0.99968703960449900592	0.55347094856985146194	0.44621609103462867019	5.29436697930191613182	2.00033859377142020364	0.05076967514095519218	0.05021857956038958126
0.99499999999999999556	0.99968497688185031791	0.56542169082548721093	0.43426328605634556546	5.28163265398804782080	2.00034390877438417178	0.05076772396460805387	0.05047241818021262066
1.00000000000000000000	0.99968286924800620064	0.57733150924462561804	0.42235136000336165329	5.26894089130383669328	2.00034931249541081399	0.05076576177972344506	0.05072624698911123997
1.00500000000000011546	0.99968071506499323053	0.58919342621328829601	0.41048728885168506153	5.25629866074453211411	2.00035480746290073029	0.05076378943015290995	0.05098006593626200345
1.01000000000000000888	0.99967851264539275835	0.60100049537420796586	0.39867801727116503052	5.24371289933508588632	2.00036039631078743639	0.05076180775802244943	0.05123387497505211413
1.01500000000000012434	0.99967626025171174575	0.61274580570515779776	0.38693045454653579585	5.23119050755155612364	2.00036608178050068219	0.05075981760330015857	0.05148767406306861694
1.02000000000000001776	0.99967395609587994532	0.62442248557383539520	0.37525147052202406650	5.21873834526717761406	2.00037186672276812160	0.05075781980315243608	0.05174146316208438207
1.02499999999999991118	0.99967159833876195751	0.63602370676684671924	0.36364789157189641999	5.20636322772507043055	2.00037775409877216504	0.05075581519138921971	0.05199524223804132678
1.03000000000000002665	0.99966918508980329161	0.64754268849046225931	0.35212649659932021562	5.19407192154020691532	2.00038374698172782828	0.05075380459786964921	0.05224901126103067422
1.03499999999999992006	0.99966671440669641058	0.65897270134077767789	0.34069401306589797152	5.18187114073285748361	2.00038984855766344140	0.05075178884805404966	0.05250277020527094329
1.04000000000000003553	0.99966521218489079459	0.67030750124516991217	0.32935771093970067636	5.16977225230622217111	2.00039543272520070616	0.05074978441139042090	0.05275651912732789300
1.04499999999999992895	0.99966368113105663618	0.68154003357824888276	0.31812364755278821349	5.15777731946659212525	2.00039971900155144624	0.05074780782516741251	0.05301025816645373034
1.05000000000000004441	0.99966212028269196832	0.69266374604399416626	0.30699837423867709640	5.14589288137284217584	2.00040405947470345538	0.05074582998657279492	0.05326398731638659623
1.05499999999999993783	0.99966052871273169966	0.70367215328646570693	0.29598837542624417685	5.13412540945006146131	2.00040845535981048897	0.05074385175481715277	0.05351770657516068119
1.06000000000000005329	0.99965890543925195466	0.71455884062016428171	0.28510006481906685627	5.12248130325417072584	2.00041290802488891387	0.05074187397878351935	0.05377141594505460004
1.06499999999999994671	0.99965724944706035870	0.72531746778611072557	0.27433978166092787276	5.11096688685216893333	2.00041741891611435378	0.05073989750058979092	0.05402511543255755083
1.07000000000000006217	0.99965456004395947254	0.73594142057240008459	0.26371313947153851576	5.09958375844152289602	2.00042198955146588446	0.05073792315560114036	0.05427880504833555719
1.07499999999999995559	0.99965284005802279577	0.74642523502988900042	0.25322760502811136885	5.08834738408394038345	2.00042860646603770647	0.05073590669001813019	0.05453248458178564656
1.08000000000000007105	0.99965108154154846964	0.75676245079030801666	0.24288863075121772117	5.07725916771303786845	2.00043329402958969254	0.05073393912088344782	0.05478615427739006588
1.08499999999999996447	0.99964928597016211587	0.76694706268222390122	0.23270222328791642652	5.06632510985934914061	2.00043804959233728624	0.05073197626989914971	0.05503981415873956257
1.09000000000000007994	0.99964745217810968558	0.77697315697891788933	0.22267429519917134040	5.05555110294658227588	2.00044287163751732805	0.05073001881899217441	0.05529346425283452465
1.09499999999999997335	0.99964557897063965886	0.78683491577304209841	0.21281066319757402372	5.04494294259515640988	2.00044776204086183213	0.05072806756327108424	0.05554710459065088229
1.10000000000000008882	0.99964366512390556707	0.79652662034729171392	0.20311704477659378587	5.03450632426164812472	2.00045272274842078630	0.05072612328858762398	0.05580073520709381840
1.10499999999999998224	0.99964170938505503283	0.80604265448461065446	0.19359905490042228493	5.02424683994038812074	2.00045775577689077807	0.05072418677114240437	0.05605435614094952945
1.11000000000000009770	0.99963871293716044519	0.81537723977860698810	0.18426147315852986486	5.01416525409175495298	2.00046286321260780028	0.05072225877711299125	0.05630796743483509198
1.11499999999999999112	0.99963667464194649881	0.82452552173931548118	0.17511115290260778621	5.00427639794672884932	2.00047002653249617055	0.05072029561092816080	0.05656156891288973559
1.12000000000000010658	0.99963458765343282675	0.83348193085585131623	0.16615265679755822359	4.99458078264486005082	2.00047528164831467379	0.05071838695367512917	0.05681516084765811381
1.12500000000000000000	0.99963245350077001294	0.84224129353682419818	0.15739115996392402663	4.98508357121617873275	2.00048062098543466547	0.05071648918936891293	0.05706874329360495796
1.13000000000000011546	0.99963027079059774138	0.85079855346219313006	0.14883171732838262891	4.97578979116425035301	2.00048604371644467292	0.05071460290709439017	0.05732231630814042800
1.13500000000000000888	0.99962904255202433834	0.85914899657776000463	0.14048004597424085249	4.96670915074919427923	2.00048834749026172020	0.05071382720547620154	0.05757588544416780696
1.14000000000000012434	0.99962779676524293748	0.86728757849188442552	0.13234021827333602994	4.95784179825643533945	2.00049180224051870169	0.05071208915614585505	0.05782944588994853863
1.14500000000000001776	0.99962653321228578385	0.87520961423551446590	0.12441691897674805878	4.94919238966171270988	2.00049526627589724370	0.05071037931690343392	0.05808299778653305823
1.15000000000000013323	0.99962524821631870697	0.88291056619294960850	0.11671468202334868425	4.94076330741336366970	2.00049299179397177539	0.05071184075656574169	0.05833655699031588954
1.15500000000000002665	0.99962394274908250580	0.89038603226502699428	0.10923791048403158621	4.93256098837614676000	2.00049635390841906712	0.05071022988816010352	0.05859010813975668724
1.15999999999999992006	0.99962261587470635504	0.89763172438477245585	0.10199089148991073717	4.92458968754687465008	2.00049973747436560245	0.05070864067603925163	0.05884365134313688378
1.16500000000000003553	0.99962126681415375273	0.90464349146401967783	0.09497777535011024674	4.91685352318525836779	2.00050314315313526592	0.05070707402355513482	0.05909718671325465966
1.16999999999999992895	0.99961989481129642776	0.91141732163800404098	0.08820257317327043212	4.90935647381091833097	2.00050657194529168947	0.05070553071165603137	0.05935071436681293999
1.17500000000000004441	0.99961849910651345841	0.91794934451965060074	0.08166915458684240181	4.90210237582162111636	2.00051002495309893092	0.05070401147025541122	0.05960423442416421663
1.17999999999999993783	0.99961707892997198055	0.92423583338600545645	0.07538124554394411148	4.89509492129213441558	2.00051350334027366884	0.05070251699319624356	0.05985774700913019941
1.18500000000000005329	0.99961563349847903925	0.93027320728146201123	0.06934242621699485132	4.88833765587151081178	2.00051700831751899656	0.05070104795704850897	0.06011125224891544078
1.18999999999999994671	0.99961416201374753143	0.93605803303474255372	0.06355612897898280100	4.88183397677660924074	2.00052054114872523982	0.05069960501609881154	0.06036475027399593185
1.19500000000000006217	0.99961266366149459373	0.94158702718809439425	0.05802563647337970892	4.87558713087751804949	2.00052410314801498714	0.05069818880528213778	0.06061824121802233956
1.19999999999999995559	0.99961113761096176411	0.94685705783723550510	0.05275407977370448476	4.86960021287456434891	2.00052769567883137469	0.05069679994062765982	0.06087172521772547806
1.20500000000000007105	0.99960958301472369048	0.95186514638096442198	0.04774443663373851426	4.86387616356767082948	2.00053132015372092667	0.05069543901922614337	0.06112520241282160677
1.20999999999999996447	0.99960799900874020008	0.95660846917938546774	0.04299952982933074458	4.85841776821847037837	2.00053497803402535737	0.05069410661905363741	0.06137867294591687478
1.21500000000000007994	0.99960638471144735995	0.96108435911875744750	0.03852202559266766635	4.85322765499863617578	2.00053867083022574036	0.05069280330329306583	0.06163213696243333845
1.21999999999999997335	0.99960473922560000304	0.96529030708561436303	0.03431443213996189512	4.84830829355181336382	2.00054240010392758720	0.05069152960376550193	0.06188559461045216314
1.22500000000000008882	0.99960306163819634406	0.96922396334497074033	0.03037909829320254232	4.84366199363280447443	2.00054616745531710365	0.05069028604148258926	0.06213904604065957626
1.22999999999999998224	0.99960135102058855772	0.97288313882377863706	0.02671821219678580106	4.83929090384595639307	2.00054997453315719369	0.05068907311556337947	0.06239249140623739226
1.23500000000000009770	0.99959960642903489259	0.97626580629929771149	0.02333380012971422029	4.83519701048140948529	2.00055382303128626020	0.05068789130458675046	0.06264593086276032396
1.23999999999999999112	0.99959782690579501718	0.97937010149183501007	0.02022772541393588405	4.83138213645387804007	2.00055771467254395191	0.05068674106105054006	0.06289936456806557996
1.24500000000000010658	0.99959601147726617754	0.98219432405885775950	0.01740168741838482927	4.82784794031668695879	2.00056165123510609760	0.05068562282257851187	0.06315279268217846576
1.25000000000000000000	0.99959415913746896276	0.98473693847225951536	0.01485722066518560709	4.82459591594834780182	2.00056563658362263070	0.05068453552660042577	0.06340621535981147416
1.25500000000000011546	0.99959226888182972637	0.98699657484804370622	0.01259569403376005828	4.82162739088104164153	2.00056967136147312303	0.05068348056506189608	0.06365963276263678083
1.26000000000000000888	0.99959033969919608431	0.98897202964488961641	0.01061831005428142717	4.81894352581587259721	2.00057375680470350687	0.05068245870566163297	0.06391304505616508813
1.26500000000000012434	0.99958837056678984112	0.99066226626389253251	0.00892610430287270676	4.81654531419803433323	2.00057789485334192037	0.05068147029828038580	0.06416645240765649072
1.27000000000000001776	0.99958636045085669242	0.99206641555381058772	0.00751994489702326446	4.81443358173768931607	2.00058208748436427982	0.05068051567076004710	0.06441985498601028592
1.27500000000000013323	0.99958430830738709272	0.99318377621740494554	0.00640053208995808309	4.81260898602995812467	2.00058633670863095233	0.05067959512883680323	0.06467325296165446491
1.28000000000000002665	0.99958221308285633011	0.99401381511872199948	0.00556839796411023272	4.81107201627421776635	2.00059064456936885890	0.05067870895610334520	0.06492664650643498181
1.28499999999999992006	0.99958007371500834370	0.99455616749118791464	0.00502390622379671886	4.80982299309268146459	2.00059501313973475689	0.05067785741394867371	0.06518003579350473142
1.29000000000000003553	0.99957788913372558337	0.99481063704656080837	0.00476725208714091995	4.80886206844873420607	2.00059944452194615749	0.05067704074145432114	0.06543342099721199956
1.29499999999999992895	0.99957565826182015467	0.99477719598457425842	0.00479846227722283310	4.80818922566413675668	2.00060394084519188596	0.05067625915532449760	0.06568680229298862194
1.30000000000000004441	0.99957338001594764343	0.99445598490353881438	0.00511739511238466348	4.80780427953590905332	2.00060850426415459680	0.05067551284981013787	0.06594017985723767128
1.30499999999999993783	0.99957105330748918792	0.99384731261190939478	0.00572374069555598407	4.80770687655216288903	2.00061313695717801764	0.05067480199666105772	0.06619355386722097778
1.31000000000000005329	0.99956867704347784898	0.99295165584104705392	0.00661702120240562162	4.80789649520680750783	2.00061784112432050620	0.05067412674509434722	0.06644692450094645542
1.31499999999999994671	0.99956625012756239457	0.99176965885946877233	0.00779659126806991985	4.80837244641311922777	2.00062261898575366459	0.05067348722178430936	0.06670029193705537263
1.32000000000000006217	0.99956478790185443462	0.99030218231275968233	0.00926260558907095188	4.80913789051256390650	2.00062747277940156110	0.05067288353085367542	0.06695365635470963694
1.32499999999999995559	0.99956329208575067646	0.98855014652775374806	0.01101314555797494252	4.81018787101569955666	2.00063037468120485940	0.05067235970186587113	0.06720701815321897254
1.33000000000000007105	0.99956176251636197350	0.98651469550117354412	0.01304706701516469142	4.81152120290035334449	2.00063331683224765456	0.05067187334133236437	0.06746037751992563225
1.33499999999999996447	0.99955921114837686936	0.98419710268485172122	0.01536210846350252388	4.81313261992932428512	2.00063629969215117654	0.05067142446942877326	0.06771373464227277428
1.34000000000000007994	0.99955762147346638447	0.98159891627281747883	0.01795870520062660750	4.81502846774447590406	2.00064130687408114895	0.05067096922729313890	0.06796708948840923803
1.34499999999999997335	0.99955599924097726650	0.97872173298955367216	0.02083426625140101518	4.81720313520581111533	2.00064435365037773806	0.05067059477472077994	0.06822044246228284314
1.35000000000000008882	0.99955434171880608307	0.97556735126231852728	0.02398699045646190270	4.81965477023175914439	2.00064744423729434786	0.05067025833163811555	0.06847379375394103962
1.35499999999999998224	0.99955165518237298894	0.97213770863866078020	0.02741394654369104164	4.82237741992364199461	2.00065012466771108279	0.05066997062101504662	0.06872714360704611225
1.36000000000000009770	0.99954993309787587563	0.96843497114975540807	0.03111496194809473120	4.82537685328126642048	2.00065530407274527747	0.05066966407765117336	0.06898049192743437030
1.36499999999999999112	0.99954817634940140714	0.96446139132903541125	0.03508678502034174446	4.82864678410059067204	2.00065851610218459200	0.05066943866673716268	0.06923383912076805369
1.37000000000000010658	0.99954638239161486268	0.96021940369757596834	0.03932697869401514945	4.83218472583452562930	2.00066177582742765750	0.05066925136940998026	0.06948718537761509884
1.37500000000000000000	0.99954455079637105630	0.95571159824507379010	0.04383295255127337559	4.83598804777340252059	2.00066508469588022479	0.05066910107288019605	0.06974053088297950398
1.38000000000000011546	0.99954168750891225770	0.95094070948504549889	0.04860097802384447802	4.84004999948166769741	2.00066844380173547435	0.05066898761767156534	0.06999387582106786354
1.38500000000000000888	0.99953978533136456086	0.94590965374678259714	0.05363013158455742779	4.84437559905402181926	2.00067385461832936144	0.05066886532759794226	0.07024722014770584666
1.39000000000000012434	0.99953784562318925833	0.94062146587540351739	0.05891637974776025438	4.84895778069202165739	2.00067730359919515593	0.05066882372642916854	0.07050056426633799500
1.39500000000000001776	0.99953586607666256025	0.93507934049637209117	0.06445652558026665480	4.85379330030834932330	2.00068080605963416474	0.05066881978358759447	0.07075390836525592697
1.40000000000000013323	0.99953384618865681599	0.92928661870855355787	0.07024722748008321860	4.85887877737102513720	2.00068436410207839415	0.05066885185099214567	0.07100725262451089426
1.40500000000000002665	0.99953078892832125657	0.92324678391726311411	0.07628400501103527187	4.86420670200603399991	2.00068797900182149263	0.05066891966637607214	0.07126059722284278086
1.40999999999999992006	0.99952869215643658229	0.91696346886362245510	0.08256522329279208927	4.86978139860602610156	2.00069366063233999853	0.05066897682253226898	0.07151394210695544151
1.41500000000000003553	0.99952655481592334041	0.91044043831859511329	0.08908611649730406590	4.87559506323928282256	2.00069738115205275619	0.05066911372246695605	0.07176728767556778132
1.41999999999999992895	0.99952437480344824561	0.90368159788673874111	0.09584277691668599553	4.88164373300740273010	2.00070118223123261103	0.05066931396048125064	0.07202063424537018255
1.42500000000000004441	0.99952316621734316193	0.89669098897179821961	0.10283217724552067007	4.88792738875061427706	2.00071187808038031264	0.05067067089456078061	0.07227398759984299259
1.42999999999999993783	0.99952195095574236650	0.88947278525590389719	0.11004916569981257335	4.89443789589056255096	2.00071386200041123615	0.05067105236531234402	0.07252734286166954980
1.43500000000000005329	0.99952079140877425623	0.88203129188977680286	0.11748949951897182109	4.90117116404011188280	2.00071583873484959426	0.05067147342224267992	0.07278070022878076195
1.43999999999999994671	0.99951965619644800309	0.87437095196209235759	0.12514870423433199775	4.90812065193530688845	2.00072467752678839759	0.05067502332671354470	0.07303407534541432600
1.44500000000000006217	0.99951850936069719378	0.86649633388837599135	0.13302217547229705508	4.91528352083031983000	2.00072658565153549404	0.05067555707266102605	0.07328745313077762724
1.44999999999999995559	0.99951735042790923469	0.85841211826888863534	0.14110523215899681282	4.92265505467283670527	2.00072849446784406524	0.05067612671885599052	0.07354083376437191288
1.45500000000000007105	0.99951617907486201009	0.85012310528268664189	0.14939307379215130411	4.93023041914246284989	2.00073040533224455473	0.05067673192998435605	0.07379421742402184070
1.45999999999999996447	0.99951499501028351347	0.84163421178125807920	0.15788078322900081507	4.93800466399990156674	2.00073231915131843905	0.05067737226746106549	0.07404760428535914207
1.46500000000000007994	0.99951379794712946758	0.83295046833135222286	0.16656332961575473495	4.94597272581578817352	2.00073423641147529750	0.05067804750312199236	0.07430099452287475259
1.46999999999999997335	0.99951258759793171205	0.82407701619528328507	0.17543557140262497351	4.95412943124001703410	2.00073615818335426297	0.05067875685498104965	0.07455438830714965215
1.47500000000000008882	0.99951136367348503153	0.81501910424859125293	0.18449225942486813246	4.96246949996771302693	2.00073808523091045686	0.05067949978026607682	0.07480778580605097761
1.47999999999999998224	0.99951012588251830771	0.80578208583775789986	0.19372804004473301309	4.97098754789717744984	2.00074001832464798412	0.05068027571513682855	0.07506118718462666262
1.48500000000000009770	0.99950887393250076318	0.79637141557899060462	0.20313745835348603896	4.97967809034746977659	2.00074195824265377297	0.05068108407879243216	0.07531459260502063047
1.48999999999999999112	0.99950760752780731799	0.78679264610077825903	0.21271496142700474508	4.98853554521639619423	2.00074390549013081397	0.05068192451192644193	0.07556800222758026930
1.49500000000000010658	0.99950632637039560358	0.77705142473084887200	0.22245490163952011398	4.99755423653904085057	2.00074586115704100564	0.05068279614694076035	0.07582141620831497897
1.50000000000000000000	0.99950503016096292619	0.76715349012972178233	0.23235154003121630262	5.00672839775819689123	2.00074782606059642376	0.05068369834492476855	0.07607483470003960357
1.50500000000000011546	0.99950371859943920594	0.75710466887377136924	0.24239904972564499386	5.01605217515803580852	2.00074980102973798424	0.05068463044956190294	0.07632825785228741777
1.51000000000000000888	0.99950239138575192044	0.74691087200910744048	0.25259151937662249754	5.02551963132424805991	2.00075136778740603205	0.05068560229762595487	0.07658168586377554765
1.51500000000000012434	0.99950104821892882256	0.73657809148068087435	0.26292295673822674296	5.03512474862656134178	2.00075336115940105586	0.05068659251646276398	0.07683511882635786494
1.52000000000000001776	0.99949968879790251908	0.72611239663276561096	0.27338729216511442610	5.04486143294362499034	2.00075536716872814935	0.05068761057095469424	0.07708855687921263578
1.52500000000000013323	0.99949831282120149556	0.71551993058937701786	0.28397838223180493777	5.05472351718761991890	2.00075738669182490170	0.05068865573856201623	0.07734200015790544669
1.53000000000000002665	0.99949691998929002246	0.70480690661317646484	0.29469001337609335156	5.06470476520028967116	2.00075942122187244721	0.05068972675717947629	0.07759544879169134879
1.53500000000000014211	0.99949550998550629188	0.69397960442492900857	0.30551590556055346903	5.07479887513266536558	2.00076147166422746437	0.05069082287343746468	0.07784890290605853136
1.54000000000000003553	0.99949408252325389057	0.68304436647832800222	0.31644971604490224060	5.08499948892897446484	2.00076355718338971812	0.05069193017291732245	0.07810236255692311336
1.54499999999999992895	0.99949263733842197421	0.67200759421547717753	0.32748504312292092688	5.09530018491867053854	2.00076566077653472675	0.05069306093799016977	0.07835582786161306157
1.55000000000000004441	0.99949117417073407577	0.66087574429500972606	0.33861542987570242280	5.10569448706309270136	2.00076777919006065787	0.05069421784013954796	0.07860929895081375518
1.55499999999999993783	0.99948969276264976180	0.64965532479207610539	0.34983436797055050826	5.11617586879854968629	2.00076991186110486609	0.05069539362387767006	0.07886277591893314787
1.56000000000000005329	0.99948819285943657498	0.63835289134639405795	0.36113530151301853621	5.12673775689588406834	2.00077206490066394906	0.05069659055574735756	0.07911625887171187810
1.56499999999999994671	0.99948667420925652038	0.62697504330700370989	0.37251163090222833008	5.13737353532564000602	2.00077423919999031199	0.05069780780773236462	0.07936974791075053492
1.57000000000000006217	0.99948513656320125964	0.61552841984791262231	0.38395671671526465651	5.14807654915094925485	2.00077643565399876380	0.05069904453974743291	0.07962324313344927573
1.57499999999999995559	0.99948357967541834324	0.60401969606351435527	0.39546388361188195004	5.15884010844048024325	2.00077865516487651831	0.05070029990036188650	0.07987674463295107996
1.58000000000000007105	0.99948200330323799800	0.59245557904603607380	0.40702642425717927566	5.16965749219878567544	2.00078089864175323598	0.05070157302732955507	0.08013025249808772288
1.58499999999999996447	0.99948040720724029562	0.58084280394730714026	0.41863760325990867495	5.18052195231152357024	2.00078316700062064371	0.05070286304813013262	0.08038376681332837226
1.59000000000000007994	0.99947879115137028272	0.56918813002722512540	0.43029066112412062139	5.19142671750381001772	2.00078546116547340006	0.05070416908004778817	0.08063728765872861526
1.59499999999999997335	0.99947715490304600561	0.55749833669120685276	0.44197881821181556061	5.20236499730857548940	2.00078778206500462744	0.05070549023168183927	0.08089081510988702095
1.60000000000000008882	0.99947549823322467955	0.54578021951899380326	0.45369527871420728404	5.21332998604303110568	2.00079013063412780582	0.05070682560295342034	0.08114434923790178611
1.60499999999999998224	0.99947382091653891312	0.53404058628714090595	0.46543323462937480350	5.22431486679132639495	2.00079250781342876664	0.05070817428564922819	0.08139789010933003166
1.61000000000000009770	0.99947212273135033200	0.52228625298750974704	0.47718586974381577148	5.23531281538715376200	2.00079491454339519763	0.05070953537047957760	0.08165143778618243198
1.61499999999999999112	0.99947040345985527221	0.51052403984413463611	0.48894636361569743244	5.24631700440944737096	2.00079735178797424311	0.05071090792164904132	0.08190499232579068201
1.62000000000000010658	0.99946866288816982316	0.49876076733075946912	0.50070789555738604015	5.25732060715944804485	2.00079982049791738064	0.05071229101611735707	0.08215855378087126570
1.62500000000000000000	0.99946690080641331644	0.48700325219144985356	0.51246364861493975962	5.26831680164550864021	2.00080232163414262203	0.05071368371867283897	0.08241212219946462969
1.63000000000000011546	0.99946511700876905504	0.47525830346653430425	0.52420681354220810544	5.27929877455882756720	2.00080485615959657864	0.05071508508897363404	0.08266569762490949547
1.63500000000000000888	0.99946331129356591472	0.46353271852627769833	0.53593059276726540130	5.29025972524150400744	2.00080742504130659754	0.05071649418166560702	0.08291928009581782388
1.64000000000000012434	0.99946148346330843104	0.45183327911454163051	0.54762820434874304176	5.30119286964021352304	2.00081002916923234025	0.05071791005479719949	0.08317286964609181543
1.64500000000000001776	0.99945963332476528418	0.44016674740479178052	0.55929288591994974489	5.31209144425526069710	2.00081266951995706549	0.05071933175217999135	0.08342646630485271719
1.65000000000000013323	0.99945776068902081324	0.42853986207081828930	0.57091789861817821006	5.32294871003249969732	2.00081534714409725595	0.05072075839987386786	0.08368007009685209108
1.65500000000000002665	0.99945586537157748985	0.41695933437416443645	0.58249653099739095996	5.33375795638575578295	2.00081806287958086088	0.05072218886603249710	0.08393368104118224815
1.66000000000000014211	0.99945394719244606829	0.40543184427077716414	0.59402210292164636662	5.34451250497902385916	2.00082081778414400119	0.05072362227001184221	0.08418729915253231333
1.66500000000000003553	0.99945200597619354710	0.39396403653932510203	0.60548796943684490834	5.35520571363262209985	2.00082361284358745124	0.05072505764592241673	0.08444092444076192749
1.66999999999999992895	0.99945004155200101170	0.38256251693312115503	0.61688752461885443257	5.36583098016870430058	2.00082644904484707737	0.05072649402695948023	0.08469455691089672333
1.67500000000000004441	0.99944805375374223821	0.37123384835801576109	0.62821420539570205221	5.37638174623045372869	2.00082932737555330149	0.05072793044596229928	0.08494819656312653511
1.67999999999999993783	0.99944604242004286832	0.35998454707845278788	0.63946149534156504490	5.38685150107236587758	2.00083224882343468920	0.05072936593597750232	0.08520184339280642560
1.68500000000000005329	0.99944400739433680858	0.34882107895390129793	0.65062292844041236251	5.39723378531980557682	2.00083521437564781920	0.05073079953081769539	0.08545549739046051640
1.68999999999999994671	0.99944194852491741177	0.33774985570783067068	0.66169209281706331538	5.40752219469521566708	2.00083822501841490649	0.05073223026561860666	0.08570915854178860760
1.69500000000000006217	0.99943986566500631064	0.32677723123140556272	0.67266263443357654506	5.41771038370940960505	2.00084128173625419578	0.05073365717739667519	0.08596282682767558692
1.69999999999999995559	0.99943775867278661362	0.31590949792401745722	0.68352826074874484252	5.42779206931516533530	2.00084438551151233554	0.05073507930560076234	0.08621650222420358667
1.70500000000000007105	0.99943562741145730577	0.30515288307276322577	0.69428274433866865589	5.43776103452150572082	2.00084753732382170099	0.05073649569266366205	0.08647018470266690238
1.70999999999999996447	0.99943347174927676946	0.29451354527298695407	0.70491992647626666724	5.44761113196640511802	2.00085073814928460223	0.05073790538455308363	0.08672387422958967307
1.71500000000000007994	0.99943129155960830357	0.28399757089189336945	0.71543372066769039819	5.45733628744579402081	2.00085398896011845693	0.05073930743131138676	0.08697757076674622612
1.71999999999999997335	0.99942908672094110667	0.27361097057732247650	0.72581811614359359464	5.46693050339696462459	2.00085729072377427329	0.05074070088760687658	0.08723127427118426702
1.72500000000000008882	0.99942685711695977702	0.26335967581365121726	0.73606718130328441241	5.47638786233446062113	2.00086064440213773352	0.05074208481326670378	0.08748498469525059495
1.72999999999999998224	0.99942460263654508967	0.25324953552680323776	0.74617506710971903683	5.48570253023602383280	2.00086405095160158041	0.05074345827380927904	0.08773870198661963549
1.73500000000000009770	0.99942232317381574092	0.24328631274032710974	0.75613601043346567732	5.49486875987724676662	2.00086751132138118692	0.05074482034098579120	0.08799242608832456847
1.73999999999999999112	0.99942001863883389579	0.23347568131693091642	0.76594433732187749975	5.50388089412352332630	2.00087045141517494429	0.05074618449544011228	0.08824615701080176788
1.74500000000000010658	0.99941768894984528426	0.22382322262449183548	0.77559446632532758059	5.51273336922201551147	2.00087401936722475426	0.05074752109048558113	0.08849989461625419607
1.75000000000000000000	0.99941533399294779638	0.21433442245480138766	0.78508091153812176177	5.52142071770907083561	2.00087764395135048190	0.05074884354826788430	0.08875363883399553511
1.75500000000000011546	0.99941295368347271566	0.20501466786995975466	0.79439828581348881364	5.52993757180054501532	2.00088132608031710191	0.05075015097220089699	0.08900738958885653918
1.76000000000000000888	0.99941054794209749357	0.19586924414164899599	0.80354130380042321224	5.53827866634422161241	2.00088506665834175990	0.05075144247301538458	0.08926114680122161638
1.76500000000000012434	0.99940811669486639968	0.18690333175251785947	0.81250478494232480919	5.54643884180626844937	2.00088886657864861718	0.05075271717075021533	0.08951491038707536096
1.77000000000000001776	0.99940565987318719099	0.17812200346126197403	0.82128365641189970958	5.55441304719333217577	2.00089272672252960206	0.05075397419525755349	0.08976868025805165296
1.77500000000000013323	0.99940317741387718620	0.16953022143308324465	0.82987295598076893377	5.56219634290934106247	2.00089664795914679019	0.05075521268668111569	0.09002245632148506149
1.78000000000000002665	0.99940066925911719142	0.16113283443713011245	0.83826783482195954544	5.56978390354407970619	2.00090063114417970880	0.05075643179594465509	0.09027623848046478772
1.78500000000000014211	0.99939813535648569509	0.15293457511251301595	0.84646356024394664441	5.57717102059355518406	2.00090467711955799501	0.05075763068522477078	0.09053002663389091154
1.79000000000000003553	0.99939557565895265068	0.14494005730442113822	0.85445551835450495037	5.58435310510929561190	2.00090878671252614396	0.05075880852841792301	0.09078382067653299747
1.79499999999999992895	0.99939299012487492480	0.13715377347183588252	0.86223921665301050954	5.59132569027594250599	2.00091296073499291808	0.05075996451160506850	0.09103762049909101817
1.80000000000000004441	0.99939037871800040502	0.12958009216829483035	0.86981028654967929015	5.59808443391535881517	2.00091719998283190662	0.05076109783350164079	0.09129142598825852606
1.80499999999999993783	0.99938774140745445518	0.12222325559710940646	0.87716448581031936094	5.60462512091566189554	2.00092150523477974033	0.05076220770590917503	0.09154523702678807329
1.81000000000000005329	0.99938507816771460224	0.11508737724239258282	0.88429770092529524916	5.61094366558425328151	2.00092587725240811380	0.05076329335414732358	0.09179905349355881039
1.81499999999999994671	0.99938238897862685661	0.10817643957722979098	0.89120594940137110029	5.61703611392344814846	2.00093031677891897147	0.05076435401748708581	0.09205287526364624995
1.82000000000000006217	0.99937967382537640226	0.10149429185023672861	0.89788538197511191807	5.62289864582703469154	2.00093482453843396485	0.05076538894957650927	0.09230670220839412576
1.82499999999999995559	0.99937693269844596333	0.09504464795174064062	0.90433228474667848307	5.62852757719701290995	2.00093940123554903110	0.05076639741884662882	0.09256053419548836148
1.83000000000000007105	0.99937416559363900781	0.08883108436076503356	0.91054308123284799503	5.63391936197930753849	2.00094404755461718892	0.05076737870892231164	0.09281437108903296818
1.83499999999999996447	0.99937137251202023958	0.08285703817393857973	0.91651433433805529205	5.63907059411697897389	2.00094876415875466691	0.05076833211901808640	0.09306821274962806534
1.84000000000000007994	0.99936855345992159361	0.07712580521736341066	0.92224274824253216210	5.64397800939246696572	2.00095355192661195076	0.05076925703216446373	0.09332205903478889286
1.84499999999999997335	0.99936570844889560661	0.07164053824255972591	0.92772517020630940188	5.64863848729647699543	2.00095841100348215136	0.05077015264473304368	0.09357590979801255759
1.85000000000000008882	0.99936283749569754242	0.06640424520734336533	0.93295859228832989096	5.65304905264553259059	2.00096334222255167745	0.05077101837230293957	0.09382976488987407326
1.85499999999999998224	0.99935994062225108614	0.06141978764268697655	0.93794015297953681198	5.65720687722351645021	2.00096834615626351095	0.05077185358021684553	0.09408362415777515864
1.86000000000000009770	0.99935701785559849508	0.05668987910635656102	0.94266713874921781446	5.66110928130883461762	2.00097342335327699203	0.05077265765124140684	0.09433748744603136227
1.86499999999999999112	0.99935406922790015471	0.05221708372417310090	0.94713698550370151175	5.66475373511351332212	2.00097857433710624164	0.05077342998591377610	0.09459135459596093587
1.87000000000000010658	0.99935109477635453157	0.04800381481966076169	0.95134727995666656941	5.66813786013369380612	2.00098379960615613271	0.05077417000286124638	0.09484522544597524807
1.87500000000000000000	0.99934809454318451749	0.04405233363280606357	0.95529576091035073304	5.67125943041082614116	2.00098909963262006073	0.05077487713912743478	0.09509909983167089131
