0.00000000000000000000	1.00000000000000000000	1.00000000000000000000	0.00000000000000000000	5.00000000000000000000	1.99456208508931176482	0.99951171875000011102	0.00000000000000000000
0.00500000000000000010	0.99993944664465650440	0.99985001075197188491	0.00014998924802806944	4.99815102576324044037	1.99462199693961395042	0.99948169672248821094	0.00499740848361244095
0.01000000000000000021	0.99990929959357499612	0.99937012738436370451	0.00059972373893959357	4.99645208911163418719	1.99455233419393174188	1.00151112124931018776	0.01000496408985899338
0.01499999999999999944	0.99987892982385861984	0.99859076108791189341	0.00134871842657221293	4.99505225277171494014	1.99461269555174380841	1.00147945304110552733	0.01501236135506452130
0.02000000000000000042	0.99984822766131709049	0.99751246737945342691	0.00239630811325737591	4.99395022097960605834	1.99467373520817004007	1.00144742507234574269	0.02001959848042625043
0.02500000000000000139	0.99981708513387768100	0.99613598332509656341	0.00374164775427788263	4.99314452755356708025	1.99473467878598897940	1.00141603741277651629	0.02502667866749013273
0.02999999999999999889	0.99978539590796644543	0.99446222704747011534	0.00538371288698641370	4.99263353613234617256	1.99479714003562214053	1.00138336837122832179	0.03003359550934627323
0.03500000000000000333	0.99975427219513479660	0.99249350252275947426	0.00732131181410601399	4.99241788626720861544	1.99485915953885140084	1.00135115106639438487	0.03504035126467824890
0.04000000000000000083	0.99972388116640031885	0.99023134380388255771	0.00955307766385969474	4.99250273630546992365	1.99492263021605609197	1.00132143633875880795	0.04004695844637204405
0.04499999999999999833	0.99969337126304746999	0.98767645512598212232	0.01207745459081717432	4.99287962590248213246	1.99498364867899846686	1.00129166520532431051	0.04505341677239866477
0.05000000000000000278	0.99966272521199128764	0.98483054227969424321	0.01489271953021584910	4.99354661074199057680	1.99504480973329401117	1.00126093592313591962	0.05005972145201434409
0.05500000000000000028	0.99963192539414391646	0.98169548336756795592	0.01799697675934855412	4.99450157289906204738	1.99510628103592346783	1.00123016525526020715	0.05506587227829064235
0.05999999999999999778	0.99960095388947001194	0.97827332747398110246	0.02138815927271809150	4.99574222252143140821	1.99516809847053133709	1.00119933381803094541	0.06007186894738079930
0.06500000000000000222	0.99956979252140043535	0.97456629323525345576	0.02506403025633700474	4.99726609960629097884	1.99522857604899628292	1.00116928700621565795	0.06507771538241187426
0.07000000000000000666	0.99953842290059058406	0.97057676731117614732	0.02902218465995292859	4.99907057587113623498	1.99529093026798842736	1.00113840626519956523	0.07008340741373787763
0.07499999999999999722	0.99950796251438012163	0.96630734052807509826	0.03326114921225382937	5.00115849952431457126	1.99535372592064064179	1.00110741268812630800	0.07508894447717850973
0.08000000000000000167	0.99947739512728939193	0.96176070785522749240	0.03777721264694096359	5.00352194641946557141	1.99541459108898577846	1.00107947751615933285	0.08009434186475930528
0.08500000000000000611	0.99944670762256537788	0.95693975289787558403	0.04256747824122411594	5.00615782084247129546	1.99547583807872008776	1.00104972647686385478	0.08509959049714362067
0.08999999999999999667	0.99941588638635747710	0.95184752049711440769	0.04762888753933639668	5.00906286464505789979	1.99553735493732942174	1.00101995546981803464	0.09010469027449270751
0.09500000000000000111	0.99938491734995449356	0.94648721472514940611	0.05295822239950483123	5.01223365957648070435	1.99559916993718999834	1.00099014805263153427	0.09510964101475587185
0.10000000000000000555	0.99935378603157487554	0.94086219678774696273	0.05855210713330818301	5.01566662970409460343	1.99566016531281009705	1.00096091385197172308	0.10011444558401573490
0.10499999999999999611	0.99932247757758929652	0.93497598283532912244	0.06440701073579394031	5.01935804392043127820	1.99572249512359389811	1.00093107181858931298	0.10511910094310868147
0.11000000000000000056	0.99929097680305756235	0.92883224168433209389	0.07051924920466627611	5.02330401853459562744	1.99578519947193377959	1.00090114824246123604	0.11012360668432098765
0.11500000000000000500	0.99925926823156008272	0.92243479245046378079	0.07688498794685900972	5.02750051994622637608	1.99584830943805124903	1.00087112523170551626	0.11512796231047951745
0.11999999999999999556	0.99922828617205172730	0.91578768063478099837	0.08350111582685501577	5.03194898943267876490	1.99591105994690143355	1.00084146824273467757	0.12013216965169319639
0.12500000000000000000	0.99919622529550300438	0.90889487766867360641	0.09036185597490027643	5.03663450578882443409	1.99597497745225882504	1.00081124586947001198	0.12513622588104053590
0.13000000000000000444	0.99916497227066836118	0.90176080528872015751	0.09746467343742884482	5.04156384696494175301	1.99603736028985201401	1.00078382469042437286	0.13014014500449266887
0.13500000000000000888	0.99913356669177733060	0.89438978363350163381	0.10480428761192912834	5.04672681706801107282	1.99609996274082690526	1.00075465634843219220	0.13514391828623484315
0.14000000000000001332	0.99910199794184550992	0.88678634896682306810	0.11237615161696487553	5.05211870559418407822	1.99616288840835953700	1.00072542836296851654	0.14014754542804969129
0.14499999999999999001	0.99907092878709535810	0.87895525429769505443	0.12017617524988569166	5.05773728101269792745	1.99622505129518579281	1.00069673197626696215	0.14515102908793103831
0.14999999999999999445	0.99903906538516440428	0.87090115172407411848	0.12819841249202409972	5.06357258790022601858	1.99628857586376518007	1.00066739618079991736	0.15015436606883503234
0.15499999999999999889	0.99900700846514867148	0.86262904252551275697	0.13643846282929722458	5.06962190258089506756	1.99635248442162827054	1.00063796891718759241	0.15515755591342098030
0.16000000000000000333	0.99897474645898209911	0.85414398369189303839	0.14489125770305941177	5.07587999859683680626	1.99641679962100138113	1.00060842950598982704	0.16016059806095092610
0.16500000000000000777	0.99894226759393178749	0.84545115465025755253	0.15355160591282240867	5.08234152857591325869	1.99648154500037122716	1.00057876337291129509	0.16516349187781548258
0.17000000000000001221	0.99890955990271856901	0.83655585403335552819	0.16241419685783248239	5.08900102757917327523	1.99654674449739966136	1.00054895570536950267	0.17016623665634234008
0.17500000000000001665	0.99887857608890040506	0.82746436719976246277	0.17147469800131795448	5.09586557550998620059	1.99660904187293408718	1.00052292635800932352	0.17516885128813239336
0.17999999999999999334	0.99884654612032219845	0.81818072788820750407	0.18072630540465720039	5.10290907547038496972	1.99667289934130209872	1.00049410959160511858	0.18017132183609041451
0.18499999999999999778	0.99881534726050802409	0.80871195076578805683	0.19016388177795179315	5.11014322810103838179	1.99673506279692025700	1.00046724387282282009	0.18517365805545452084
0.19000000000000000222	0.99878402788295150838	0.79906308259397262894	0.19978142867560158558	5.11755342434959548115	1.99679748553213820550	1.00043938204074400744	0.19017585496565825309
0.19500000000000000666	0.99875364741742889141	0.78924071893119707166	0.20957341003310450689	5.12513508781723814423	1.99686015800158944700	1.00041147345358649723	0.19517791233292619557
0.20000000000000001110	0.99872321731871549488	0.77925009311005377644	0.21953360391277898511	5.13288091184518524557	1.99692119075530216676	1.00038677633180372872	0.20017984621458520533
0.20500000000000001554	0.99869273444420370023	0.76909724399083523316	0.22965596831153298196	5.14078475666453638127	1.99698211613841070111	1.00036006755785700229	0.20518164655237450256
0.20999999999999999223	0.99866219556333390983	0.75878830129875385335	0.23993437027340169809	5.14884039409194826931	1.99704315668833465303	1.00033337864684268581	0.21018331344560872709
0.21499999999999999667	0.99863159735925111082	0.74832948184603487185	0.25036258966910190926	5.15704151135540378448	1.99710431909495156333	1.00030670311265867944	0.21518484696117201604
0.22000000000000000111	0.99860093643046921041	0.73772708570603162670	0.26093432302358932073	5.16538171496631814961	1.99716561021961425126	1.00028003434691781237	0.22018624713290660400
0.22500000000000000555	0.99857020929249762364	0.72698749234176529566	0.27164318738913872942	5.17385453463499356275	1.99722703709186477639	1.00025336562244882010	0.22518751396101885365
0.23000000000000000999	0.99853941237946730602	0.71611715669127407047	0.28248272426163234528	5.18245342722759705367	1.99728860690612086692	1.00022669009678888408	0.23018864741150280029
0.23500000000000001443	0.99850854204569527983	0.70512260521220082587	0.29344640353751849648	5.19117178076144281107	1.99735032701870585115	1.00020000081554294447	0.23518964741558051612
0.23999999999999999112	0.99847759456723639282	0.69401043188806410544	0.30452762750910883360	5.20000291843692874494	1.99741098595787325287	1.00017394214178434453	0.24019051712628944339
0.24499999999999999556	0.99844656614333560096	0.68278729419865735739	0.31571973489562432658	5.20894010270274332441	1.99747293828030358931	1.00014725107664359527	0.24519125338167266359
0.25000000000000000000	0.99841545289787614337	0.67145990905708297092	0.32701600490761623119	5.21797653935265870473	1.99753505981678425307	1.00012052677008922430	0.25019185601552312859
0.25500000000000000444	0.99838425088076354630	0.66003504871589679937	0.33840966134218597450	5.22710538165086902040	1.99759735848029773564	1.00009376187896381616	0.25519232482491793768
0.26000000000000000888	0.99835295606917573430	0.64851953664489947471	0.34989387670647631445	5.23631973448332832533	1.99765984233380344826	1.00006694896337422485	0.26019265956973480769
0.26500000000000001332	0.99832156436886598794	0.63692024338309105591	0.36146177636698662017	5.24561265853304270479	1.99772251958762558921	1.00004008048984349699	0.26519285997218400297
0.27000000000000001776	0.99829007161527538727	0.62524408236732886834	0.37310644272205056859	5.25497717447604717478	1.99778539859719206362	1.00001314883432002034	0.27019292571635561417
0.27500000000000002220	0.99825847357465002929	0.61349800574025359357	0.38482091939501678057	5.26440626719610094142	1.99784848786072655180	0.99998614628518822656	0.27519285644778157529
0.28000000000000002665	0.99822779661834726284	0.60168945352094393986	0.39659879280031901105	5.27389965178429687143	1.99791179601715152003	0.99995906504616960397	0.28019265177301244663
0.28500000000000003109	0.99819706438300292994	0.58982504217760500786	0.40843247004726163096	5.28344384361055041666	1.99797328074023772260	0.99993440065653493853	0.28519232377629510911
0.28999999999999998002	0.99816627450415018608	0.57791181794074364397	0.42031490254072545465	5.29303175649669999103	1.99803487715399019642	0.99990830477312209190	0.29019186530016072290
0.29499999999999998446	0.99813542456824222437	0.56595684890735453720	0.43223901977002737729	5.30265628548477963022	1.99809659739568590275	0.99988216924086315007	0.29519127614636503365
0.29999999999999998890	0.99810451211256046022	0.55396722077974647203	0.44419773356998776270	5.31231031110369755766	1.99815844645091633680	0.99985598801927977330	0.30019055608646144639
0.30499999999999999334	0.99807353462510584041	0.54195003259877816415	0.45618394238759690795	5.32198670363990888887	1.99821940524962249341	0.99983034041261198421	0.30518970778852450021
0.30999999999999999778	0.99804248954449303888	0.52991239247411159319	0.46819053555165174307	5.33167832740921276979	1.99828147982837966978	0.99980407477058530485	0.31018872816237741397
0.31500000000000000222	0.99801137425976660378	0.51786141331405544097	0.48021039754273092681	5.34137804502682822516	1.99834369822389357196	0.99977774521400986085	0.31518761688844748603
0.32000000000000000666	0.99798018611028282976	0.50580420855762253662	0.49223641226101993995	5.35107872167396347862	1.99840606587833025110	0.99975134545681010323	0.32018637361573154543
0.32500000000000001110	0.99794892238558918773	0.49374788791137858013	0.50426146728933263219	5.36077322935777189628	1.99846858833593188365	0.99972486916330960405	0.32518499796154809456
0.33000000000000001554	0.99791758032525323951	0.48169955309370304786	0.51627845814868877916	5.37045445116206998648	1.99853127124323526331	0.99969830995017372466	0.33018348951129894431
0.33500000000000001998	0.99788615711869421698	0.46966629358899458779	0.52828029254394426317	5.38011528548633144453	1.99859412034921213319	0.99967166138838126077	0.33518184781824084117
0.34000000000000002442	0.99785464990509065153	0.45765518241444808067	0.54025989459690371142	5.38974865027081584401	1.99865714150536755156	0.99964491700522162265	0.34018007240326697538
0.34500000000000002887	0.99782305577325935975	0.44567327190196531772	0.55221020906430728914	5.39934748720492230234	1.99872034066581383271	0.99961807028630056404	0.34517816275469848097
0.35000000000000003331	0.99779210378813898430	0.43372800021372104329	0.56412452689307002185	5.40890655141277587603	1.99878275105882319274	0.99959162232407416937	0.35017612086631882962
0.35499999999999998224	0.99776035199647850060	0.42182556643679208763	0.57599520695554695671	5.41841532683568960493	1.99884627107659262890	0.99956457540768361980	0.35517394374335725660
0.35999999999999998668	0.99772850427459447431	0.40997332481345483135	0.58781559892839829740	5.42786858331382937592	1.99890998599756031240	0.99953741018106601057	0.36017163079426256500
0.36499999999999999112	0.99769655748128582839	0.39817820312104357239	0.59957877189289665587	5.43725939913363998102	1.99897390200877445032	0.99951011706404524482	0.36516918137958276347
0.36999999999999999556	0.99766450842514509123	0.38644708767558361151	0.61127783634142129898	5.44658089703601699938	1.99903802555859022583	0.99948268937353546004	0.37016659482645042356
0.37500000000000000000	0.99763235386460125120	0.37478681925764806282	0.62290594825162937109	5.45582624827168682913	1.99910236319861067678	0.99945512039643025215	0.37516387042843257760
0.38000000000000000444	0.99760009050813580611	0.36320418907096851946	0.63445631312807138080	5.46498867662315213067	1.99916692158326125828	0.99942740339202629229	0.38016100744539271794
0.38500000000000000888	0.99756771501446650507	0.35170593473617495217	0.64592219000863215772	5.47406146238965440887	1.99923170746947076459	0.99939953159420402695	0.38515800510336373197
0.39000000000000001332	0.99753522399284411115	0.34029873632207802148	0.65729689543354807846	5.48303794633369978584	1.99929672771609623361	0.99937149821369641867	0.39015486259443221684
0.39500000000000001776	0.99750336961512942047	0.32898931479692816726	0.66857446065197567719	5.49191974343859090624	1.99936073075308717861	0.99934395555191168903	0.39515158237219177861
0.40000000000000002220	0.99747067177383763603	0.31778401520487531418	0.67974706042265431449	5.50068429145116422063	1.99942433400032459900	0.99931848022889679939	0.40014817477333625151
0.40500000000000002665	0.99743784886988817728	0.30668942743191152100	0.69080882330400972258	5.50933297170306879309	1.99948996711886017863	0.99929003585855902259	0.40514462495262903996
0.41000000000000003109	0.99740590016184171862	0.29571264857184315078	0.70175365152131208291	5.51786172971039601265	1.99955585999457374768	0.99926140361698156944	0.41014093197071394004
0.41500000000000003553	0.99737384077222190903	0.28485935936964396076	0.71257487939247132758	5.52626197588255596571	1.99962001420603963098	0.99923357287922343062	0.41513709983511004609
0.41999999999999998446	0.99734166674791613350	0.27413581377073015233	0.72326624901871716666	5.53452749326522663864	1.99968439945804954405	0.99920556196085741352	0.42013312764491433926
0.42499999999999998890	0.99730937406969022430	0.26354818161014464950	0.73382158654552931409	5.54265215167181324318	1.99974902382586661176	0.99917736367023735067	0.42512901446326550881
0.42999999999999999334	0.99727695865394139219	0.25310254501622603263	0.74423480576071732173	5.55062991125126981018	1.99981389551793586890	0.99914897079453546258	0.43012475931723820333
0.43499999999999999778	0.99724542790493964084	0.24280496557055131213	0.75450085254798404666	5.55846587198843522515	1.99987693189656123849	0.99912239799877244906	0.43512037130723207889
0.44000000000000000222	0.99721484418999351007	0.23266215595787570480	0.76461307659365462808	5.56615097122780611016	1.99994022177714381172	0.99909468036718063200	0.44011584470906800481
0.44500000000000000666	0.99718421204084473075	0.22267907839414427529	0.77456552015324442451	5.57367236128713194887	2.00000158279046980070	0.99906894439167182043	0.44511118943102634393
0.45000000000000001110	0.99715352966809811530	0.21286143211157457222	0.78435248220503428485	5.58102441739635501960	2.00006309107179136575	0.99904200568746559519	0.45010639945946367968
0.45500000000000001554	0.99712279524365210470	0.20321481165533250568	0.79396836637564505157	5.58820162203955295155	2.00012470811450038255	0.99901492892174070803	0.45510147410407236768
0.46000000000000001998	0.99709200690088317653	0.19374470367164386975	0.80340768415211483156	5.59519856811291838028	2.00018643771365356443	0.99898770939072267794	0.46009641265102596552
0.46500000000000002442	0.99706116273511746773	0.18445648376562831516	0.81266505802453270491	5.60200996201393497387	2.00024828374121721453	0.99896034240746867106	0.46509121436306333219
0.47000000000000002887	0.99703026080408108101	0.17535541343056620933	0.82173522455722980418	5.60863062665783029814	2.00030896833744797902	0.99893351972980370945	0.47008588196171235962
0.47500000000000003331	0.99699929912858631376	0.16644663705036216728	0.83061303738699310273	5.61505550442068113171	2.00037099637191762014	0.99890587715492051846	0.47508041134748696388
0.47999999999999998224	0.99696827569313084538	0.15773517897692071466	0.83929347014629240853	5.62127966000582102168	2.00043315072836769275	0.99887807431163677663	0.48007480171904515220
0.48499999999999998668	0.99693718844665002443	0.14922594068414463120	0.84777161931003430784	5.62729828323314507088	2.00049543553631448134	0.99885010662150663929	0.48506905225215268818
0.48999999999999999112	0.99690603530329191528	0.14092369800015880354	0.85604270696412210206	5.63310669174898848155	2.00055785499629124047	0.99882196953380486537	0.49006316209982170307
0.49499999999999999556	0.99687481414324252693	0.13283309841937282481	0.86410208349419792562	5.63870033365510803236	2.00062041337836271637	0.99879365852774815160	0.49505713039246046492
0.50000000000000000000	0.99684352281375099292	0.12495865849590033492	0.87194523019326830582	5.64407479005636059100	2.00068311502002682545	0.99876516911491741713	0.50005095623803508254
0.50500000000000000444	0.99681215912995535522	0.11730476131981551480	0.87956776178626761009	5.64922577752308097132	2.00074596432455864559	0.99873649684147147720	0.50504463872224247822
0.51000000000000000888	0.99678072087599300932	0.10987565407768809522	0.88696542887062457261	5.65414915046962818224	2.00080896575899380707	0.99870763729049438773	0.51003817690869490686
0.51500000000000001332	0.99674920580608961096	0.10267544569875829141	0.89413412027119110181	5.65884090344618595481	2.00087212385182677821	0.99867858608440274182	0.51503156983911690947
0.52000000000000001776	0.99671861429726782422	0.09570816912142447730	0.90107080348717416562	5.66329811152159745546	2.00093544319081706462	0.99864933888730211820	0.52002481653355336899
0.52500000000000002220	0.99668798324678964384	0.08897758241013238589	0.90777075729306111462	5.66751616376250932916	2.00099698769984257751	0.99862292879776681787	0.52501793117754225193
0.53000000000000002665	0.99665731153449110824	0.08248736637898597401	0.91423029975452196894	5.67149148934214952789	2.00105854953970618837	0.99859440442518154768	0.53001090319966814857
0.53500000000000003109	0.99662659802893327488	0.07624105505655071058	0.92044589571148149876	5.67522066585736961741	2.00112020005969970526	0.99856571675005745270	0.53500373178341842362
0.54000000000000003553	0.99659584158818725896	0.07024203377945710536	0.92641415868531129529	5.67870042116880480165	2.00118194158917450665	0.99853686287427312340	0.53999641609778981088
0.54500000000000003997	0.99656504106065935122	0.06449353737871810210	0.93213185269333365124	5.68192763514777077205	2.00124377647661910729	0.99850783996542358256	0.54498895529761692824
0.55000000000000004441	0.99653419528600417632	0.05899864845973971234	0.93759589396972753406	5.68489934132926943988	2.00130570708798138924	0.99847864525858254225	0.54998134852390978544
0.55500000000000004885	0.99650330309606116597	0.05376029577693595962	0.94280335259184966379	5.68761272846979704099	2.00136656056365458412	0.99844988771823128815	0.55497359796250089747
0.56000000000000005329	0.99647236331583133317	0.04878125270379878725	0.94775145401113669585	5.69006514200929736091	2.00142863197357767646	0.99842037084605006481	0.55996569981673116612
0.56500000000000005773	0.99644137476438865431	0.04406413579922090207	0.95243758048769866509	5.69225408543586208765	2.00149080467133044792	0.99839067511001100552	0.56495765319228119505
0.57000000000000006217	0.99641033625596187040	0.03961140347079943752	0.95685927242809165616	5.69417722155385064298	2.00155308106758855757	0.99836079803510746622	0.56994945718245670907
0.57500000000000006661	0.99637924660087551221	0.03542535473579257882	0.96101422962531579675	5.69583237365313266309	2.00161546358226205555	0.99833073722175991183	0.57494111086856547477
0.57999999999999996003	0.99634810460669587240	0.03150812808033887774	0.96490031240072271501	5.69721752658055180518	2.00167795464233755354	0.99830049034752410542	0.57993261332030310307
0.58499999999999996447	0.99631690907925785083	0.02786170041748536885	0.96851554264702810482	5.69833082771163645930	2.00174055667972305983	0.99827005516873112967	0.58492396359614673429
0.58999999999999996891	0.99628565882373332219	0.02448788614451088974	0.97185810477205758495	5.69917058782282648366	2.00180327212919006996	0.99823942952205135803	0.58991516074375693890
0.59499999999999997335	0.99625435264584094597	0.02138833629996730532	0.97492634654289844764	5.69973528186427902398	2.00186610342591908562	0.99820861132617777489	0.59490620380038783388
0.59999999999999997780	0.99622298935283792876	0.01856453782079852885	0.97771877982979749078	5.70002354963127277898	2.00192905300354473397	0.99817759858323895639	0.59989709179330408251
0.60499999999999998224	0.99619156775479045240	0.01601781289983563589	0.98023408124991351364	5.70003419633632635311	2.00199212329160314283	0.99814638938042976601	0.60488782374020622079
0.60999999999999998668	0.99616008666565591945	0.01374931844390480176	0.98247109271030830246	5.69976619307956955396	2.00205531671336700583	0.99811498189141945048	0.60987839864966331138
0.61499999999999999112	0.99612854490445768008	0.01176004563271868496	0.98442882185022284602	5.69921867721855068822	2.00211863568344838882	0.99808337437780625390	0.61486881552155236985
0.61999999999999999556	0.99609796129521555041	0.01005181594494459867	0.98610646607669949493	5.69839913681540632950	2.00218208260553254263	0.99805156519047422137	0.61985907334750478537
0.62500000000000000000	0.99606734918674477708	0.00862431648634660701	0.98750335157304902634	5.69729913612220073560	2.00224355932667918978	0.99802157969825100459	0.62484918124599608813
0.63000000000000000444	0.99603670806091448853	0.00747803864352208133	0.98861898643450785151	5.69591831897090727921	2.00230515627030802861	0.99799044953100679578	0.62983913349365117096
0.63500000000000000888	0.99600603739736204290	0.00661330724047930543	0.98945304531667399583	5.69425649588668214562	2.00236681754490231100	0.99795914905644378390	0.63482892923893341486
0.64000000000000001332	0.99597533667382720513	0.00603028060185765123	0.99000536937261529591	5.69231364394535344076	2.00242854421482618932	0.99792767761304468355	0.63981856762699862440
0.64500000000000001776	0.99594460536642415160	0.00572895071691024819	0.99027596608916412801	5.69008990652992885373	2.00249033734706705090	0.99789603462113596333	0.64480804780010425592
0.65000000000000002220	0.99591384294995088933	0.00570914350399400524	0.99026500902272673876	5.68758559298681731775	2.00255219801062889218	0.99786421958309423630	0.64979736889801975597
0.65500000000000002665	0.99588304889819656562	0.00597051917524958273	0.98997283743492181518	5.68480117818226649007	2.00261412727586352034	0.99783223208354077105	0.65478653005843745483
0.66000000000000003109	0.99585222268424844483	0.00651257270109218030	0.98939995582838713428	5.68173730195892900952	2.00267612621391499772	0.99780007178942087265	0.65977553041738457029
0.66500000000000003553	0.99582136378077001915	0.00733463437407228490	0.98854703338320537576	5.67839476849341906473	2.00273819589612367409	0.99776773845007116215	0.66476436910963487836
0.67000000000000003997	0.99579047166036549488	0.00843587047160501008	0.98741490329453074359	5.67477454555563376459	2.00279932725082776557	0.99773574602459358385	0.66975304783975786460
0.67500000000000004441	0.99575954579581804627	0.00981528401700476789	0.98600456201180486371	5.67087776366954265939	2.00286151099537557130	0.99770308148863851017	0.67474156324720102607
0.68000000000000004885	0.99572858566042465878	0.01147171563820272543	0.98431716838036065198	5.66670571517714183329	2.00292376830949026001	0.99767024383661961906	0.67972991446638408863
0.68500000000000005329	0.99569759072834518321	0.01340384452346415553	0.98235404268605941436	5.66225985320603530937	2.00298610026199952472	0.99763723314557128941	0.68471810063211191455
0.69000000000000005773	0.99566656047482293701	0.01561018947336366598	0.98011666560353905009	5.65754179054050254649	2.00304850791897148810	0.99760404957442394558	0.68970612087998406370
0.69500000000000006217	0.99563549437658260821	0.01808911004821735224	0.97760667704917425525	5.65255329839865172659	2.00311099234306499994	0.99757069336382697688	0.69469397434680324466
0.70000000000000006661	0.99560439191204330722	0.02083880781011282837	0.97482587493926509126	5.64729630511452107555	2.00317355459297541387	0.99753716483580689989	0.69968166017098232246
0.70499999999999996003	0.99557325256165396521	0.02385732765862034338	0.97177621385466084192	5.64177289472784071478	2.00323619572284039592	0.99750346439346093685	0.70466917749294966100
0.70999999999999996447	0.99554207580817644097	0.02714255925921124982	0.96845980361262329339	5.63598530548147991226	2.00329891678164484503	0.99746959252055322764	0.70965652545555246711
0.71499999999999996891	0.99551086113696962698	0.03069223856335517517	0.96487890774700524332	5.62993592822785160479	2.00336171881265601158	0.99743554978107273890	0.71464370320445780305
0.71999999999999997335	0.99547960803626533988	0.03450394941920912478	0.96103594189785057633	5.62362730474557004356	2.00342460285288570532	0.99740133681874254545	0.71963070988855148968
0.72499999999999997780	0.99544831599741523398	0.03857512527175959577	0.95693347211149692999	5.61706212596728526876	2.00348756993254273340	0.99736695435644584506	0.72461754466033367894
0.72999999999999998224	0.99541698451515514545	0.04290305095122294576	0.95257421305243206167	5.61024323012006753686	2.00355062107461279197	0.99733240319560001463	0.72960420667631165070
0.73499999999999998668	0.99538561308788453541	0.04748486454845875226	0.94796102612816468547	5.60317360077990755940	2.00361375729416346658	0.99729768421557174474	0.73459069509738950110
0.73999999999999999112	0.99535420121785422864	0.05231755937609484236	0.94309691752829094558	5.59585636484087434184	2.00367697959810264763	0.99726279837285558560	0.73957700908925383398
0.74499999999999999556	0.99532274841144585675	0.05739798601401482903	0.93798503617927464493	5.58829479040134824430	2.00374028898452838376	0.99722774670039149303	0.74456314782275578867
0.75000000000000000000	0.99529125417932995390	0.06272285443780732661	0.93262867161616902489	5.58049228456771384543	2.00380368644250150822	0.99719253030664811721	0.74954911047428907089
0.75500000000000000444	0.99525971803669843752	0.06828873622872586036	0.92703125177288581149	5.57245239117788226935	2.00386717295150784679	0.99715715037479968341	0.75453489622616309873
0.76000000000000000888	0.99522813950342792211	0.07409206686366047456	0.92119634069237732454	5.56417878844565372276	2.00393074948117311251	0.99712160816173933675	0.75952050426697181873
0.76500000000000001332	0.99519651810426823513	0.08012914808357494978	0.91512763615840542197	5.55567528652780318055	2.00399441699089031488	0.99708590499711180488	0.76450593379195741495
0.77000000000000001776	0.99516485336896676195	0.08639615033881864470	0.90882896725033690544	5.54694582501503408167	2.00405817642960215608	0.99705004228220894813	0.76949118400336846690
0.77500000000000002220	0.99513314483243964226	0.09288911530967272623	0.90230429182278204525	5.53799447034932157408	2.00412202873541867021	0.99701402148891637989	0.77447625411081300051
0.78000000000000002665	0.99510139203485903359	0.09960395850044974353	0.89555769391157125092	5.52882541316832032408	2.00418597483549554283	0.99697784415848278439	0.77946114333160543275
0.78500000000000003109	0.99507049054733498483	0.10653683982598155522	0.88859390922721215311	5.51945335061697406331	2.00424893059819320129	0.99694207008472812692	0.78444585368202912612
0.79000000000000003553	0.99503866696675180581	0.11368271627029181980	0.88141620727517822065	5.50986215097605125379	2.00431303430548002353	0.99690560100872038785	0.78943038168707269087
0.79500000000000003997	0.99500679792860580175	0.12103748722116672298	0.87402956535626397105	5.50006654028615127316	2.00437723423495972597	0.99686898055960282417	0.79441472658987066779
0.80000000000000004441	0.99497488299543446200	0.12859659123891678534	0.86643854447266899221	5.49007117762565499675	2.00444153127683843962	0.99683221053782178345	0.79939888764255973008
0.80500000000000004885	0.99494292173294474058	0.13635535451677710528	0.85864781799684108954	5.47988083214320731429	2.00450592631552027001	0.99679529280387557666	0.80438286410657910963
0.81000000000000005329	0.99491091371220219397	0.14430899397891347458	0.85066216857565102316	5.46950037993235937961	2.00457042022462461617	0.99675822928002133505	0.80936665525297923907
0.81500000000000005773	0.99487885851007218374	0.15245262038940093907	0.84248648502186596065	5.45893480087513172094	2.00463501386612996669	0.99672102194821221577	0.81435026036272029071
0.82000000000000006217	0.99484776223692894526	0.16078175523948362580	0.83412625201554313481	5.44820072921695253143	2.00469760163153942756	0.99668567506940308753	0.81933368873806733390
0.82500000000000006661	0.99481663163805722494	0.16929083131724570466	0.82558604345373187705	5.43729190303424569919	2.00476034013910986431	0.99664922502225306022	0.82431693486317858532
0.83000000000000007105	0.99478546644110354968	0.17797466053700172761	0.81687104714974967390	5.42621359519637724844	2.00482315276933720227	0.99661265144020660944	0.82929999812037957785
0.83499999999999996447	0.99475426637846720013	0.18682796144870258970	0.80798654428603011723	5.41497116936183076064	2.00488604006630932730	0.99657595667193110689	0.83428287790373922839
0.83999999999999996891	0.99472303118485883022	0.19584536256602400051	0.79893790608359116501	5.40357007657729582206	2.00494900256870733912	0.99653914310104430019	0.83926557361924447598
0.84499999999999997335	0.99469176059692043790	0.20502140574377966664	0.78973059042424254006	5.39201585185399334677	2.00501204081097883503	0.99650221315648790377	0.84424808468502687830
0.84999999999999997780	0.99466045435300198818	0.21435054960154167891	0.78037013842675040376	5.38031411070184351075	2.00507515532397606606	0.99646516931129158756	0.84923041053158332403
0.85499999999999998224	0.99462911219302052590	0.22382717299118484733	0.77086217097913678487	5.36847054562238490405	2.00513834663528456304	0.99642801408079784142	0.85421255060198730824
0.85999999999999998668	0.99459773385826610870	0.23344557850611613592	0.76121238522927370251	5.35649092256144321311	2.00520161526963480725	0.99639075002073196341	0.85919450435209099304
0.86499999999999999112	0.99456631909124737501	0.24319999602993880305	0.75142655103604827360	5.34438107732440137454	2.00526496174925039639	0.99635337972524673500	0.86417627125071727612
0.86999999999999999556	0.99453486763538823112	0.25308458632228775231	0.74151050738323454059	5.33214691195529777445	2.00532838659442758100	0.99631590582482210117	0.86915785077984142326
0.87500000000000000000	0.99450337923485931935	0.26309344463956768623	0.73147015875858145684	5.31979439108347840204	2.00539189032388920353	0.99627833098425166991	0.87413924243476270881
0.88000000000000000444	0.99447185363420009807	0.27322060438827355799	0.72131147150011931668	5.30732953823846465014	2.00545547345551522511	0.99624065790044402657	0.87912044572426495392
0.88500000000000000888	0.99444029057802851845	0.28346004080860753849	0.71104047011225157693	5.29475843213664898457	2.00551913650696622682	0.99620288930021616558	0.88410146017076607361
0.89000000000000001332	0.99440868981069197030	0.29380567468604462666	0.70066323355382953419	5.28208720294164191245	2.00558287999642947952	0.99616502793805838945	0.88908228531045641052
0.89500000000000001776	0.99437705107585006026	0.30425137608850089110	0.69018589150058373693	5.26932202850063724497	2.00564670444334591792	0.99612707659385579806	0.89406292069342574447
0.90000000000000002220	0.99434537411605317114	0.31479096812676921058	0.67961462058425636812	5.25646913055911912949	2.00571061036936981736	0.99608903807050452883	0.89904336588377831152
0.90500000000000002665	0.99431365867230792066	0.32541823073584164039	0.66895564061084578089	5.24353477095666420382	2.00577459829918192113	0.99605091519156974122	0.90402362045973616578
0.91000000000000003109	0.99428190448350017849	0.33612690447474452560	0.65821521076019495755	5.23052524780530081472	2.00583866876168048776	0.99601271079876385617	0.90900368401372999561
0.91500000000000003553	0.99425011128592744036	0.34691069434252197468	0.64739962576954468432	5.21744689165425246102	2.00590282229090899335	0.99597442774952271716	0.91398355615247761641
0.92000000000000003997	0.99421928238694445845	0.35776354729776876917	0.63651594204840844515	5.20431582430255179617	2.00596705942733999350	0.99593606891442310047	0.91896323649704969583
0.92500000000000004441	0.99418742786176295123	0.36867855438151148073	0.62556907851046705815	5.19111908621433304489	2.00603138094031763217	0.99589763420362775737	0.92394272466806781630
0.93000000000000004885	0.99415654910356110463	0.37964986777347620173	0.61456688449037621957	5.17788255929947371925	2.00609366574281366979	0.99586115669009611651	0.92892203045151833241
0.93500000000000005329	0.99412564218173327113	0.39067081573699291575	0.60351502773340026664	5.16460290099373597883	2.00615519457967250716	0.99582409059142151797	0.93390115090447545221
0.94000000000000005773	0.99409470672837185745	0.40173498336382917895	0.59241992277984356630	5.15128654500282401330	2.00621765541492314000	0.99578652215052698704	0.93888008351522811434
0.94500000000000006217	0.99406374236453598492	0.41283594334808332293	0.58128799655664498136	5.13793993418314620669	2.00628017792801660590	0.99574890453848885485	0.94385882803792053863
0.95000000000000006661	0.99403274869972302330	0.42396725984838817824	0.57012568451464318287	5.12456951667483284751	2.00634276286556456625	0.99571124057450055567	0.94883738424079300255
0.95500000000000007105	0.99400172533126018859	0.43512249234698063827	0.55893942676890295829	5.11118174203956598944	2.00640541099795388646	0.99567353306866324125	0.95381575190613632209
0.95999999999999996447	0.99397067184365217596	0.44629519950325097222	0.54773566424452024837	5.09778305740560977455	2.00646812312056566086	0.99563578481939829512	0.95879393083023334299
0.96499999999999996891	0.99393958780800395481	0.45747894299943364649	0.53652083483033052858	5.08437990362306191372	2.00653090005502887649	0.99559799861085263029	0.96377192082328755340
0.96999999999999997335	0.99390847278122673725	0.46866729137603063693	0.52530136954272355077	5.07097871143040723751	2.00659374265066947629	0.99556017721020417799	0.96874972170933859594
0.97499999999999997780	0.99387732630540004397	0.47985382385465702448	0.51408368870213139168	5.05758589763621824176	2.00665665178587104833	0.99552232336501556009	0.97372733332616367985
0.97999999999999998224	0.99384614790697189957	0.49103213414593654962	0.50287419812435385502	5.04420786131716969436	2.00671962836957717968	0.99548443980052958580	0.97870475552516633666
0.98499999999999998668	0.99381493709596113728	0.50219583424014269113	0.49167928532910348816	5.03085098003511710374	2.00678267334291771107	0.99544652921690135461	0.98368198817125085398
0.98999999999999999112	0.99378369336515315347	0.51333855817827611645	0.48050531576813437784	5.01752160607582364804	2.00684578768080035260	0.99540859428646299989	0.98865903114268316454
0.99499999999999999556	0.99375241618920040487	0.52445396580126590891	0.46935862907513925535	5.00422606271097247799	2.00690897239365995119	0.99537063765091526868	0.99363588433093774643
1.00000000000000000000	0.99372110502376442831	0.53553574647505386430	0.45824553533980405540	4.99097064048647531820	2.00697222852918732983	0.99533266191854219418	0.99861254764053042354
1.00500000000000011546	0.99368975930452219103	0.54657762278926080857	0.44717231140815105750	4.97776159353840430555	2.00703555717427528648	0.99529466966132640326	1.00358902098883695508
1.01000000000000000888	0.99365837844626514475	0.55757335422727183349	0.43614519721155275978	4.96460513594003405302	2.00709895945683536311	0.99525666341214769073	1.00856530430589774738
1.01500000000000012434	0.99362696184181242831	0.56851674080543679324	0.42517039212643720214	4.95150743808056326145	2.00716243654792281248	0.99521864566183537715	1.01354139753420691150
1.02000000000000001776	0.99359550886102276923	0.57940162667930272811	0.41425405136708576270	4.93847462307942564053	2.00722598966370879836	0.99518061885631825536	1.01851730062848844227
1.02499999999999991118	0.99356401884968703619	0.59022190371462679437	0.40340228241348302651	4.92551276323683762115	2.00728962006770927928	0.99514258539366073908	1.02349301355545674319
1.03000000000000002665	0.99353249112842134672	0.60097151502111390009	0.39262114147650578611	4.91262787652384069759	2.00735332907293217986	0.99510454762115863048	1.02846853629356260740
1.03499999999999992006	0.99350092499148956460	0.61164445844668413610	0.38191663000245079651	4.89982592311289888443	2.00741711804424838306	0.99506650783234062985	1.03344386883272432165
1.04000000000000003553	0.99347002549199725507	0.62223533914463868832	0.37129484793382183661	4.88711366449608863860	2.00748003449423251254	0.99502895884064668230	1.03841901362692756727
1.04499999999999992895	0.99343839919696852458	0.63273718615926655140	0.36076137270896985187	4.87449523810081242203	2.00754397296134268203	0.99499092816326628608	1.04339396826774399862
1.05000000000000004441	0.99340673296600912057	0.64314472183405257955	0.35032216888561268364	4.86197724597820624126	2.00760799587757921003	0.99495290279146719747	1.04836873278170128465
1.05499999999999993783	0.99337502600815108522	0.65345219705697321633	0.33998298478475574846	4.84956538336947318157	2.00767210484495928213	0.99491488394304816723	1.05334330720141644555
1.06000000000000005329	0.99334327750108086796	0.66365393426268892707	0.32974949714937396017	4.83726527106199988282	2.00773630153254423192	0.99487687359389831432	1.05831769156938593213
1.06499999999999994671	0.99331148658967360898	0.67374433064771810376	0.31962730792777466204	4.82508245220862619362	2.00780058767660829488	0.99483887364791645513	1.06329188593762546944
1.07000000000000006217	0.99327965238463677977	0.68371786133244816241	0.30962194111022361964	4.81302238920207869910	2.00786496508349276979	0.99480088593409210507	1.06826589036729591164
1.07499999999999995559	0.99324777396112651218	0.69356908246803794516	0.29973883962065961395	4.80109046060604516271	2.00792943563243264649	0.99476291220348533884	1.07323970492831333168
1.08000000000000007105	0.99321585035725856727	0.70329263428639243738	0.28998336226523796499	4.78929195814432517864	2.00799400127847027520	0.99472495412617711885	1.07821332969894423393
1.08499999999999996447	0.99318388057266604463	0.71288324409151437866	0.28036078073952852563	4.77763208375042847109	2.00805866405554311882	0.99468701328817887841	1.08318676476538522380
1.09000000000000007994	0.99315186356697493508	0.72233572919045463401	0.27087627669604402714	4.76611594667867866093	2.00812342607948535189	0.99464909118840372226	1.08816001022132713416
1.09499999999999997335	0.99311979825827489954	0.73164499976222852062	0.26153493887379136718	4.75474856067893458800	2.00818828955118888757	0.99461118923560154492	1.09313306616750516298
1.10000000000000008882	0.99308768352154253023	0.74080606166304119320	0.25234176029147065146	4.74353484123624635771	2.00825325675981591900	0.99457330874529337184	1.09810593271123169146
1.10499999999999998224	0.99305551818705506406	0.74981401916628098725	0.24330163550590802601	4.73247960287727842399	2.00831833008603455326	0.99453545093673645372	1.10307860996591533542
1.11000000000000009770	0.99302432139727847549	0.75866476952112116283	0.23441968647210578713	4.72158890651959683993	2.00838147837646330274	0.99450063132165456015	1.10805111312252368982
1.11499999999999999112	0.99299310205136070984	0.76735293554828165608	0.22570029920847711757	4.71086606344075953245	2.00844464728094251882	0.99446393206647232255	1.11302343278285609252
1.12000000000000010658	0.99296186008019682312	0.77587393253313774455	0.21714805836053741039	4.70031557234400132472	2.00850786554279814311	0.99442729276267383121	1.11799556924666942948
1.12500000000000000000	0.99293059541132433488	0.78422328444637967593	0.20876743988512724837	4.68994182100127154911	2.00857113331482262097	0.99439071560302061403	1.12296752282468448314
1.13000000000000011546	0.99289930796851177952	0.79239662633445751005	0.20056280865956285786	4.67974908391766764026	2.00863445075775493009	0.99435420272130470298	1.12793929383829105717
1.13500000000000000888	0.99286799767149902518	0.80038970663625530477	0.19253841616469483111	4.66974152007154330590	2.00869781804098312961	0.99431775619065398963	1.13291088261924421943
1.14000000000000012434	0.99283666443562812454	0.80819838942458777087	0.18469839824304395970	4.65992317073046713460	2.00876123534310613294	0.99428137802205995843	1.13788228950935454975
1.14500000000000001776	0.99280530817149659217	0.81581865657141772186	0.17704677293323958787	4.65029795734468898161	2.00882470285278547095	0.99424507016285590399	1.14285351486016883982
1.15000000000000013323	0.99277392878460146708	0.82324660983560327132	0.16958743838191794873	4.64086967951918971664	2.00888822076931949923	0.99420883449531094467	1.14782455903264546393
1.15500000000000002665	0.99274252617497393825	0.83047847287206488787	0.16232417083417954862	4.63164201306517320234	2.00895178930350981616	0.99417267283515953213	1.15279542239682131211
1.15999999999999992006	0.99271110023678132972	0.83751059316135290089	0.15526062270363777396	4.62261850813223418299	2.00901540867830963322	0.99413658693025364066	1.15776610533147250592
1.16500000000000003553	0.99267965085794462876	0.84433944385859527326	0.14840032072307510203	4.61380258742200588529	2.00907907912973859865	0.99410057845914201469	1.16273660822376823099
1.16999999999999992895	0.99264817791971682315	0.85096162556091603513	0.14174666417662354356	4.60519754448426965610	2.00914280090759644892	0.99406464902977320630	1.16770693146891701986
1.17500000000000004441	0.99261668129630109547	0.85737386799239023727	0.13530292321438941450	4.59680654209634020901	2.00920657427636051295	0.99402880017815831160	1.17267707546980770594
1.17999999999999993783	0.99258516085438164289	0.86357303160577081336	0.12907223725030489425	4.58863261072654360362	2.00927039951597619094	0.99399303336712130363	1.17764704063664327194
1.18500000000000005329	0.99255427414446351086	0.86955610910013125814	0.12305827117561927986	4.58067864708237770799	2.00933318032435348499	0.99395789692082459066	1.18261683012124740877
1.18999999999999994671	0.99252271053174700999	0.87532022673380849298	0.11726258801782898922	4.57294741286425310278	2.00939709106689612383	0.99392230770094047720	1.18758644165975213447
1.19500000000000006217	0.99249112250979465433	0.88086264602814279279	0.11168857878866529643	4.56544153312871436867	2.00946105444816280894	0.99388680454247280149	1.19255587568246457231
