0.00000000000000000000	1.00000000000000000000	0.00000000000000000000	1.00000000000000000000	0.00000000000000000000	nan	0.00000000000000000000	0.00000000000000000000
0.00500000000000000010	1.00000000312499981447	0.00009999999968749994	0.99990000000031209471	0.00000000062499999805	nan	0.00000000000000000000	0.00000000000000000000
0.01000000000000000021	1.00000000312491632570	0.00039994999939611152	0.99960005000060370151	0.00000000999927078595	0.00000000000000000000	0.00000000000006248646	0.00000000000000031243
0.01499999999999999944	1.00000000312474934816	0.00089970002996872197	0.99910029997003124702	0.00000005061367238219	0.02778433663548968841	0.00000000000056222114	0.00000000000000312354
0.02000000000000000042	1.00000000312449555118	0.00159900024038850180	0.99840099975961160705	0.00000015993051114166	0.05578072307295683929	0.00000000000224789612	0.00000000000001436302
0.02500000000000000139	1.00000000312414383252	0.00249750104391954818	0.99750249895608056327	0.00000039035138426307	0.07297442433694155406	0.00000000000624048042	0.00000000000004556542
0.02999999999999999889	1.00000000312367265387	0.00359475332206458118	0.99640524667793550773	0.00000080917319895604	0.08358812447188983252	0.00000000001403077539	0.00000000000011571930
0.03500000000000000333	1.00000000312303805039	0.00489020868620334247	0.99510979131379662110	0.00000149853240131000	0.09047448280442324520	0.00000000002747618377	0.00000000000025310022
0.04000000000000000083	1.00000000312216896781	0.00638321979673787954	0.99361678020326194005	0.00000255533745912833	0.09517248644233759769	0.00000000004879669893	0.00000000000049708371
0.04499999999999999833	1.00000000312094483590	0.00807304073953366008	0.99192695926046570154	0.00000409118965217410	0.09852313613385492441	0.00000000008057012236	0.00000000000089993432
0.05000000000000000278	1.00000000311920089757	0.00995882745940836894	0.99004117254059231801	0.00000623229223241296	0.10100716688940485077	0.00000000012572651905	0.00000000000152856692
0.05500000000000000028	1.00000000311668979514	0.01203963825038327322	0.98796036174961654464	0.00000911934802592434	0.10291258633351700602	0.00000000018754192174	0.00000000000246627653
0.05999999999999999778	1.00000000311308023804	0.01431443430237566705	0.98568556569762466602	0.00001290744555717976	0.10441946190185866228	0.00000000026963129692	0.00000000000381443301
0.06500000000000000222	1.00000000310793391023	0.01678208030397400352	0.98321791969602623240	0.00001776593378534631	0.10564467233404387092	0.00000000037594078639	0.00000000000569413694
0.07000000000000000666	1.00000000310068237752	0.01944134510090194529	0.98055865489909777022	0.00002387828555116097	0.10666659780345481845	0.00000000051073924026	0.00000000000824783314
0.07499999999999999722	1.00000000309060732562	0.02229090240974096471	0.97770909759025970143	0.00003144194984172610	0.10753931836949703893	0.00000000067860905796	0.00000000001164087843
0.08000000000000000167	1.00000000307681524703	0.02532933158644609661	0.97467066841355354256	0.00004066819298929496	0.10830109038474670935	0.00000000088443635599	0.00000000001606306021
0.08500000000000000611	1.00000000305820990754	0.02855511844915490163	0.97144488155084518510	0.00005178192892874051	0.10897957878335524928	0.00000000113340048176	0.00000000002173006262
0.08999999999999999667	1.00000000303347102992	0.03196665615475310918	0.96803334384524697409	0.00006502153864692067	0.10959518440843735165	0.00000000143096289469	0.00000000002888487710
0.09500000000000000111	1.00000000300101987705	0.03556224612862848855	0.96443775387137087307	0.00008063867896557090	0.11016321686641367128	0.00000000178285543669	0.00000000003779915428
0.10000000000000000555	1.00000000295899482694	0.03934009904700856708	0.96065990095299214069	0.00009889808080765088	0.11069534760307726817	0.00000000219506801546	0.00000000004877449436
0.10499999999999999611	1.00000000290521762203	0.04329833587124535393	0.95670166412875468076	0.00012007733710525419	0.11120060261643910371	0.00000000267383572523	0.00000000006214367298
0.11000000000000000056	1.00000000283715606564	0.04743498893337698419	0.95256501106662316847	0.00014446668051524064	0.11168605386094253296	0.00000000322562543059	0.00000000007827180014
0.11500000000000000500	1.00000000275190603638	0.05174800307226361251	0.94825199692773665117	0.00017236875111666610	0.11215730928396779043	0.00000000385712184007	0.00000000009755740934
0.11999999999999999556	1.00000000264614219425	0.05623523681956241888	0.94376476318043778235	0.00020409835427186716	0.11261886570725559986	0.00000000457521309741	0.00000000012043347482
0.12500000000000000000	1.00000000251609222346	0.06089446363477593605	0.93910553636522442478	0.00023998220884068730	0.11307436665742084947	0.00000000538697591893	0.00000000014736835442
0.13000000000000000444	1.00000000235749553212	0.06572337318857615629	0.93427662681142320533	0.00028035868594481270	0.11352679327148516852	0.00000000629966030670	0.00000000017886665595
0.13500000000000000888	1.00000000216557261012	0.07071957269357712073	0.92928042730642290703	0.00032557753848651158	0.11397860738915820134	0.00000000732067386790	0.00000000021547002529
0.14000000000000001332	1.00000000193498572720	0.07588058828169658154	0.92411941171830391806	0.00037599962163322381	0.11443186002406213753	0.00000000845756577130	0.00000000025775785415
0.14499999999999999001	1.00000000165980229561	0.08120386642722313142	0.91879613357277678531	0.00043199660448645170	0.11488827445307943365	0.00000000971801037285	0.00000000030634790601
0.14999999999999999445	1.00000000133345468001	0.08668677541467009751	0.91331322458532993025	0.00049395067316020623	0.11534931048197490100	0.00000001110979054271	0.00000000036189685873
0.15499999999999999889	1.00000000094870666878	0.09232660685047398841	0.90767339314952588669	0.00056225422550091350	0.11581621460079884189	0.00000001264078072669	0.00000000042510076236
0.16000000000000000333	1.00000000049761461618	0.09812057721756718698	0.90187942278243271588	0.00063730955768712778	0.11629005945629805607	0.00000001431892977562	0.00000000049669541124
0.16500000000000000777	0.99999999997148780739	0.10406582947182474452	0.89593417052817503343	0.00071952854295367159	0.11677177516041813143	0.00000001615224357646	0.00000000057745662912
0.17000000000000001221	0.99999999936085437469	0.11015943467936481492	0.88984056532063549039	0.00080933230269089216	0.11726217430527932639	0.00000001814876751940	0.00000000066820046672
0.17500000000000001665	0.99999999865541921995	0.11639839369365075072	0.88360160630634976275	0.00090715087017558275	0.11776197208658152615	0.00000002031656883553	0.00000000076978331089
0.17999999999999999334	0.99999999784402771041	0.12277963887132206655	0.87722036112867773916	0.00101342284719579826	0.11827180259566877352	0.00000002266371883965	0.00000000088310190509
0.18499999999999999778	0.99999999691463603568	0.12930003582565763320	0.87069996417434258884	0.00112859505383724806	0.11879223208876724116	0.00000002519827511320	0.00000000100909328066
0.19000000000000000222	0.99999999585426857518	0.13595638521654759834	0.86404361478345215186	0.00125312217170418447	0.11932376985483471310	0.00000002792826366216	0.00000000114873459897
0.19500000000000000666	0.99999999464898015056	0.14274542457583341837	0.85725457542416672041	0.00138746638085275966	0.11986687716322586006	0.00000003086166108479	0.00000000130304290439
0.20000000000000001110	0.99999999328382960240	0.14966383016684803309	0.85033616983315196691	0.00153209699071959007	0.12042197466639703585	0.00000003400637678412	0.00000000147307478831
0.20500000000000001554	0.99999999174283893399	0.15670821887697375385	0.84329178112302616288	0.00168749006533291273	0.12098944855219589956	0.00000003737023525983	0.00000000165992596461
0.20999999999999999223	0.99999999000896644397	0.16387515014200801367	0.83612484985799218062	0.00185412804309800414	0.12156965567837781095	0.00000004096095851390	0.00000000186473075718
0.21499999999999999667	0.99999998806406864560	0.17116112790111348563	0.82883887209888629233	0.00203249935145270429	0.12216292787421260957	0.00000004478614860436	0.00000000208866150020
0.22000000000000000111	0.99999998588887795137	0.17856260258110984163	0.82143739741889054695	0.00222309801669277928	0.12276957555689192725	0.00000004885327038083	0.00000000233292785211
0.22500000000000000555	0.99999998346296692375	0.18607597310884158026	0.81392402689115839198	0.00242642326927044408	0.12338989078139089850	0.00000005316963443519	0.00000000259877602428
0.23000000000000000999	0.99999998076472373931	0.19369758895034891455	0.80630241104965139076	0.00264297914487288295	0.12402414981958738427	0.00000005774238030052	0.00000000288748792579
0.23500000000000001443	0.99999997777132620946	0.20142375217554225886	0.79857624782445790768	0.00287327408159064905	0.12467261534635039333	0.00000006257845993026	0.00000000320038022544
0.23999999999999999112	0.99999997445871680046	0.20925071954707410993	0.79074928045292636192	0.00311782051348884204	0.12533553829591781437	0.00000006768462148975	0.00000000353880333289
0.24499999999999999556	0.99999997080158020690	0.21717470463208313203	0.78282529536791689573	0.00337713446089656652	0.12601315944039603867	0.00000007306739349072	0.00000000390414030034
0.25000000000000000000	0.99999996677332292361	0.22519187993547506998	0.77480812006452470797	0.00365173511773263888	0.12670571073294811804	0.00000007873306929948	0.00000000429780564684
0.25500000000000000444	0.99999996234605292855	0.23329837905338668413	0.76670162094661320484	0.00394214443618760586	0.12741341645078485545	0.00000008468769204780	0.00000000472124410708
0.26000000000000000888	0.99999995749056502792	0.24149029884547823510	0.75850970115452176490	0.00424888670908414243	0.12813649416701536343	0.00000009093703997557	0.00000000517592930696
0.26500000000000001332	0.99999995217632264843	0.24976370162467659286	0.75023629837532357367	0.00457248815023944283	0.12887515557548268053	0.00000009748661223258	0.00000000566336236812
0.27000000000000001776	0.99999994637144795639	0.25811461736299129432	0.74188538263700887221	0.00491347647315467425	0.12962960718866095577	0.00000010434161516631	0.00000000618507044395
0.27500000000000002220	0.99999994004271108849	0.26653904591201221796	0.73346095408798739346	0.00527238046835769390	0.13040005092539375120	0.00000011150694912141	0.00000000674260518956
0.28000000000000002665	0.99999993315551893858	0.27503295923669063283	0.72496704076330931166	0.00564972957972603024	0.13118668460248755769	0.00000011898719577550	0.00000000733754116843
0.28500000000000003109	0.99999992567391460252	0.28359230366099802412	0.71640769633900225344	0.00604605348011783179	0.13198970234194212781	0.00000012678660603479	0.00000000797147419861
0.28999999999999998002	0.99999991756056705317	0.29221300212405343366	0.70778699787594678838	0.00646188164663876342	0.13280929490367865409	0.00000013490908851184	0.00000000864601964117
0.29499999999999998446	0.99999990877677291667	0.30089095644530233775	0.69910904355469805083	0.00689774293587290966	0.13364564995207783848	0.00000014335819860674	0.00000000936281063420
0.29999999999999998890	0.99999989928246102444	0.30962204959732669840	0.69037795040267346813	0.00735416515940557920	0.13449895226330882414	0.00000015213712821145	0.00000001012349627526
0.30499999999999999334	0.99999988903619096980	0.31840214798486449199	0.68159785201513567454	0.00783167465996546450	0.13536938387932745398	0.00000016124869605603	0.00000001092973975554
0.30999999999999999778	0.99999987799516387721	0.32722710372861230077	0.67277289627138803230	0.00833079588851289889	0.13625712421347482839	0.00000017069533871407	0.00000001178321644911
0.31500000000000000222	0.99999986611522517777	0.33609275695238399750	0.66390724304761639107	0.00885205098259989574	0.13716235011182731363	0.00000018047910228325	0.00000001268561196053
0.32000000000000000666	0.99999985335088581451	0.34499493807220182884	0.65500506192779772707	0.00939595934632653750	0.13808523587376247965	0.00000019060163475577	0.00000001363862013430
0.32500000000000001110	0.99999983965532635022	0.35392947008589203950	0.64607052991410784948	0.00996303723221671038	0.13902595323463573518	0.00000020106417909169	0.00000001464394102976
0.33000000000000001554	0.99999982498042072621	0.36289217086176162042	0.63710782913823826856	0.01055379732533434471	0.13998467131296063459	0.00000021186756700711	0.00000001570327886480
0.33500000000000001998	0.99999980927675069520	0.37187885542493565039	0.62812114457506396104	0.01116874832995953110	0.14096155652406816561	0.00000022301221348757	0.00000001681833993224
0.34000000000000002442	0.99999979249363624145	0.38088533823993747651	0.61911466176006202389	0.01180839455914133550	0.14195677246184543185	0.00000023449811203556	0.00000001799083049241
0.34500000000000002887	0.99999977457914945855	0.38990743548810086194	0.61009256451189919357	0.01247323552744171275	0.14297047974983614904	0.00000024632483065961	0.00000001922245464571
0.35000000000000003331	0.99999975548014963245	0.39894096733840311853	0.60105903266159721454	0.01316376554718210953	0.14400283586271026004	0.00000025849150861101	0.00000002051491218877
0.35499999999999998224	0.99999973514231221827	0.40798176021032639404	0.59201823978967349493	0.01388047332850142479	0.14505399491885714869	0.00000027099685387267	0.00000002186989645813
0.35999999999999998668	0.99999971351015570775	0.41702564902734684527	0.58297435097265337678	0.01462384158353050197	0.14612410744465234580	0.00000028383914140318	0.00000002328909216515
0.36499999999999999112	0.99999969052708959083	0.42606847945967435409	0.57393152054032581244	0.01539434663498474853	0.14721332011074442225	0.00000029701621213773	0.00000002477417322583
0.36999999999999999556	0.99999966613543744831	0.43510611015486544417	0.56489388984513433378	0.01619245802947317375	0.14832177544055957785	0.00000031052547274586	0.00000002632680058956
0.37500000000000000000	0.99999964027649046461	0.44413441495494737632	0.55586558504505212408	0.01701863815581726100	0.14944961149103497267	0.00000032436389614487	0.00000002794862007029
0.38000000000000000444	0.99999961289054162261	0.45314928509869983886	0.54685071490130010563	0.01787334186866980368	0.15059696150550536120	0.00000033852802276600	0.00000002964126018412
0.38500000000000000888	0.99999958391693566373	0.46214663140775763539	0.53785336859224230910	0.01875701611771842317	0.15176395353849347902	0.00000035301396256917	0.00000003140632999696
0.39000000000000001332	0.99999955329411149840	0.47112238645520793101	0.52887761354479234654	0.01967009958275451817	0.15295071005208094039	0.00000036781739780062	0.00000003324541698597
0.39500000000000001776	0.99999952095966082588	0.48007250671536627618	0.51992749328463350178	0.02061302231488281247	0.15415734748341430871	0.00000038293358648644	0.00000003516008491840
0.40000000000000002220	0.99999948685037187701	0.48899297469344471523	0.51100702530655539579	0.02158620538414207993	0.15538397578282325817	0.00000039835736665341	0.00000003715187175167
0.40500000000000002665	0.99999945090229291900	0.49787980103381979102	0.50212019896618032000	0.02259006053380145651	0.15663069792191683383	0.00000041408316126755	0.00000003922228755800
0.41000000000000003109	0.99999941305078021703	0.50672902660030161304	0.49327097339969883105	0.02362499041486799262	0.15726491073454082481	0.00000042953728002200	0.00000004136997395811
0.41500000000000003553	0.99999937323056220517	0.51553672453253696073	0.48446327546746364989	0.02469138772359964068	0.15731794783142225014	0.00000044468270963157	0.00000004359338750627
0.41999999999999998446	0.99999933137580077069	0.52429900228270853724	0.47570099771729140725	0.02578963487689203346	0.15681803805951169406	0.00000045948354383679	0.00000004589080522546
0.42499999999999998890	0.99999928742015031791	0.53301200362595912985	0.46698799637404087015	0.02692010369527105332	0.15579044482540069239	0.00000047390501531174	0.00000004826033030201
0.42999999999999999334	0.99999924129682582485	0.54167191064335606931	0.45832808935664376415	0.02808315509369708335	0.15425783338287640811	0.00000048791355582188	0.00000005069989808112
0.43499999999999999778	0.99999919293866523784	0.55027494567623469468	0.44972505432376491674	0.02927913878041152676	0.15224063622527148065	0.00000050147685377105	0.00000005320728234998
0.44000000000000000222	0.99999914227820474455	0.55881737325077474043	0.44118262674922531508	0.03050839296404863829	0.14975741371573200733	0.00000051456390903188	0.00000005578010189514
0.44500000000000000666	0.99999908924773717178	0.56729550197168521208	0.43270449802831473241	0.03177124406922959832	0.14682521011921675913	0.00000052714508495991	0.00000005841582731994
0.45000000000000001110	0.99999903377939503013	0.57570568638391128591	0.42429431361608849205	0.03306800646084903650	0.14345990725431626012	0.00000053919215749781	0.00000006111178810743
0.45500000000000001554	0.99999897580521446283	0.58404432880222467706	0.41595567119777554499	0.03439898217731490737	0.13967668669959501515	0.00000055067750455231	0.00000006386517563019
0.46000000000000001998	0.99999814482682047867	0.59230788110300092164	0.40769211889700007756	0.03576446067265335454	0.13548996302721891261	0.00000056157750278971	0.00000006667306314414
0.46500000000000002442	0.99999726579423697803	0.60049284648633960426	0.39950715351366061778	0.03716471856821871450	0.13091439524303144504	0.00000057186764206616	0.00000006953240135447
0.47000000000000002887	0.99999633665833642659	0.60859578119848956046	0.39140421880151060607	0.03860001941365345801	0.12596485399027571028	0.00000058152577846161	0.00000007244003024678
0.47500000000000003331	0.99999535531935956900	0.61661329621805927026	0.38338670378194072974	0.04007061345753040044	0.12065694303332669124	0.00000059053137969339	0.00000007539268714524
0.47999999999999998224	0.99999533744195312490	0.94332571767029738119	1.05667428232970261881	0.06567383083755255757	0.11500744916188417044	0.00000059886555515741	0.00000007838701492103
0.48499999999999998668	0.99999531882718484255	0.94147397930054854687	1.05852602069944845553	0.06800785455021227111	0.10903504634267564832	0.00000060650915568184	0.00000008141956069944
0.48999999999999999112	0.99999529944997966879	0.93961888500890500264	1.06038111499109777291	0.07037728206992663327	0.10276016634115200943	0.00000061344835330290	0.00000008448680246595
0.49499999999999999556	0.99999527929098785961	0.93776211393915642756	1.06223788606084323938	0.07278155709703643117	0.09620634208508399565	0.00000061966936540093	0.00000008758514929296
0.50000000000000000000	0.99999525833075364467	0.93590535120741824571	1.06409464879258375269	0.07522012068573871724	0.08940061307999445928	0.00000062516009355004	0.00000009071094976071
0.50500000000000000444	0.99999523654976330000	0.93405028658184885426	1.06594971341814837018	0.07769241164335538574	0.08237433091392086515	0.00000062991018003014	0.00000009386050066086
0.51000000000000000888	0.99999521392843582213	0.93219861315910179655	1.06780138684089886958	0.08019786693035854674	0.07516406181541893106	0.00000063391101718250	0.00000009703005574677
0.51500000000000001332	0.99999519044714857419	0.93035202603854205705	1.06964797396146038544	0.08273592206083092704	0.06781262139956570345	0.00000063715575325653	0.00000010021583451305
0.52000000000000001776	0.99999516608622951441	0.92851222099524333142	1.07148777900476366298	0.08530601150303845914	0.06037027761853321767	0.00000063963929475430	0.00000010341403098683
0.52500000000000002220	0.99999514082599538778	0.92668089315285251395	1.07331910684715303717	0.08790756907979885293	0.05289613795185878903	0.00000064135830528121	0.00000010662082251323
0.53000000000000002665	0.99999511464674073480	0.92485973565730672519	1.07514026434269416299	0.09054002836832046597	0.04545977484330650936	0.00000064231120092364	0.00000010983237851785
0.53500000000000003109	0.99999508752876553608	0.92305043835250943918	1.07694956164748534277	0.09320282309919805663	0.03814311339742805507	0.00000064249814217926	0.00000011304486922875
0.54000000000000003553	0.99999505945237887605	0.92125468645891583908	1.07874531354107605630	0.09589538755424119321	0.03104264673650377129	0.00000064192102246774	0.00000011625447434109
0.54500000000000003997	0.99999503039791393100	0.91947415925617359544	1.08052584074382518331	0.09861715696282843946	0.02427203357201031253	0.00000064058345326890	0.00000011945739160743
0.55000000000000004441	0.99999500034572008644	0.91771052877073155951	1.08228947122925012181	0.10136756789645937071	0.01796515418826186497	0.00000063849074592651	0.00000012264984533706
0.55500000000000004885	0.99999496927620956654	0.91596545846957444503	1.08403454153041889363	0.10414605866121105782	0.01227970988931791248	0.00000063564989017612	0.00000012582809478794
0.56000000000000005329	0.99999493716985499159	0.91424060196089862451	1.08575939803910515025	0.10695206968775614054	0.00740147629534600778	0.00000063206952945455	0.00000012898844243522
0.56500000000000005773	0.99999490400716806171	0.91253760170302400390	1.08746239829697710633	0.10978504391867972834	0.00354933668817247446	0.00000062775993305481	0.00000013212724210049
0.57000000000000006217	0.99999486976875073818	0.91085808772229259755	1.08914191227769352466	0.11264442719274686544	0.00098125319003512551	0.00000062273296520191	0.00000013524090692650
0.57500000000000006661	0.99999483443531789195	0.90920367634108956167	1.09079632365890111245	0.11552966862584558572	0.00000136635627257589	0.00000061700205112572	0.00000013832591718213
0.57999999999999996003	0.99999479798768586836	0.90757596891688829821	1.09242403108311836313	0.11844022098828881073	0.00096845356962523943	0.00000061058214021324	0.00000014137882788319
0.58499999999999996447	0.99999476040675649990	0.90597655059337911521	1.09402344940660678496	0.12137554107819267801	0.00430603280691673439	0.00000060348966633373	0.00000014439627621486
0.58999999999999996891	0.99999472167356628916	0.90440698906469141338	1.09559301093530625515	0.12433509009064792894	0.01051445930351446040	0.00000059574250542794	0.00000014737498874200
0.59499999999999997335	0.99999468176932537755	0.90286883335339263024	1.09713116664660637056	0.12731833398235420374	0.02018544469938625061	0.00000058735993046275	0.00000015031178839432
0.59999999999999997780	0.99999466670572867422	0.78063681080843727589	0.21935884777849648519	0.08874261758406241929	0.00352270283628933938	0.00000159627106182947	0.00000015829314370346
0.60499999999999998224	0.99999465092729400428	0.78545394600485884951	0.21454169680362381034	0.09117071867213465131	0.00398743138845106607	0.00000162741277412162	0.00000016643020757407
0.60999999999999998668	0.99999463586111581037	0.79011966779330378152	0.20987595994898600171	0.09363525498423816429	0.00476298425514425170	0.00000165898866869898	0.00000017472515091757
0.61499999999999999112	0.99999462131499283757	0.79463262536064849240	0.20536298783549988833	0.09613605172538439159	0.00585774649802211708	0.00000169104553362764	0.00000018318037858570
0.61999999999999999556	0.99999460712850518629	0.79899155232197782706	0.20100404668767229976	0.09867291875683142921	0.00727854049432291074	0.00000172362270378729	0.00000019179849210464
0.62500000000000000000	0.99999459316504291095	0.80319526701402832458	0.19680031803214470543	0.10124565068685122127	0.00903051931352278660	0.00000175675839086455	0.00000020058228405896
0.63000000000000000444	0.99999457930610968770	0.80724267273818228752	0.19275289844904539005	0.10385402697424869767	0.01111708387093415101	0.00000179049004275402	0.00000020953473427273
0.63500000000000000888	0.99999456544714093731	0.81113275795276651436	0.18886279937547487129	0.10649781204398092727	0.01353981607722926951	0.00000182485457162092	0.00000021865900713084
0.64000000000000001332	0.99999455149422467048	0.81486459641466402193	0.18513094696065132694	0.10917675541440786946	0.01629842908461896431	0.00000185988849525599	0.00000022795844960712
0.64500000000000001776	0.99999453736162235984	0.81843734727035133414	0.18155818197234624423	0.11189059183582035495	0.01939073561077081509	0.00000189562801918485	0.00000023743658970304
0.65000000000000002220	0.99999452296996738099	0.82185025509671716382	0.17814525975431075300	0.11463904143997956375	0.02281263510018347040	0.00000193210907728457	0.00000024709713508947
0.65500000000000002665	0.99999450824463531617	0.82510264989139803227	0.17489285023428322030	0.11742180990036521493	0.02655812023112236187	0.00000196936734290231	0.00000025694397180398
0.66000000000000003109	0.99999449311464283507	0.82819394701331805475	0.17180153798235406337	0.12023858860296908480	0.03061930296679930830	0.00000200743821875342	0.00000026698116289774
0.66500000000000003553	0.99999447751166381515	0.83112364707338171055	0.16887182231929773191	0.12308905482738938253	0.03498646004371722823	0.00000204635681139105	0.00000027721294695470
0.67000000000000003997	0.99999446136930258966	0.83389133577574248157	0.16610411747455769427	0.12597287193804912464	0.03964809745694917315	0.00000208615789439334	0.00000028764373642667
0.67500000000000004441	0.99999444462246844800	0.83649668370993401911	0.16349875279351849811	0.12888968958534216536	0.04459103316307968384	0.00000212687586329074	0.00000029827811574312
0.68000000000000004885	0.99999442720681452901	0.83893944609412229862	0.16105597299365922992	0.13183914391650378151	0.04980049694192113102	0.00000216854468445404	0.00000030912083916539
0.68500000000000005329	0.99999440905832259752	0.84121946247004808495	0.15877593846922125054	0.13482085779604252584	0.05526024604045957911	0.00000221119783961374	0.00000032017682836346
0.69000000000000005773	0.99999439011296753499	0.84333665634996801685	0.15665872564393246158	0.13783444103552738857	0.06095269494063156740	0.00000225486826729788	0.00000033145116969995
0.69500000000000006217	0.99999437030638704815	0.84529103481597578362	0.15470432737132114309	0.14087949063252372395	0.06685905745402061229	0.00000229958830217154	0.00000034294911121081
0.70000000000000006661	0.99999434957367228094	0.84708268807239084364	0.15291265338216697423	0.14395559101851110317	0.07295949903673273895	0.00000234538961306029	0.00000035467605927611
0.70499999999999996003	0.99999432784906927552	0.84871178895140964027	0.15128353077852710329	0.14706231431553287714	0.07923329718238110442	0.00000239230314029806	0.00000036663757497760
0.70999999999999996447	0.99999430506584563449	0.85017859237284376661	0.14981670457384527184	0.15019922060141507880	0.08565900762227279808	0.00000244035903288982	0.00000037883937014205
0.71499999999999996891	0.99999428115609834133	0.85148343475836563155	0.14851183827855463093	0.15336585818331729958	0.09221463401424867534	0.00000248958658593472	0.00000039128730307172
0.71999999999999997335	0.99999425605059877320	0.85262673340081818196	0.14736851453057686623	0.15656176387939566008	0.09887779883207166443	0.00000254001417866195	0.00000040398737396503
0.72499999999999997780	0.99999422967866868905	0.85360898578931920788	0.14638623577011711241	0.15978646330837026346	0.10562591322176831388	0.00000259166921337616	0.00000041694572003191
0.72999999999999998224	0.99999420196809019057	0.85443076889073099611	0.14556442495810170690	0.16303947118676284656	0.11243634364380995783	0.00000264457805559297	0.00000043016861030988
0.73499999999999998668	0.99999417284500324854	0.85509273838813448787	0.14490242633757863255	0.16632029163356032431	0.11928657337082973489	0.00000269876597557741	0.00000044366244018776
0.73999999999999999112	0.99999414223375215904	0.85559562787703280495	0.14439950623740019364	0.16962841848207796391	0.12615435692438015103	0.00000275425709151782	0.00000045743372564535
0.74499999999999999556	0.99999411005683991327	0.85594024802002610652	0.14405485391746492008	0.17296333559878099284	0.13301786591032446760	0.00000281107431448314	0.00000047148909721777
0.75000000000000000000	0.99999407623489589003	0.85612748566072272016	0.14386758245478800666	0.17632451720882580393	0.13985582477359645437	0.00000286923929536905	0.00000048583529369461
0.75500000000000000444	0.99999404068649577759	0.85615830289747407722	0.14383672966960103778	0.17971142822803362615	0.14664763534998898065	0.00000292877237394468	0.00000050047915556434
0.76000000000000000888	0.99999400332822385717	0.85603373611802113796	0.14396125909074461435	0.18312352460110054020	0.15337348924608185108	0.00000298969253015995	0.00000051542761821514
0.76500000000000001332	0.99999396407452711966	0.85575489499553880623	0.14424006095949254425	0.18656025364572306757	0.16001446742242234067	0.00000305201733782968	0.00000053068770490428
0.77000000000000001776	0.99999392283771981749	0.85532296144716635222	0.14467195327101853297	0.19002105440242689216	0.16655262648395516289	0.00000311576292080363	0.00000054626651950830
0.77500000000000002220	0.99999387952786666922	0.85473918855566832775	0.14525568285261844514	0.19350535798978785174	0.17297107149215792954	0.00000318094391172486	0.00000056217123906693
0.78000000000000002665	0.99999383405280772852	0.85400489945532431779	0.14598992647785860588	0.19701258796482898350	0.17925401532133194982	0.00000324757341347449	0.00000057840910613430
0.78500000000000003109	0.99999378631806423723	0.85312148618267746869	0.14687329201571258652	0.20054216068825828079	0.18538682476213816375	0.00000331566296337762	0.00000059498742095119
0.79000000000000003553	0.99999373622683229712	0.85209040849328665512	0.14790431961382188852	0.20409348569432922416	0.19135605370105573941	0.00000338522250025360	0.00000061191353345246
0.79500000000000003997	0.99999368367992402806	0.85091319264522846666	0.14908148291491962745	0.20766596606500031807	0.19714946406859371053	0.00000345626033437508	0.00000062919483512433
0.80000000000000004441	0.99999362857577089869	0.84959143015043869784	0.15040319030550206025	0.21125899880815013354	0.20275603504915215569	0.00000352878312038313	0.00000064683875072625
0.80500000000000004885	0.99999357081035278316	0.84812677649470424868	0.15186778619576005167	0.21487197523952672462	0.20816596148419680423	0.00000360279583323502	0.00000066485272989242
0.81000000000000005329	0.99999351027720806417	0.84652094982743564255	0.15347355232982562434	0.21850428136820965186	0.21337064796829927071	0.00000367830174362710	0.00000068324423861056
0.81500000000000005773	0.99999344686736379995	0.84477572962204394713	0.15521870912531141040	0.22215529828523175593	0.21836268787862994634	0.00000375530240186332	0.00000070202075061987
0.82000000000000006217	0.99999338046934438395	0.84289295530809882351	0.15710141704117053241	0.22582440255508864912	0.22313582878800450326	0.00000383379762775641	0.00000072118973875866
0.82500000000000006661	0.99999331096919485962	0.84087452487620262254	0.15911977797284773684	0.22951096660985378928	0.22768493657022950694	0.00000391378549903693	0.00000074075866625384
0.83000000000000007105	0.99999323825035146829	0.83872239345647314757	0.16127183667366282172	0.23321435914556620794	0.23200595333608398096	0.00000399526234292789	0.00000076073497796848
0.83499999999999996447	0.99999316219374456693	0.83643857187200709724	0.16355558220144966741	0.23693394552069124703	0.23609585032879709665	0.00000407822273086459	0.00000078112609162280
0.83999999999999996891	0.99999308267773279191	0.83402512516803040121	0.16596894938933143271	0.24066908815626406049	0.23995257661800445392	0.00000416265947639228	0.00000080193938900476
0.84499999999999997335	0.99999299957806453421	0.83148417111800088097	0.16850982033961117712	0.24441914693748370557	0.24357500449028365863	0.00000424856363621712	0.00000082318220718585
0.84999999999999997780	0.99999291276792390271	0.82881787870769185744	0.17117602593969408198	0.24818347961644465771	0.24696287244504938618	0.00000433592451439210	0.00000084486182975781
0.85499999999999998224	0.99999282211792883679	0.82602846659833417675	0.17396534739896551969	0.25196144221572075450	0.25011672654354949463	0.00000442472966964487	0.00000086698547810603
0.85999999999999998668	0.99999272749608381083	0.82311820156984327745	0.17687551780551938330	0.25575238943248035373	0.25303786084547763569	0.00000451496492580013	0.00000088956030273504
0.86499999999999999112	0.99999262876782191167	0.82008939694533056208	0.17990422370167030719	0.25955567504288168390	0.25572825756724448798	0.00000460661438525988	0.00000091259337466133
0.86999999999999999556	0.99999252579596697998	0.81694441099792103333	0.18304910667712265271	0.26337065230642131564	0.25819052763950378626	0.00000469966044554200	0.00000093609167688904
0.87500000000000000000	0.99999241842632957677	0.81368564533689524687	0.18630776496841550127	0.26719667436948646433	0.26042785202985074822	0.00000479408381877807	0.00000096006209598293
0.88000000000000000444	0.99999230581984033250	0.81031552212801072343	0.18967777557069798178	0.27103757163204983405	1.06444450273616952884	0.00000144953933382875	0.00000096730979265208
0.88500000000000000888	0.99999218775130338521	0.80683650367466919207	0.19315667595538774104	0.27488842646254835200	1.13976199326152949354	0.00000143818443856498	0.00000097450071484490
0.89000000000000001332	0.99999206407535523589	0.80325111133034055033	0.19674194462364258396	0.27874859834385207202	1.21953165846917666038	0.00000142670167724475	0.00000098163422323113
0.89500000000000001776	0.99999193464469160464	0.79956190326369769306	0.20043102325949369025	0.28261744825477125298	1.30398168436973360684	0.00000141510093264036	0.00000098870972789433
0.90000000000000002220	0.99999179931058035375	0.79577147278399040786	0.20422131840495610922	0.28649433904420190666	1.39332236654454555413	0.00000140340026287293	0.00000099572672920869
0.90500000000000002665	0.99999165792290256594	0.79188244665641605025	0.20811020314471231907	0.29037863582421058473	1.48776653652719370591	0.00000139161777224420	0.00000100268481806991
0.91000000000000003109	0.99999151033017319445	0.78789748340864329545	0.21209501879960721005	0.29426970636081978272	1.58752861358755836818	0.00000137977159024125	0.00000100958367602112
0.91500000000000003553	0.99999135637952063504	0.78381927162960762789	0.21617307662784143729	0.29816692146222689708	1.69282351912560380391	0.00000136787985100729	0.00000101642307527616
0.92000000000000003997	0.99999119591679286323	0.77965052826179448431	0.22034165953276946270	0.30206965536422097918	1.80386543132371079956	0.00000135596067293091	0.00000102320287864081
0.92500000000000004441	0.99999102878656798143	0.77539399688801302624	0.22459802377616028268	0.30597728611248864450	1.92086638030199186034	0.00000134403213826386	0.00000102992303933213
0.93000000000000004885	0.99999085483209360081	0.77105244601372124880	0.22893940069580104302	0.30988919594153624404	2.04403468038038660382	0.00000133211227274812	0.00000103658360069587
0.93500000000000005329	0.99999067389548768059	0.76662866734631918142	0.23336299842641702873	0.31380477165007691909	2.17357318207123384468	0.00000132021902526387	0.00000104318469582219
0.94000000000000005773	0.99999048581764671262	0.76212547407203301564	0.23786600362267792952	0.31772340497245221691	2.30967734510984756824	0.00000130837024751418	0.00000104972654705976
0.94500000000000006217	0.99999029043840625963	0.75754569913195202169	0.24244558318332443125	0.32164449294601277218	2.45253313011789630949	0.00000129658367377260	0.00000105620946542863
0.95000000000000006661	0.99999008759648377875	0.75289219349793212732	0.24709888597521487141	0.32556743827406392500	2.60231470124927488641	0.00000128487690072166	0.00000106263384993223
0.95500000000000007105	0.99998987712960907270	0.74816782444976070998	0.25182304455630499795	0.32949164968425725952	2.75918195745917804729	0.00000127326736740617	0.00000106900018676926
0.95999999999999996447	0.99998965887457114121	0.74337547385440483350	0.25661517689640622741	0.33341654228208877919	2.92327787042984343913	0.00000126177233533223	0.00000107530904844593
0.96499999999999996891	0.99998943266723883116	0.73851803644855451569	0.26147238809469952603	0.33734153789932125322	3.09472567123122699329	0.00000125040886874104	0.00000108156109278963
0.96999999999999997335	0.99998919834264510254	0.73359841812549475559	0.26639177209293912751	0.34126606543709797625	3.27362587961547024662	0.00000123919381507939	0.00000108775706186503
0.97499999999999997780	0.99998895573509916090	0.72861953422734626606	0.27137041338329792595	0.34518956120351723671	3.46005319512512699021	0.00000122814378572446	0.00000109389778079365
0.97999999999999998224	0.99998870467819889196	0.72358430784369009992	0.27640538870980424502	0.34911146924543545733	3.65405327872845298032	0.00000121727513693178	0.00000109998415647831
0.98499999999999998668	0.99998844500491690379	0.71849566811760523510	0.28149376876234755152	0.35303124167428384661	3.85563945954579390119	0.00000120660395110060	0.00000110601717623381
0.98999999999999999112	0.99998817654767202523	0.71335654856019015124	0.28663261986225058164	0.35694833898571676212	4.06478939090713620175	0.00000119614601834734	0.00000111199790632555
0.99499999999999999556	0.99998789913845942401	0.70816988537455261010	0.29181900563840901253	0.36086223037287729065	4.28144170644066068832	0.00000118591681842731	0.00000111792749041769
1.00000000000000000000	0.99998761260924839966	0.70293861579036842624	0.29704998869308835152	0.36477239403307387677	4.50549271630475534067	0.00000117593150302263	0.00000112380714793280
1.00500000000000011546	0.99998731679264529770	0.69766567639784071719	0.30232263226872252426	0.36867832122628874103	4.74535940110550935600	0.00000116492387733263	0.00000112963176731946
1.01000000000000000888	0.99998701152072189124	0.69235400150596559943	0.30763400188837625171	0.37257950898019970287	4.99271527154007976890	0.00000115428372460597	0.00000113540318594249
1.01500000000000012434	0.99998669662382988488	0.68700652152640873105	0.31298116697072414505	0.37647546427262212898	5.24746246487790379831	0.00000114399874701866	0.00000114112317967758
1.02000000000000001776	0.99998637193228756548	0.68162616135967923903	0.31836120244559285020	0.38036570428940391642	5.50939008553808395874	0.00000113406671538675	0.00000114679351325452
1.02499999999999991118	0.99998603727652080053	0.67621583879580615672	0.32377119035335871766	0.38424975668635580339	5.77821473651689920814	0.00000112448942282825	0.00000115241596036866
1.03000000000000002665	0.99998569248711421942	0.67077846293120202414	0.32920822142822209200	0.38812715984597861985	6.05357982334382782597	0.00000111527152792822	0.00000115799231800830
1.03499999999999992006	0.99998533739494588346	0.66531693260246493882	0.33466939666443401569	0.39199746312803745996	6.33505449829542754969	0.00000110641974275840	0.00000116352441672209
1.04000000000000003553	0.99998497183120438336	0.65983413483811315103	0.34015182886468697809	0.39586022711341478653	6.62213258106104785128	0.00000109794225270693	0.00000116901412798563
1.04499999999999992895	0.99998459562760155794	0.65433294332902092183	0.34565264416980107098	0.39971502384072843395	6.91423171993310248240	0.00000108984829503864	0.00000117446336946082
1.05000000000000004441	0.99998420861638581680	0.64881621691835811294	0.35116898356886366850	0.40356143703531638378	7.21069300611453467553	0.00000108214784795412	0.00000117987410870059
1.05499999999999993783	0.99998381063046115624	0.64328679811186983972	0.35669800438903365158	0.40739906233031747407	7.51078121352630212471	0.00000107485139779538	0.00000118524836568957
1.06000000000000005329	0.99998340150354814160	0.63774751160933651484	0.36223688176424650997	0.41122750747962616424	7.81368581868441314242	0.00000106796976228826	0.00000119058821450101
1.06499999999999994671	0.99998298107021699188	0.63220116285785088461	0.36778281008198016044	0.41504639256244196810	8.11852291845201712306	0.00000106151395452318	0.00000119589578427363
1.07000000000000006217	0.99998254916605233689	0.62665053662782643773	0.37333300440741634674	0.41885535017933339663	8.42433815905032723492	0.00000105549507690090	0.00000120117325965813
1.07499999999999995559	0.99998210562774458854	0.62109839561231150462	0.37888470188418460483	0.42265402563956855353	8.73011074959715571708	0.00000104992423739116	0.00000120642288084509
1.08000000000000007105	0.99998165029322327868	0.61554747905046469647	0.38443516311105246919	0.42644207713967130502	9.03475862166373389073	0.00000104481248258123	0.00000121164694325799
1.08499999999999996447	0.99998118300172411654	0.61000050137575501097	0.38998167349380430391	0.43021917593300429417	9.33714476700832918254	0.00000104017074349713	0.00000121684779697548
1.09000000000000007994	0.99998070359396151741	0.60446015088963178652	0.39552154457168475776	0.43398500649032184517	9.63608475287627896932	0.00000103600979123691	0.00000122202784593166
1.09499999999999997335	0.99998021191221875270	0.59892908846132264511	0.40105211531776779887	0.43773926665121298818	9.93035539129629363231	0.00000103234020021847	0.00000122718954693275
1.10000000000000008882	0.99997970780047484851	0.59340994625428633569	0.40657075341255705103	0.44148166776628117169	10.21870449916075784813	0.00000102917231738902	0.00000123233540851970
1.10499999999999998224	0.99997919110453992175	0.58790532648007431948	0.41207485649032438157	0.44521193483009563474	10.49986165534701676449	0.00000102651623615909	0.00000123746798970049
1.11000000000000009770	0.99997866167211413302	0.58241780017998412422	0.41756185335746115461	0.44892980660471021315	10.77254983660874820828	0.00000102438177409359	0.00000124258989857096
1.11499999999999999112	0.99997811935302360897	0.57694990603533746754	0.42302920518248515735	0.45263503573389746171	11.03549776689326833434	0.00000102277845365190	0.00000124770379083922
1.12000000000000010658	0.99997756399923787285	0.57150414920656211759	0.42847440665691999273	0.45632738884779550093	11.28745279916759791661	0.00000102171548539611	0.00000125281236826620
1.12500000000000000000	0.99997699546500828927	0.56608300020192958701	0.43389498712676038972	0.46000664665816531906	11.52719411301978347240	0.00000102120175323530	0.00000125791837703238
1.13000000000000011546	0.99997641360705258329	0.56068889377623976067	0.43928851169391769371	0.46367260404410459707	11.75354601271397037010	0.00000102124580136177	0.00000126302460603919
1.13500000000000000888	0.99997581828461679088	0.55532422785994783876	0.44465258228718795852	0.46732507012820151404	11.96539104870207381737	0.00000102185582260908	0.00000126813388515223
1.14000000000000012434	0.99997520935963402078	0.54999136251920921481	0.44998483870233491055	0.47096386834315279168	12.16168274829286488625	0.00000102303964801720	0.00000127324908339232
1.14500000000000001776	0.99997458669683114696	0.54469261894725251594	0.45528295961086867605	0.47458883648882760342	12.34145766501662855319	0.00000102480473743585	0.00000127837310707950
1.15000000000000013323	0.99997395016385759448	0.53943027848743207997	0.46054466353708428672	0.47819982677974387508	12.50384652684079078711	0.00000102715817102873	0.00000128350889793464
1.15500000000000002665	0.99997329963139036657	0.53420658168836787638	0.46576770980303960901	0.48179670588300149703	12.64808423696682559978	0.00000103010664157216	0.00000128865943114250
1.15999999999999992006	0.99997263497329491599	0.52902372739152558889	0.47094989944112303215	0.48537935494669398606	12.77351852658548025943	0.00000103365644745814	0.00000129382771337979
1.16500000000000003553	0.99997195606670519208	0.52388387185152129888	0.47608907607386374838	0.48894766961877966782	12.87961708158533369328	0.00000103781348633298	0.00000129901678081146
1.16999999999999992895	0.99997126279216208555	0.51878912788945219514	0.48118312676070096323	0.49250156005646128499	12.96597299723057794552	0.00000104258324931339	0.00000130422969705803
1.17500000000000004441	0.99997055503373299956	0.51374156407956095283	0.48622998281146567745	0.49604095092613509355	13.03230846269979892327	0.00000104797081573435	0.00000130946955113670
1.17999999999999993783	0.99996983267911943027	0.50874320396942085409	0.49122762056627405913	0.49956578139388874149	13.07847661366902691782	0.00000105398084839052	0.00000131473945537865
1.18500000000000005329	0.99996909561978497560	0.50379602533394096664	0.49617406214168768841	0.50307600510668548655	13.10446154129918383546	0.00000106061758924008	0.00000132004254332485
1.18999999999999994671	0.99996834375106946613	0.49890195946330834209	0.50106737614286089855	0.50657159016419783804	13.11037648706235536622	0.00000106788485555212	0.00000132538196760261
1.19500000000000006217	0.99996757697228977335	0.49406289048509088868	0.50590567834154276383	0.51005251908140869510	13.09646029613415940673	0.00000107578603646019	0.00000133076089778491
1.19999999999999995559	0.99996679518686759636	0.48928065472063819730	0.51068713231979234735	0.51351878874203371605	13.06307223991516686112	0.00000108432408992229	0.00000133618251823452
1.20500000000000007105	0.99996599830242782758	0.48455704007592798055	0.51540995007927470350	0.51697041034286450589	13.01068536072178716267	0.00000109350154007743	0.00000134165002593491
1.20999999999999996447	0.99996518623090058231	0.47989378546688238325	0.52007239261598658953	0.52040740932903151172	12.93987850198341327257	0.00000110332047496749	0.00000134716662830975
1.21500000000000007994	0.99996435888863588470	0.47529258027935084030	0.52467277046043103716	0.52382982532039146228	12.85132723893605621868	0.00000111378254462370	0.00000135273554103287
1.21999999999999997335	0.99996351619648427000	0.47075506386370608025	0.52920944418308923929	0.52723771202903979560	12.74579390800129452543	0.00000112488895953698	0.00000135835998583055
1.22500000000000008882	0.99996265807995199371	0.46628282506416390829	0.53368082486525147967	0.53063113716810816900	12.62411696206678257681	0.00000113664048946681	0.00000136404318827789
1.22999999999999998224	0.99996178446923889016	0.46187740178274783176	0.53808537453508431536	0.53401018235187747152	12.48719988357514232291	0.00000114903746258439	0.00000136978837559081
1.23500000000000009770	0.99996089529933829265	0.45754028057797929696	0.54242160656906868166	0.53737494298740973164	12.33599986084198185665	0.00000116207976501133	0.00000137559877441586
1.23999999999999999112	0.99995999051014605730	0.45327289629816847061	0.54668808605878937978	0.54072552815774299617	12.17151644194875181881	0.00000117576684067887	0.00000138147760861926
1.24500000000000010658	0.99995907004655182337	0.44907663174931150563	0.55088343014313989610	0.54406206049681360426	11.99478036708338812844	0.00000119009769144771	0.00000138742809707650
1.25000000000000000000	0.99995813385851173294	0.44495281739745834448	0.55500630830602404320	0.54738467605620477752	11.80684273980305754037	0.00000120507087769221	0.00000139345345146496
1.25500000000000011546	0.99995718190110982615	0.44090273110546163160	0.55905544263967599239	0.55069352416386052607	11.60876469877235983574	0.00000122068451918091	0.00000139955687406086
1.26000000000000000888	0.99995621413467250527	0.43692759790400143016	0.56302960807373947372	0.55398876727493306937	11.40160771509330750462	0.00000123693629627266	0.00000140574155554223
1.26500000000000012434	0.99995523052482082615	0.43302858979668790163	0.56692763257022649181	0.55727058081485791874	11.18642461692141409912	0.00000125382345146935	0.00000141201067279957
1.27000000000000001776	0.99995423104406555570	0.42920682605683441180	0.57074839682832978482	0.56053915279853427922	10.94069031103520295289	0.00000127195749795308	0.00000141837046028934
1.27500000000000013323	0.99995321566185368933	0.42546337173759463113	0.57449083576435344689	0.56379468429060408674	10.71186120057624968638	0.00000129017103045227	0.00000142482131544160
1.28000000000000002665	0.99995218435907951005	0.42179923893010823344	0.57815393726803898655	0.56703738823496430133	10.47885838836779726080	0.00000130897691973657	0.00000143136620004028
1.28499999999999992006	0.99995113712337224676	0.41821538625707782577	0.58173674270432362832	0.57026749038532853486	10.24187479938858125195	0.00000132841452168214	0.00000143800827264869
1.29000000000000003553	0.99995007394795576428	0.41471271884410654263	0.58523834694082521590	0.57348522842222970919	10.00178748967669228875	0.00000134846718028978	0.00000144475060855014
1.29499999999999992895	0.99994899483171750809	0.41129208832528835194	0.58865789834233717137	0.57669085190155244813	9.75944696613409767849	0.00000136913001356439	0.00000145159625861796
1.30000000000000004441	0.99994789977927811542	0.40795429288102885712	0.59199459873306925495	0.57988462204774104958	9.51565723355461479116	0.00000139039773313451	0.00000145854824728364
1.30499999999999993783	0.99994678880097320750	0.40470007730797963319	0.59524770332671339546	0.58306681154051476224	9.27117369676862779215	0.00000141226464752815	0.00000146560957052128
1.31000000000000005329	0.99994566191293399182	0.40153013312080371167	0.59841652062473305040	0.58623770429536381510	9.02670176948503488745	0.00000143472466598922	0.00000147278319385122
1.31499999999999994671	0.99994451913710202806	0.39844509868538452446	0.60150041228318318343	0.58939759523793477936	8.78289612608568148744	0.00000145777130265815	0.00000148007205036451
1.32000000000000006217	0.99994336050123555637	0.39544555938311537480	0.60449879294843755773	0.59254679007252963885	8.54036054017986856479	0.00000148139768111735	0.00000148747903877010
1.32499999999999995559	0.99994218603895779207	0.39253204780588535350	0.60741113006222458015	0.59568560504489787011	8.29964823496821857418	0.00000150559653930127	0.00000149500702146661
1.33000000000000007105	0.99994099578973960618	0.38970504398135147328	0.61023694363636082905	0.59881436669951026985	8.06126268943466328665	0.00000153036023476488	0.00000150265882264043
1.33499999999999996447	0.99993978979892628178	0.38696497562807857795	0.61297580599762047093	0.60193341163152591644	7.82565882816066693550	0.00000155568075030798	0.00000151043722639197
1.34000000000000007994	0.99993856811773895732	0.38431221844011642652	0.61562734150318332293	0.60504308623364866371	7.59324454057983899702	0.00000158154969994752	0.00000151834497489171
1.34499999999999997335	0.99993733080324653795	0.38174709640052190140	0.61819122622706379477	0.60814374643803370546	7.36438246314652911195	0.00000160795833524022	0.00000152638476656791
1.35000000000000008882	0.99993607791839822507	0.37926988212341816720	0.62066718761807782023	0.61123575745352809463	7.13939197495410926564	0.00000163489755193504	0.00000153455925432759
1.35499999999999998224	0.99993480953195246208	0.37688079722404355110	0.62305500412974446078	0.61431949349836156848	6.91855135631979223376	0.00000166235789698746	0.00000154287104381252
1.36000000000000009770	0.99993352571852633925	0.37458001271635810170	0.62535450482273025052	0.61739533752860409344	6.70210006068601682472	0.00000169032957587909	0.00000155132269169192
1.36499999999999999112	0.99993222655849600677	0.37236764943759570468	0.62756556894017523351	0.62046368096243764700	6.49024106389049215693	0.00000171880246027815	0.00000155991670399331
1.37000000000000010658	0.99993091213800799899	0.37024377849934747564	0.62968812545662966595	0.62352492340063525589	6.28314325046009347631	0.00000174776609603330	0.00000156865553447347
1.37500000000000000000	0.99992958254893826719	0.36820842176456697326	0.63172215260101727274	0.62657947234335265030	6.08094380994471972457	0.00000177720971145631	0.00000157754158303076
1.38000000000000011546	0.99992924237520730557	0.36626197132949306345	0.63366826286202626584	0.62962837377697644659	5.88375061071907268229	0.00000180712222593813	0.00000158657719416045
1.38500000000000000888	0.99992888796942613894	0.36440393354840572293	0.63552594623698199783	0.63267140394917709134	5.55078108363310285256	0.00000183986321450306	0.00000159577651023296
1.39000000000000012434	0.99992851898026602342	0.36263418557025450806	0.63729532522560550234	0.63570899131879110566	5.23367293401887057058	0.00000187325724204623	0.00000160514279644319
1.39500000000000001776	0.99992813505427946552	0.36095255745138193904	0.63897656941811298292	0.63874157106794660077	4.93209714169691348928	0.00000190729712660875	0.00000161467928207624
1.40000000000000013323	0.99992773583570693230	0.35935883275335483988	0.64056989489716875674	0.64176958480543289109	4.64568981624003463082	0.00000194197567751614	0.00000162438916046382
1.40500000000000002665	0.99992732096641845363	0.35785274916328618788	0.64207556361753892471	0.64479348026574012653	4.37405976495139459104	0.00000197728527511732	0.00000163427558683940
1.40999999999999992006	0.99992689008573221177	0.35643399913591677919	0.64349388276379704266	0.64781371100691498288	4.11679250186194245487	0.00000201321814853517	0.00000164434167758208
1.41500000000000003553	0.99992644283028353502	0.35510223055693634908	0.64482520408688270841	0.65083073610581931856	3.87345571544110622852	0.00000204976622953559	0.00000165459050872976
1.41999999999999992895	0.99992597883385170299	0.35385704742686246993	0.64606992322006084883	0.65384501985172771565	3.64360351006472926727	0.00000208692118978999	0.00000166502511467871
1.42500000000000004441	0.99992549772712291389	0.35269801056482125157	0.64722847897490121127	0.65685703143834506257	3.42678030916594567046	0.00000212467445866809	0.00000167564848697205
1.42999999999999993783	0.99992499913760524155	0.35162463833165202853	0.64830135261805699187	0.65986724465460322442	3.22252436625250648916	0.00000216301724204603	0.00000168646357318228
1.43500000000000005329	0.99992448268930200772	0.35063640737157653060	0.64928906712931466760	0.66287613757426067096	3.03037090346454274226	0.00000220194054211336	0.00000169747327589285
1.43999999999999994671	0.99992394800255901544	0.34973275337186626732	0.65019218644174647803	0.66588419224469030944	2.84985489460412155793	0.00000224143517825695	0.00000170868045178413
1.44500000000000006217	0.99992339469373980876	0.34891307183976055795	0.65101131466448725060	0.66889189437492291290	2.68051351668590998045	0.00000228149180901264	0.00000172008791082919
1.44999999999999995559	0.99992282237499741093	0.34817671889601820023	0.65174709528892282862	0.67189973302326977400	2.52188828759604843910	0.00000232210095519589	0.00000173169841560517
1.45500000000000007105	0.99992223065398133652	0.34752301208441055413	0.65240021037892836908	0.67490820028469822311	2.37352691697261253267	0.00000236325302418531	0.00000174351468072610
1.45999999999999996447	0.99992161913351407243	0.34695123119645238097	0.65297137974580876651	0.67791779097813409383	2.23498488816200557849	0.00000240493833547104	0.00000175553937240345
1.46500000000000007994	0.99992098741124180172	0.34646061911069864214	0.65346136010866529009	0.68092900233393649501	2.10582679514316861713	0.00000244714714752380	0.00000176777510814107
1.46999999999999997335	0.99992033507927446934	0.34605038264591325703	0.65387094424083058719	0.68394233368170875842	1.98562745694876907621	0.00000248986968602180	0.00000178022445657118
1.47500000000000008882	0.99991966172381341327	0.34571969342744790499	0.65420096010316897139	0.68695828613875542512	1.87397282695549716180	0.00000253309617351270	0.00000179288993743875
1.47999999999999998224	0.99991896692470927377	0.34546768876606398502	0.65445226996476257852	0.68997736229919404138	1.77046072069353632727	0.00000257681686073978	0.00000180577402174245
1.48500000000000009770	0.99991825025502312219	0.34529347254858133720	0.65462576951184481278	0.69300006592411456108	1.67470137736793933669	0.00000262102205945228	0.00000181887913203971
1.48999999999999999112	0.99991751128054029429	0.34519611613961598273	0.65472238694560103145	0.69602690163288327696	1.58631787542344837583	0.00000266570217705481	0.00000183220764292498
1.49500000000000010658	0.99991674955928144808	0.34517465929369867128	0.65474308206950126987	0.69905837459576580795	1.50494641639272974665	0.00000271084775311817	0.00000184576188169057
1.50000000000000000000	0.99991596464090470864	0.34522811107710638101	0.65468884536693916498	0.70209499022812238422	1.43023649393566154586	0.00000275644949789584	0.00000185954412918005
1.50500000000000011546	0.99991515606615688494	0.34535545079868545937	0.65456069706980635203	0.70513725388631010027	1.36185096154016216374	0.00000280249833302797	0.00000187355662084519
1.51000000000000000888	0.99991432336621521859	0.34555562894898683712	0.65435968621873785711	0.70818567056551262606	1.29946601149172669132	0.00000284898543462214	0.00000188780154801830
1.51500000000000012434	0.99991346606200559588	0.34582756814698917269	0.65408688971568029746	0.71124074459961839079	1.24277107758528893022	0.00000289590227883436	0.00000190228105941247
1.52000000000000001776	0.99991258366351376541	0.34617016409376333286	0.65374341136953983966	0.71430297936341891063	1.19146867212662654900	0.00000294324069031153	0.00000191699726286403
1.52500000000000013323	0.99991167566894867402	0.34658228653232703298	0.65333038093550688252	0.71737287697716833890	1.14527416659697744983	0.00000299099289363493	0.00000193195222733221
1.53000000000000002665	0.99991074156392378836	0.34706278021305447812	0.65284895314882873674	0.72045093801379489484	1.10391552524458314011	0.00000303915156813124	0.00000194714798517286
1.53500000000000014211	0.99990978082058012966	0.34761046586392574387	0.65230030675366235116	0.72353766120884988045	1.06713299926639093584	0.00000308770990639173	0.00000196258653470482
1.54000000000000003553	0.99990879289656142692	0.34822414116492517167	0.65168564352766844561	0.72663354317334183374	1.03467878844356686585	0.00000313666167682989	0.00000197826984308897
1.54499999999999992895	0.99990777723401791377	0.34890258172595101094	0.65100618730308768001	0.72973907810968652310	1.00631667655621148683	0.00000318600129077052	0.00000199419984954282
1.55000000000000004441	0.99990673350553715970	0.34964454535017597259	0.65026317994934623723	0.73285475718415760138	0.97713534813064040208	0.00000324449722243341	0.00000201042233565499
