0.00000000000000000000	1.00000000000000000000	1.00000000000000000000	0.00000000000000000000	5.00000000000000000000	1.99994577959870922790	0.49999891977834975965	0.00000000000000000000
0.00500000000000000010	0.99999867875462988831	0.99984870197802211411	0.00014997677661049769	4.99676817504588655083	1.99993990177422054089	0.50112289159598044641	0.00250561445797990202
0.01000000000000000021	0.99999792960043543122	0.99939831013621005518	0.00059961946422931495	4.99384011182591702749	1.99994134203588469489	0.50112131740950660586	0.00501122104502743464
0.01499999999999999944	0.99999782171646978135	0.99864945833527762886	0.00134836338119466524	4.99121881876424389191	1.99994210061063837358	0.50112099923548902858	0.00751682604120488054
0.02000000000000000042	0.99999726691946000390	0.99760180359351458002	0.00239546332595053394	4.98889614171903605921	1.99994313868005391122	0.50111983169754015233	0.01002242519969258165
0.02500000000000000139	0.99999615385151852109	0.99625615877277062804	0.00373999507875512555	4.98687058446722897287	1.99994413814443494637	0.50111883779438826103	0.01252801938866452205
0.02999999999999999889	0.99999437170842453426	0.99461351587305291133	0.00538085583537763635	4.98514047374521407363	1.99994706973108882231	0.50111726926991739806	0.01503360573501410884
0.03500000000000000333	0.99999302838841996888	0.99267625179400098556	0.00731677659442219602	4.98370640948745613485	1.99995145655966877207	0.50111536018257196723	0.01753918253592696985
0.04000000000000000083	0.99999130338070951751	0.99044500293867299145	0.00954630044204120461	4.98256495248600117520	1.99995488649773944800	0.50111391545494277100	0.02004475211320168315
0.04499999999999999833	0.99998916160151618548	0.98792136121121176817	0.01206780039030760053	4.98171406568997898745	1.99995833659873256671	0.50111253751682405255	0.02255031480078580411
0.05000000000000000278	0.99998656804196550674	0.98510709162068732514	0.01487947642128026847	4.98115154241349067377	1.99996331152505191220	0.50111082142759655333	0.02505586890792378674
0.05500000000000000028	0.99998348779290557875	0.98200413090099758495	0.01797935689191166447	4.98087500808389371798	1.99996924111842067084	0.50110892247569138735	0.02756141352030224562
0.05999999999999999778	0.99997988601419551813	0.97861458522075306377	0.02136530079344334948	4.98088192240390537080	1.99997512117944475918	0.50110704578212017513	0.03006694874921284760
0.06500000000000000222	0.99997572815881663466	0.97494073087846844228	0.02503499728034699542	4.98116958007605870051	1.99998296932021890626	0.50110480936125212370	0.03257247279601910989
0.07000000000000000666	0.99997097980192761746	0.97098501051613206325	0.02898596928579434684	4.98173511362507159816	1.99999196917824728637	0.50110233886056232411	0.03507798449032192151
0.07499999999999999722	0.99996671811751347558	0.96675108881496818469	0.03321562930254230717	4.98258444078433804236	2.00000220047319832162	0.50109957971674812249	0.03758348238890565907
0.08000000000000000167	0.99996199403372287851	0.96224085084503274690	0.03772114318868991650	4.98370701475524846558	2.00001139400061989093	0.50109719378171035942	0.04008896835781421142
0.08500000000000000611	0.99995784321915670567	0.95745727951039982795	0.04250056370875505973	4.98510483365651158039	2.00002155635048017857	0.50109458602705969632	0.04259444128794950823
0.08999999999999999667	0.99995224721233655352	0.95240338870933494153	0.04754885850300226424	4.98676459667563598543	2.00003072628799971611	0.50109221245512369780	0.04509990235022512395
0.09500000000000000111	0.99994724285927738539	0.94708253347965032365	0.05286470937962300942	4.98869294580875166645	2.00004269198024697829	0.50108929295839921281	0.04760534881501712196
0.10000000000000000555	0.99994002150005734109	0.94149571419746591605	0.05844430730258557555	4.99087657787167948698	2.00005020499512875531	0.50108983495281356202	0.05011079798978118616
0.10499999999999999611	0.99993050484466827754	0.93564808772771035361	0.06428241711695269200	4.99013002948865480590	1.99981562941972024205	0.50649675487318168710	0.05264328176414709293
0.11000000000000000056	0.99992238636957775366	0.92954784178597016364	0.07037454458360507814	4.98964060241182050248	1.99983482933921585811	0.50649024108570184222	0.05517573296957560547
0.11500000000000000500	0.99991549824643222166	0.92319884471277924298	0.07671665353364630346	4.98940933758543092580	1.99985063000197293981	0.50648418924328741930	0.05770815391579204451
0.11999999999999999556	0.99990921410057076457	0.91660471247091224178	0.08330450162965062633	4.98942907111465672187	1.99986332486189044566	0.50647874423723138193	0.06024054763697820475
0.12500000000000000000	0.99990300865447512280	0.90976931065416266620	0.09013369800030479606	4.98969260124909741450	1.99987581455173013545	0.50647303053824521690	0.06277291278966942722
0.13000000000000000444	0.99989686840741509588	0.90269709623406491072	0.09719977217334255237	4.99019429155302152168	1.99988847471315622784	0.50646729963684777864	0.06530524928785366723
0.13500000000000000888	0.99989028108892952229	0.89539222153933917259	0.10449805954958155119	4.99092442218537168941	1.99991076504488241028	0.50647125955376448569	0.06783760558562249021
0.14000000000000001332	0.99988411234165608388	0.88785945967981272364	0.11202465266183653236	4.99188617138997248190	1.99992366581316360907	0.50646636798549649061	0.07036993742554997766
0.14499999999999999001	0.99987745677417927403	0.88010357936733107920	0.11977387740683924366	4.99306899292040284877	1.99993666916348789009	0.50646168107236877454	0.07290224583091181598
0.14999999999999999445	0.99987135226501844265	0.87213039961509319919	0.12774095264991383591	4.99446893382583656518	1.99995050311003419452	0.50645718304888631689	0.07543453174615624701
0.15499999999999999889	0.99986477289429520621	0.86394416655856609566	0.13592060633572014550	4.99607915159439297526	1.99996346487675569215	0.50645313351484488873	0.07796679741373047090
0.16000000000000000333	0.99985770255222672365	0.85555005837127406920	0.14430764418094182977	4.99789398910578164248	1.99997736153620331301	0.50644918311775821707	0.08049904332931925866
0.16500000000000000777	0.99984919751671164079	0.84695264966773053938	0.15289654784896936079	4.99990652475917762843	1.99999227065306950379	0.50644524199627871663	0.08303126953930065057
0.17000000000000001221	0.99984109052057179579	0.83815877336959199173	0.16168231715096897938	5.00211370717385328533	2.00001008681379888188	0.50644078726565411319	0.08556347347562892613
0.17500000000000001665	0.99983242339548383804	0.82917318114201554735	0.17065924225345513454	5.00450939773985492565	2.00002548655903744645	0.50643795430280247327	0.08809566324714293573
0.17999999999999999334	0.99982423310323675913	0.82000190157245245182	0.17982233153077076260	5.00709202585117996165	2.00004276184259888183	0.50643628121084471871	0.09062784465319716209
0.18499999999999999778	0.99981777115453118743	0.81065140720086836801	0.18916636395364860856	5.00985589211325077486	2.00005949000477389887	0.50643370573769863618	0.09316001318188565916
0.19000000000000000222	0.99981114442327212455	0.80112665952113226719	0.19868448490212234359	5.01278441562055387948	2.00007187282238252379	0.50643862713348730686	0.09569220631755309681
0.19500000000000000666	0.99980440039622497927	0.79143370202654728107	0.20837069836966126690	5.01587565493089382329	2.00008518385171729648	0.50643859679112412930	0.09822439930150872467
0.20000000000000001110	0.99979658286270378653	0.78157820409831080255	0.21821837876437200077	5.01911971324488259683	2.00009776226991053960	0.50644043816296935301	0.10075660149232357199
0.20500000000000001554	0.99978931816239369201	0.77156660627545892162	0.22822271188691609090	5.02251692520143500076	2.00011369992451681910	0.50643872211110674275	0.10328879510287911070
0.20999999999999999223	0.99978086539040667002	0.76140462133513653331	0.23837624405524993065	5.02605486988492788925	2.00012858194426490499	0.50643610922221349302	0.10582097564899017872
0.21499999999999999667	0.99977292377681192814	0.75109888169681371384	0.24867404207997184651	5.02973347128280234841	2.00014608498084989208	0.50643302299107550990	0.10835314076394556015
0.22000000000000000111	0.99976465189773244813	0.74065547786133767438	0.25910917403637162559	5.03354309251362508348	2.00016244571401813346	0.50643053692533590571	0.11088529344857224468
0.22500000000000000555	0.99975787909101765383	0.73008153568966471791	0.26967634340132834447	5.03748991395603429311	2.00017955330684982229	0.50642804415896980341	0.11341743366936708759
0.23000000000000000999	0.99975112811866129192	0.71938277416354245997	0.28036835395508857838	5.04155610605674198155	2.00019212871118989838	0.50642698640149574896	0.11594956860137456411
0.23500000000000001443	0.99974410773952393505	0.70856557498217842550	0.29117853275731120366	5.04573370630924245006	2.00020587888785383868	0.50642581659501939573	0.11848169768434965721
0.23999999999999999112	0.99973672983171302242	0.69763641731218539732	0.30210031251949465148	5.05001456876342125213	2.00021937554289319650	0.50642770274929904684	0.12101383619809615022
0.24499999999999999556	0.99972905167705139462	0.68660181791316854394	0.31312723376384998808	5.05439336540119743546	2.00023432818515845000	0.50642701814697310692	0.12354597128883101909
0.25000000000000000000	0.99972119470084874759	0.67546845076723349699	0.32425274393358033409	5.05886347948174819322	2.00024991643668137442	0.50642645088877680237	0.12607810354327489422
0.25500000000000000444	0.99971213769205569122	0.66424241051956267601	0.33546972717245993056	5.06340830837495836647	2.00026460380929327343	0.50643111408618757263	0.12861025911370582708
0.26000000000000000888	0.99970364264921107722	0.65293129280701356354	0.34677234984216304126	5.06803920606607860577	2.00028291381491296619	0.50643036941827956898	0.13114241096079723436
0.26500000000000001332	0.99969564526975007723	0.64154171939480009179	0.35815392587490846310	5.07274900642917625504	2.00030024577710729972	0.50643017397420841963	0.13367456183066828146
0.27000000000000001776	0.99968759491782110960	0.63008012461021289941	0.36960747030756935239	5.07752550185973916541	2.00031591705372857604	0.50643063592333137368	0.13620671501028494554
0.27500000000000002220	0.99967932695615768779	0.61855316086228062655	0.38112616609383709321	5.08236058359378350957	2.00033201359499690497	0.50643108218683285937	0.13873887042121910151
0.28000000000000002665	0.99967081929757717340	0.60696757513414556495	0.39270324416339380535	5.08724722185516231576	2.00034858037339402514	0.50643163016905479168	0.14127102857206438880
0.28500000000000003109	0.99966205163136256928	0.59533013091903030922	0.40433192071229556719	5.09217827189175586966	2.00036569690093113394	0.50643258863643791923	0.14380319151524656451
0.28999999999999998002	0.99965314418637707394	0.58364762753578436349	0.41600551665055385264	5.09714750607584043962	2.00038334273764073501	0.50643327270186133671	0.14633535787875587286
0.29499999999999998446	0.99964480485477691385	0.57192720626315551868	0.42771759859157937322	5.10215061096657596096	2.00040128702950781303	0.50643900749208747847	0.14886755291621631137
