0.00000000000000000000	1.00000000000000000000	1.00000000000000000000	0.00000000000000000000	5.00000000000000000000	1.99994577959870922790	0.49999891977834975965	0.00000000000000000000
0.00500000000000000010	0.99999844206058163820	0.99984844527727534391	0.00014999678330604560	4.99980486503933096998	1.99994842216887769304	0.50011056689327126890	0.00250055283446635633
0.01000000000000000021	0.99999796410095009858	0.99939808695927212501	0.00059987714168000189	4.99991540566059544659	1.99994937864328425903	0.50011019000337908480	0.00500110378448325246
0.01499999999999999944	0.99999717070985050249	0.99864782998302270567	0.00134934072683015973	5.00032432313395602819	1.99995096592809717961	0.50010966168313053526	0.00750165209289890486
0.02000000000000000042	0.99999606071576663258	0.99759815381487204622	0.00239790690090025630	5.00103110977979437024	1.99995195090109678659	0.50010937472346250754	0.01000219896651621809
0.02500000000000000139	0.99999463285399114998	0.99624971778743165451	0.00374491506656331056	5.00203507764563948257	1.99995447067880349756	0.50010862670919475903	0.01250274210006219189
0.02999999999999999889	0.99999288577922595955	0.99460336067386290182	0.00538952510536644131	5.00333535901780646071	1.99995762888050099271	0.50010772577950290962	0.01500328072895970588
0.03500000000000000333	0.99999194015904036004	0.99266121227623893564	0.00733072788280531365	5.00493428323282785186	1.99996142825472689175	0.50010667119559382154	0.01750381408493767443
0.04000000000000000083	0.99999089649939953972	0.99042357241088685438	0.00956732408851674807	5.00682792930249309649	1.99996351555928209009	0.50010613523287883453	0.02000434476110207055
0.04499999999999999833	0.99998975331825790125	0.98789181168371931197	0.01209794163454034482	5.00901489734400051645	1.99996580186905781318	0.50010555605025541759	0.02250487254135334625
0.05000000000000000278	0.99998850913315151523	0.98506747699027108478	0.01492103214288266824	5.01149361125594072774	1.99996829015056598600	0.50010493286548285408	0.02500539720568075927
0.05500000000000000028	0.99998716246298346988	0.98195229054932486878	0.01803487191365946152	5.01426231971874436510	1.99997098336782452854	0.50010426489396542227	0.02750591853015058735
0.05999999999999999778	0.99998571183091600201	0.97854814883278506965	0.02143756299813285790	5.01731909729222014249	1.99997388447642276965	0.50010355135021999917	0.03000643628690168735
0.06500000000000000222	0.99998415576705312890	0.97485712139111435626	0.02512703437594252659	5.02066184561668471531	1.99997699641836890194	0.50010279144918745597	0.03250695024414762546
0.07000000000000000666	0.99998249281098672281	0.97088144957520894351	0.02910104323578054444	5.02428829471711502208	1.99998032211674869885	0.50010198440757391847	0.03500746016618549311
0.07499999999999999722	0.99998072151431249832	0.96662354515560622303	0.03335717635870761449	5.02819600440984793011	1.99998271602388921764	0.50010142294447434974	0.03750796728090786264
0.08000000000000000167	0.99997884044303231299	0.96208598883979812300	0.03789285160323453694	5.03238236581038211881	1.99998639947032619268	0.50010053888602568062	0.04000846997533798882
0.08500000000000000611	0.99997684817988385930	0.95727152868864406887	0.04270531949124143495	5.03684460294167468675	1.99999030518545906077	0.50009960538415276776	0.04250896800225874989
0.08999999999999999667	0.99997474332668911945	0.95218307843294136550	0.04779166489374959970	5.04157977444232852093	1.99999443595580816968	0.50009862167802066057	0.04500946111064885180
0.09500000000000000111	0.99997252450646367805	0.94682371569098433550	0.05314880881548168789	5.04658477537235938826	1.99999879452599271801	0.50009758701438578044	0.04750994904572078403
0.10000000000000000555	0.99996936152644033680	0.94119590421295684646	0.05877345731348664754	5.05185376236465177868	2.00000338359448281977	0.50009650064866595365	0.05001043154896411130
0.10499999999999999611	0.99996649566828610389	0.93530412882595492796	0.06466236684233314658	5.05770595754548857315	2.00000878908410584245	0.49999776616430180454	0.05251042037978562171
0.11000000000000000056	0.99996365204554049644	0.92915158320661428437	0.07081206883892798842	5.06381879944098312052	2.00001450138050973493	0.49999622831432583014	0.05501040152135724948
0.11500000000000000500	0.99996083074039043836	0.92274195803220970813	0.07721887270818302007	5.07018859235043528599	2.00002017736569337458	0.49999470697848358292	0.05751037505624966711
0.11999999999999999556	0.99995803269718275264	0.91607909838471868191	0.08387893431246573606	5.07681149136234388664	2.00002581593431250084	0.49999320149840587035	0.06001034106374169425
0.12500000000000000000	0.99995525946149177443	0.90916700119831361793	0.09078825826318183412	5.08368350333560847787	2.00003141442811394057	0.49999171198158987028	0.06251029962364963721
0.13000000000000000444	0.99995319041219332679	0.90201042010690524187	0.09794277030529105477	5.09080259356885900246	2.00003696910385819763	0.49999023901045985818	0.06501025081870193123
0.13500000000000000888	0.99995133378809863967	0.89461319371987502169	0.10533814006822553311	5.09816460159873940938	2.00004104780663993779	0.49999071288033514193	0.06751020438310360861
0.14000000000000001332	0.99994942704247646859	0.88697952043396044441	0.11296990660851753685	5.10576261252707119809	2.00004484970421447798	0.49998970501338879657	0.07001015290817055869
0.14499999999999999001	0.99994747020278196281	0.87911397756951348281	0.12083349263327006207	5.11359203939951534323	2.00004875175399643439	0.49998866261632896046	0.07251009622125220710
0.14999999999999999445	0.99994546350658897182	0.87102128131044120884	0.12892418219615101038	5.12164816019688551307	2.00005275356631795347	0.49998758818204175336	0.07501003416216241171
0.15499999999999999889	0.99994340736206599463	0.86270628385123304671	0.13723712351083561245	5.12992611966810585500	2.00005685437849800579	0.49998648378358184763	0.07750996658108032233
0.16000000000000000333	0.99994130232564337746	0.85417397047856424841	0.14576733184708018376	5.13842093166972713192	2.00006105311310955486	0.49998535109064040638	0.08000989333653352187
0.16500000000000000777	0.99993914908443337630	0.84542945657765578016	0.15450969250677848432	5.14712748175051526545	2.00006534841900496247	0.49998419149984013599	0.08250981429403272949
0.17000000000000001221	0.99993694844164204838	0.83647798456348210205	0.16345896387816230555	5.15604052991870887013	2.00006973870450366348	0.49998300622302599416	0.08500972932514785918
0.17500000000000001665	0.99993470130398176554	0.82732492073764396512	0.17260978056633635713	5.16515471355568323020	2.00007422216510999391	0.49998179634625578016	0.08750963830687913392
0.17999999999999999334	0.99993240867050348086	0.81797575207221207005	0.18195665659829104999	5.17446455045221753721	2.00007879680758415830	0.49998056287041653389	0.09000954112123121797
0.18499999999999999778	0.99993007162270597377	0.80843608292221635914	0.19149398870049133548	5.18396444195272287914	2.00008346047081975172	0.49997930673827906123	0.09250943765492261606
0.19000000000000000222	0.99992769131532299731	0.79871163166826131263	0.20121605964706121283	5.19364867619437031721	2.00008821084543475521	0.49997802885332187639	0.09500932779918921933
0.19500000000000000666	0.99992526921347091307	0.78880822750570656066	0.21111704170776710021	5.20351143295519591447	2.00009175973237240953	0.49997706433235772350	0.09750921312085100712
0.20000000000000001110	0.99992280693514457024	0.77873180678605857796	0.22119100014908765761	5.21354678351252864843	2.00009663472286414176	0.49997575841999425394	0.10000909191295097311
0.20500000000000001554	0.99992030521241692664	0.76848840867429502044	0.23143189653812334949	5.22374871052392109050	2.00010159114613728093	0.49997451290186750716	0.10250896447746031537
0.20999999999999999223	0.99991776515755736998	0.75808417253817528270	0.24183359261938230933	5.23411108245103751102	2.00010662585822229786	0.49997324643091628493	0.10500883070961489207
0.21499999999999999667	0.99991518813182767023	0.74752533417513467029	0.25238985395669538692	5.24462766776627997700	2.00011173623025539925	0.49997195696582663604	0.10750869049444403136
0.22000000000000000111	0.99991257554018120324	0.73681822192218848766	0.26309435361799538011	5.25529214333612948451	2.00011691952088499491	0.49997064581242689485	0.11000854372350617194
0.22500000000000000555	0.99990992882292462074	0.72596925286294977653	0.27394067595997639852	5.26609809812670537355	2.00012217290829186211	0.49996931425040669339	0.11250839029475820374
0.23000000000000000999	0.99990724941051423169	0.71498492895062470964	0.28492232045989018818	5.27703903682663444386	2.00012749350645080426	0.49996796353452943595	0.11500823011243084537
0.23500000000000001443	0.99990453949348823137	0.70387183367366479292	0.29603270581982299436	5.28810836844042597704	2.00013287716032639452	0.49996657660250498623	0.11750806299544337696
0.23999999999999999112	0.99990180047134946673	0.69263662700465411515	0.30726517346669574016	5.29929944395904239940	2.00013832101167698951	0.49996517657722694405	0.12000788887832951335
0.24499999999999999556	0.99989903375178579292	0.68128604198575659634	0.31861299176603075090	5.31060554151381047916	2.00014382226424158873	0.49996376421631238962	0.12250770769941107807
0.25000000000000000000	0.99989624074347049909	0.66982688069287465993	0.33006936005059589467	5.32201987039144164271	2.00014937811354220898	0.49996234028823971496	0.12500751940085227942
0.25500000000000000444	0.99989342285175975000	0.65826601016009467227	0.34162741269166641001	5.33353557507805753346	2.00015498575568040351	0.49996090555473526873	0.12750732392862595965
0.26000000000000000888	0.99989058147456055803	0.64661035826496993106	0.35328022320959295843	5.34514573934350689655	2.00016064239623680976	0.49995946076889291598	0.13000712123247043506
0.26500000000000001332	0.99988771799839137877	0.63486690957712865746	0.36502080842126571891	5.35684339036387591193	2.00016634525827585733	0.49995800667340278833	0.13250691126583744039
0.27000000000000001776	0.99988483379469994539	0.62304270117267734896	0.37684213262202526096	5.36862150287978856511	2.00017209158989217599	0.49995654399892680564	0.13500669398583206582
0.27500000000000002220	0.99988193021630245028	0.61114481841692924746	0.38873711179937708859	5.38047300338726408597	2.00017787867186180861	0.49995507346239215218	0.13750646935314403407
0.28000000000000002665	0.99987900859409395427	0.59918039071799611417	0.40069861787610083770	5.39239077435931779547	2.00018370382428800625	0.49995359576554682102	0.14000623733197176124
0.28500000000000003109	0.99987607023390234762	0.58715658725380026617	0.41271948298010613376	5.40436765849520117655	2.00018956441316575479	0.49995211159352548336	0.14250599788993939532
0.28999999999999998002	0.99987311641313703081	0.57508061267482468715	0.42479250373831289878	5.41639646299210042457	2.00019545785659902393	0.49995062161347297858	0.14500575099800674939
0.29499999999999998446	0.99987014837843402049	0.56295970278527962538	0.43691044559315678208	5.42846996499457290497	2.00020138163379401774	0.49994912790301554439	0.14750549663752182683
0.29999999999999998890	0.99986716734597425038	0.55080112020793825511	0.44906604713804038065	5.44058091275585642421	2.00020733327839650428	0.49994762851936802583	0.15000523478011867917
0.30499999999999999334	0.99986417450129638773	0.53861215003224860443	0.46125202446904917108	5.45272203286417678214	2.00021331038923344536	0.49994612522134135313	0.15250496540622537900
0.30999999999999999778	0.99986117099016580401	0.52640009544297738930	0.47346107554718763755	5.46488603370045478158	2.00021931063450164601	0.49994461860102257234	0.15500468849923049186
0.31500000000000000222	0.99985815791742871372	0.51417227334278403639	0.48568588457464434427	5.47706560980295353858	2.00022533176148931133	0.49994310922225942972	0.15750440404534180039
0.32000000000000000666	0.99985513634532230398	0.50193600996609188947	0.49791912637923335661	5.48925344623752309303	2.00023137160017361325	0.49994159762352341492	0.16000411203345940581
0.32500000000000001110	0.99985210729196083435	0.48969863648729761163	0.51015347080466622032	5.50144222297469021044	2.00023742806649185155	0.49994008431742265053	0.16250381245504652572
0.33000000000000001554	0.99984907173003478853	0.47746748462602195406	0.52238158710401472185	5.51362461927103364445	2.00024349916522403703	0.49993856979023204579	0.16500350530399768290
0.33500000000000001998	0.99984603058324295066	0.46524988225085839311	0.53459614833238677800	5.52579331804504736425	2.00024958299715560628	0.49993705449906178373	0.16750319057649298848
0.34000000000000002442	0.99984298472829646887	0.45305314898800252976	0.54678983574029582648	5.53794101026661866882	2.00025567775530754844	0.49993553887573594086	0.17000286827087165986
0.34500000000000002887	0.99983993499391943249	0.44088459183327705082	0.55895534316064454661	5.55006039933453454438	2.00026178172712620906	0.49993402332540165522	0.17250253838749865509
0.35000000000000003331	0.99983688216018784534	0.42875150077183710184	0.57108538138835363007	5.56214420544780807631	2.00026789329615928281	0.49993250822607160355	0.17500220092862900367
0.35499999999999998224	0.99983382695789202455	0.41666114440809465247	0.58317268254979881537	5.57418516996699331401	2.00027401094326151565	0.49993099392846174212	0.17750185589827130461
0.35999999999999998668	0.99983077006808573906	0.40462076560855214646	0.59521000445953642366	5.58617605976373710064	2.00028013324793407790	0.49992948075582949174	0.18000150330205044735
0.36499999999999999112	0.99982771212184173848	0.39263757716019187516	0.60719013496165430421	5.59810967155587135835	2.00028625888896760543	0.49992796900394081971	0.18250114314707013841
0.36999999999999999556	0.99982465370009687700	0.38071875744697725175	0.61910589625312228979	5.60997883622507309553	2.00029238664479880327	0.49992645894111209515	0.18500077544177570554
0.37500000000000000000	0.99982159533360670522	0.36887144614714056923	0.63095014918647218671	5.62177642311442848921	2.00029851539374758929	0.49992495080828752707	0.18750040019581715178
0.38000000000000000444	0.99981853750317561946	0.35710273995382663115	0.64271579754935259654	5.63349534430402076879	2.00030464411397135294	0.49992344481920641952	0.19000001741991318083
0.38500000000000000888	0.99981548063985359320	0.34541968832166997094	0.65439579231818711946	5.64512855886083819712	2.00031077188289208024	0.49992194116064458953	0.19249962712571641599
0.39000000000000001332	0.99981242512534707068	0.33382928924185961694	0.66598313588349133951	5.65666907706107480180	2.00031689787691568938	0.49992043999267499199	0.19499922932567978484
0.39500000000000001776	0.99980937129260027962	0.32233848504827805614	0.67747088624432494353	5.66810996458257498887	2.00032302137001183340	0.49991894144901116714	0.19749882403292484678
0.40000000000000002220	0.99980631942636200016	0.31095415825719158187	0.68885216116917302731	5.67944434666379027732	2.00032914173295583993	0.49991744563753715003	0.19999841126111253531
0.40500000000000002665	0.99980326976398226080	0.29968312744302483264	0.70012014232095765021	5.69066541222782262821	2.00033525843196180460	0.49991595264059485171	0.20249799102431551012
0.41000000000000003109	0.99980122365090662306	0.28853235387439768456	0.71126886977651548882	5.70177421648397242393	2.00034137102694975496	0.49991446251563176340	0.20499756333689367338
0.41500000000000003553	0.99979823034660120218	0.27750809444796642467	0.72229013589863955147	5.71274885845456914524	2.00034541764070850078	0.49991354895187284368	0.20749713108165304676
0.41999999999999998446	0.99979528079586699185	0.26661716980533461951	0.73317811099053498136	5.72359044962042950999	2.00035133447508162163	0.49991217957319267207	0.20999669197951900679
0.42499999999999998890	0.99979233416474422302	0.25586609351458949879	0.74392624065015722223	5.73429219863612082975	2.00035724743340193044	0.49991074856018752337	0.21249624572231995412
0.42999999999999999334	0.99979036065179849313	0.24526147058655048405	0.75452889006525047932	5.74485526729943352109	2.00036315500618444574	0.49990932050653619223	0.21499579232485263591
0.43499999999999999778	0.99978742895896477449	0.23480931039402494487	0.76497811856494302152	5.75525820379239494429	2.00036714400021109483	0.49990836635773439056	0.21749533415664129565
0.44000000000000000222	0.99978453982902359964	0.22451605326626392078	0.77526848656276259319	5.76550253477044538641	2.00037294165631118759	0.49990703578992767842	0.21999486933559092572
0.44500000000000000666	0.99978165302772592504	0.21438785592159922966	0.78539379710612755581	5.77558183099270916472	2.00037873546608357955	0.49990564284435878850	0.22249439754981270578
0.45000000000000001110	0.99977876889128114435	0.20443078311152973470	0.79534798577975118761	5.78549003678731565969	2.00038452516833809014	0.49990425230505824983	0.22499391881133798399
0.45500000000000001554	0.99977588722742771754	0.19465079688529454693	0.80512509034213897152	5.79522119500789845148	2.00039031012110735119	0.49990286426922120322	0.22749343313268408084
0.46000000000000001998	0.99977300782051659045	0.18505375308295166081	0.81471925473756656721	5.80476945456144477475	2.00039609070830826099	0.49990147859631084426	0.22999294052566562896
0.46500000000000002442	0.99977013042311002611	0.17564539781742558033	0.82412473260568752664	5.81412907386336641480	2.00040186737995817623	0.49990009511136190845	0.23249244100122243295
0.47000000000000002887	0.99976725475775995999	0.16643136402885791436	0.83333589072890434934	5.82329442428943622190	2.00040764064804399425	0.49989871362364712848	0.23499193456934067137
0.47500000000000003331	0.99976438051883320668	0.15741716810962663731	0.84234721240920928942	5.83225999355766955290	2.00041341108249248748	0.49989733392777624399	0.23749142123897953871
0.47999999999999998224	0.99976150737419811065	0.14860820660088355782	0.85115330077331696756	5.84102038903765841127	2.00041917930780766000	0.49989595580462853341	0.23999090101800268915
0.48499999999999998668	0.99975960408385911027	0.14000983530517072118	0.85974976877869091485	5.84957801044537006874	2.00042494599971565350	0.49989457902229905706	0.24249037391311417666
0.48999999999999999112	0.99975674273816161897	0.13162703053243976492	0.86812971220572665576	5.85791246684415956025	2.00042880028408154303	0.49989367396943368282	0.24498984228296133425
0.49499999999999999556	0.99975392055492229293	0.12346490200297090267	0.87628901855195584503	5.86602658670547416619	2.00043446463793017642	0.49989239304032462297	0.24748930424816295570
0.50000000000000000000	0.99975109747466595067	0.11552833183731014977	0.88422276563735702215	5.87391521787636072816	2.00044013122461716847	0.49989104582751697770	0.24998875947730053726
0.50500000000000000444	0.99974827308754832256	0.10782207035518590055	0.89192620273236655759	5.88157361327244831983	2.00044580029687990574	0.49988969868198274149	0.25248820797071047650
0.51000000000000000888	0.99974544740543758170	0.10035072984055781742	0.89939471756488287291	5.88899716628003133678	2.00045147265759437616	0.49988835290224509222	0.25498764973522169974
0.51500000000000001332	0.99974261995406121795	0.09311878171721366115	0.90662383823685166462	5.89618140912194377279	2.00045714833649412867	0.49988700527924717631	0.25748708476161791259
0.52000000000000001776	0.99973979024924541914	0.08613055390241775022	0.91360923634683044448	5.90312201861591567820	2.00046282826374000052	0.49988565335918827559	0.25998651302841385702
0.52500000000000002220	0.99973695779895865865	0.07939022821589916679	0.92034672958306407153	5.90981481430048560810	2.00046851336839326407	0.49988430237998243699	0.26248593454031377004
0.53000000000000002665	0.99973412210364442920	0.07290183787741685850	0.92683228422623042952	5.91625576532802011087	2.00047420463947078773	0.49988295014201766797	0.26498534929102385282
0.53500000000000003109	0.99973128266234267958	0.06666926509413541313	0.93306201756821283144	5.92244099175978444549	2.00047990307054712744	0.49988159635939488634	0.26748475727282083891
0.54000000000000003553	0.99972843896697816124	0.06069623865075703117	0.93903220031622502972	5.92836676898395342761	2.00048556854292947094	0.49988024313978229873	0.26998415848851975429
0.54500000000000003997	0.99972559050229992117	0.05498633195209688684	0.94473925855020624009	5.93402952571943487214	2.00049123804513317992	0.49987889369610560841	0.27248355295700027456
0.55000000000000004441	0.99972370789306519434	0.04954298066942815909	0.95018072722364110838	5.93943359586106467418	2.00049691806518881165	0.49987754175794807399	0.27498294066578998773
0.55500000000000004885	0.99972086036918017538	0.04436939723137270364	0.95535146313781016403	5.94456032925147503931	2.00050069363802629496	0.49987665876619813421	0.27748232395962096897
0.56000000000000005329	0.99971804521244278519	0.03946870014850597380	0.96024934506393777589	5.94941454432392724527	2.00050629467446405840	0.49987539669916586371	0.27998170094311680689
0.56500000000000005773	0.99971522274107160744	0.03484381922934926684	0.96487140351172717700	5.95399304428514319909	2.00051191094618241451	0.49987406273484652486	0.28248107125679106089
0.57000000000000006217	0.99971239248673948730	0.03049751984872120167	0.96921487263802419410	5.95829306553133264401	2.00051754287940442012	0.49987272475881416867	0.28498043488058510952
0.57500000000000006661	0.99970955398280936244	0.02643240045946055466	0.97327715352335208987	5.96231201023076184953	2.00052319141556633753	0.49987138433150585248	0.28747979180224264573
0.57999999999999996003	0.99970670719477483512	0.02265089103956673469	0.97705581615521353012	5.96604745353918275441	2.00052885750365527784	0.49987003919768502325	0.28997914199823104919
0.58499999999999996447	0.99970385163623343150	0.01915525163210740622	0.98054860000412791265	5.96949713679143023626	2.00053454122194906972	0.49986868932369943330	0.29247848544484955635
0.58999999999999996891	0.99970098684508834630	0.01594757100041683737	0.98375341584467512757	5.97265897262616540786	2.00054024352266202058	0.49986733443357955764	0.29497782211701745192
0.59499999999999997335	0.99969811236636230145	0.01302976538060093316	0.98666834698576244556	5.97553104811311008859	2.00054596534950279718	0.49986597086446565852	0.29747715197133978160
0.59999999999999997780	0.99969522775924035685	0.01040357733814455121	0.98929165042110189798	5.97811162192907730173	2.00055170758264511122	0.49986460181673963987	0.29997647498042345759
0.60499999999999998224	0.99969233259806389302	0.00807057472864450287	0.99162175786942274858	5.98039912743329971079	2.00055747109533266226	0.49986322702708985144	0.30247579111555888964
0.60999999999999998668	0.99968942647357605935	0.00603214976327380407	0.99365727671030446011	5.98239217360799635514	2.00056325672831292195	0.49986184624232593565	0.30497510034677050017
0.61499999999999999112	0.99968650899446631630	0.00428951817951476935	0.99539699081495558453	5.98408954589598351959	2.00056906528756472952	0.49986045921892907629	0.30747440264286513001
0.61999999999999999556	0.99968454933980188670	0.00284371875495477910	0.99684083058484806994	5.98549796137252876349	2.00057489754134687487	0.49985906572298727246	0.30997369797148005555
0.62500000000000000000	0.99968162112049385737	0.00169561232958778110	0.99798600879091148297	5.98660115515960811194	2.00057884090383630848	0.49985813665355016688	0.31247298865474781859
0.63000000000000000444	0.99967871833416166449	0.00084588132793458307	0.99883283700623048951	5.98740635296575440805	2.00058461902838491397	0.49985682625331739892	0.31497227278601441780
0.63500000000000000888	0.99967580226182140013	0.00029502943248337456	0.99938077282934245638	5.98791278918736846748	2.00059042461344027686	0.49985544122410896506	0.31747154999213494930
0.64000000000000001332	0.99967287264543713832	0.00004338131183972900	0.99962949133360401444	5.98812013960907219001	2.00059625768007753877	0.49985404879336758910	0.31997082023610179391
0.64500000000000001776	0.99966992923950759309	0.00009108242088053177	0.99957884681863029552	5.98802826101058904840	2.00060211873261639681	0.49985264828283565430	0.32247008347751598967
0.65000000000000002220	0.99966697182403341237	0.00043809891628718560	0.99922887290775175284	5.98763718867960204051	2.00060800824161866274	0.49985123978083462193	0.32496933967642016583
0.65500000000000002665	0.99966400061220728190	0.00108421768342129563	0.99857978292878812887	5.98694714044716658208	2.00061392662417469879	0.49984982315038800627	0.32746858879217211058
0.66000000000000003109	0.99966101539118890074	0.00202904646253802140	0.99763196892865591003	5.98595851159908232120	2.00061987345747960276	0.49984839522818275137	0.32996783076831304182
0.66500000000000003553	0.99965801598063497302	0.00327201408856217946	0.99638600189207615632	5.98467187445102410948	2.00062584910036411756	0.49984695923051492006	0.33246706556446559144
0.67000000000000003997	0.99965500222447056800	0.00481237083605498030	0.99484263138842032870	5.98308797988911589272	2.00063185388696096467	0.49984551504379631792	0.33496629313968456776
0.67500000000000004441	0.99965197399096716868	0.00664918887139838780	0.99300278511957451588	5.98120775691699169130	2.00063788810221598879	0.49984406256867297547	0.33746551345252795429
0.68000000000000004885	0.99964893117275988033	0.00878136281159821140	0.99086756836116895997	5.97903231209657359813	2.00064395198192901404	0.49984260171910949166	0.33996472646112352312
0.68500000000000005329	0.99964587368742796603	0.01120761038935769172	0.98843826329807504827	5.97656292888684514963	2.00065004571285509627	0.49984113242236960506	0.34246393212323539279
0.69000000000000005773	0.99964280147695316892	0.01392647322397722043	0.98571632825298161062	5.97380106686901957147	2.00065616943160140551	0.49983965461846119327	0.34496313039632769959
0.69500000000000006217	0.99963971450519717443	0.01693631769756347855	0.98270339680763663104	5.97074836085212456993	2.00066232322585335623	0.49983816826066401751	0.34746232123763104438
0.70000000000000006661	0.99963661276312465453	0.02023533593596944097	0.97940127682715993895	5.96740661881246214904	2.00066850712908816945	0.49983667522196378874	0.34996150461374087026
0.70499999999999996003	0.99963349626481989851	0.02382154689407113904	0.97581194937075377283	5.96377782310856829895	2.00067472113997046890	0.49983517342788968962	0.35246068048088030622
0.70999999999999996447	0.99963133390042946402	0.02769284293374410511	0.97193849096668982757	5.95987183146256338517	2.00068096520465577015	0.49983366291831099470	0.35495984879547187729
0.71499999999999996891	0.99962820157712450886	0.03184681595474123106	0.96778138562239091058	5.95567566366283340784	2.00068532664848053315	0.49983261470484185995	0.35745901186899609048
0.71999999999999997335	0.99962509130824672710	0.03628101425600893659	0.96334407705224189833	5.95119966056486138228	2.00069152822354556776	0.49983118280855282078	0.35995816778303885153
0.72499999999999997780	0.99962196596905938950	0.04099277535763386909	0.95862919061143148092	5.94644623313820464006	2.00069776121168674266	0.49982967297165831200	0.36245731614789716835
0.72999999999999998224	0.99961882571438387401	0.04597927228399745214	0.95363955343039175094	5.94141821158079430631	2.00070402480010844926	0.49982815113463985313	0.36495645690357036983
0.73499999999999998668	0.99961567071372314786	0.05123751354708491745	0.94837815716664108923	5.93611858873443321016	2.00071031863649428928	0.49982662051025533723	0.36745559000612165734
0.73999999999999999112	0.99961250115315747333	0.05676434493963562061	0.94284815621352635606	5.93055052012993577648	2.00071664235990054337	0.49982508117368312783	0.36995471541199009824
0.74499999999999999556	0.99960931724287815925	0.06255645142681992565	0.93705286581606117569	5.92471732215349078388	2.00072299557774480050	0.49982353320912831229	0.37245383307803575645
0.75000000000000000000	0.99960611959232648083	0.06861035916849551886	0.93099576042383502816	5.91862247301919985887	2.00072937784927207261	0.49982197671333949973	0.37495294296160247560
0.75500000000000000444	0.99960290841075638557	0.07492243753571627141	0.92468047087504690040	5.91226960435772319613	2.00073578794126838432	0.49982041197975068947	0.37745204502150120351
0.76000000000000000888	0.99959968393171383383	0.08148890131793887215	0.91811078261377931931	5.90566250239742451811	2.00074222540012813809	0.49981883912465696618	0.37995113921712447835
0.76500000000000001332	0.99959644640388389814	0.08830581299109942217	0.91129063341278737642	5.89880510563637727728	2.00074868974171105052	0.49981725825634693017	0.38245022550840623854
0.77000000000000001776	0.99959319608983687733	0.09536908507750903319	0.90422411101233102215	5.89170150247557788958	2.00075518045316247395	0.49981566949094530239	0.38494930385586095811
0.77500000000000002220	0.99958993326488743136	0.10267448259552174050	0.89691545066936906316	5.88435592876331892143	2.00076169699542116831	0.49981407295170804383	0.38744837422061950694
0.78000000000000002665	0.99958665821324577117	0.11021762559718256691	0.88936903261606825577	5.87677276523251101992	2.00076823880565868308	0.49981246876843438143	0.38994743656446168023
0.78500000000000003109	0.99958337123257612333	0.11799399179324347731	0.88158937943933857184	5.86895653382377258112	2.00077480529565621126	0.49981085893718724122	0.39244649085914762310
0.79000000000000003553	0.99958007262888270983	0.12599891926279022103	0.87358115336609620805	5.86091189721227223686	2.00078139586856007526	0.49980924158557787917	0.39494553706707552498
0.79500000000000003997	0.99957676271630035991	0.13422760924748802780	0.86534915346881691178	5.85264365481108672640	2.00078800990874583476	0.49980761691183456241	0.39744457515163467143
0.80000000000000004441	0.99957344181515683790	0.14267512902714588052	0.85689831278801364967	5.84415673989249206954	2.00079464678351115481	0.49980598506995965735	0.39994360507698445417
0.80500000000000004885	0.99957011025051945019	0.15133641487559626460	0.84823369537492587789	5.83545621662990132705	2.00080130584974913432	0.49980434622060498917	0.40244262680808745580
0.81000000000000005329	0.99956676835100644052	0.16020627509510851350	0.83936049325590000869	5.82654727705886621436	2.00080798645708846095	0.49980270052630643152	0.40494164031071899768
0.81500000000000005773	0.99956341645068913504	0.16927939312808604200	0.83028402332260731189	5.81743523797793038455	2.00081468795018535545	0.49980104814382741996	0.40744064555143810757
0.82000000000000006217	0.99956005487890220440	0.17855033074224380130	0.82100972413666128968	5.80812553934157627111	2.00082140968438393358	0.49979938641252363851	0.40993964248350073243
0.82500000000000006661	0.99955668396352426175	0.18801353129018941179	0.81154315267333976269	5.79862373771044836701	2.00082815098781896523	0.49979771838622644164	0.41243863107543188296
0.83000000000000007105	0.99955330402956943381	0.19766332303852329755	0.80188998099104957795	5.78893550459439509837	2.00083491121364609455	0.49979604422035811551	0.41493761129653367048
0.83499999999999996447	0.99954991539742743534	0.20749392256665488699	0.79205599283077643413	5.77906662304490392756	2.00084168972312559376	0.49979436406925897840	0.41743658311687997786
0.83999999999999996891	0.99954651838135910591	0.21749943823260337039	0.78204708014875845556	5.76902298418180770057	2.00084848588912533884	0.49979267808461563805	0.41993554650730308131
0.84499999999999997335	0.99954311328779943402	0.22767387370369071564	0.77186923958411313151	5.75881058365426223844	2.00085529909919079827	0.49979098641463393093	0.42243450143937627539
0.84999999999999997780	0.99953970041407658176	0.23801113155015690692	0.76152856886392483737	5.74843551804190866505	2.00086212875921054533	0.49978928920316334494	0.42493344788539211265
0.85499999999999998224	0.99953628004641736915	0.24850501689922199766	0.75103126314719992340	5.73790398118997657662	2.00086897429539201099	0.49978758658904681722	0.42743238581833736811
0.85999999999999998668	0.99953382234708321175	0.25914951192488111520	0.74038431042220609335	5.72722974654532190897	2.00087583515891820340	0.49978587870447660491	0.42993131521185973254
0.86499999999999999112	0.99952942951483114697	0.26993743080374787979	0.72959199871108837421	5.71639682051264497176	2.00088079469536239685	0.49978463775468756625	0.43243023840063316010
0.86999999999999999556	0.99952699422382951244	0.28086341273585230249	0.71866358148798314964	5.70544164981669599257	2.00088950830539369363	0.49978253721010401645	0.43492915108668367408
0.87500000000000000000	0.99952355834873407581	0.29192005781560154132	0.70760350053313547658	5.69434805801085630605	2.00089449295238530624	0.49978122206971514752	0.43742805719703226064
0.88000000000000000444	0.99952015028130558605	0.30310103730463444638	0.69641911297667480341	5.68313050950055220767	2.00090131650494873483	0.49977958404286149108	0.43992695511724655422
0.88500000000000000888	0.99951673551084285752	0.31439964121162422561	0.68511709429922240666	5.67179547701480579747	2.00090815487965567598	0.49977787576148569038	0.44242584449605398822
0.89000000000000001332	0.99951331422458333797	0.32580909954338943546	0.67370421468120056385	5.66034972823802640107	2.00091500719539583386	0.49977616250214407234	0.44492472530856469470
0.89500000000000001776	0.99950988658158868017	0.33732257600235843187	0.66218731057923352346	5.64880009690315354476	2.00092187312028979562	0.49977444434611062452	0.44742359753029525837
0.90000000000000002220	0.99950645271926397140	0.34893317208829149889	0.65057328063097685789	5.63715347874183336785	2.00092875238103973246	0.49977272135849315493	0.44992246113708772581
0.90500000000000002665	0.99950301307654398908	0.36063393135716331761	0.63886908171938705525	5.62541682980940205283	2.00093564474808882636	0.49977099359306975668	0.45242131610505309514
0.91000000000000003109	0.99949956736856426787	0.37241784321335963392	0.62708172415520846421	5.61359715449792329167	2.00094254939624072165	0.49976926125080467500	0.45492016241130711629
0.91500000000000003553	0.99949611598415522007	0.38427784763145367286	0.61521826835270776446	5.60170151198625010380	2.00094946692717456926	0.49976752419164999219	0.45741900003226537708
0.92000000000000003997	0.99949265891110372628	0.39620683898900160846	0.60328581992210672524	5.58973700383068816677	2.00095639663277724551	0.49976578257462900279	0.45991782894513849600
0.92500000000000004441	0.99948919610796105317	0.40819767046247440456	0.59129152564548925763	5.57771077253426827980	2.00096333857802521905	0.49976403639203359486	0.46241664912709867785
0.93000000000000004885	0.99948572750486486260	0.42024315831255676379	0.57924256919231165153	5.56562999631753196894	2.00097029289424899190	0.49976228724906962553	0.46491546056334404069
0.93500000000000005329	0.99948225299024784363	0.43233608618647212385	0.56714616680377827329	5.55350188768647878845	2.00097725978976992423	0.49976053165585654359	0.46741426322162332729
0.94000000000000005773	0.99947877241987537200	0.44446920944858686608	0.55500956297129089290	5.54133368513884239093	2.00098423953947257559	0.49975877302472665464	0.46991305708674696584
0.94500000000000006217	0.99947528561080489773	0.45663525952115513462	0.54284002608965176151	5.52913265186808011720	2.00099123249311228179	0.49975700943510692476	0.47241184213392251046
0.95000000000000006661	0.99947179234175820284	0.46882694824304588233	0.53064484409871537363	5.51690607033275615123	2.00099823908236018610	0.49975524083262212738	0.47491061833808562165
0.95500000000000007105	0.99946829235150713711	0.48103697223882097012	0.51843132011269243975	5.50466123789082217854	2.00100525981376842211	0.49975346708991918998	0.47740938567353519151
0.95999999999999996447	0.99946478533831617508	0.49325801729730317513	0.50620676804101805146	5.49240546242444960257	2.00101229527499713257	0.49975168806272579625	0.47990814411384880023
0.96499999999999996891	0.99946127096205472640	0.50548276275800141377	0.49397850820405780903	5.48014605796968279350	2.00101934613574083954	0.49974990357984783174	0.48240689363174804605
0.96999999999999997335	0.99945774883238558406	0.51770388589492544185	0.48175386293746463862	5.46789034165481968586	2.00102641315965357194	0.49974811105098421171	0.48490563418700294296
0.97499999999999997780	0.99945421852353988346	0.52991406631355397749	0.46954015220998868152	5.45564562519607232360	2.00103349716393585922	0.49974631512854250648	0.48740436576264567492
0.97999999999999998224	0.99945067956171573798	0.54210599033315076678	0.45734468922857124396	5.44341921604955292224	2.00104059910095211094	0.49974451073306164206	0.48990308831631096398
0.98499999999999998668	0.99944713142855179377	0.55427235537373431562	0.44517477605482169700	5.43121840883755702123	2.00104771997233177316	0.49974270005822646334	0.49240180181660209158
0.98999999999999999112	0.99944357356088231459	0.56640587433303046794	0.43303769922785634305	5.41905048238738729083	2.00105486088525053034	0.49974088282394396598	0.49490050623072179281
0.99499999999999999556	0.99944000535037536004	0.57849927995461236652	0.42094072539576804504	5.40692269536335512470	2.00106202303680680288	0.49973905872847496079	0.49739920152436417622
1.00000000000000000000	0.99943642614327832252	0.59054532918406166253	0.40889109695921882492	5.39484228191169101763	2.00106920771471052944	0.49973722744760790127	0.49989788766160220268
1.00500000000000011546	0.99943283524055193112	0.60253680751062577148	0.39689602772992804702	5.38281644732290587285	2.00107641629752963652	0.49973538863459282533	0.50239656460477521982
1.01000000000000000888	0.99942923189713428478	0.61446653329103650965	0.38496269860610043967	5.37085236370477137058	2.00108365025434853379	0.49973354192023528020	0.50489523231437638540
1.01500000000000012434	0.99942561532266838142	0.62632736205426442488	0.37309825326840750925	5.35895716568603663887	2.00109091114583392823	0.49973168691223207594	0.50739389074893759268
1.02000000000000001776	0.99942198468127485533	0.63811219078315262188	0.36130979389812573066	5.34713794613507076292	2.00109820062293852772	0.49972982319642156313	0.50989253986491966941
1.02499999999999991118	0.99941833909180699536	0.64981396217121811798	0.34960437692059298520	5.33540175190740928457	2.00110552042704981091	0.49972795033589778591	0.51239117961659919054
1.03000000000000002665	0.99941467762823388288	0.66142566885183351477	0.33798900877640369877	5.32375557962142220703	2.00111287238904678176	0.49972606787161083508	0.51488980995595723389
1.03499999999999992006	0.99941099932007992912	0.67294035759718651146	0.32647064172289791406	5.31220637146444740750	2.00112025842877683246	0.49972417532284124642	0.51738843083257146649
1.04000000000000003553	0.99940730315302617193	0.68435113348455278715	0.31505616966847704852	5.30076101103270147519	2.00112768055366307962	0.49972227218720144393	0.51988704219350745372
1.04499999999999992895	0.99940358806959039839	0.69565116402731441703	0.30375242404227964510	5.28942631920686956448	2.00113514085745425319	0.49972035794125319041	0.52238564398321374327
1.05000000000000004441	0.99939985296992983610	0.70683368326825835037	0.29256616970167259595	5.27820905006606100329	2.00114264151866194652	0.49971843204084898105	0.52488423614341794821
1.05499999999999993783	0.99939609671278961667	0.71789199583271412486	0.28150410088007937759	5.26711588684296483365	2.00115018479869322121	0.49971649392163047798	0.52738281861302604980
1.06000000000000005329	0.99939231811649698045	0.72881948093895798646	0.27057283717754249119	5.25615343792174627424	2.00115777303987796287	0.49971454299956652445	0.52988139132802392073
1.06499999999999994671	0.99938851596014577350	0.73960959636365786185	0.25977891959649157538	5.24532823288236293990	2.00116540866325198778	0.49971257867152846233	0.53237995422138151280
1.07000000000000006217	0.99938468898483512337	0.75025588235980222862	0.24912880662503700258	5.23464671859238883656	2.00117309416584765458	0.49971060031612196672	0.53487850722296215178
1.07499999999999995559	0.99938083590570425674	0.76075196502194708525	0.23862887088376241729	5.22411525595051262627	2.00118077532486404735	0.49970862707229840582	0.53737705035832361578
1.08000000000000007105	0.99937695538115300931	0.77109156162955061475	0.22828539375160350478	5.21374011407729653911	2.00118848996104281568	0.49970663877517590423	0.53987558355219944506
1.08499999999999996447	0.99937304604711507672	0.78126848286222316808	0.21810456318489540584	5.20352746875468330501	2.00119626038745090923	0.49970463499250744599	0.54237410672716201976
1.09000000000000007994	0.99936910650774590792	0.79127663702635975262	0.20809246948139137334	5.19348339796679336899	2.00120408937975158281	0.49970261502996954350	0.54487261980231183056
1.09499999999999997335	0.99936513533724591341	0.80111003370105693389	0.19825510163619100568	5.18361387824937569491	2.00121197977593379136	0.49970057818452823239	0.54737112269323451308
1.10000000000000008882	0.99936113108181523490	0.81076278732289941420	0.18859834375892034486	5.17392478111923015405	2.00121993447264578947	0.49969852373938306034	0.54986961531193145891
1.10499999999999998224	0.99935709226167657171	0.82022912070740272572	0.17912797155427631624	5.16442186956707338652	2.00122795642117701220	0.49969645096499665238	0.55236809756675642191
1.11000000000000009770	0.99935301737568105196	0.82950336850718542347	0.16984964886849854282	5.15511079463448851357	2.00123604862327164611	0.49969435912019954937	0.55486656936235745352
1.11499999999999999112	0.99934890489827887805	0.83857998059618987785	0.16076892430209341334	5.14599709200319921365	2.00124421412190933722	0.49969224745451001901	0.55736503059963005136
1.12000000000000010658	0.99934475328511418457	0.84745352539142848602	0.15189122789368719735	5.13708617871551975753	2.00125245600698065118	0.49969011520702977247	0.55986348117566520077
1.12500000000000000000	0.99934056097496959392	0.85611869310018751111	0.14322186787478421999	5.12838334994067501782	2.00126077740447883002	0.49968796160859618727	0.56236192098370818560
1.13000000000000011546	0.99933632639245884022	0.86457029889430458969	0.13476602749815871918	5.11989377581892313174	2.00126918147222898625	0.49968578588337558832	0.56486034991312505937
1.13500000000000000888	0.99933305991075627173	0.87280347445294814701	0.12652958545781334276	5.11162737041865788967	2.00127767139432233279	0.49968358725016021049	0.56735876784937588901
1.14000000000000012434	0.99932976613289525858	0.88081309086041215117	0.11851667527248437028	5.10358424748755989953	2.00128426932226810564	0.49968185844167140042	0.56985717714158423686
1.14500000000000001776	0.99932644269278403382	0.88859435744533288304	0.11073208524745557779	5.09576917650389749070	2.00129092672763597704	0.49968011326464956134	0.57235557770790745913
1.15000000000000013323	0.99932308706219019623	0.89614262054656390610	0.10318046651562916283	5.08818678913172472988	2.00129764867275383722	0.49967835045578418152	0.57485396946018640918
1.15500000000000002665	0.99931969662010500244	0.90345336628877392915	0.09586633033133395987	5.08084157668327929258	2.00130444040680899320	0.49967656871889587489	0.57735235230378090243
1.15999999999999992006	0.99931626865086953249	0.91052222328680632035	0.08879404536406633464	5.07373788741887832288	2.00131130736869433662	0.49967476671148874923	0.57985072613733834590
1.16500000000000003553	0.99931280034103953103	0.91734496525740727435	0.08196783508363267301	5.06687992392044161960	2.00131825519313499839	0.49967294304332920962	0.58234909085255504024
1.16999999999999992895	0.99930928877970837121	0.92391751357167073433	0.07539177520804363208	5.06027174054698303252	2.00132528962172218101	0.49967109644197338358	0.58484744633476493103
1.17500000000000004441	0.99930573061103866728	0.93023593953226535458	0.06906979107877876667	5.05391724002086117906	2.00133241763841773775	0.49966922432137766963	0.58734579245637186240
1.17999999999999993783	0.99930212336645196647	0.93629646705742541890	0.06300565630903014191	5.04782017605557786766	2.00133964391235830149	0.49966732698646854072	0.58984412909130423674
1.18500000000000005329	0.99929950173756587617	0.94209558903446144473	0.05720391270310711679	5.04198921897072338538	2.00134488808731303422	0.49966747461789601248	0.59234246646439370210
1.18999999999999994671	0.99929689209491001645	0.94762971951512864344	0.05166717257978351019	5.03642309409336341730	2.00135011540883978043	0.49966615789396368053	0.59484079725386351800
1.19500000000000006217	0.99929429400870151134	0.95289555167887507459	0.04639874232982985069	5.03112509807792029903	2.00135531953576872866	0.49966484803244060053	0.59733912149402568215
1.19999999999999995559	0.99929170706813097436	0.95788993956022372434	0.04140176750791046967	5.02609836660317021995	2.00136050127486342376	0.49966354518559596976	0.59983743921995369419
1.20500000000000007105	0.99928913086742499061	0.96260989991542089683	0.03667923095200519706	5.02134587272323251739	2.00136566142903582488	0.49966224920570267987	0.60233575046598220037
1.20999999999999996447	0.99928754084619486608	0.96705356719039547997	0.03223397365580201596	5.01687727632899616026	2.00137080080655893610	0.49966095994016035409	0.60483405526568301269
1.21500000000000007994	0.99928499481406007909	0.97121639606652310217	0.02806859874753968309	5.01268158263148677634	2.00137398672956301482	0.49966015451704864914	0.60733235603826829507
1.21999999999999997335	0.99928248677603237482	0.97509686895741698454	0.02418561781862030996	5.00876821739275257528	2.00137900897692588842	0.49965895183113112621	0.60983065079742393433
1.22500000000000008882	0.99927998746763380122	0.97869264205181927263	0.02058734541581893132	5.00513931858210003867	2.00138401406367938407	0.49965770185761487765	0.61232893930671206117
1.22999999999999998224	0.99927749467399529237	0.98200156854854436794	0.01727592612545643738	5.00179701233134732519	2.00138900242779538274	0.49965645775455436173	0.61482722159548486296
1.23500000000000009770	0.99927500986386808002	0.98502164451429163883	0.01425336534957763988	4.99874596774371582342	2.00139398579435079384	0.49965402504618655621	0.61732549172071582433
1.23999999999999999112	0.99927253366270374357	0.98775103771059669100	0.01152149595210973272	4.99598547605920639825	2.00139894320429512220	0.49965272207544436656	0.61982375533109301813
1.24500000000000010658	0.99927006560022912929	0.99018811927566707798	0.00908194632456432727	4.99351715910548232813	2.00140388415684888912	0.49965142265517059617	0.62232201244436891052
1.25000000000000000000	0.99926760522961510791	0.99233143553617808585	0.00693616969344056436	4.99134246422956007194	2.00140880956120614798	0.49965012664442420842	0.62482026307759097605
1.25500000000000011546	0.99926515212205380134	0.99417970886110929030	0.00508544326094655542	4.98946266311949759853	2.00141372030245223712	0.49964883388910125150	0.62731850724703652755
1.26000000000000000888	0.99926270608751366353	0.99573183864025982537	0.00353086744725453596	4.98787885251754925520	2.00141861724494418695	0.49964754424054752535	0.62981674496823925047
1.26500000000000012434	0.99926026669474676822	0.99698690145754598202	0.00227336523720192592	4.98659195017976664133	2.00142350077759534344	0.49964625766318526701	0.63231497625655519457
1.27000000000000001776	0.99925783351656061182	0.99794415188230745084	0.00131368163425674709	4.98560269603053374254	2.00142837175936971761	0.49964497400690172091	0.63481320112658967680
1.27500000000000013323	0.99925540612646857053	0.99860302290633751188	0.00065238322013421086	4.98491165106200728729	2.00143323104832981940	0.49964369420222926044	0.63731141959760084781
1.28000000000000002665	0.99925298410002649785	0.99896312627873140588	0.00028985782129686903	4.98451919833701939666	2.00143807948616148096	0.49964241691097799336	0.63980963168215576609
1.28499999999999992006	0.99925056699436498597	0.99902425271179928767	0.00022631428256669281	4.98442554194790066191	2.00144291792718576062	0.49964114201213771782	0.64230783739221641859
1.29000000000000003553	0.99924815439525693783	0.99878637204857767529	0.00046178234668376708	4.98463070702406163548	2.00144774723434082375	0.49963986924548908775	0.64480603673844383295
1.29499999999999992895	0.99924574587761449962	0.99824963323623228106	0.00099611264138484818	4.98513453964074582103	2.00145256825002570977	0.49963859850827441189	0.64730422973098522554
1.30000000000000004441	0.99924334101792000595	0.99741436424257279292	0.00182897677534892651	4.98593670700321300870	2.00145738182402910255	0.49963732963491047645	0.64980241637915980846
1.30499999999999993783	0.99924093939462799163	0.99628107185332881457	0.00295986754130184420	4.98703669764495316485	2.00146218879765358523	0.49963606246192887594	0.65230059669146944756
1.31000000000000005329	0.99923854058873262662	0.99485044136257960723	0.00438809922615443233	4.98843382173869276386	2.00146699000781103095	0.49963479682520983705	0.65479877067559544290
1.31499999999999994671	0.99923711982745400118	0.99312429576687843991	0.00611282406057888153	4.99013405445186286613	2.00147178628566591030	0.49963353255653802920	0.65729693833837810057
1.32000000000000006217	0.99923473662281991903	0.99110176411485206849	0.00813297250797189071	4.99212274760684504571	2.00147464380234607617	0.49963274570883864367	0.65979510206692226770
1.32499999999999995559	0.99923238247915302512	0.98878504298321756583	0.01044733949593699800	4.99440559915623705223	2.00147935423646572417	0.49963155463754049812	0.66229325984011000461
1.33000000000000007105	0.99923002921588499614	0.98617549911625179693	0.01305453009963605804	4.99698105040609963368	2.00148406307517712222	0.49963031217351600022	0.66479141140097763873
1.33499999999999996447	0.99922767658074362895	0.98327470207697520443	0.01595297450377216805	4.99984753029746897823	2.00148877072656183884	0.49962907061191064173	0.66728955675403722747
1.34000000000000007994	0.99922532409211772819	0.98008439560319249306	0.01914092848892415266	5.00300329076532346306	2.00149347795040677411	0.49962783024273205168	0.66978769590525089050
1.34499999999999997335	0.99922297134332416224	0.97660649686648592915	0.02261647447684037721	5.00644641122204703265	2.00149818556963898786	0.49962659017438165732	0.67228582885612275799
1.35000000000000008882	0.99922061793116723205	0.97284309524718359796	0.02637752268398849478	5.01017479902379125889	2.00150289438971018541	0.49962535024425225316	0.67478395560734405478
1.35499999999999998224	0.99921826345650655021	0.96879645107742462518	0.03042181237908197014	5.01418619073309379530	2.00150760520836534795	0.49962411029345010771	0.67728207615881130810
1.36000000000000009770	0.99921590752454514384	0.96446899428153487488	0.03474691324301298900	5.01847815348200843033	2.00151231881487268183	0.49962287016633266656	0.67978019050964300085
1.36499999999999999112	0.99921354974501586099	0.95986332291466003319	0.03935022683035737517	5.02304808643520761535	2.00151703598975982956	0.49962162971005985579	0.68227829865819333843
1.37000000000000010658	0.99921118994113966583	0.95498220179390680418	0.04422898814723488087	5.02789322382951997525	2.00152175750427030465	0.49962038877417735971	0.68477640060206423911
1.37500000000000000000	0.99920882772357222379	0.94982856043794305911	0.04938026728563193329	5.03301063300987649995	2.00152648370245556109	0.49961914836486936986	0.68727449634388859678
1.38000000000000011546	0.99920646271147250950	0.94440549151522068527	0.05480097119625308710	5.03839721902952142329	2.00153121534521982738	0.49961790720928656029	0.68977258587993506289
1.38500000000000000888	0.99920507027696958691	0.93871712922120376099	0.06048794105577037089	5.04405664862478708699	2.00153595318891674992	0.49961666520250719303	0.69227066920594759747
1.39000000000000012434	0.99920271115108516558	0.93276512932688371293	0.06643758182419993996	5.04997175822271682222	2.00153876222575677346	0.49961590050700371846	0.69476874870848259746
1.39500000000000001776	0.99920037520215010396	0.92655396319811722528	0.07264641200403249011	5.05614595937201638520	2.00154343432346237819	0.49961472973935205921	0.69726682235717940550
1.40000000000000013323	0.99919803480246072169	0.92008733192530889333	0.07911070287715211979	5.06257536544246189436	2.00154811558622425238	0.49961350513193331091	0.69976488988283902515
1.40500000000000002665	0.99919568961288429687	0.91336911411531152005	0.08582657549757444215	5.06925609644996644221	2.00155280632398113738	0.49961227902424731884	0.70226295127796023454
1.40999999999999992006	0.99919333929675491213	0.90640333894643176915	0.09279000035032443361	5.07618412199314850142	2.00155750720822167565	0.49961105129305971584	0.70476100653442552701
1.41500000000000003553	0.99919098352130297780	0.89919418375093862483	0.09999679977036618483	5.08335526367783963053	2.00156221890537411312	0.49960982181441188077	0.70725905564349755839
1.41999999999999992895	0.99918862195978885854	0.89174597150937384704	0.10744265045041606621	5.09076519763448764877	2.00156694207407559460	0.49960859046100297709	0.70975709859580260463
1.42500000000000004441	0.99918625428709451075	0.88406316825178865582	0.11512308603530592432	5.09840945799065003996	2.00157167736999852536	0.49960735556168661686	0.71225513537361107019
1.42999999999999993783	0.99918388018122206162	0.87615038037874337640	0.12303349980247887951	5.10628343773816872897	2.00157642542846048173	0.49960611856940845277	0.71475316596645810385
1.43500000000000005329	0.99918149932355926346	0.86801235189762526723	0.13116914742593580034	5.11438239240736169933	2.00158118688759767423	0.49960487935804559489	0.71725119036324835875
1.43999999999999994671	0.99917911139987836133	0.85965396157690976420	0.13952514982296912449	5.12270144231188062633	2.00158596237731867262	0.49960363887263858906	0.71974920855761159721
1.44500000000000006217	0.99917769383341747957	0.85108098905901097275	0.14809670477441003178	5.13124262629839833494	2.00159075252132145906	0.49960239585367371973	0.72224722053687995249
1.44999999999999995559	0.99917530523710418322	0.84229703548744572217	0.15687826974966107008	5.13998682067202672386	2.00159361762967202836	0.49960162975586891454	0.72474522868565927070
1.45500000000000007105	0.99917293577121057968	0.83330815552969883520	0.16586478024151202204	5.14893585660470165521	2.00159835531339025394	0.49960045650341494694	0.72724323096817633516
1.45999999999999996447	0.99917055804397147956	0.82411971561133079422	0.17505084243264279475	5.15808418605377205779	2.00160310981900435578	0.49959922703811177058	0.72974122710336686293
1.46500000000000007994	0.99916817176477878970	0.81473722283010763245	0.18443094893467026907	5.16742630241022560256	2.00160788135505152141	0.49959799462246889945	0.73223921707647920964
1.46999999999999997335	0.99916577664286132521	0.80516630033167790881	0.19399947631118238944	5.17695658314235274133	2.00161267050307767335	0.49959675914529488860	0.73473720087220573127
1.47500000000000008882	0.99916337238823371703	0.79541268393766251243	0.20375068845057159317	5.18666929317072433747	2.00161747784519983284	0.49959552049278616037	0.73723517847466968345
1.47999999999999998224	0.99916095871196586309	0.78548221870572176861	0.21367874000624403896	5.19655858830771322232	2.00162230396253404408	0.49959427854949700620	0.73973314986741711685
1.48500000000000009770	0.99915853532601284215	0.77538085542392376492	0.22377767990209049276	5.20661851875954084790	2.00162714943469444151	0.49959303319882603089	0.74223111503341121509
1.48999999999999999112	0.99915610194350279460	0.76511464704213061339	0.23404145490137340246	5.21684303269291227423	2.00163201484014985354	0.49959178431904632811	0.74472907395500642647
1.49500000000000010658	0.99915463489504285910	0.75469039743236565609	0.24446423746267748056	5.22723313696683788976	2.00163690076098266246	0.49959053138196601873	0.74722702661191631179
1.50000000000000000000	0.99915219618976158777	0.74411304534708022640	0.25503915084268052871	5.23776839936333615810	2.00163986925400916306	0.49958975377180514510	0.74972497538077531587
1.50500000000000011546	0.99914977346066669028	0.73338960020336929624	0.26576017325729639484	5.24844967619542490667	2.00164471221452666683	0.49958856989276378968	0.75222291823023912372
1.51000000000000000888	0.99914733944654254838	0.72252646868826020388	0.27662087075828167837	5.25927038205462071829	2.00164957810451005216	0.49958732738539757268	0.75472085486716611324
1.51500000000000012434	0.99914489405450546133	0.71153015908309746873	0.28761473497140699340	5.27022401187636724273	2.00165446710175709555	0.49958608064390258585	0.75721878527038566364
1.52000000000000001776	0.99914243699471605442	0.70040725908363710150	0.29873517791107956354	5.28130397972100684711	2.00165937940211913215	0.49958482963906064578	0.75971670941858093773
1.52500000000000013323	0.99913996797711390752	0.68916443197941523735	0.30997553599769694932	5.29250362415938635507	2.00166431558865554052	0.49958357424847887884	0.76221462728982336543
1.53000000000000002665	0.99913748670892832404	0.67780841265731650580	0.32132907405161209580	5.30381621225026833599	2.00166927625096935373	0.49958231434037297936	0.76471253886152523727
1.53500000000000014211	0.99913499289305995887	0.66634600356297024604	0.33278898933009004590	5.31523494356346670742	2.00167426198468190179	0.49958104977953882164	0.76721044411042293998
1.54000000000000003553	0.99913248623072958843	0.65478407062456855936	0.34434841560615842004	5.32675295360517075949	2.00167927339093365546	0.49957978156336940723	0.76970834301823976009
1.54499999999999992895	0.99913094441341232521	0.64313006648849657676	0.35600087792491452721	5.33837061180035910013	2.00168431108048849865	0.49957850833511635580	0.77220623555991529940
1.55000000000000004441	0.99912842804737844737	0.63138991217199191830	0.36773851587538242125	5.35006649429502267878	2.00168743409046090420	0.49957770993269490223	0.77470412410957878446
1.55499999999999993783	0.99912592477431894089	0.61957118476523154182	0.37955474000908540066	5.36184089040306766094	2.00169243772055693853	0.49957650379997264878	0.77720200662857863438
1.56000000000000005329	0.99912340730003457168	0.60768094806349481907	0.39144245923653708807	5.37368655926759863917	2.00169747017325061478	0.49957523620720684088	0.77969988280961466387
1.56499999999999994671	0.99912087531617399527	0.59572632300454775311	0.40339455231162479887	5.38559638244976923716	2.00170253167316669618	0.49957396298567696702	0.78219775262454305231
1.57000000000000006217	0.99911832868961114595	0.58371446891578471217	0.41540385977382382476	5.39756320461969796298	2.00170762285287384685	0.49957268398102061546	0.78469561604444815206
1.57499999999999995559	0.99911576709281968434	0.57165257904123678578	0.42746318805157917931	5.40957983506852269073	2.00171274399600118699	0.49957139912224118872	0.78719347304005937715
1.58000000000000007105	0.99911319019350164350	0.55954787632797953201	0.43956531386552033513	5.42163905343106833357	2.00171789576824776802	0.49957010824717290598	0.78969132358129523475
1.58499999999999996447	0.99911059765542498123	0.54740760909810304291	0.45170298855732177179	5.43373361331860316170	2.00172307884617728391	0.49956881237294481490	0.79218916764315994161
1.59000000000000007994	0.99910896566314577605	0.53523945926575233756	0.46386950639739410462	5.44586364321204108307	2.00172829392159234985	0.49956751004999266907	0.79468700519340995658
1.59499999999999997335	0.99910635902660183127	0.52304988171995692170	0.47605647730664346629	5.45800722063863918976	2.00173160278695672076	0.49956668044228402792	0.79718483859562139227
1.60000000000000008882	0.99910376254698840537	0.51084660374178858522	0.48825715880519954259	5.47016446058742999980	2.00173679286869710126	0.49956544587961887460	0.79968266582501945638
1.60499999999999998224	0.99910114890310208757	0.49863692020483885159	0.50046422869826001634	5.48232789345090054667	2.00174201777234683775	0.49956414532124532313	0.80218048655162565996
1.61000000000000009770	0.99909851773852909051	0.48642814095715802836	0.51267037678137172829	5.49449021223344846732	2.00174727779628414126	0.49956283754706154454	0.80467830073936097435
1.61499999999999999112	0.99909586868909550095	0.47422757502462870027	0.52486829366446530187	5.50664411077527216065	2.00175257367223435878	0.49956152236230838559	0.80717610835117248325
1.62000000000000010658	0.99909320138246759946	0.46204252623210068096	0.53705067515036419845	5.51878228812291560246	2.00175790614705606529	0.49956019956603914256	0.80967390934900262955
1.62500000000000000000	0.99909051562080986031	0.44988028888958692120	0.54921022673122199542	5.53089745356118722697	2.00176327597869851971	0.49955887020089234651	0.81217170370000713042
1.63000000000000011546	0.99908781101445154338	0.43774814329308237015	0.56133966772136667522	5.54298232971043614015	2.00176868358555948291	0.49955753280881065592	0.81466949136405120147
1.63500000000000000888	0.99908606244300646182	0.42565365543403588244	0.57343240700897102347	5.55503715067235592784	2.00177412976137247824	0.49955618721919081704	0.81716727230014718497
1.64000000000000012434	0.99908333848447117287	0.41360344993703107574	0.58547988854743682197	5.56703985586471006286	2.00177767869608658202	0.49955531195287677937	0.81966504885991153806
1.64500000000000001776	0.99908062131506292225	0.40160505739891838584	0.59747556391614420335	5.57899073511451071283	2.00178311067338388085	0.49955403272700849016	0.82216281902354659827
1.65000000000000013323	0.99907788356168847343	0.38966565044535717011	0.60941223311632986004	5.59088244132945266784	2.00178858437911610935	0.49955268542750508320	0.82466058245068407651
1.65500000000000002665	0.99907512481747173805	0.37779237452484037973	0.62128275029262969298	5.60270783289064677746	2.00179410021019377197	0.49955132748723152236	0.82715833908812019803
1.66000000000000014211	0.99907234466619865287	0.36599233519465185216	0.63308000947154374760	5.61445980718270298837	2.00179965898930456447	0.49954996014935237891	0.82965608888886699379
1.66500000000000003553	0.99906954268823078280	0.35427259386850679101	0.64479694881972182685	5.62613130497175806255	2.00180526155960469836	0.49954858448912531355	0.83215383181131263868
1.66999999999999992895	0.99906671845993622050	0.34264016358817744878	0.65642655487175538553	5.63771531623689003965	2.00181090877958434149	0.49954719885748471997	0.83465156780560001426
1.67500000000000004441	0.99906387173012090042	0.33110200486363539074	0.66796186686648295616	5.64920488487794258958	2.00181660151333984388	0.49954580305185669609	0.83714929682085925666
1.67999999999999993783	0.99906197540425423220	0.31966522825262050356	0.67939674715163200780	5.66060068452118780868	2.00182234027871741588	0.49954439691050234185	0.83964701880541181556
1.68500000000000005329	0.99905910317321000580	0.30833625613597948067	0.69072284703723019206	5.67188089900099257079	2.00182619302114428450	0.49954345801637756175	0.84214473609549367339
1.68999999999999994671	0.99905623392240938685	0.29712208510853932442	0.70193414881386972937	5.68304632467331849455	2.00183193016198934799	0.49954211620198513133	0.84464244667650356657
1.69500000000000006217	0.99905334025319858515	0.28602941831036143849	0.71302392194283625848	5.69409008502404034857	2.00183771677311472814	0.49954070240644660172	0.84714015018853583427
1.69999999999999995559	0.99905042172288227587	0.27506489160129427018	0.72398553012158928244	5.70500554797798731244	2.00184355330185326238	0.49953927572170664373	0.84963784656714436139
1.70500000000000007105	0.99904747788710446255	0.26423506383248668294	0.73481241405461816818	5.71578615679706825148	2.00184944063043834817	0.49953783874135387899	0.85213553576085110386
1.70999999999999996447	0.99904450829953217461	0.25354641292179308509	0.74549809537773858992	5.72642543654969671252	2.00185537966036664059	0.49953638972092923032	0.85463321770945577249
1.71500000000000007994	0.99904151251311390514	0.24300533197764484505	0.75603618053546617350	5.73691699708598878971	2.00186137129438668225	0.49953492844343783119	0.85713089235167294611
1.71999999999999997335	0.99903849008165845902	0.23261812547423685316	0.76642036460741858050	5.74725453688745613334	2.00186741643349774833	0.49953345464563014833	0.85962855962490114514
1.72500000000000008882	0.99903544073379990653	0.22239100550229529141	0.77664443523150328286	5.75743184820544762204	2.00187351597555807103	0.49953196806707106381	0.86212621946523648742
1.72999999999999998224	0.99903333781188485840	0.21233020602398119947	0.78670313178789930131	5.76745048427082984688	2.00187967046903292356	0.49953046853314903020	0.86462387180790223340
1.73500000000000009770	0.99903025540417844663	0.20244150092889057202	0.79658875447528720848	5.77728928163866761736	2.00188394684081227837	0.49952943385239767515	0.86712151897716427396
1.73999999999999999112	0.99902717154640174879	0.19273093011277012132	0.80629624143363176625	5.78694998494162593516	2.00189011488851420495	0.49952799586762225426	0.86961915895650243602
1.74500000000000010658	0.99902405878972500020	0.18320429597499274244	0.81581976281473223001	5.79642661988357943414	2.00189552967649975201	0.49952668348477835547	0.87211679237392636388
1.75000000000000000000	0.99902091671036263865	0.17386729424734481686	0.82515362246301915405	5.80571349291068372622	2.00190178827401599193	0.49952516160687715496	0.87461441818196072884
1.75500000000000011546	0.99901774487611527675	0.16472550666222401938	0.83429223821389075777	5.81480502524910303208	2.00190810603129598633	0.49952362541732092671	0.87711203630904732709
1.76000000000000000888	0.99901454285925750387	0.15578439782520522860	0.84323014503405113729	5.82369575522253946076	2.00191448381946512924	0.49952207471318726961	0.87960964668261321098
1.76500000000000012434	0.99901131023699640821	0.14704931194845080600	0.85196199828854535241	5.83238034153916373725	2.00192092249734976406	0.49952050923871366139	0.88210724922880678900
1.77000000000000001776	0.99900804659425823662	0.13852546965660172962	0.86048257693765650700	5.84085356650681042368	2.00192742291334146998	0.49951892874339409722	0.88460484387252380500
1.77500000000000013323	0.99900475169533120567	0.13021796487686848609	0.86878678681845977749	5.84911034051082978635	2.00193398589984994373	0.49951733298042100273	0.88710243053742587893
1.78000000000000002665	0.99900239710435756457	0.12213181417425136854	0.87687058293010422538	5.85715341906173225794	2.00194061193136052523	0.49951572179135811380	0.88960000914638270864
1.78500000000000014211	0.99899906183248332603	0.11427173936283271938	0.88472732246964558289	5.86496273078453178584	2.00194537133627381564	0.49951457211338767816	0.89209758200694966312
1.79000000000000003553	0.99899572083473953121	0.10664249482487217491	0.89235322600986632935	5.87254128010762688206	2.00195202446143660779	0.49951301839932704674	0.89459514709894627504
1.79499999999999992895	0.99899234678780379770	0.09924863655556223629	0.89974371023224231081	5.87988433892312301055	2.00195874394066031243	0.49951138564845870560	0.89709270402718854776
1.80000000000000004441	0.99898893932654087013	0.09209458089594478591	0.90689435843059618136	5.88698749388552489137	2.00196553004570931833	0.49950973630338874054	0.89959025270870551783
1.80499999999999993783	0.99898549809579884062	0.08518460041968993479	0.91380089767610639395	5.89384647539588168996	2.00197238351063955264	0.49950807019560389266	0.90208779305968356255
1.81000000000000005329	0.99898202275134273531	0.07852282138208750706	0.92045920136925485355	5.90045716017402188669	2.00197930504461663048	0.49950638710895917116	0.90458532499522836812
1.81499999999999994671	0.99897851296078576944	0.07211322125676565553	0.92686529170401987798	5.90681557372756671498	2.00198629533418381854	0.49950468683601334519	0.90708284842940845039
1.82000000000000006217	0.99897496840430388687	0.06595962636161707693	0.93301534204268410377	5.91291789272784829024	2.00199335504158115739	0.49950296917546055386	0.90958036327528579701
1.82499999999999995559	0.99897138877815216951	0.06006570957539351940	0.93890567920275791458	5.91876044731730921455	2.00200048480322578826	0.49950123393242545911	0.91207786944494795289
1.83000000000000007105	0.99896777396453539932	0.05443498814844777850	0.94453278581608779430	5.92433972465206881708	2.00200768522287431139	0.49949948092025980850	0.91457536684954920947
1.83499999999999996447	0.99896509457610382920	0.04907083194477251248	0.94989426263133180939	5.92966011787549263090	2.00201495653306649203	0.49949771004026682908	0.91707285539975058608
1.84000000000000007994	0.99896177544456821185	0.04397642047491488737	0.95498535496965253344	5.93470585779085268996	2.00202037080796424462	0.49949639635423470629	0.91957033738152171853
1.84499999999999997335	0.99895937812736079753	0.03915480666338912868	0.95980457146397279988	5.93948487356711485319	2.00202668706814890243	0.49949732380127109810	0.92206782400052811344
1.85000000000000008882	0.99895598020627229818	0.03460885144111126854	0.96434712876515871205	5.94398194269412094570	2.00203188075992288830	0.49949364136207913267	0.92456529220733851826
1.85499999999999998224	0.99895351340327520617	0.03034127594277510886	0.96861223746050029160	5.94820677418587528962	2.00203835921136485965	0.49949455243570323182	0.92706276496951700583
1.86000000000000009770	0.99895104053016947621	0.02635461788309850784	0.97259642264706969161	5.95215237497993054916	2.00204368942340860116	0.49949080842501997202	0.92956021901164209709
1.86499999999999999112	0.99894889286646249005	0.02265125308498089698	0.97629763978148154102	5.95581596983184446970	2.00204831488212908752	0.49949220558517543056	0.93205768003956801504
1.87000000000000010658	0.99894671068167339989	0.01923338673806427104	0.97971332394360655105	5.95919399765310409123	2.00205265091788930931	0.49949121483055430870	0.93455513611372076355
1.87500000000000000000	0.99894449373064264641	0.01610305416218909408	0.98284143956845515522	5.96228442648315670738	2.00205705638641440203	0.49949020514027592244	0.93705258713942218840
1.88000000000000011546	0.99894224180800894608	0.01326211844962212408	0.98568012335838317561	5.96508539653856928453	2.00206153176588630416	0.49948917639637729904	0.93955003302140405186
1.88500000000000000888	0.99893995473854568790	0.01071226935695675578	0.98822768538158733964	5.96759522139385722994	2.00206607744761511114	0.49948812854472174338	0.94204747366412766585
1.89000000000000012434	0.99893763240423349981	0.00845502230094695092	0.99048261010328553233	5.96981239018369436167	2.00207069372067936186	0.49948705990625186235	0.94454490896365894681
1.89500000000000001776	0.99893527468440390660	0.00649171745879120656	0.99244355722561217181	5.97173556609197664358	2.00207538085165559494	0.49948597211916095917	0.94704233882425470359
1.90000000000000013323	0.99893288148345416033	0.00482351897319596712	0.99410936251025383559	5.97336358834581293564	2.00208013906539550320	0.49948486515577611433	0.94953976315003363329
1.90500000000000002665	0.99893045273075531387	0.00345141426284606423	0.99547903846790963822	5.97469547290602776002	2.00208496853579598351	0.49948373899692044553	0.95203718184501828770
1.91000000000000014211	0.99892798838046670262	0.00237621343865021019	0.99655177494181790276	5.97573041305048313632	2.00208986938692845570	0.49948259363226865659	0.95453459481317959323
1.91500000000000003553	0.99892548841155937023	0.00159854882610080905	0.99732693958545781676	5.97646777985272770195	2.00209484169281859423	0.49948142906092912741	0.95703200195848425746
1.91999999999999992895	0.99892396060434884841	0.00111987690782424775	0.99780408369652207057	5.97691317384719322803	2.00209988547753381383	0.49948024529194001708	0.95952940318494395200
1.92500000000000004441	0.99892239648728908818	0.00093946625180098080	0.99798293023549000669	5.97706029778189495971	2.00210302242431881226	0.49947949948638470374	0.96202680068237589328
1.92999999999999993783	0.99892079500897656974	0.00105741133128035977	0.99786338367769511493	5.97690905406377126496	2.00210623437906232169	0.49947873174133505803	0.96452419434108260798
1.93500000000000005329	0.99891915517603013797	0.00147362821664621295	0.99744552695938448750	5.97645952393756463294	2.00210952333269309733	0.49947794151983376798	0.96702158404868177044
1.93999999999999994671	0.99891747596007551824	0.00218785436468218455	0.99672962159539346683	5.97571196685301053719	2.00211289137918990733	0.49947712825225454303	0.96951896968994299986
1.94500000000000006217	0.99891575762759110546	0.00319964884155365210	0.99571610878603455941	5.97466684936258118910	2.00211633809962830099	0.49947626022073871033	0.97201635099104666260
1.94999999999999995559	0.99891399777405676108	0.00450839251651273271	0.99440560525754173593	5.97332475763577352978	2.00211986802597818880	0.49947540015573788086	0.97451372799182534035
1.95500000000000007105	0.99891219672615261249	0.00611328857995004343	0.99279890814620341821	5.97168651447007814426	2.00212348077508472954	0.49947448399193167257	0.97701110041178496068
1.95999999999999996447	0.99891035195744737329	0.00801336288020513231	0.99089698907724188537	5.96975305972163372559	2.00212718114386634127	0.49947357483942755874	0.97950846828598214788
1.96500000000000007994	0.99890846389002341255	0.01020746470284093071	0.98870099918718135079	5.96752557070426981056	2.00213096858805528200	0.49947260820713135221	0.98200583132701779743
1.96999999999999997335	0.99890653143342811315	0.01269426733572042061	0.98621226409770812449	5.96500536963548722014	2.00213484510702910413	0.49947161611827856076	0.98450318940760916941
1.97500000000000008882	0.99890455347672557629	0.01547226891377360969	0.98343228456294617956	5.96219395363766224705	2.00213881292174278315	0.49947059796296033873	0.98700054239742396334
1.97999999999999998224	0.99890252888934594200	0.01853979332973822516	0.98036273555960662396	5.95909299381676316187	2.00214287429076653879	0.49946955311703467029	0.98949789016300915279
1.98500000000000009770	0.99890045651873637933	0.02189499124895144880	0.97700546526978471196	5.95570433423254375072	2.00214703151485817756	0.49946848094297774390	0.99199523256772403901
1.98999999999999999112	0.99889933850900924917	0.02553677188817587290	0.97336256662083364688	5.95203607824662306314	2.00214927160868860767	0.49946838247750247053	0.99449257448011152416
1.99500000000000010658	0.99889821256543220862	0.02946203722223326299	0.96943617534319659335	5.94808458038098031295	2.00215153148533087091	0.49946781331904149814	0.99698991354670674081
2.00000000000000000000	0.99889707851574904840	0.03366842475422364422	0.96522865376152300332	5.94385220159920724114	2.00215380746536419920	0.49946723985936453127	0.99948724974600355875
2.00499999999999989342	0.99889593618565641897	0.03815340379083533712	0.96074253239481921529	5.93934147239360932247	2.00215609988780229855	0.49946666048307192254	1.00198458304841886424
2.01000000000000023093	0.99889478539249576539	0.04291427695415161309	0.95598050843834170287	5.93455508970764089582	2.00215840909333531172	0.49946607509716522966	1.00448191342390469316
2.01500000000000012434	0.99889362232216194482	0.04794818149709377531	0.95094544082506760052	5.92949589379605068729	2.00216073544763650816	0.49946548359972792186	1.00697924084190337801
2.02000000000000001776	0.99889245233867851592	0.05325210999525401001	0.94564034234342431162	5.92416468005183993739	2.00216306324251869242	0.49946763041303215980	1.00947657899396858738
2.02499999999999991118	0.99889127379452802291	0.05882289209180670275	0.94006838170271911359	5.91856679713778977003	2.00216542451644796685	0.49946709404515954311	1.01197391446419437955
2.03000000000000024869	0.99889008658249756056	0.06465718076165018202	0.93423290582084284051	5.91270559144986584954	2.00216780304611408070	0.49946655134038442370	1.01447124722089632165
2.03500000000000014211	0.99888889068631936397	0.07075147130140978236	0.92813741938490690320	5.90658456717067181785	2.00217019886766722792	0.49946600236795629657	1.01696857723273614837
2.04000000000000003553	0.99888768611760936356	0.07710210343493917318	0.92178558268267074549	5.90020738397214294935	2.00217261199438745223	0.49946544705145257126	1.01946590446799345564
2.04499999999999992895	0.99888647287701215483	0.08370526351060222914	0.91518120936640934282	5.89357785467690131753	2.00217504245705590904	0.49946488538990302386	1.02196322889494295438
2.04999999999999982236	0.99888525095297853174	0.09055698679217871749	0.90832826416079925913	5.88669994299118393144	2.00217749030319325243	0.49946431742470992488	1.02446055048206652316
2.05500000000000015987	0.99888402033088763421	0.09765315984147523998	0.90123086048940903581	5.87957776118930652842	2.00217995558078287743	0.49946374320586861550	1.02695786919809584070
2.06000000000000005329	0.99888278099641514274	0.10498952298953177775	0.89389325800688179680	5.87221556765639185471	2.00218243833249465169	0.49946316278000507660	1.02945518501199595462
2.06499999999999994671	0.99888153294167114638	0.11256167289620025440	0.88631986004546836622	5.86461776436833392978	2.00218493858541268793	0.49946257618669825940	1.03195249789292953224
2.06999999999999984013	0.99888027616564423194	0.12036506519502750134	0.87851521097061358034	5.85678889424371451611	2.00218745635014050421	0.49946198345998638057	1.03444980781022954908
2.07500000000000017764	0.99887901067472406602	0.12839501722264176631	0.87048399345208038458	5.84873363841391924467	2.00218999162125044222	0.49946138462930800284	1.03694711473337619623
2.08000000000000007105	0.99887773648284627903	0.13664671083083509973	0.86223102565200870906	5.84045681340939548676	2.00219254437727611773	0.49946077972161412317	1.03944441863198422382
2.08499999999999996447	0.99887645361148236223	0.14511519527968252952	0.85376125833179683511	5.83196336826474759363	2.00219511458137544579	0.49946016876324356160	1.04194171947580049853
2.08999999999999985789	0.99887516209173143888	0.15379539021031721213	0.84507977188141492064	5.82325838155733421786	2.00219770218197989919	0.49945955178150813758	1.04443901723470800036
2.09500000000000019540	0.99887386196758420898	0.16268208869540959349	0.83619177327217020235	5.81434705845524302248	2.00220030711070862139	0.49945892874237807213	1.04693631187841984520
2.10000000000000008882	0.99887255328117841024	0.17176996036205896545	0.82710259291911480961	5.80523472744487545327	2.00220292928443877045	0.49945829970446481427	1.04943360337694224782
2.10499999999999998224	0.99887123607973982153	0.18105355459223926307	0.81781768148749500735	5.79592683714937173534	2.00220556861033571749	0.49945766468612506905	1.05193089170037290536
2.10999999999999987566	0.99886991041556594251	0.19052730379411075834	0.80834260662145052123	5.78642895306090210283	2.00220822498659245525	0.49945702370583555663	1.05442817681890210757
2.11500000000000021316	0.99886857640441706341	0.20018552675524015072	0.79868304964917635758	5.77674675454023223153	2.00221089830188514469	0.49945637678486426436	1.05692545870282650355
2.12000000000000010658	0.99886723415337219656	0.21002243204257411979	0.78884480211079777145	5.76688603091399887290	2.00221358835538776333	0.49945572506092522636	1.05942273732813108111
2.12500000000000000000	0.99886588359630423817	0.22003212143883238427	0.77883376215747235349	5.75685267747083351253	2.00221629506064147108	0.49945506767668818027	1.06192001266651447899
2.12999999999999989342	0.99886452474008702307	0.23020859352911671181	0.76865593121096598139	5.74665269269680845099	2.00221901840147875618	0.49945440423568882027	1.06441728468769292171
2.13500000000000023093	0.99886315759407595660	0.24054574728654148918	0.75831741030753152533	5.73629217462776441749	2.00222175835882687522	0.49945373469178566683	1.06691455336115192942
2.14000000000000012434	0.99886178217048482431	0.25103738573177997173	0.74782439643870179946	5.72577731718257787463	2.00222451490854025380	0.49945305901476766408	1.06941181865622580993
2.14500000000000001776	0.99886039848440710820	0.26167721965000223516	0.73718317883440198646	5.71511440643917545401	2.00222728802112737156	0.49945237718812834915	1.07190908054216649248
2.14999999999999991118	0.99885900655395054581	0.27245887136299024034	0.72640013519095703032	5.70430981685842741769	2.00223007766115079775	0.49945168920554910974	1.07440633898819415393
2.15500000000000024869	0.99885760640016363343	0.28337587855411111581	0.71548172784604779917	5.69337000745625410048	2.00223288378748209837	0.49945099506788676047	1.07690359396353363408
2.16000000000000014211	0.99885619804700753743	0.29442169814386587312	0.70443449990314044307	5.68230151792702464775	2.00223570635332626111	0.49945029478115893218	1.07940084543743952672
2.16500000000000003553	0.99885478152120565909	0.30558971021366587717	0.69326507130754166930	5.67111096471889908344	2.00223854530634204352	0.49944958835529412733	1.08189809337921594157
2.16999999999999992895	0.99885335685227027991	0.31687322197549255831	0.68198013487677633382	5.65980503706520021723	2.00224140058853183888	0.49944887580345448397	1.08439533775823315764
2.17500000000000026645	0.99885192407223888367	0.32826547178500747881	0.67058645228723046117	5.64839049297107287373	2.00224427213688471738	0.49944815714152518416	1.08689257854394072389
2.18000000000000015987	0.99885048321570679697	0.33975963319579011168	0.65909085001991285502	5.63687415516084033840	2.00224715988327917060	0.49944743238787864259	1.08938981570588011571
2.18500000000000005329	0.99884903431966920451	0.35134881905218523501	0.64750021526748446909	5.62526290698622677411	2.00225006375464387176	0.49944670156322296117	1.09188704921369628131
2.18999999999999994671	0.99884757742345708920	0.36302608561836141599	0.63582149180509817121	5.61356368829870255865	2.00225298367348214512	0.49944596469044844067	1.09438427903714852185
2.19499999999999984013	0.99884611256863986561	0.37478443674108496975	0.62406167582755245338	5.60178349128796693179	2.00225591955769388619	0.49944522179525274730	1.09688150514612470232
2.20000000000000017764	0.99884463979885640406	0.38661682804368502353	0.61222781175517027030	5.58992935628887366306	2.00225887132100810462	0.49944447290623450453	1.09937872751065590649
2.20500000000000007105	0.99884315915972887723	0.39851617114872950332	0.60032698801099715347	5.57800836756049278620	2.00226183887326225630	0.49944371805376513995	1.10187594610092465253
2.20999999999999996447	0.99884167069871054867	0.41047533792686807796	0.58836633277183925106	5.56602764903920199657	2.00226482212037470987	0.49944295727004928143	1.10437316088727488506
2.21499999999999985789	0.99884017446540018792	0.42248716476947673071	0.57635300969592428988	5.55399436007049107644	2.00226782096501931818	0.49944219058904931741	1.10687037184022019076
2.22000000000000019540	0.99883867051137120718	0.43454445688220660893	0.56429421362916476479	5.54191569111151949301	2.00227083530579186288	0.49944141805544456370	1.10936757893049731116
2.22500000000000008882	0.99883715888930146853	0.44663999259671915976	0.55219716629258130958	5.52979885941658366733	2.00227386503786686234	0.49944063971750823905	1.11186478212908479435
2.22999999999999998224	0.99883563965297883502	0.45876652769862458214	0.54006911195435314266	5.51765110471853148510	2.00227691005425922910	0.49943985561447012955	1.11436198140715725380
2.23499999999999987566	0.99883411285716594552	0.47091679976865563617	0.52791731308851286286	5.50547968488963590517	2.00227997024598858289	0.49943906578709457156	1.11685917673609269585
2.24000000000000021316	0.99883257855749574272	0.48308353253452968046	0.51574904602296467448	5.49329187159187171119	2.00228304550229685432	0.49943827027762721649	1.11935636808748073534
2.24500000000000010658	0.99883103681026419451	0.49525944023090145985	0.50357159657936301222	5.48109494591887447257	2.00228613571111724312	0.49943746912967690310	1.12185355543312903492
2.25000000000000000000	0.99882948767238477483	0.50743723196480550186	0.49139225570757871786	5.46889619403291860067	2.00228924075896674850	0.49943666238817907566	1.12435073874506996638
2.25499999999999989342	0.99882793120119706121	0.51960961608394085065	0.47921831511725643260	5.45670290279869885097	2.00229236053164694198	0.49943585009926255713	1.12684791799556638381
2.26000000000000023093	0.99882636745431419012	0.53176930454519566460	0.46705706290911580547	5.44452235541681250908	2.00229549491430880437	0.49943503231019692468	1.12934509315711739674
2.26500000000000012434	0.99882479648954369811	0.54390901728080398581	0.45491577920873815799	5.43236182706034487211	2.00229864379162414423	0.49943420906931584868	1.13184226420246392131
2.27000000000000001776	0.99882321836467435894	0.55602148655949801270	0.44280173180517795606	5.42022858051542488766	2.00230180704841709272	0.49943338042588852899	1.13433943110459334314
2.27499999999999991118	0.99882163313741556543	0.56809946134004540852	0.43072217179736849157	5.40812986183049826394	2.00230498456945049668	0.49943254643011469884	1.13683659383674395826
2.28000000000000024869	0.99882004086519460273	0.58013571161459032144	0.41868432925060178329	5.39607289597509165446	2.00230817624008805566	0.49943170713295514940	1.13933375237240874789
2.28500000000000014211	0.99881844160504773544	0.59212303273913990953	0.40669540886590649365	5.38406488251171921888	2.00231138194649993522	0.49943086258608093697	1.14183090668533915313
2.29000000000000003553	0.99881683541349464139	0.60405424974865484788	0.39476258566483984902	5.37211299128331631891	2.00231460157583374126	0.49943001284180488231	1.14432805674954818365
2.29499999999999992895	0.99881522234636088697	0.61592222165410159818	0.38289300069226128720	5.36022435811840569642	2.00231783501647742085	0.49942915795298253867	1.14682520253931308218
2.30000000000000026645	0.99881360245871975145	0.62771984571898686855	0.37109375673973155063	5.34840608055743427229	2.00232108215839765819	0.49942829797293503136	1.14932234402917776706
2.30500000000000015987	0.99881197580470060249	0.63944006171268030769	0.35937191409201951764	5.33666521360170875710	2.00232434289347649425	0.49942743295534020032	1.15181948119395438646
2.31000000000000005329	0.99881034243737898404	0.65107585613808494074	0.34773448629929443188	5.32500876548823764978	2.00232761711544027250	0.49942656295421589130	1.15431661400872553891
2.31499999999999994671	0.99880870240864771947	0.66262026643104621204	0.33618843597760256214	5.31344369349293543792	2.00233090472059860332	0.49942568802375647552	1.15681374244884427327
2.31999999999999984013	0.99880705576912343080	0.67406638512907546268	0.32474067064004696892	5.30197689976466257633	2.00233420560761832263	0.49942480821834245308	1.15931086648993608712
2.32500000000000017764	0.99880540256796168652	0.68540736400674939777	0.31339803856121234427	5.29061522719212540267	2.00233751967806572480	0.49942392359239945465	1.16180798610789803860
2.33000000000000007105	0.99880374285284367897	0.69663641817548804802	0.30216732467735379908	5.27936545530724021802	2.00234084683651181180	0.49942303420036682216	1.16430510127889985661
2.33499999999999996447	0.99880207666976594805	0.70774683014505435086	0.29105524652470882163	5.26823429622586747456	2.00234418699084359972	0.49942214009658869589	1.16680221197938283062
2.33999999999999985789	0.99880040406298664646	0.71873195384451737944	0.28006845021846754618	5.25722839062980451530	2.00234754005232673535	0.49942124133526755170	1.16929931818605914451
