0.00000000000000000000	1.00000000000000000000	1.00000000000000000000	0.00000000000000000000	5.00000000000000000000	1.99994577959870922790	0.49999891977834975965	0.00000000000000000000
0.00500000000000000010	1.00000021185183962658	0.99985001701688358544	0.00014998298311699621	4.99790007542711922639	1.99994521652697954117	0.49999906054983422887	0.00249999530274917130
0.01000000000000000021	1.00000045379509638899	0.99940053112949300829	0.00059971081371358126	4.99610214887262493733	1.99991444956255226550	0.50224915741524434054	0.00501124108982539326
0.01499999999999999944	1.00000061658070715787	0.99865168767408574180	0.00134871705469796505	4.99460406699358472338	1.99991393029537256609	0.50224815756160789970	0.00752248187763343307
0.02000000000000000042	1.00000066088867800573	0.99760409310402253791	0.00239635593272162842	4.99340490590174290730	1.99991364863321585688	0.50224719495774283740	0.01003371785242214778
0.02500000000000000139	1.00000054763069101682	0.99625853289154930881	0.00374180288723251339	4.99250356409796136603	1.99991368259975876853	0.50224624991452482270	0.01254494910199477169
0.02999999999999999889	1.00000023794545267464	0.99461597086446629223	0.00538405522914298367	4.99189876323666048563	1.99991410977189265630	0.50224530276276224683	0.01505617561580858271
0.03500000000000000333	0.99999969319506121224	0.99267754843493616335	0.00732193290839776908	4.99158904900222655243	1.99991500728680615673	0.50224433385304156907	0.01756739728507378945
0.04000000000000000083	0.99999887496232697792	0.99044458372112476052	0.00955407938964746885	4.99157279209601689729	1.99991526736930480546	0.50224394445993059133	0.02007861700737344213
0.04499999999999999833	0.99999774504894289873	0.98791857056245580004	0.01207896263517092665	4.99184818933272467234	1.99991694410330622667	0.50224300553788525647	0.02258983203506286647
0.05000000000000000278	0.99999737032855751107	0.98510226049842908314	0.01489489797889143041	4.99241549633749492898	1.99991927321909290782	0.50224199751334519526	0.02510104202262959314
0.05500000000000000028	0.99999684737276117730	0.98199663854645635741	0.01799999697517918121	4.99327082659748366922	1.99992219622612443786	0.50224328128867690157	0.02761225842907297917
0.05999999999999999778	0.99999616145131964284	0.97860373729466443304	0.02139221230567469809	4.99441191300166131839	1.99992356307553698080	0.50224312354242794942	0.03012347404678511822
0.06500000000000000222	0.99999529792905961223	0.97492575915329349190	0.02506932692496786561	4.99583632056674264987	1.99992394558821806605	0.50224334097848832847	0.03263469075167756139
0.07000000000000000666	0.99999424228486466504	0.97096507481359273228	0.02902895562069841492	4.99754144815168999116	1.99992583720583549933	0.50224330111612458527	0.03514590725725818404
0.07499999999999999722	0.99999298013039983335	0.96672422160863302754	0.03326854667146251360	4.99952453026874277242	1.99992812644780082465	0.50224328493439984733	0.03765712368193017967
0.08000000000000000167	0.99999149722847746613	0.96220590177726628145	0.03778538360121944106	5.00178263898928054942	1.99993084241229635012	0.50224328399112261323	0.04016834010188579523
0.08500000000000000611	0.99999090174485472104	0.95741302850816112358	0.04257766138682754498	5.00431824923531554106	1.99993401387252944801	0.50224328987185207218	0.04267955655124505698
0.08999999999999999667	0.99999017936364509307	0.95234859706062069407	0.04764137045331222342	5.00712314331381591614	1.99993381633227773619	0.50224581288854908134	0.04519078561568780350
0.09500000000000000111	0.99998932081321389997	0.94701579597314133885	0.05297331299054239273	5.01019393741451413149	1.99993532486878500265	0.50224664728411494430	0.04770201885210837572
0.10000000000000000555	0.99998831670383547809	0.94141797104870461599	0.05857013380581308631	5.01352709188873468804	1.99993711310771660195	0.50224753530088717124	0.05021325652861281102
0.10499999999999999611	0.99998715754231504160	0.93555862315147375607	0.06442832254176890372	5.01711891360117601124	1.99993920022725779617	0.50224847024520846706	0.05272449887983885614
0.11000000000000000056	0.99998691128053085464	0.92944237252313099962	0.07054432690837914022	5.02097428956429592262	1.99994160558023126306	0.50224944532347559623	0.05523574610645623495
0.11500000000000000500	0.99998658546371854694	0.92307212098279056711	0.07691425263197577966	5.02508127756549516363	1.99994225308608974956	0.50225154784631964588	0.05774700384568783040
0.11999999999999999556	0.99998617396041777905	0.91645181986632995308	0.08353414224522417997	5.02943577129274821402	1.99994301440663724279	0.50225321913378240257	0.06025826994135674575
0.12500000000000000000	0.99998567054644782459	0.90958556555207570327	0.09039989314561387712	5.03403352109860424690	1.99994395637193744797	0.50225496083703491390	0.06276954474554191643
0.13000000000000000444	0.99998506892059302320	0.90247759682669426162	0.09750726024526748525	5.03887013678853534770	1.99994509168419409839	0.50225676760313409108	0.06528082858355759022
0.13500000000000000888	0.99998436271998769609	0.89513229217050060971	0.10485185870100675876	5.04394109048661754002	1.99994537475497868861	0.50225892341719824419	0.06779212320064358088
0.14000000000000001332	0.99998354553519008814	0.88755416696406430610	0.11242916672281672019	5.04924171957675138600	1.99994682587424965625	0.50226087273993247351	0.07030342756434324047
0.14499999999999999001	0.99998261092488494040	0.87974787061796211329	0.12023452845881328621	5.05476722971737224555	1.99994850346583707967	0.50226287201204822264	0.07281474192440348658
0.14999999999999999445	0.99998155243020958594	0.87171818362755548737	0.12826315695476792067	5.06051269792725211261	1.99995042063703998281	0.50226491558183827824	0.07532606650231267464
0.15499999999999999889	0.99998036358861530637	0.86347001455473348930	0.13651013718624788185	5.06647307574052252477	1.99995259052092699825	0.50226699774553595912	0.07783740149104034778
0.16000000000000000333	0.99997903794726361593	0.85500839693856645063	0.14497042916134347812	5.07264319242841832391	1.99995502624893384258	0.50226911275521213263	0.08034874705481641344
0.16500000000000000777	0.99997756907593182696	0.84633848613688222873	0.15363887109200718983	5.07901775828595347662	1.99995774092436295888	0.50227125482641599152	0.08286010332894849784
0.17000000000000001221	0.99997595057937960217	0.83746555610076467424	0.16251018263191566171	5.08559136798099320487	1.99996074759708131197	0.50227341814555415134	0.08537147041967627081
0.17500000000000001665	0.99997521661793731251	0.82839517332243062242	0.17157983144896132854	5.09236456977663465295	1.99996272881273728927	0.50227600429518814984	0.08788285044115221045
0.17999999999999999334	0.99997439385358299901	0.81913269413983014200	0.18084148786738390990	5.09932607543893823276	1.99996430143323133954	0.50228007481718794924	0.09039425081523815020
0.18499999999999999778	0.99997347811087444747	0.80968373132809157156	0.19028953493660821783	5.10647016242101958738	1.99996593369085884362	0.50228294999028744172	0.09290566556518958796
0.19000000000000000222	0.99997246517537241584	0.80005400283517258408	0.19991825049423989080	5.11379100570472999721	1.99996775485331523825	0.50228586441989486744	0.09541709488728905564
0.19500000000000000666	0.99997135079639076771	0.79024932824399174436	0.20972181070667483826	5.12128268139806763770	1.99996977363408245942	0.50228881304149430864	0.09792853895249652163
0.20000000000000001110	0.99997013068953710668	0.78027562517925763697	0.21969429366481302290	5.12893917038533952990	1.99997199882233234192	0.50229179072706142684	0.10043999790613182543
0.20500000000000001554	0.99996880053903069996	0.77013890566118603509	0.22982968303266163024	5.13675436202765567373	1.99997443927791995755	0.50229479228780737898	0.10295147186757086510
0.20999999999999999223	0.99996839904225420792	0.75984552489119450147	0.24012266230596102101	5.14472597759750538415	1.99997710392663585743	0.50229781247685401091	0.10546296092995513516
0.21499999999999999667	0.99996793552842577757	0.74940145403894964371	0.25056626964447570316	5.15284400922840912784	1.99997840495488876655	0.50230291412556915542	0.10797447550058297816
0.22000000000000000111	0.99996740653187288217	0.73881296821215269865	0.26115422647483432783	5.16110209589265256369	1.99997936248869589981	0.50230658981709919164	0.11048600844966847967
0.22500000000000000555	0.99996680847525687419	0.72808642187538741286	0.27188017475510722898	5.16949379991768331877	1.99998045576084093611	0.50231029830483719945	0.11299755994119266289
0.23000000000000000999	0.99996613766872533002	0.71722824496527026739	0.28273768085883538292	5.17801261090299114187	1.99998169221627120073	0.50231403442810651505	0.11550913011333319158
0.23500000000000001443	0.99996539030911724133	0.70624493896601236997	0.29372023949864362047	5.18665194967445053464	1.99998176710146857715	0.50231818938122729801	0.11802072106023932252
0.23999999999999999112	0.99996456247923726224	0.69514307294787869296	0.30482127768707240056	5.19540517227440368231	1.99998321972199177843	0.50232199150277045963	0.12053233101775318037
0.24499999999999999556	0.99996365014722787823	0.68392927957096028013	0.31603415873217582943	5.20426557398477029892	1.99998483462230458585	0.50232580646827584836	0.12304396005009456128
0.25000000000000000000	0.99996264916597743522	0.67261025105669070001	0.32735218626540668607	5.21322639338051363467	1.99998662003337801529	0.50232962878741904689	0.12555560819403166484
0.25500000000000000444	0.99996155527263630436	0.66119273512960674566	0.33876860829938204578	5.22228081641145713832	1.99998858441851079526	0.50233345288333930423	0.12806727545844837080
0.26000000000000000888	0.99996036408819710672	0.64968353093183539571	0.35027662131296605219	5.23142198050951368060	1.99999073647454617131	0.50233727309445308506	0.13057896182392064732
0.26500000000000001332	0.99995907111715143234	0.63808948491278316695	0.36186937436124683165	5.24064297871916551230	1.99999308513247253671	0.50234108367637697601	0.13309066724230253498
0.27000000000000001776	0.99995871377638523292	0.62641802400609214452	0.37354047792724781596	5.24993841059690335982	1.99999563955799164461	0.50234487880389766534	0.13560239163632201165
0.27500000000000002220	0.99995830858583656386	0.61467555184859667960	0.38528254489428004348	5.25929986101512625396	1.99999680692991743669	0.50235077921304005510	0.13811414553238721137
0.28000000000000002665	0.99995785339424503313	0.60286903141229586378	0.39708861013908497428	5.26872032079332708321	1.99999761217478710940	0.50235517489096692678	0.14062592140684204711
0.28500000000000003109	0.99995734599907437623	0.59100545628642642271	0.40895167786989017333	5.27819275325150716327	1.99999852072734185526	0.50235957423332422422	0.14313771927800866823
0.28999999999999998002	0.99995678414668698331	0.57909184648127598471	0.42086472582277267840	5.28771009841870220924	1.99999953717908707240	0.50236397259080423083	0.14564953914096268051
0.29499999999999998446	0.99995616553254829117	0.56713524422254857349	0.43282070946749268137	5.29726527724923101914	2.00000066622459060639	0.50236836527678818687	0.14816138096734662866
0.29999999999999998890	0.99995548780145415702	0.55514270973880130988	0.44481256622028764180	5.30685119584415954108	2.00000191266087812281	0.50237274756955085930	0.15067324470519438684
0.30499999999999999334	0.99995474854783827912	0.54312131704457766723	0.45683321966105244760	5.31646074967564175040	2.00000235722454267062	0.50237735702320096554	0.15318513149031037779
0.30999999999999999778	0.99995394531611225819	0.53107814972169686829	0.46887558375237675667	5.32608682781135911455	2.00000378973877213085	0.50238172033793104809	0.15569704009200002748
0.31500000000000000222	0.99995307560103541267	0.51902029670132066030	0.48093256705786147087	5.33572231713659395069	2.00000535162300696612	0.50238605964697036210	0.15820897039023487651
0.32000000000000000666	0.99995213684813510913	0.50695484804927359868	0.49299707695720779155	5.34536010657137694579	2.00000704799677020418	0.50239037012954990136	0.16072092224088263546
0.32500000000000001110	0.99995112645420758390	0.49488889075720965405	0.50506202385555787338	5.35499309128050970941	2.00000888407863675056	0.50239464694090851804	0.16323289547558716972
0.33000000000000001554	0.99995004176784851868	0.48282950454210044056	0.51712032538453722719	5.36461417687353137040	2.00001086518520665436	0.50239888521458897497	0.16574488990166011404
0.33500000000000001998	0.99994888009002802498	0.47078375765659680185	0.52916491059246750783	5.37421628359225334037	2.00001299673015298097	0.50240308006473954894	0.16825690530198381123
0.34000000000000002442	0.99994763867476599284	0.45875870271275498435	0.54118872412130958338	5.38379235048367377203	2.00001528422284113873	0.50240722658847969395	0.17076894143492621359
0.34500000000000002887	0.99994631472984918386	0.44676137252162351210	0.55318473036780702046	5.39333533955555655126	2.00001773326706722145	0.50241131986826503830	0.17328099803426755265
0.35000000000000003331	0.99994490541759306623	0.43479877595116994682	0.56514591762630195237	5.40283823991194545044	2.00002034955961560669	0.50241535497427047829	0.17579307480913891615
0.35499999999999998224	0.99994340785567570329	0.42287789380502049941	0.57706530221085095000	5.41229407186672517582	2.00002313888863847424	0.50241932696681268489	0.17830517144397298179
0.35999999999999998668	0.99994271962941716492	0.41100625507785149004	0.58893625271190797044	5.42170161425720387172	2.00002508023054081931	0.50242349611125447506	0.18081728892452925139
0.36499999999999999112	0.99994108722051111560	0.39918965532048661382	0.60075122006071168812	5.43104282506801983033	2.00002819267942921755	0.50242733542025164173	0.18332942560163051349
0.36999999999999999556	0.99993935957686030935	0.38743550555332362251	0.61250364218458963617	5.44031626747941832178	2.00003149505248467577	0.50243109885825942840	0.18584158109592180397
0.37500000000000000000	0.99993853524497888774	0.37575131575620362989	0.62418700765000301178	5.44952145154995193366	2.00003299703865211612	0.50243597857933963713	0.18835376098881850826
0.38000000000000000444	0.99993766205340539610	0.36414324376140644324	0.63579420645341166995	5.45864559234323554193	2.00003458749276585849	0.50244013280882116046	0.19086596165286262572
0.38500000000000000888	0.99993673880387190511	0.35261801976606371722	0.64731850719941697037	5.46768199269841304044	2.00003627775603298744	0.50244422261855614664	0.19337818276595541978
0.39000000000000001332	0.99993576428708474957	0.34118231787026459534	0.65875323457863377286	5.47662401477756599633	2.00003807034284708521	0.50244824404309906818	0.19589042398617090290
0.39500000000000001776	0.99993473728273751799	0.32984275220268527429	0.67009177324208402116	5.48546508391187970233	2.00003996779017301222	0.50245219313959965657	0.19840268495186891284
0.40000000000000002220	0.99993365655949217885	0.31860587308786897376	0.68132757163388379951	5.49419869240406466560	2.00004197265757488466	0.50245606598981806812	0.20091496528181801429
0.40500000000000002665	0.99993252087504591596	0.30747816325739446564	0.69245414578015307416	5.50281840328581228761	2.00004408752696427598	0.50245985870205367441	0.20342726457532828155
0.41000000000000003109	0.99993132897614345200	0.29646603410711336313	0.70346508303178401089	5.51131785402702245591	2.00004631500249230314	0.50246356741302045101	0.20593958241239337936
0.41500000000000003553	0.99993007959865787271	0.28557582200264991501	0.71435404575902594626	5.51969076019556847967	2.00004865771034889832	0.50246718828972725124	0.20845191835384202506
0.41999999999999998446	0.99992877146763270435	0.27481378463527172951	0.72511477499565590854	5.52793091906471012464	2.00005111829856785377	0.50247071753133698557	0.21096427194149872109
0.42499999999999998890	0.99992740329739859817	0.26418609743024878966	0.73574109403073628677	5.53603221316685267794	2.00005369943668886989	0.50247415137103312865	0.21347664269835389672
0.42999999999999999334	0.99992597379169534388	0.25369885000977493439	0.74622691194580947904	5.54398861379104435088	2.00005640381552218798	0.50247748607784070707	0.21598903012874309804
0.43499999999999999778	0.99992448164377167874	0.24335804271245226049	0.75656622709552334705	5.55179418442227756714	2.00005923414681596739	0.50248071795845150600	0.21850143371853536500
0.44000000000000000222	0.99992292553657002863	0.23316958317135524914	0.76675313052974913841	5.55944308412109045037	2.00006219316274913567	0.50248384335905571518	0.22101385293533065690
0.44500000000000000666	0.99992222435792876833	0.22313935672827844847	0.77678265579433380950	5.56693869921358874819	2.00006415870052522976	0.50248717983729707104	0.22352628883451713948
0.45000000000000001110	0.99992056415502539313	0.21327292298023142747	0.78664742933983011763	5.57425741624969894872	2.00006736127444684215	0.50249008706665310164	0.22603873926985040832
0.45500000000000001554	0.99991883639231993186	0.20357597065298901895	0.79634265390473124580	5.58140254964940485394	2.00007070120783359002	0.50249287699616196345	0.22855120365483122535
0.46000000000000001998	0.99991703971046252963	0.19405400341619910565	0.80586282446004431357	5.58836867343179921619	2.00007418132098457875	0.50249554614557412346	0.23106368138555910541
0.46500000000000002442	0.99991617488979400719	0.18471246976710425924	0.81520349328865504557	5.59516043344381852620	2.00007578566383825702	0.50249909505399026344	0.23357617686082904340
0.47000000000000002887	0.99991526464725766221	0.17555658785319661064	0.82435846496021802920	5.60176293521264767605	2.00007749686898428365	0.50250204443795853937	0.23608868708301883332
0.47500000000000003331	0.99991430793057811677	0.16659152657983045120	0.83332256951710814707	5.60817109843152117321	2.00007930361561303556	0.50250487647875397013	0.23860121146541260484
0.47999999999999998224	0.99991330367462238904	0.15782233717061591727	0.84209075467058047693	5.61437996290691643253	2.00008120812711043257	0.50250758806552386915	0.24111374940574023529
0.48499999999999998668	0.99991225080053602881	0.14925395035499172680	0.85065808861234115668	5.62038469130423923303	2.00008321265034849645	0.50251017613827109187	0.24362630028643159075
0.48999999999999999112	0.99991114821595150630	0.14089117363267353311	0.85901976275030933472	5.62618057182532016469	2.00008531945630974036	0.50251263769061904618	0.24613886347488467266
0.49499999999999999556	0.99990999481520070891	0.13273868861575596756	0.86717109436671924172	5.63176302080737922751	2.00008753083983625842	0.50251496977147191991	0.24865143832374203559
0.50000000000000000000	0.99990878947966788104	0.12480104844983459789	0.87510752919736323197	5.63712758524279244909	2.00008984911880371982	0.50251716948658753381	0.25116402417117494883
0.50500000000000000444	0.99990753107818985956	0.11708267531554000795	0.88282464393044712825	5.64226994521743385747	2.00009227663332112002	0.50251923400007580955	0.25367662034117532954
0.51000000000000000888	0.99990621846754057511	0.10958785801182062414	0.89031814862379410336	5.64718591626664068173	2.00009481574476977173	0.50252116053590711875	0.25618922614385486458
0.51500000000000001332	0.99990485049283039931	0.10232074962226704595	0.89758388903892893929	5.65187145164658311103	2.00009746883482497637	0.50252294637935968069	0.25870184087575165410
0.52000000000000001776	0.99990413374055620022	0.09528598579721409001	0.90461793611185725705	5.65632414724659238203	2.00009894134801813337	0.50252492237002710507	0.26121446548760179907
0.52500000000000002220	0.99990265941427969310	0.08848621203139341029	0.91141623555171213944	5.66053724487526022102	2.00010176962100416631	0.50252643270595342972	0.26372709765113155900
0.53000000000000002665	0.99990112597471070277	0.08192576986005474515	0.91797514428380722062	5.66450861391513171839	2.00010471771483322456	0.50252779635354427601	0.26623973663289929315
0.53500000000000003109	0.99989954160975169639	0.07560832133875622363	0.92429100844048350805	5.66823843483787648267	2.00010778785826692783	0.50252900949975487510	0.26875238168039805586
0.54000000000000003553	0.99989791144540762780	0.06953718525447982746	0.93036051436075861698	5.67171628356496348999	2.00011098278943633133	0.50253006993639282030	0.27126503203008001108
0.54500000000000003997	0.99989621959000907214	0.06371570739718920851	0.93618030036301014274	5.67494243041110113523	2.00011430444722071442	0.50253097495170939712	0.27377768690483855751
0.55000000000000004441	0.99989446482159416441	0.05814703269504076233	0.94174722029711499527	5.67791384900544304770	2.00011775559627924537	0.50253172251065070242	0.27629034551739178882
0.55500000000000004885	0.99989264591099069612	0.05283415481652023460	0.94705827926541763517	5.68062766571220123524	2.00012133874123332333	0.50253231043752344398	0.27880300706957938939
0.56000000000000005329	0.99989076162260881464	0.04777991463356568574	0.95211063516039062815	5.68308116109865046894	2.00012505639614612818	0.50253273662962094637	0.28131567075272750911
0.56500000000000005773	0.99988881071534352341	0.04298699877779952466	0.95690160010930502832	5.68527177131009242572	2.00012891108277868213	0.50253299905852810703	0.28382833574802013299
0.57000000000000006217	0.99988679194342122702	0.03845793829047201157	0.96142864182513743110	5.68719708935015155760	2.00013290532879794981	0.50253309577131455299	0.28634100122687672352
0.57500000000000006661	0.99988470405739438007	0.03419510736674706564	0.96568938486327704496	5.68885486626687075784	2.00013704166577799270	0.50253302489172013701	0.28885366635133530311
0.57999999999999996003	0.99988356506968012472	0.03020174133885339049	0.96968161190369728253	5.69025014187122835096	2.00013926867856906000	0.50253381785726003450	0.29136633544062162660
0.58499999999999996447	0.99988239108431842261	0.02647891501429643427	0.97340326424314294051	5.69137410747000505040	2.00014158348867265858	0.50253395599094585755	0.29387900522057636143
0.58999999999999996891	0.99988118154709082486	0.02302852503959943245	0.97685244468086895875	5.69222500024996591605	2.00014397328100645979	0.50253394049316246761	0.29639167492304219209
0.59499999999999997335	0.99987993589197843303	0.01985230705748813884	0.98002741700813067460	5.69280121921451698341	2.00014643920514645359	0.50253377014643307863	0.29890434377377433917
0.59999999999999997780	0.99987865354124649819	0.01695183492845310849	0.98292660678670507046	5.69310132588232686857	2.00014898243068772743	0.50253344380818787407	0.30141701099281525966
0.60499999999999998224	0.99987733390552602231	0.01432852004941508571	0.98554860203030270061	5.69312404488841128369	2.00015160414698778268	0.50253296041123618476	0.30392967579487145668
0.60999999999999998668	0.99987597638398384436	0.01198361076972751828	0.98789215378873562745	5.69286826448800820089	2.00015430556287121533	0.50253231896419892077	0.30644233738969245406
0.61499999999999999112	0.99987458036444554210	0.00991819190468786090	0.98995617663453328028	5.69233303696249315351	2.00015708790637125603	0.50253151855188249453	0.30895499498245188041
0.61999999999999999556	0.99987314522361914193	0.00813318434667249616	0.99173974905202588737	5.69151757892786314130	2.00015995242434296841	0.50253055833563620158	0.31146764777413005199
0.62500000000000000000	0.99987167032726897986	0.00662934477394977895	0.99324211372871040737	5.69042127154512922260	2.00016290038204935797	0.50252943755365986345	0.31398029496189833187
0.63000000000000000444	0.99987015503048393139	0.00540726545716764713	0.99446267774902885606	5.68904366063338873261	2.00016593306271106556	0.50252815552129315169	0.31649293573950482150
0.63500000000000000888	0.99986943909135206354	0.00446819997078065807	0.99540102729643498147	5.68738615211741382893	2.00016766192864237084	0.50252709520451177561	0.31900557121552736151
0.64000000000000001332	0.99986784504959369535	0.00381076598462650471	0.99605686724117004083	5.68544523629291997935	2.00017081988505474044	0.50252550035720033872	0.32151819871731335265
0.64500000000000001776	0.99986620853516849916	0.00343588193772013635	0.99643011477399845433	5.68322264199390847494	2.00017406565065281043	0.50252374434341828824	0.32403081743903044964
0.65000000000000002220	0.99986452887310095505	0.00334348249210643031	0.99652083455789863820	5.68071857287432102623	2.00017740039879177161	0.50252182538333911577	0.32654342656594714800
0.65500000000000002665	0.99986280537942706648	0.00353333839587798796	0.99632925516081882744	5.67793339635130056564	2.00018082549157760752	0.50251974318102698991	0.32905602528185229350
0.66000000000000003109	0.99986103736154552379	0.00400505687231185719	0.99585576866687741671	5.67486764313615843491	2.00018434230602881740	0.50251749751836793934	0.33156861276944415984
0.66500000000000003553	0.99985922411857031111	0.00475808210501659033	0.99510093019158063488	5.67152200666966255227	2.00018795223344580947	0.50251508825505886158	0.33408118821071947080
0.67000000000000003997	0.99985737277176822690	0.00579083537021644109	0.99406632557997176569	5.66789647595191681262	2.00019165667866749558	0.50251251532855878423	0.33659375078736225584
0.67500000000000004441	0.99985549085514469070	0.00710415233608536340	0.99275112669787646258	5.66399382248232008408	2.00019545721440517028	0.50250978011847213800	0.33910629968795463762
0.68000000000000004885	0.99985356209213649414	0.00869613681130990135	0.99115721346005325465	5.65981433576441439470	2.00019935495790601721	0.50250687998303578130	0.34161883408786980487
0.68500000000000005329	0.99985158574129562314	0.01056558758310630411	0.98928578633783292862	5.65535935257312516455	2.00020335150673256308	0.50250381646242436862	0.34413135317018195281
0.69000000000000005773	0.99984956105439148910	0.01271114423977137003	0.98713820499469351333	5.65063036817941011236	2.00020744831190189217	0.50250058980391232311	0.34664385611920150998
0.69500000000000006217	0.99984748727692618342	0.01513128822363666616	0.98471598723380282525	5.64562903522028669556	2.00021164683405228146	0.50249720033164568811	0.34915634212085971955
0.70000000000000006661	0.99984638145609305848	0.01782434475120796280	0.98202182488563138918	5.64035818001826338985	2.00021411671540993993	0.50249570649411223755	0.35166882065333027185
0.70499999999999996003	0.99984525446547112271	0.02078848118495352573	0.97905656146150399355	5.63481877915580309235	2.00021643146197902752	0.50249256115469276285	0.35418128345910371291
0.70999999999999996447	0.99984410602900397613	0.02402171189981137586	0.97582218231042150425	5.62901295005103818880	2.00021879242922429043	0.50248927015230093751	0.35669372980986524535
0.71499999999999996891	0.99984293586364358930	0.02752189824256631029	0.97232082580255596582	5.62294296206617438827	2.00022120012234916331	0.50248583435778271244	0.35920615898165414448
0.71999999999999997335	0.99984174367943290385	0.03128675003019094902	0.96855478183097143408	5.61661123493511116322	2.00022365505583366030	0.50248225471430996159	0.36171857025522569096
0.72499999999999997780	0.99984052917946841799	0.03531382713502054238	0.96452649022643488497	5.61002033710436709413	2.00022615775497625279	0.50247853223714178394	0.36423096291641138267
0.72999999999999998224	0.99983929206012622792	0.03960054115558776788	0.96023853908679035474	5.60317298399038232759	2.00022870875572822413	0.50247466801295603833	0.36674333625647614898
0.73499999999999998668	0.99983803201097332103	0.04414415717195246947	0.95569366302153901938	5.59607203615140491593	2.00023130860494280370	0.50247066319895961062	0.36925568957247095758
0.73999999999999999112	0.99983674871493377623	0.04894179558431369093	0.95089474131340945284	5.58872049737869325270	2.00023395786015356634	0.50246651902207706275	0.37176802216758136899
0.74499999999999999556	0.99983544184828054835	0.05399043403364819221	0.94584479599770032721	5.58112151270542167225	2.00023665708957842924	0.50246223677799972673	0.37428033335147137262
0.75000000000000000000	0.99983411108064468298	0.05928690940307201895	0.94054698986092077906	5.57327836633601680916	2.00023940687222401280	0.50245781783019682898	0.37679262244062233789
0.75500000000000000444	0.99983275607507238192	0.06482791989857422665	0.93500462436013420664	5.56519447949758117034	2.00024220779774442036	0.50245326360892761386	0.37930488875866696930
0.76000000000000000888	0.99983137648792053120	0.07061002720773201791	0.92922113746411738600	5.55687340821334441188	2.00024506046675520921	0.50244857561010325409	0.38181713163671748834
0.76500000000000001332	0.99982997196885103897	0.07662965873496552227	0.92320010141811092996	5.54831884100131045301	2.00024796549083472286	0.50244375539418340004	0.38432935041368843088
0.77000000000000001776	0.99982854216077332588	0.08288310991185487975	0.91694522043344817153	5.53953459649887491878	2.00025092349273103665	0.50243880458498990649	0.38684154443661339373
0.77500000000000002220	0.99982708669971120941	0.08936654658099502102	0.91046032830355450027	5.53052462101444941567	2.00025393510664750707	0.50243372486844006808	0.38935371306095561961
0.78000000000000002665	0.99982560521467056525	0.09607600745182325042	0.90374938594800002800	5.52129298600856266432	2.00025700097853276205	0.50242851799126742041	0.39186585565091197614
0.78500000000000003109	0.99982409732750898712	0.10300740662682048021	0.89681647888616022879	5.51184388550580717236	2.00026012176638579021	0.50242318575967426231	0.39437797157971032913
0.79000000000000003553	0.99982256265270230688	0.11015653619643801797	0.88966581464206218044	5.50218163343887223249	2.00026329814075687352	0.50241773003791612151	0.39689006022989992140
0.79500000000000003997	0.99982100079710811702	0.11751906890107391424	0.88230172008216267709	5.49231066092679309776	2.00026653078529870200	0.50241215274682915481	0.39940212099363409104
0.80000000000000004441	0.99981941135973517731	0.12509056085838130001	0.87472863868781991492	5.48223551348940851824	2.00026982039718559392	0.50240645586235510578	0.40191415327294588433
0.80500000000000004885	0.99981779393136116507	0.13286645435415289640	0.86695112776401683785	5.47196084819875849803	2.00027316768793328450	0.50240064141392615227	0.40442615648001550843
0.81000000000000005329	0.99981715576678131807	0.14084304904135611092	0.85897389491236963988	5.46149348544136703509	2.00027657338405351339	0.50239471148287162539	0.40693813003742984602
0.81500000000000005773	0.99981649531654548380	0.14901459887050622077	0.85080168463312522142	5.45083626327848769222	2.00027811251662379632	0.50239067601984355171	0.40945008341752908709
0.82000000000000006217	0.99981581248064366196	0.15737622177797377931	0.84243937888989928187	5.43999415697361854427	2.00027961181412061720	0.50238503789914312758	0.41196200860702480995
0.82500000000000006661	0.99981510716447985487	0.16592293363917892668	0.83389196171268131774	5.42897224140140899351	2.00028115813592810568	0.50237929474569265054	0.41447390508075326876
0.83000000000000007105	0.99981437927882754746	0.17464965134983073680	0.82516451611653074405	5.41777568791707864193	2.00028161084371713940	0.50237374074409779645	0.41698577378447376773
0.83499999999999996447	0.99981362873963042226	0.18355119595954422218	0.81626222096777911741	5.40640976117439109316	2.00028322831692007000	0.50236780081326237735	0.41949761278854008628
0.83999999999999996891	0.99981285546796216934	0.19262229585587334335	0.80719034779994569551	5.39487981589541121252	2.00028489309051993317	0.50236176340254468098	0.42200942160555282578
0.84499999999999997335	0.99981205938985662218	0.20185758999675887382	0.79795425758112414893	5.38319129359291981274	2.00028660523981249852	0.50235563112763081950	0.42452119976119095934
0.84999999999999997780	0.99981124043616331765	0.21125163118937562157	0.78855939743498659755	5.37134971924810944444	2.00028836482977601108	0.50234940665068705812	0.42703294679444436799
0.85499999999999998224	0.99981039854233455522	0.22079888941333403185	0.77901129731737750461	5.35936069794525771215	2.00029017191558100563	0.50234309267859900139	0.42954466225783738409
0.85999999999999998668	0.99980953364826741225	0.23049375518617229441	0.76931556665065570222	5.34722991146602666390	2.00029202654297666442	0.50233669196120434020	0.43205634571764339746
0.86499999999999999112	0.99980864569811389586	0.24033054296904837743	0.75947789091781348070	5.33496311484509444512	2.00029392874875133757	0.50233020728949084877	0.43456799675409085726
0.86999999999999999556	0.99980773463998728889	0.25030349461052886495	0.74950402821839956502	5.32256613288888846824	2.00029587856133872492	0.50232364149374042483	0.43707961496155955938
0.87500000000000000000	0.99980680042574154864	0.26040678282635187912	0.73939980578852926296	5.31004485666042658210	2.00029787600137565207	0.50231699744165247967	0.43959119994876783011
0.88000000000000000444	0.99980584301071140363	0.27063451471300958850	0.72917111648704424631	5.29740523993187295559	2.00029992108229759395	0.50231027803646155494	0.44210275133895016175
0.88500000000000000888	0.99980486235342669321	0.28098073529301564877	0.71882391524996169796	5.28465329560712326895	2.00030201381095951163	0.50230348621501152984	0.44461426877002524494
0.89000000000000001332	0.99980385841527963375	0.29143943108965314481	0.70836421551538852892	5.27179509211630925591	2.00030415418832108188	0.50229662494580218368	0.44712575189475423088
0.89500000000000001776	0.99980283116023049850	0.30200453372905355920	0.69779808562115752668	5.25883674978515891496	2.00030634221018965846	0.50228969722701499734	0.44963720038088927922
0.90000000000000002220	0.99980178055444279828	0.31266992356737449699	0.68713164517727109981	5.24578443718049580724	2.00030857786793436759	0.50228270608451908164	0.45214861391131189183
0.90500000000000002665	0.99980070656590791511	0.32342943334089341301	0.67637106141544722782	5.23264436743478533742	2.00031086114934808506	0.50227565456983458425	0.45465999218416108807
0.91000000000000003109	0.99979960916407928373	0.33427685183678695902	0.66552254551795664295	5.21942279455174240610	2.00031319203943436236	0.50226854575810686576	0.45717133491295164349
0.91500000000000003553	0.99979848831945894450	0.34520592758237966802	0.65459234892798023875	5.20612600969523331429	2.00031557052122943574	0.50226138274604226197	0.45968264182668183704
0.92000000000000003997	0.99979734400316222498	0.35621037255062343307	0.64358675964368317057	5.19276033746352982945	2.00031799657684405958	0.50225416864980454434	0.46219391266993087308
0.92500000000000004441	0.99979617618648242150	0.36728386587956657339	0.63251209849830736243	5.17933213215155774378	2.00032047018828773588	0.50224690660293969113	0.46470514720294558986
0.93000000000000004885	0.99979498484039863726	0.37842005760359304078	0.62137471542845112982	5.16584777400295092065	2.00032299133853141981	0.50223959975423315694	0.46721634520171673177
0.93500000000000005329	0.99979376993514723626	0.38961257239417573794	0.61018098573287493647	5.15231366545478142172	2.00032556001249783861	0.50223225126559112308	0.46972750645804467462
0.94000000000000005773	0.99979253143966162476	0.40085501330788597674	0.59893730632394071023	5.13873622737626511991	2.00032817619811842391	0.50222486430988866335	0.47223863077959410406
0.94500000000000006217	0.99979126932105011338	0.41214096553944462586	0.58765009197403783592	5.12512189530456740982	2.00033083988747195647	0.50221744206879526118	0.47474971798993809147
0.95000000000000006661	0.99978998354409409632	0.42346400017756219425	0.57632577155923581103	5.11147711567975537861	2.00033355107785926208	0.50220998773061509279	0.47726076792859117859
0.95500000000000007105	0.99978867407061910999	0.43481767796131498560	0.56497078430228753199	5.09780834208055200207	2.00033630977307419485	0.50220250448807679522	0.47977178045103158199
0.95999999999999996447	0.99978734085894604977	0.44619555303485225473	0.55359157601736075360	5.08412203146399388487	2.00033911598456137781	0.50219499553614466159	0.48228275542871229531
0.96499999999999996891	0.99978598386328709768	0.45759117669818061280	0.54219459535866054711	5.07042464041075735537	2.00034196973267430764	0.50218746406981795705	0.48479369274906136678
0.96999999999999997335	0.99978460303311922353	0.46899810115181816972	0.53078629007514732674	5.05672262137832184692	2.00034487104795166701	0.50217991328191202705	0.48730459231547090804
0.97499999999999997780	0.99978319831251838412	0.48040988323310729324	0.51937310327355346029	5.04302241896424074952	2.00034781997245580953	0.50217234636082719312	0.48981545404727505622
0.97999999999999998224	0.99978176963950826650	0.49182008814197386570	0.50796146969198097132	5.02933046618194445898	2.00035081656117963433	0.50216476648832342189	0.49232627787971666722
0.98499999999999998668	0.99978031694537161655	0.50322229315394206850	0.49655781198618414995	5.01565318075091504113	2.00035386088343880573	0.50215717683728289256	0.49483706376390307335
0.98999999999999999112	0.99977884015396767392	0.51461009131825996565	0.48516853703077567062	5.00199696140387750631	2.00035695302421512309	0.50214958056948910681	0.49734781166675051667
0.99499999999999999556	0.99977733918099753740	0.52597709513890922306	0.47380003223747380048	4.98836818421256733558	2.00036009308572815257	0.50214198083337457934	0.49985852157091736903
1.00000000000000000000	0.99977581393325032355	0.53731694023638842950	0.46245866189257200940	4.97477319893460290245	2.00036328118890871508	0.50213438076179017777	0.50236919347472630548
1.00500000000000011546	0.99977426430787752487	0.54862328898815448941	0.45115076351576050007	4.96121832538368234822	2.00036651747495541898	0.50212678346975703203	0.50487982739207504235
1.01000000000000000888	0.99977269019157732899	0.55988983414554438500	0.43988264424240414163	4.94770984982477468606	2.00036980210688364323	0.50211919205223543017	0.50739042335233619507
1.01500000000000012434	0.99977109145982856475	0.57111030242514826405	0.42866057723139106006	4.93425402139692614867	2.00037313527117088796	0.50211160958189204884	0.50990098140024564533
1.02000000000000001776	0.99976946797608490236	0.58227845807251066290	0.41749079810062644791	4.92085704856540040453	2.00037651717938080864	0.50210403910686307594	0.51241150159577997236
1.02499999999999991118	0.99976781959091154395	0.59338810639611183628	0.40637950139220246903	4.90752509560516259057	2.00037994806980945484	0.50209648364854286839	0.51492198401402267116
1.03000000000000002665	0.99976614614115733026	0.60443309726961291783	0.39533283706930011370	4.89426427911793116010	2.00038342820930603594	0.50208894619933697179	0.51743242874501937933
1.03499999999999992006	0.99976444744910064610	0.61540732860034996765	0.38435690704686775732	4.88108066458492295681	2.00038695789488185639	0.50208142972048541708	0.51994283589362177977
1.04000000000000003553	0.99976272332155080580	0.62630474976206285120	0.37345776175797112950	4.86798026295664509888	2.00039053745561057340	0.50207393713982439998	0.52245320557932095618
1.04499999999999992895	0.99976097354898807446	0.63711936498995447309	0.36264139675788709116	4.85496902728258028503	2.00039416725426866250	0.50206647134964077495	0.52496353793606920224
1.05000000000000004441	0.99976020342006222119	0.64784531279959389760	0.35191467881948451657	4.84206182295539289129	2.00039656705498680722	0.50205935750241914572	0.52747383472358133627
1.05499999999999993783	0.99975941180950145259	0.65847662673140572309	0.34128257327727812287	4.82925555309308318641	2.00039825358715983583	0.50205296457940684629	0.52998409954647840436
1.06000000000000005329	0.99975859831562097213	0.66900749650496305065	0.33075089001001506395	4.81655597504486809868	2.00040000528177364103	0.50204611059340265022	0.53249433009944546757
1.06499999999999994671	0.99975776251871240063	0.67943217990183579769	0.32032537081641154764	4.80396877519306109150	2.00040179994506672756	0.50203929680743430986	0.53500452658348263135
1.07000000000000006217	0.99975690398030647721	0.68974500594207477366	0.31001168623794778112	4.79149956581125113786	2.00040363840459356481	0.50203252583669444320	0.53751468921266609691
1.07499999999999995559	0.99975602224231174819	0.69994037801174446844	0.29981543243047004133	4.77915388197241330914	2.00040552152857387114	0.50202580024913612267	0.54002481821391179473
1.08000000000000007105	0.99975511682621720499	0.71001277693985842543	0.28974212808645510853	4.76693717850947606962	2.00040745022751842441	0.50201912256346770125	0.54253491382672913712
1.08499999999999996447	0.99975418723224840356	0.71995676402294550567	0.27979721140959668002	4.75485482702965978064	2.00040942545596234226	0.50201249524716318184	0.54504497630296500077
1.09000000000000007994	0.99975323293849382988	0.72976698399560746555	0.26998603714338187398	4.74291211298427484166	2.00041144821415839417	0.50200592071449645637	0.54755500590653749526
1.09499999999999997335	0.99975225340003714969	0.73943816794542349680	0.26031387365531610811	4.73111423279559950572	2.00041351954976720506	0.50199940132460141307	0.55006500291316051676
1.10000000000000008882	0.99975124804803672252	0.74896513617059345957	0.25078590007836032427	4.71946629104239434582	2.00041564055977172387	0.50199293937951872113	0.55257496761005808761
1.10499999999999998224	0.99975021628883109504	0.75834280097878681293	0.24140720351118094555	4.70797329770566452822	2.00041781239217675292	0.50198653712230456581	0.55508490029566959212
1.11000000000000009770	0.99974915750300263895	0.76756616942565547568	0.23218277627870703705	4.69664016547608120788	2.00042003624791098204	0.50198019673514393535	0.55759480127934535343
1.11499999999999999112	0.99974807104442198202	0.77663034599154456838	0.22311751325446763095	4.68547170712453020514	2.00042231338271037089	0.50197392033747445517	0.56010467088103277344
1.12000000000000010658	0.99974695623926190802	0.78553053519493343249	0.21421620924615611403	4.67447263293700299158	2.00042464510905704245	0.50196770998414541598	0.56261450943095347998
1.12500000000000000000	0.99974581238505877412	0.79426204414126699849	0.20548355644586183133	4.66364754821581062316	2.00042703279807643213	0.50196156766361232915	0.56512431726927159215
1.13000000000000011546	0.99974463874966601473	0.80282028500575308705	0.19692414194623242274	4.65300095084753007058	2.00042947788156055822	0.50195549529613470163	0.56763409474575221569
1.13500000000000000888	0.99974343457027847748	0.81120077744887342241	0.18854244532397876344	4.64253722893985720788	2.00043198185396420286	0.50194949473201877499	0.57014384221941227793
1.14000000000000012434	0.99974219905238426165	0.81939915096329274391	0.18034283629192690568	4.63226065852795709787	2.00043454627440153715	0.50194356774988213576	0.57265356005816170359
1.14500000000000001776	0.99974093136875252785	0.82741114715098473820	0.17232957242087112992	4.62217540135189519646	2.00043717276874932764	0.50193771605494852395	0.57516324863843648618
1.15000000000000013323	0.99973963065836402020	0.83523262192935432413	0.16450679693238856593	4.61228550270601012073	2.00043986303167997676	0.50193194127737428278	0.57767290834482332151
1.15500000000000002665	0.99973829602535180250	0.84285954766524884274	0.15687853656376654632	4.60259488936152028060	2.00044261882877538739	0.50192624497060556177	0.58018253956967635876
1.15999999999999992006	0.99973692653794399288	0.85028801523576691412	0.14944869950613023923	4.59310736756337956166	2.00044544199867990741	0.50192062860976605077	0.58269214271272518069
1.16500000000000003553	0.99973552122738718051	0.85751423601484089154	0.14222107341679715575	4.58382662110243543907	2.00044833445516045956	0.50191509359008656954	0.58520171818067556746
1.16999999999999992895	0.99973407908683253886	0.86453454378452210261	0.13519932350686830747	4.57475620946350680640	2.00045129818934297461	0.50190964122535708380	0.58771126638680237786
1.17500000000000004441	0.99973259907026412741	0.87134539657013543312	0.12838699070499878796	4.56589956605082125662	2.00045433527183424971	0.50190427274642623878	0.59022078775053454791
1.17999999999999993783	0.99973108009140609909	0.87794337839835068227	0.12178748989824915439	4.55725999649143886927	2.00045744785490287043	0.50189898929973486563	0.59273028269703320614
1.18500000000000005329	0.99972952102262047092	0.88432520097728672948	0.11540410825085635482	4.54884067701724159605	2.00046063817465036294	0.50189379194589256450	0.59523975165676268340
1.18999999999999994671	0.99972792069379878832	0.89048770529791954065	0.10924000360174175583	4.54064465292665087048	2.00046390855321387647	0.50188868165828437462	0.59774919506505408417
1.19500000000000006217	0.99972627789124723918	0.89642786315596123536	0.10329820294149681670	4.53267483712637542226	2.00046726140094799362	0.50188365932173117923	0.60025861336166275173
1.19999999999999995559	0.99972547532319422370	0.90214361559007916203	0.09758164793949686278	4.52494289538839655762	2.00046925069546777110	0.50187912348421126474	0.60276800897908378030
1.20500000000000007105	0.99972375279454195329	0.90763052831262425180	0.09209301268866222634	4.51743379592696747693	2.00047271392455172645	0.50187429626849733300	0.60527738046042622866
1.20999999999999996447	0.99972198394446920577	0.91288680853475490107	0.08683496361683427922	4.51015883675353013160	2.00047626483158946797	0.50186955980712499858	0.60778672825946189473
1.21500000000000007994	0.99972016737489222127	0.91790996480237929678	0.08180999078001675862	4.50312038833917327452	2.00047990611071835332	0.50186491464236104854	0.61029605283267374105
1.21999999999999997335	0.99971830163811381542	0.92269764289257028000	0.07702044695344334446	4.49632068266019491176	2.00048364055421457053	0.50186036122171706619	0.61280535463878227365
1.22500000000000008882	0.99971638523623862493	0.92724762683158079568	0.07246854661296520117	4.48976181225280868148	2.00048747105376856226	0.50185589989750378770	0.61531463413826981146
1.22999999999999998224	0.99971441662015803065	0.93155783983554996119	0.06815636499333237175	4.48344572934125995545	2.00049140060252694795	0.50185153092578516087	0.61782389179289876058
1.23500000000000009770	0.99971241669372723493	0.93562595502901713118	0.06408624987385769245	4.47736614209729122393	2.00049543229713933101	0.50184725446540923155	0.62033312806522578065
1.23999999999999999112	0.99971037035248955238	0.93945096759675905673	0.06025919096531116848	4.47154089238046470456	2.00049956923116267760	0.50184306924764898739	0.62284234341146405001
1.24500000000000010658	0.99970927966016498445	0.94303128071604014337	0.05667778715393611416	4.46596500444813315767	2.00050203673697568618	0.50184099203894838581	0.62535154837165873865
1.25000000000000000000	0.99970817329363848014	0.94636492666653837524	0.05334303483714622485	4.46063837856202738408	2.00050429645804017653	0.50183758239934639356	0.62786073628365546284
1.25500000000000011546	0.99970705110566993046	0.94945053556697778241	0.05025630374897355895	4.45556225883575418578	2.00050658542463599687	0.50183428902795035320	0.63036990772879519795
1.26000000000000000888	0.99970591294250854553	0.95228688061905508722	0.04741882053397798030	4.45073774569753677355	2.00050890394074132317	0.50183111249679124288	0.63287906329127918692
1.26500000000000012434	0.99970576547260792122	0.95487371555181188576	0.04483183813135215717	4.44617603363383384618	2.00051125232443638424	0.50182805330246915698	0.63538820355779157545
1.27000000000000001776	0.99970560883507497696	0.95720924572043164513	0.04249615132523171940	4.44186778565435425037	2.00051159256454758051	0.50182611276084843066	0.63789733412159577153
1.27500000000000013323	0.99970544291550100802	0.95929267426629516446	0.04041255685982966112	4.43781367149167582653	2.00051197801504887508	0.50182380340642140926	0.64040645313862787358
1.28000000000000002665	0.99970526759126154825	0.96112334837103563512	0.03858170743088899790	4.43401421651507021693	2.00051237998809527951	0.50182161608572883882	0.64291556121905646393
1.28499999999999992006	0.99970508273123692700	0.96270075927822307271	0.03700411166371569277	4.43046980178076399426	2.00051279874487164534	0.50181955102058750651	0.64542465897415934872
1.29000000000000003553	0.99970488819555047844	0.96402454223095734864	0.03568013417533550530	4.42718066416649147499	2.00051323456453244987	0.50181760835583488767	0.64793374701593853260
1.29499999999999992895	0.99970468383523458655	0.96509447632552003427	0.03460999572050140610	4.42414689658939686012	2.00051368774484705781	0.50181578815921301651	0.65044282595673463820
1.30000000000000004441	0.99970446949196023478	0.96591048428154580030	0.03379377342124654376	4.42136844830769959458	2.00051415860275882963	0.50181409042129720977	0.65295189640884110371
1.30499999999999993783	0.99970424499773602456	0.96647263212899747753	0.03323140107961783385	4.41884512530528805740	2.00051464747498464192	0.50181251505546664582	0.65546095898411849134
1.31000000000000005329	0.99970401017457977133	0.96678112881233835285	0.03292266957317206699	4.41657659075874065024	2.00051515471862151330	0.50181106189791657712	0.65797001429360801872
1.31499999999999994671	0.99970376483421241609	0.96683632571241195919	0.03286722733278143321	4.41456236558649983692	2.00051568071179719510	0.50180973070769940847	0.66047906294714653352
1.32000000000000006217	0.99970350877774594167	0.96663871608654505785	0.03306458090223594881	4.41280182907960494276	2.00051622585427724133	0.50180852116681406994	0.66298810555298059999
1.32499999999999995559	0.99970324179533132103	0.96618893442733944088	0.03351409557908446857	4.41129421961310619338	2.00051679056814890600	0.50180743288032980676	0.66549714271738225069
1.33000000000000007105	0.99970296366585809089	0.96548775574089751306	0.03421499613611105051	4.41003863543799656810	2.00051737529846773711	0.50180646537654438610	0.66800617504426496041
1.33499999999999996447	0.99970267415660174493	0.96453609474501522669	0.03516636762279881645	4.40903403555257877855	2.00051798051394680300	0.50180561810718626869	0.67051520313480084123
1.34000000000000007994	0.99970237302286901748	0.96333500498806690082	0.03636715624607852332	4.40827924065255061237	2.00051860670759662497	0.50180489044766241058	0.67302422758703916994
1.34499999999999997335	0.99970206000768424559	0.96188567788940015912	0.03781617032962505259	4.40777293415943738353	2.00051925439748590208	0.50180428169731927657	0.67553324899552580352
1.35000000000000008882	0.99970173484141688913	0.96018944170191855569	0.03951208135090820278	4.40751366332596994368	2.00051992412741785898	0.50180379107976635922	0.67804226795092459312
1.35499999999999998224	0.99970139724143458615	0.95824776039774850478	0.04145342505516783765	4.40749984041790110467	2.00052061646760837021	0.50180341774322978488	0.68055128503964079645
1.36000000000000009770	0.99970104691175354361	0.95606223247787025521	0.04363860264543931861	4.40772974397133854296	2.00052133201547288621	0.50180316076093256505	0.68306030084344548925
1.36499999999999999112	0.99970068354267560551	0.95363458970660253122	0.04606588204770529354	4.40820152012445820588	2.00052207139628279720	0.50180301913153413373	0.68556931593910319656
1.37000000000000010658	0.99970030681041865961	0.95096669577191950129	0.04873339925021358959	4.40891318402270471211	2.00052283526396967872	0.50180299177957721213	0.68807833089800107818
1.37500000000000000000	0.99969991637677879659	0.94806054487261559593	0.05163915971595887944	4.40986262129652217823	2.00052362430181585040	0.50180307755599917741	0.69058734628578111181
1.38000000000000011546	0.99969951188872352432	0.94491826023332581297	0.05478103986727914099	4.41104758961027165753	2.00052443922320843939	0.50180327523866352646	0.69309636266197438559
1.38500000000000000888	0.99969909297806180959	0.94154209254854548394	0.05815678864148719762	4.41246572028161043733	2.00052528077242142146	0.50180358353292797702	0.69560538057963905434
1.39000000000000012434	0.99969865926106482590	0.93793441835671853557	0.06176402911640776344	4.41411451996977888257	2.00052614972533104876	0.50180400107225375805	0.69811440058500029426
1.39500000000000001776	0.99969821033810091215	0.93409773834559806094	0.06560026020465990759	4.41599137243190043023	2.00052704689014770878	0.50180452641885719967	0.70062342321709458748
1.40000000000000013323	0.99969774579327352892	0.93003467559005359444	0.06966285841547656399	4.41809354034580792359	2.00052797310821928178	0.50180515806437542281	0.70313244900741644905
1.40500000000000002665	0.99969726519403945275	0.92574797372356165681	0.07394907968283769006	4.42041816719828073445	2.00052892925474390395	0.50180589443058865040	0.70564147847956937287
1.40999999999999992006	0.99969676809087260061	0.92124049504471405836	0.07845606125862342184	4.42296227923747498068	2.00052991623951337274	0.50180673387016461184	0.70815051214892021925
1.41500000000000003553	0.99969625401687589594	0.91651521855995865540	0.08318082366949043627	4.42572278748789216252	2.00053093500769785251	0.50180767466743925187	0.71065955052225737720
1.41999999999999992895	0.99969572248743598930	0.91157523796400252714	0.08812027273612069167	4.42869648982685326644	2.00053198654054087413	0.50180871503923296650	0.71316859409745358978
1.42500000000000004441	0.99969517299987209480	0.90642375955919995967	0.09327120165347324576	4.43188007312083254163	2.00053307185612716523	0.50180985313570225514	0.71567764336313210993
1.42999999999999993783	0.99969460503306828425	0.90106410011537452220	0.09863029313061706660	4.43527011542039151237	2.00053419201005056038	0.50181108704122723285	0.71818669879833829661
1.43500000000000005329	0.99969401804715396498	0.89549968467148732820	0.10419412158871563245	4.43886308821205499697	2.00053534809620270352	0.50181241477531890460	0.72069576087221487448
1.43999999999999994671	0.99969341148315593593	0.88973404428066205085	0.10995915541567220786	4.44265535872584838017	2.00053654124742630316	0.50181383429357429016	0.72320483004368274482
1.44500000000000006217	0.99969278476264233912	0.88377081369999199723	0.11592175927596150287	4.44664319229662385879	2.00053777263618259852	0.50181534348866385642	0.72571390676112601525
1.44999999999999995559	0.99969213728743855363	0.87761372902679357644	0.12207819647409191843	4.45082275477818090081	2.00053904347528632712	0.50181694019133515905	0.72822299146208269160
1.45500000000000007105	0.99969146843926615098	0.87126662528270526487	0.12842463137015006081	4.45519011500790718117	2.00054035501852567336	0.50181862217146511185	0.73073208457294003271
1.45999999999999996447	0.99969077757946933627	0.86473343394735580070	0.13495713184584690048	4.45974124732091414813	2.00054170856133683998	0.50182038713913201811	0.73324118650863567836
1.46500000000000007994	0.99969006404868876459	0.85801818044312472278	0.14167167181945031218	4.46447203411173276777	2.00054310544136360051	0.50182223274573323213	0.73575029767236432843
1.46999999999999997335	0.99968932716659630877	0.85112498157266736065	0.14856413380797001134	4.46937826844193253351	2.00054454703914696978	0.50182415658510770573	0.73825941845528986196
