0.00000000000000000000	1.00000000000000000000	1.00000000000000000000	0.00000000000000000000	4.99764078470405070931	1.99994577959870922790	0.49999891977834975965	0.00000000000000000000
0.00500000000000000010	0.99999802369956536374	0.99984810514231026168	0.00014991855725669502	4.99439798578329430256	1.99994303720846589023	0.50112181408363543067	0.00250560907041817715
0.01000000000000000021	0.99999700108780420482	0.99939762975620061169	0.00059937133160509724	4.99146106766478769856	1.99994509166829059765	0.50112029725757645249	0.00501121055670606004
0.01499999999999999944	0.99999656537341885532	0.99864878309710114479	0.00134778227632048240	4.98883535494338747895	1.99994591756674999772	0.50112072298063992104	0.00751681417160925992
0.02000000000000000042	0.99999570892718503412	0.99760137571358320496	0.00239433321360990430	4.98650681541135032404	1.99994638344318476086	0.50111985124459879071	0.01002241342783225311
0.02500000000000000139	0.99999441823952173181	0.99625640357555056426	0.00373801466397923185	4.98447415822706041411	1.99994863201028283406	0.50111856864496617803	0.01252800627105708428
0.02999999999999999889	0.99999268486284953461	0.99461506691988443851	0.00537761794297056308	4.98273591282685668347	1.99995176482513259408	0.50111713480444997071	0.01503359194507933316
0.03500000000000000333	0.99999164019535857761	0.99267986818018905115	0.00731177201518030430	4.98129792033372709170	1.99995579254333821773	0.50111554906152300237	0.01753916969038694929
0.04000000000000000083	0.99999036761326209888	0.99045150366209000481	0.00953886395117834948	4.98015225887069856725	1.99995834204218758678	0.50111443650342157863	0.02004474187290405593
0.04499999999999999833	0.99998886580889823072	0.98793176164609985968	0.01205710416280662313	4.97929686660190551351	1.99996134940218661669	0.50111328398429044739	0.02255030829282550844
0.05000000000000000278	0.99998713685380147265	0.98512262670401729014	0.01486451014978712459	4.97872950725281349094	1.99996481051140317931	0.50111209320464844552	0.02505586875884874970
0.05500000000000000028	0.99998518464760266511	0.98202627723402535764	0.01795890741358606088	4.97844776609134687106	1.99996871759561334336	0.50111086654659009465	0.02756142309158170212
0.05999999999999999778	0.99998301473783191007	0.97864508410179640308	0.02133793063604328202	4.97844905502312862211	1.99997305957993476433	0.50110960693508144193	0.03006697112625711030
0.06500000000000000222	0.99998063274702608805	0.97498160621506657630	0.02499902653196510102	4.97873062004470856579	1.99997686205151126160	0.50110853046460912541	0.03257251377858015606
0.07000000000000000666	0.99997804685276070469	0.97103859571903616832	0.02893945113373423347	4.97928952840341043640	1.99998194747264212978	0.50110723361129538844	0.03507804994663663023
0.07499999999999999722	0.99997526486539889401	0.96681898839041102711	0.03315627647500263980	4.98012268159275350854	1.99998743183737537343	0.50110591188158815079	0.03758357950604457320
0.08000000000000000167	0.99997229450931268691	0.96232590308215315567	0.03764639142717288861	4.98122681141498269142	1.99999329989567775634	0.50110456804511871454	0.04008910234627016678
0.08500000000000000611	0.99996914311173057399	0.95756263872934577197	0.04240650438240005371	4.98259847949861622851	1.99999953682856412840	0.50110320454066725748	0.04259461836897350528
0.08999999999999999667	0.99996581737637735277	0.95253267120475437757	0.04743314617163200270	4.98423407704511678418	2.00000612880495820534	0.50110182339176778665	0.04510012748593234672
0.09500000000000000111	0.99996232318864419764	0.94723964861687004468	0.05272267457178679562	4.98612981690879308871	2.00001305235342430322	0.50110043707570017801	0.04760562967131085066
0.10000000000000000555	0.99995759415331098019	0.94168645140723294951	0.05827114274609080519	4.98827515354160500038	2.00002031886816267203	0.50109902455024246670	0.05011112479406206605
0.10499999999999999611	0.99995300284012222924	0.93587915847369829159	0.06407384436644197878	4.98749640029240826067	1.99982783446358225454	0.50652298570956011403	0.05264373972260986967
0.11000000000000000056	0.99994886745278066531	0.92982318511623174295	0.07012568233656742145	4.98697159300201775523	1.99983657273823478562	0.50651710322658693997	0.05517632523874280159
0.11500000000000000500	0.99994487786147834285	0.92352276857383441833	0.07642210928765939826	4.98669387832977761832	1.99984483948345537208	0.50651168639364774204	0.05770888367071103781
0.11999999999999999556	0.99994089997624158173	0.91698245203309869389	0.08295844794316295512	4.98665732570220576747	1.99985298742440420483	0.50650671403943203774	0.06024141724090820160
0.12500000000000000000	0.99993686568693218586	0.91020698383690434863	0.08972988185004179829	4.98685628334151687113	1.99986119136332773927	0.50650215395375097760	0.06277392801067695205
0.13000000000000000444	0.99993301224245489944	0.90320151119007741070	0.09673150105239609886	4.98728695961296519812	1.99986954954359696934	0.50649798078029450998	0.06530641791457841849
0.13500000000000000888	0.99992905700456913287	0.89597087859039814539	0.10395817841419242866	4.98794406256738653838	1.99987737889004058012	0.50649343049122064198	0.06783888506703451837
0.14000000000000001332	0.99992491657637772029	0.88852024486494374234	0.11140467171144556591	4.98881942972755698662	1.99988567465124700284	0.50649014854152674125	0.07037133580974215541
0.14499999999999999001	0.99992058843091236042	0.88085496428921405965	0.11906562414170772379	4.98990733910681427687	1.99989433141065831023	0.50648720888601661549	0.07290377185417223904
0.14999999999999999445	0.99991707999247492200	0.87298108917507422078	0.12693599081741149814	4.99121401345315973686	1.99990334774472944268	0.50648460877982370842	0.07543619489807135148
0.15499999999999999889	0.99991238871710952374	0.86490305345136353488	0.13500933526576791577	4.99270951888799086049	1.99990996016337319041	0.50648300366446608045	0.07796860991639367744
0.16000000000000000333	0.99990846759573825953	0.85662767625877700439	0.14328079133698146119	4.99441124422492332968	1.99991967294292427582	0.50648105990838143686	0.08050101521593558407
0.16500000000000000777	0.99990339311186726690	0.84815972935258143739	0.15174366375931033768	4.99629000692328073541	1.99992791852345064285	0.50647985251325178258	0.08303341447850184909
0.17000000000000001221	0.99989809657104733454	0.83950566478076393828	0.16039243179030132636	4.99835076424415092333	1.99993838376303290083	0.50647851279587619011	0.08556580704248123448
0.17500000000000001665	0.99989355607446361862	0.83067199784919532046	0.16922155822528850422	5.00059868797083950653	1.99994927824519352910	0.50647744943235706305	0.08809819428964302257
0.17999999999999999334	0.99988820807551237468	0.82166415864567321492	0.17822404942986982967	5.00300645765952722854	1.99995656764819362827	0.50647959394777830600	0.09063059225938191465
0.18499999999999999778	0.99988326213182254776	0.81248877985407652602	0.18739448227776289713	5.00558624293939580241	1.99996809348040160970	0.50647902468128669362	0.09316298738278834535
0.19000000000000000222	0.99987713959028934330	0.80315151030215226058	0.19672562928816220151	5.00831166899678592586	1.99997844137401581399	0.50647913262941213208	0.09569538304593540323
0.19500000000000000666	0.99987077771022103700	0.79365920654810684365	0.20621157116214147709	5.01118633902197618823	1.99999096319304370262	0.50647908200228730635	0.09822777845594683754
0.20000000000000001110	0.99986515710234391552	0.78401873841254299258	0.21584641868983256430	5.01421450986450345511	2.00000390951981232845	0.50647929357604204448	0.10076017492382705054
0.20500000000000001554	0.99985834099822201715	0.77423581512050076991	0.22562252587775802337	5.01736878889260040637	2.00001555976308686979	0.50647866783570560933	0.10329256826300557692
0.20999999999999999223	0.99985219577483408493	0.76431780726800602199	0.23553438850686553296	5.02066323710237139011	2.00002966276572369253	0.50647630177358227144	0.10582494977187348328
0.21499999999999999667	0.99984485051042504278	0.75427063491870005585	0.24557421559175926506	5.02407098709131894054	2.00004241700620433164	0.50647455125508311635	0.10835732252814890553
0.22000000000000000111	0.99983912898352789167	0.74410212049759816288	0.25573700848597075153	5.02761436555222740452	2.00005754740530772295	0.50647247918048343696	0.11088968492405132382
0.22500000000000000555	0.99983344415951147521	0.73381848609879585243	0.26601495806074543227	5.03126824005461514844	2.00006878524752407245	0.50647167544152982277	0.11342204330125897627
0.23000000000000000999	0.99982745832228681060	0.72342630600837809496	0.27640115231394846163	5.03502409751032065088	2.00007967305129996660	0.50647114506609591800	0.11595439902658945253
0.23500000000000001443	0.99982117705292816723	0.71293245243928293764	0.28688872461367859179	5.03887491427517009157	2.00009202100856864348	0.50647050806471838325	0.11848675156691304555
0.23999999999999999112	0.99981460773955832533	0.70234382826881958106	0.29747077947077643634	5.04281366405783693097	2.00010493243179254819	0.50646998149593613903	0.12101910147439272347
0.24499999999999999556	0.99980776549852734547	0.69166737164588165676	0.30814039385268682247	5.04683333169774073212	2.00011838308080314164	0.50646957268019743292	0.12355144933779371730
0.25000000000000000000	0.99980066666802791531	0.68091004623854411992	0.31889062042952431852	5.05092686631550513709	2.00013234953560514739	0.50646935717402485899	0.12608379612366385492
0.25500000000000000444	0.99979332812326204838	0.67007883793744182910	0.32971449018585829993	5.05508722553917433373	2.00014679489862112760	0.50646927636447436338	0.12861614250548622507
0.26000000000000000888	0.99978576643869188079	0.65918074696292472403	0.34060501947580812399	5.05930741103483949672	2.00016166180221910409	0.50646919537999945948	0.13114848848238622181
0.26500000000000001332	0.99977799494194274921	0.64822278007150457846	0.35155521487047669549	5.06358032534266211400	2.00017696068418437960	0.50646932927763932408	0.13368083512877440566
0.27000000000000001776	0.99977002622798227804	0.63721195165864596976	0.36255807456937505506	5.06789891012278115312	2.00019264901650473121	0.50646955363304890785	0.13621318289693964965
0.27500000000000002220	0.99976288022742354489	0.62615557279870681651	0.37360730742875170041	5.07226758101987229566	2.00020868806215945668	0.50646976099923191050	0.13874553170193582030
0.28000000000000002665	0.99975552574993964416	0.61506031562367668997	0.38469521012629936951	5.07666749329079358688	2.00022316034655478489	0.50647062303846634990	0.14127788481712816315
0.28500000000000003109	0.99974803311578552822	0.60393321227445218025	0.39581482084137104005	5.08109194373857331328	2.00023803115324749768	0.50647154128078575308	0.14381024252353208359
0.28999999999999998002	0.99974034034714109875	0.59278124680919175304	0.40695909353798820351	5.08553169947148298036	2.00025342889281443348	0.50647559948520948225	0.14634262052095814433
0.29499999999999998446	0.99973158337420797714	0.58161114236014188617	0.41812044101410383856	5.08997165133184825692	2.00026890423380621087	0.50647668133969103721	0.14887500392765659618
0.29999999999999998890	0.99972261932322270539	0.57043007606377338359	0.42929254325948817961	5.09441461591820399235	2.00028650338212843351	0.50647731745922486279	0.15140739051495272216
0.30499999999999999334	0.99971438208701046690	0.55924517685194841121	0.44046920523511151613	5.09886450216118003453	2.00030449908355212330	0.50647795086797575692	0.15393978026929261427
0.30999999999999999778	0.99970503353330752994	0.54806285406740551380	0.45164217946594681363	5.10329345779921172976	2.00032105934935566793	0.50647903377784864176	0.15647217543818187080
0.31500000000000000222	0.99969636509838222249	0.53689037711011255993	0.46280598798831473761	5.10771520428701908401	2.00033986067617419735	0.50647962376152833031	0.15900457355698952022
0.32000000000000000666	0.99968657201491217812	0.52573411259258684414	0.47395245942236696735	5.11210228066218430598	2.00035729812477880429	0.50648063088000505605	0.16153697671138955716
0.32500000000000001110	0.99967753608107223773	0.51460138222152418397	0.48507615385959623744	5.11646667164097301850	2.00037697732748576129	0.50648114561740154027	0.16406938243947655209
0.33000000000000001554	0.99967004681491333784	0.50349926113580667497	0.49617078567915096077	5.12080338053185446512	2.00039038384651490787	0.50648632573126517453	0.16660181406813287519
0.33500000000000001998	0.99966304484223011961	0.49243372212806829635	0.50722932271421250494	5.12510414415907433749	2.00040450262130864445	0.50648862207832578974	0.16913425717852451080
0.34000000000000002442	0.99965573846787680878	0.48141108015397104936	0.51824465831396471227	5.12935607358167811043	2.00041924091741396552	0.50649022721883896203	0.17166670831461869340
0.34500000000000002887	0.99964727052382984507	0.47043767123721763612	0.52920959928666255756	5.13354303964640656943	2.00043430053297388582	0.50649183512492468306	0.17419916749024330627
0.35000000000000003331	0.99963842806939307017	0.45952021900451883729	0.54011820906492724603	5.13766553311700491236	2.00045162730956027630	0.50649303055363525949	0.17673163264301147701
0.35499999999999998224	0.99963075791460720421	0.44866551325786968585	0.55096524465679330707	5.14173181457708494690	2.00046949613413005409	0.50649419146729135477	0.17926410360034794600
0.35999999999999998668	0.99962345354060599956	0.43787967989390602641	0.56174377364675964763	5.14572548719886579960	2.00048399421361366990	0.50649655039458707506	0.18179658635232087693
0.36499999999999999112	0.99961612163252233643	0.42716879674191660099	0.57244732489066740833	5.14963800857505660247	2.00049844889029015960	0.50649883277764085054	0.18432908051620908174
0.36999999999999999556	0.99960874037448810281	0.41653898453293786153	0.58306975584161280235	5.15346320337338070772	2.00051221223780251179	0.50650127088384677698	0.18686158687062831563
0.37500000000000000000	0.99960130130421287475	0.40599628499621115418	0.59360501630806639106	5.15719507865847948125	2.00052680988210473956	0.50650350394118837105	0.18939410439033424471
0.38000000000000000444	0.99959379798488601221	0.39554664872213207705	0.60404714926281155574	5.16082774617202666434	2.00054151248003764252	0.50650562265758714009	0.19192663250362218541
0.38500000000000000888	0.99958622492542703597	0.38519592997249146871	0.61439029495299346539	5.16435543817720965620	2.00055635347676030733	0.50650766628017251936	0.19445917083502303746
0.39000000000000001332	0.99957857296959129467	0.37494988365895981497	0.62462868931068848966	5.16777246694383318726	2.00057134880435683044	0.50650960839433356586	0.19699171887699470918
0.39500000000000001776	0.99957088786122461066	0.36481417646014341338	0.63475671140114742208	5.17107375407831426628	2.00058651671918497073	0.50651142158345141553	0.19952427598491195848
0.40000000000000002220	0.99956314818636005093	0.35479435644507467673	0.64476879174134915651	5.17425354325405617573	2.00060170546526183699	0.50651350963118835224	0.20205684353306790912
0.40500000000000002665	0.99955530432432349031	0.34489585671013295309	0.65465944761425920451	5.17730609411284437016	2.00061704491054648258	0.50651560192358746626	0.20458942154268583424
0.41000000000000003109	0.99954732483481734118	0.33512399934564168769	0.66442332548924754043	5.18022613513438301425	2.00063265150682312310	0.50651724144848853104	0.20712200774992828300
0.41500000000000003553	0.99953918410124420468	0.32548399463919930330	0.67405518946211429032	5.18300851624853198274	2.00064856638233568020	0.50651856182556131980	0.20965460055905610348
0.41999999999999998446	0.99953085858885160064	0.31598093842662200448	0.68354992016230542440	5.18564819291057421680	2.00066483046573972970	0.50651961720517746368	0.21218719864508198136
0.42499999999999998890	0.99952234076246004868	0.30661980672779071133	0.69290253403473911487	5.18814061713958452060	2.00068148686407631942	0.50652022865024404208	0.21471979978833319325
0.42999999999999999334	0.99951361970059204864	0.29740546320437344363	0.70210815649629920721	5.19048078140336688335	2.00069853708014955274	0.50652075811084973367	0.21725240357888744858
0.43499999999999999778	0.99950471695914544501	0.28834264821040794802	0.71116206874881782163	5.19266437863433871769	2.00071600378031977385	0.50652153884526240901	0.21978501127311375618
0.44000000000000000222	0.99949562182990348003	0.27943596383188429311	0.72005965799810200956	5.19468680227659795889	2.00073382577221003942	0.50652164742810890097	0.22231761951025430513
0.44500000000000000666	0.99948632825183914008	0.27068989202497178992	0.72879643622694423311	5.19654385260653661760	2.00075111632056401589	0.50652168942762010317	0.22485022795739240120
0.45000000000000001110	0.99947683192354852544	0.26210877399803333976	0.73736805792559534378	5.19823127068043966403	2.00076969552370176331	0.50652123567226303713	0.22738283413575371972
0.45500000000000001554	0.99946712270752524621	0.25369681970388746617	0.74577030300371349725	5.19974501700497349077	2.00078871103246447305	0.50652048114676040402	0.22991543654148752229
0.46000000000000001998	0.99945720236180435325	0.24545810661838859956	0.75399909574349055497	5.20108119147856129416	2.00080815000009071269	0.50651945984020707581	0.23244803384068854490
0.46500000000000002442	0.99944707132004551031	0.23739657425546359382	0.76205049706465632919	5.20223607508088381479	2.00082801420917366642	0.50651816217506895335	0.23498062465156388523
0.47000000000000002887	0.99943673046948100502	0.22951602265166431982	0.76992070781789467837	5.20320610764196800346	2.00084830367536570250	0.50651657782362868865	0.23751320754068203089
0.47500000000000003331	0.99942618133692373572	0.22182011078183555552	0.77760607055516584030	5.20398788357111730107	2.00086901668384609110	0.50651469831868367599	0.24004578103227544594
0.47999999999999998224	0.99941542613067935186	0.21431235508465978912	0.78510307104609489137	5.20457815108558641271	2.00089015004428993905	0.50651251788908546736	0.24257834362172087106
0.48499999999999998668	0.99940446750116329611	0.20699612802978537007	0.79240833947146005478	5.20497381092041688788	2.00091169928959766722	0.50651003160982976947	0.24511089377977002268
0.48999999999999999112	0.99939330816392568657	0.19987465681097346670	0.79951865135303479271	5.20517191462285655490	2.00093365954930790807	0.50650723495308913602	0.24764342995453547669
0.49499999999999999556	0.99938195069782609359	0.19295102215838327853	0.80643092853951736654	5.20516966522950141893	2.00095602630247704212	0.50650412343471373777	0.25017595057170904926
0.50000000000000000000	0.99937039618017609044	0.18622815703851597346	0.81314223914174266206	5.20496441149722155473	2.00097879916721010929	0.50650067690835631762	0.25270845395625085583
0.50500000000000000444	0.99935864407051244740	0.17970884585190854965	0.81964979821868999554	5.20455364166631184730	2.00100197900592524647	0.50649688865260189541	0.25524093839951383922
0.51000000000000000888	0.99934669342022364180	0.17339572388213966847	0.82595096953816204977	5.20393499148243954266	2.00102556662997166370	0.50649276174673074635	0.25777340220824751515
0.51500000000000001332	0.99933454321074421944	0.16729127661505815983	0.83204326659576455238	5.20310624970336643713	2.00104956408137413248	0.50648829420558749703	0.26030584367927545042
0.52000000000000001776	0.99932219256231391569	0.16139783918567832122	0.83792435337671877793	5.20206536017911425063	2.00107397357712324393	0.50648348180568281141	0.26283826108830388169
0.52500000000000002220	0.99930964127648636008	0.15571759598058465546	0.84359204529598263989	5.20081042691362682717	2.00109879581478855570	0.50647832257110503296	0.26537065270115939297
0.53000000000000002665	0.99929689020272460809	0.15025258025898183267	0.84904430994383195408	5.19933971364635638679	2.00112403217250589549	0.50647281136630761811	0.26790301675799094161
0.53500000000000003109	0.99928393743635191004	0.14500467342305159435	0.85427926401338472040	5.19765160596781594649	2.00114968608519472326	0.50646694460440322416	0.27043535148101294219
0.54000000000000003553	0.99927078226608845313	0.13997560538275996556	0.85929517688341106041	5.19574466833689552203	2.00117575793460122924	0.50646071272366977034	0.27296765504463127439
0.54500000000000003997	0.99925843596228147714	0.13516766915902245216	0.86409076680334440113	5.19362381715012233485	2.00120225287000730319	0.50645411343314150621	0.27549992561179698081
0.55000000000000004441	0.99924857314912773898	0.13058185799038088404	0.86866671515883409072	5.19129696970755993846	2.00122059030834797966	0.50645145838741612021	0.27803218290373404864
0.55500000000000004885	0.99923871863943003468	0.12621936544113196432	0.87301935319838785965	5.18874915754496068843	2.00124130807337019533	0.50644584282699345312	0.28056441211786903311
0.56000000000000005329	0.99922916848866449868	0.12208122520520368892	0.87714794328354761532	5.18598142498318193105	2.00126051467173482479	0.50644086789942133198	0.28309661645736611257
0.56500000000000005773	0.99921962720223966858	0.11816835401077147027	0.88105127319155807086	5.18299127280917204530	2.00127965452097500432	0.50643552204496655733	0.28562879406759095202
0.57000000000000006217	0.99921005325837608524	0.11448157016198817759	0.88472848309647433851	5.17977790352220779369	2.00129884653606149314	0.50642983399884677898	0.28816094323758517648
0.57500000000000006661	0.99920042756052684929	0.11102154647500049600	0.88817888108560805183	5.17634082411625584541	2.00131814330534396618	0.50642380692227939587	0.29069306227219660066
0.57999999999999996003	0.99919074105189298329	0.10778880876485277818	0.89140193228712838458	5.17267976134437823532	2.00133756964012343715	0.50641744470987659632	0.29322514949574596255
0.58499999999999996447	0.99918098967055068993	0.10478373582323184665	0.89439725384740798031	5.16879462723409321967	2.00135713644444512838	0.50641074952330678016	0.29575720324336252087
0.58999999999999996891	0.99917117146104084124	0.10200655990891500935	0.89716461155222326784	5.16468549934979836991	2.00137684816470651228	0.50640372160506141874	0.29828922185138784240
0.59499999999999997335	0.99916128478955712477	0.09945736753581392586	0.89970391725383647152	5.16035260829656472481	2.00139670728673557676	0.50639635936492133350	0.30082120364821246516
0.59999999999999997780	0.99915132726549271691	0.09713610047395160318	0.90201522679163825824	5.15579632998307602065	2.00141671714579549857	0.50638865923632925270	0.30335314694439413641
0.60499999999999998224	0.99914129512029348223	0.09504255691059942945	0.90409873820979269610	5.15101718057935009654	2.00143688370462813353	0.50638061550809532196	0.30588505002193461246
0.60999999999999998668	0.99913118285445945421	0.09317639274254506387	0.90595479011201962560	5.14601581292160226155	2.00145721663552267344	0.50637222010183591259	0.30841691112244379314
0.61499999999999999112	0.99912098296344420412	0.09153712298082528065	0.90758385998272628203	5.14079301340166328060	2.00147773008486318247	0.50636346189316427946	0.31094872843190962675
0.61999999999999999556	0.99911068553632598199	0.09012412324414006970	0.90898656229229413128	5.13534969786087458488	2.00149844356381256816	0.50635432541758895741	0.31348050005899757986
0.62500000000000000000	0.99910027762298680987	0.08893663133337330329	0.91016364628972756812	5.12968690524833625943	2.00151938338181034638	0.50634478874804189630	0.31601222400273776270
0.63000000000000000444	0.99908974261563565644	0.08797374890756831656	0.91111599370817830668	5.12380578993447688418	2.00154058475812313134	0.50633481930993429199	0.31854389809928745914
0.63500000000000000888	0.99907906007270552706	0.08723444317413808768	0.91184461689868023804	5.11770761320004030637	2.00156209345654723109	0.50632436817475601210	0.32107551994016125807
0.64000000000000001332	0.99906818129614782809	0.08671754700197754906	0.91235063429428697734	5.11139353247466488028	2.00158396306882968574	0.50631337372753226767	0.32360708680879890498
0.64500000000000001776	0.99905715880133427742	0.08642177314864331328	0.91263538565280433179	5.10486598725828688572	2.00160616132032576076	0.50630241772452033722	0.32613859889742152776
0.65000000000000002220	0.99904596211346530232	0.08634569341271511322	0.91270026870086629067	5.09812604034426808397	2.00162875374352378088	0.50629053861969164352	0.32867005159051998486
0.65500000000000002665	0.99903457742289458743	0.08648775246490630897	0.91254682495810157672	5.09117544367627683499	2.00165173534300278035	0.50627812640783009801	0.33120144222255915034
0.66000000000000003109	0.99902301166578078018	0.08684627350206734764	0.91217673816382782714	5.08401619811487748279	2.00167436144119870178	0.50626553593684475718	0.33373276990224337579
0.66500000000000003553	0.99901127420224777875	0.08741945504774663311	0.91159181915462150769	5.07665047174309513878	2.00169807418883927141	0.50625241553853506105	0.33626403197993604000
0.67000000000000003997	0.99899937249488268698	0.08820537635761338535	0.91079399613738787345	5.06908053354991050554	2.00172213436524648600	0.50623894369824939954	0.33879522669842726534
0.67500000000000004441	0.99898731246990934984	0.08920199865097365455	0.90978531381906069253	5.06130875975395078115	2.00174653065967955712	0.50622511261350622291	0.34132635226149476981
0.68000000000000004885	0.99897509868478828743	0.09040716746831983786	0.90856793121658241397	5.05333763199410501699	2.00177125412086809320	0.50621091688299657552	0.34385740684590976324
0.68500000000000005329	0.99896273457547479779	0.09181861510746568145	0.90714411946812856247	5.04516973605996366103	2.00179629788222479547	0.50619635279540509121	0.34638838860988679924
0.69000000000000005773	0.99895022269079403188	0.09343396312512086688	0.90551625956579473442	5.03680776052229006723	2.00182165679154255855	0.50618141784021652985	0.34891929569908786135
0.69500000000000006217	0.99893756488751639377	0.09525072489559681388	0.90368683999204324486	5.02825449509692390393	2.00184732705780366047	0.50616611041755199540	0.35145012625117560967
0.70000000000000006661	0.99892476248227202174	0.09726630822125469089	0.90165845426113999661	5.01951282870877957265	2.00187330595339796346	0.50615042968342938146	0.35398087839959274659
0.70499999999999996003	0.99891181636479164929	0.09947801799102790055	0.89943379837388315323	5.01058574728337102755	2.00189959158274088935	0.50613437547882411671	0.35651155027698688826
0.70999999999999996447	0.99889872708118143674	0.10188305888419112166	0.89701566819711409106	5.00147633131705848797	2.00192618270416922144	0.50611794831720857690	0.35904214001857293059
0.71499999999999996891	0.99888549489564659734	0.10447853811688599668	0.89440695677889048287	4.99218775327706865141	2.00195307859435445152	0.50610114941436556979	0.36157264576564474012
0.71999999999999997335	0.99887211983966761597	0.10726146822945535619	0.89161065161034069870	4.98272327489074662310	2.00198027893731378413	0.50608398073989913080	0.36410306566934425021
0.72499999999999997780	0.99885860175770502245	0.11022876991346947095	0.88862983184436783457	4.97308624439752833268	2.00200778372320709053	0.50606644506379971915	0.36663339789466325991
0.72999999999999998224	0.99884494036078275148	0.11337727487922112657	0.88546766548169197897	4.96328009387025392840	2.00203559313687851073	0.50604854594453274608	0.36916364062438594695
0.73499999999999998668	0.99883113533509593207	0.11670372874334804247	0.88212740659188482173	4.95330833670546688552	2.00206370741903860733	0.50603028753904621961	0.37169379206208119637
0.73999999999999999112	0.99881718728252000261	0.12020479414803975082	0.87861239313461481082	4.94317456611084971030	2.00209212658823254571	0.50601167516438383398	0.37422385043790312720
0.74499999999999999556	0.99880309452288418282	0.12387705305539585543	0.87492604146762897876	4.93288244065919467829	2.00212085127271333107	0.50599270765517267989	0.37675381397617896395
0.75000000000000000000	0.99878885727180644061	0.12771701075660540914	0.87107184651534574904	4.92243570537392560738	2.00214988124763193511	0.50597339439671307204	0.37928368094816250489
0.75500000000000000444	0.99877548043009301004	0.13172185865253308035	0.86705362177770795018	4.91184914674680683788	2.00217921501045914567	0.50595374340362087029	0.38181344966518060424
0.76000000000000000888	0.99876482405905619988	0.13588753655046226232	0.86287728750873449179	4.90112964635096037824	2.00219990246690304758	0.50593809015912571958	0.38434314011597625615
0.76500000000000001332	0.99875403353963498887	0.14021020464714245568	0.85854382889263780587	4.89026840108423233033	2.00222303638263143810	0.50591932814592610601	0.38687273675670585948
0.77000000000000001776	0.99874337327712559009	0.14468599911051555074	0.85405737416675508999	4.87926963819250314458	2.00224511634657620363	0.50590110396332443887	0.38940224227652248112
0.77500000000000002220	0.99873264370772418808	0.14931102600489448706	0.84942161770297952561	4.86813608054178281748	2.00226732079330771441	0.50588261323628858079	0.39193165534270391070
0.78000000000000002665	0.99872183959636851025	0.15408138786066805093	0.84464045173584856308	4.85687179774783928110	2.00228968094921810916	0.50586384941537798632	0.39446097458978079953
0.78500000000000003109	0.99871096517607349519	0.15899313580485430197	0.83971782937137184888	4.84548098163216423018	2.00231219753877365264	0.50584481486095578262	0.39699019866408558066
0.79000000000000003553	0.99870002837408733409	0.16404227047824129770	0.83465775789600127332	4.83396789783117863948	2.00233485883464856769	0.50582551905203632092	0.39951932625934577503
0.79500000000000003997	0.99868903845027412469	0.16922474434235360019	0.82946429410807243077	4.82233686609760070496	2.00235764719767361797	0.50580597202359856013	0.40204835611946376783
0.80000000000000004441	0.99867800416815266651	0.17453646427750516001	0.82414153989080107809	4.81059224619878911255	2.00238054374918839073	0.50578618227109206629	0.40457728703081924371
0.80500000000000004885	0.99866693241366855105	0.17997329431438927050	0.81869363809943596078	4.79873842719010479385	2.00240353187281217018	0.50576615593070806121	0.40710611781047278956
0.81000000000000005329	0.99865582729812918394	0.18553105846297129888	0.81312476883532414096	4.78677981967498666904	2.00242659965172631331	0.50574589642369338627	0.40963484729259125317
0.81500000000000005773	0.99864468972540121339	0.19120554362649971880	0.80743914609906297652	4.77472085073177332504	2.00244974132027264702	0.50572540424120937530	0.41216347431379729560
0.82000000000000006217	0.99863351971623226522	0.19699249712476282759	0.80164102259162506314	4.76256591209994173397	2.00247207613331523746	0.50570490011463353763	0.41469199881437046606
0.82500000000000006661	0.99862231503550191736	0.20288764856929239477	0.79573466646638091326	4.75031953289667363549	2.00249534342190704805	0.50568394820817152979	0.41722041855541130984
0.83000000000000007105	0.99861106026657608936	0.20888668929362752547	0.78972437097311143361	4.73798614079093116658	2.00251871140837955920	0.50566272913966936464	0.41974873220110964223
0.83499999999999996447	0.99859974311169508177	0.21498528795964266802	0.78361445515221828106	4.72557020221547219307	2.00254220245418901314	0.50564123472645505775	0.42227693837474189476
0.83999999999999996891	0.99858834574470167755	0.22117909097674331997	0.77740925476812716699	4.71307617468316308873	2.00256585132534370430	0.50561942850717989106	0.42480503551727777367
0.84499999999999997335	0.99857684245103506271	0.22746372541012682689	0.77111311704107943221	4.70050848330112369666	2.00258971197090751559	0.50559724605870448588	0.42733302174757131775
0.84999999999999997780	0.99856517982610748518	0.23383478592505127502	0.76473039390123043191	4.68787133025906221917	2.00261386569690325032	0.50557457781228776206	0.42986089463663273991
0.85499999999999998224	0.99855338667087645277	0.24028788313799540055	0.75826550353306332308	4.67516968170338742539	2.00263823547153796412	0.50555219608697177236	0.43238865561706757434
0.85999999999999998668	0.99854141076762925611	0.24681861640225716270	0.75172279436555466958	4.66240744151674846307	2.00266303450915428286	0.50552884692435196001	0.43491629985168933636
0.86499999999999999112	0.99852923242793456549	0.25342257191523381854	0.74510666051287133271	4.64958903310984705826	2.00268824730909722476	0.50550510837596973612	0.43744382539356918560
0.86999999999999999556	0.99851686121409100050	0.26009533949326379965	0.73842152172101394036	4.63671895944862821892	2.00271385573141769143	0.50548121754784680615	0.43997123148130840020
0.87500000000000000000	0.99850430926547351085	0.26683250874465963554	0.73167180052099034526	4.62380176977786483405	2.00273983515426756696	0.50545718894050228887	0.44249851742601092885
0.88000000000000000444	0.99849158701583218267	0.27362967212966526898	0.72486191488635165481	4.61084200563681623208	2.00276616541991669962	0.50543301105641735838	0.44502568248129303896
0.88500000000000000888	0.99847870270965566331	0.28048242776160953182	0.71799627494822859664	4.59784419073823524826	2.00279283005269315154	0.50540867569104397372	0.44755272585974825716
0.89000000000000001332	0.99846566262704705697	0.28738638224240353747	0.71107928038483114719	4.58481282736081130480	2.00281981616829440895	0.50538417832454929357	0.45007964675137102084
0.89500000000000001776	0.99845247141194959362	0.29433715347792160921	0.70411531793421611169	4.57175239420914891753	2.00284711404694393266	0.50535951668320433505	0.45260644433478702808
0.90000000000000002220	0.99843913238411896582	0.30133037345848806554	0.69710875892581480873	4.55866734460240863314	2.00287471660815263874	0.50533468991059404818	0.45513311778434001331
0.90500000000000002665	0.99842564779992293289	0.30836169099662358306	0.69006395680348664445	4.54556210463535403932	2.00290261892541598954	0.50530969809883929944	0.45765966627483423146
0.91000000000000003109	0.99841201905807186456	0.31542677441845784481	0.68298524463981169497	4.53244107121307848729	2.00293081782198312268	0.50528454203769312958	0.46018608898502272320
0.91500000000000003553	0.99839824656096654021	0.32252131410537454581	0.67587693245578506218	4.51930860864187344816	2.00295931154854711664	0.50525922310906890011	0.46271238510056805771
0.92000000000000003997	0.99838433004109972124	0.32964102518608612291	0.66874330485521016332	4.50616904811586671542	2.00298810178907249480	0.50523374372997620352	0.46523855381921791485
0.92500000000000004441	0.99837026970950937255	0.33678165037137086646	0.66158861933832868729	4.49302668861016396562	2.00301718676035500621	0.50520810367346324909	0.46776459433758521556
0.93000000000000004885	0.99835606480388450201	0.34393896199282797399	0.65441710281125542448	4.47988578840873064024	2.00304656774549849629	0.50518230910751671381	0.47029050588312282244
0.93500000000000005329	0.99834171424270579109	0.35110876464091694826	0.64723294960198451964	4.46675056557402871960	2.00307624652467186621	0.50515636458444990176	0.47281628770604505752
0.94000000000000005773	0.99832721671579893741	0.35828689757774739855	0.64004031913824499522	4.45362519595296912911	2.00310622526748094430	0.50513027582975877916	0.47534193908519384308
0.94500000000000006217	0.99831257084618019171	0.36546923714246115633	0.63284333370391510076	4.44051381203615846971	2.00313650623973193987	0.50510404958896859551	0.47786745933313867774
0.95000000000000006661	0.99829777566388799848	0.37265169928934238630	0.62564607637474889401	4.42742050510405515951	2.00316709136235537869	0.50507769282871972649	0.48039284779728225194
0.95500000000000007105	0.99828282754931763066	0.37983024061763209778	0.61845258693187954435	4.41434929611370563407	2.00319798700499207555	0.50505121123090135349	0.48291810385343675316
0.95999999999999996447	0.99826772548154496523	0.38700086238699876739	0.61126686309474242975	4.40130417729854350739	2.00322919445048119869	0.50502461329815384605	0.48544322691992752850
0.96499999999999996891	0.99825246959218350007	0.39415961223691126092	0.60409285735546791596	4.38828909482315676627	2.00326071343064660013	0.50499791071663313602	0.48796821647351068529
0.96999999999999997335	0.99823706079556917548	0.40130258617273867339	0.59693447462303461659	4.37530794437148085052	2.00329254212032692450	0.50497111083696721856	0.49049307202769554248
0.97499999999999997780	0.99822150053050162644	0.40842593052758852101	0.58979557000311388926	4.36236456742472000769	2.00332467762963739588	0.50494422130535387971	0.49301779313422233741
0.97999999999999998224	0.99820579060174352559	0.41552584389187352532	0.58267994671007261598	4.34946274873199723032	2.00335711631717883208	0.50491724930374559666	0.49554237938074108261
0.98499999999999998668	0.99818993309319914431	0.42259857900267616682	0.57559135409072581524	4.33660621415593805494	2.00338985395309432391	0.50489020189628208701	0.49806683039022248138
0.98999999999999999112	0.99817393031290224670	0.42964044458246480884	0.56853348573063733351	4.32379862871058584517	2.00342288583310335071	0.50486308612489538827	0.50059114582084696110
0.99499999999999999556	0.99815778475867489306	0.43664780712407763597	0.56150997763479604252	4.31104359474290799170	2.00345620685431491381	0.50483590905515474123	0.50311532536612268984
1.00000000000000000000	0.99814149909777472036	0.44361709261988901964	0.55452440647809120300	4.29834465023002643136	2.00348981156087679878	0.50480867780057736560	0.50563936875512560665
1.00500000000000011546	0.99812507615645640335	0.45054478823360738504	0.54758028792306190358	4.28570526717666755445	2.00352369417000852891	0.50478139953491851788	0.50816327575280018092
1.01000000000000000888	0.99810851891620067100	0.45742744391341128019	0.54068107500299622536	4.27312885010123011398	2.00355784858330610021	0.50475408149716216588	0.51068704616028604004
1.01500000000000012434	0.99809183051183958391	0.46426167394435385871	0.53383015656769472468	4.26061873458474149601	2.00359226838833137663	0.50472673098413578519	0.51321067981520673840
1.02000000000000001776	0.99807501424010824920	0.47104415844317620854	0.52703085579714004094	4.24817818593268548000	2.00362694685588360599	0.50469935545685618017	0.51573417659249098932
