0.00000000000000000000	1.00000000000000000000	1.00000000000000000000	0.00000000000000000000	5.00000000000000000000	2.00000000000000133227	0.04999999999999995420	0.00000000000000000000
0.00500000000000000010	1.00000017516975536758	0.99985002091402075397	0.00014997908598075776	4.99767500156937938272	1.99999964966055387983	0.05000000875848770870	0.00025000004379243854
0.01000000000000000021	1.00000030902096148644	0.99940044422329943341	0.00059968962788284092	4.99565147110626828209	1.99726839269974898450	0.05247495928900406531	0.00051237484023745894
0.01499999999999999944	1.00000038653788747567	0.99865155441217090537	0.00134865695592515863	4.99392786560509183147	1.99726721282336128205	0.05247384861595766337	0.00077474408331724726
0.02000000000000000042	1.00000039275505070435	0.99760399019902890050	0.00239622738622817782	4.99250333940800761212	1.99726595868506340281	0.05247286863892176856	0.00103710842651185613
0.02500000000000000139	1.00000031276243239731	0.99625856872100682082	0.00374156887164573326	4.99137686913238098896	1.99726465863030711034	0.05247201828504483023	0.00129946851793708018
0.02999999999999999889	1.00000013171073609541	0.99461628478238406359	0.00538367175860303068	4.99054725455203218587	1.99726334102158831207	0.05247129640095613695	0.00156182499994186094
0.03500000000000000333	0.99999983481674803443	0.99267830999789097302	0.00732134964916009330	4.99001311958343229946	1.99726203422444226199	0.05247070175351007532	0.00182417850870941127
0.04000000000000000083	0.99999940736868475621	0.99044599183160264566	0.00955324036745990902	4.98977291337520156844	1.99726076659620699338	0.05247023303055783905	0.00208652967386220058
0.04499999999999999833	0.99999883473151229829	0.98792085253232952979	0.01207780702966183665	4.98982491150001994384	1.99725956647564606428	0.05246988884174697693	0.00234887911807093530
0.05000000000000000278	0.99999810235227815092	0.98510458796648048274	0.01489333921640460107	4.99016721724805645266	1.99725846217277824834	0.05246966771934604562	0.00261122745666766531
0.05500000000000000028	0.99999719576535306409	0.98199906634933176175	0.01799795424678790959	4.99079776302048205849	1.99725962079939889371	0.05246968584107097183	0.00287357588587302008
0.05999999999999999778	0.99999610059763544001	0.97860632687578552602	0.02138959855280713612	4.99171431182206859489	1.99725857287664942952	0.05246971973637151732	0.00313592448455487756
0.06500000000000000222	0.99999480257361561542	0.97492857825167722474	0.02506604915312311138	4.99291445885140028338	1.99725768917517765288	0.05246987227529448239	0.00339827384593134997
0.07000000000000000666	0.99999328752035010481	0.97096819712680360048	0.02902491522499670018	4.99439563318754853327	1.99725699770666187405	0.05247014169530001687	0.00366062455440784983
0.07499999999999999722	0.99999243919809621683	0.96672858443162013042	0.03326367959807489255	4.99615693504799818214	1.99725524252689967675	0.05247056115970274298	0.00392297736020636324
0.08000000000000000167	0.99999057597139628939	0.96221084889885311053	0.03777955190446826567	4.99819206238360713712	1.99725484846423828600	0.05247106301247240340	0.00418533267526872543
0.08500000000000000611	0.99998948719551228326	0.95741957565988711210	0.04256973636774047387	5.00050165161595394636	1.99730336560522192535	0.05247287358693916715	0.00444769704320342133
0.08999999999999999667	0.99998826988887978828	0.95235694361241451933	0.04763115110879529573	5.00308067024268776635	1.99730415576173370162	0.05247380184183182694	0.00471006605241258008
0.09500000000000000111	0.99998792777967049350	0.94702620057471520454	0.05296155203734322775	5.00593075644752172337	1.99730496064883045193	0.05247485360025811590	0.00497244032041387063
0.10000000000000000555	0.99998754683326718240	0.94143065979515117014	0.05855671187057156363	5.00904389592315357760	1.99729982499016034403	0.05247707238963000148	0.00523482568236202043
0.10499999999999999611	0.99998712569263481509	0.93557382812843414843	0.06441312239673145645	5.01241644597527002958	1.99729807944072024206	0.05247852486466766248	0.00549721830668535843
0.11000000000000000056	0.99998666295549154537	0.92945936424618513794	0.07052712354191656430	5.01604461377174004610	1.99729616617882643759	0.05248010440451572611	0.00575961882870793668
0.11500000000000000500	0.99998615717830297012	0.92309107623124897479	0.07689490577975306718	5.01992445884114779631	1.99729409123811363358	0.05248180903788463719	0.00602202787389735997
0.11999999999999999556	0.99998560688038351518	0.91647291908728067966	0.08351251262589896862	5.02405189565516341332	1.99729186080174136997	0.05248363672114710748	0.00628444605750309512
0.12500000000000000000	0.99998501054794286524	0.90960899216522861366	0.09037584321561571710	5.02842269629247695661	1.99728948120491356377	0.05248558533984565289	0.00654687398420232373
0.13000000000000000444	0.99998436663818257575	0.90250353650852488396	0.09748065496267160901	5.03303249318292778014	1.99728695893070384848	0.05248765271021661044	0.00680931224775340686
0.13500000000000000888	0.99998367358332806987	0.89516093211869407487	0.10482256629776834367	5.03787678192949606171	1.99728430060357031728	0.05248983658073708841	0.00707176143065709265
0.14000000000000001332	0.99998292979464475927	0.88758569514324536787	0.11239705948466485741	5.04295092420651602794	1.99728151298205602870	0.05249213463369725718	0.00733422210382557883
0.14499999999999999001	0.99998213366643207145	0.87978247498771666724	0.12019948351212053628	5.04825015073216576411	1.99727860295131898205	0.05249454448679536506	0.00759669482625955576
0.14999999999999999445	0.99998128357991622472	0.87175605135372502552	0.12822505705974446277	5.05376956431298918204	1.99727412920387381590	0.05249710098841015027	0.00785918033120160640
0.15499999999999999889	0.99998037790711402639	0.86351133120502265861	0.13646887153580378182	5.05950414295878481141	1.99727094857633113989	0.05249972821507323945	0.00812167897227697271
0.16000000000000000333	0.99997941501459164382	0.85505334566347790393	0.14492589418499310372	5.06544874306541537123	1.99726766694848212325	0.05250245972204496681	0.00838419127088719726
0.16500000000000000777	0.99997839326714432762	0.84638724683703769891	0.15359097126416668133	5.07159810266383459521	1.99726429163299412650	0.05250529288515042026	0.00864671773531294936
0.17000000000000001221	0.99997731103138165487	0.83751830458167686455	0.16245883128395355310	5.07794684473284529957	1.99726083003246079883	0.05250822502391915003	0.00890925886043254442
0.17500000000000001665	0.99997616667919686506	0.82845190319945383184	0.17152408831419208024	5.08448948057380789578	1.99725728963266013771	0.05251125340329924202	0.00917181512744904073
0.17999999999999999334	0.99997495859111518168	0.81919353807472095053	0.18078124535105413728	5.09122041324474139401	1.99725367799593578333	0.05251437523539007057	0.00943438700362599081
0.18499999999999999778	0.99997368515950801893	0.80974881225067230073	0.19022469774371891793	5.09813394105186201699	1.99725000275473196787	0.05251758768118933857	0.00969697494203193740
0.19000000000000000222	0.99997234479168906063	0.80012343294838039753	0.19984873667842611988	5.10522426109629545721	1.99724627160559742300	0.05252088785235232982	0.00995957938129369939
0.19500000000000000666	0.99997093591285823866	0.79032320803050759572	0.20964755271771337575	5.11248547287369969894	1.99724249230322214999	0.05252427281296617040	0.01022220074535853084
0.20000000000000001110	0.99996945696888028809	0.78035404241190564623	0.21961523939259836036	5.11991158192441631059	1.99723867265492649459	0.05252773958133363785	0.01048483944326519986
0.20500000000000001554	0.99996790642892185996	0.77022193441933661795	0.22974579684548090963	5.12749650353195374208	1.99723482051527678749	0.05253128513176982123	0.01074749586892404830
0.20999999999999999223	0.99996728963501491094	0.75993367527734712041	0.24003343919367073345	5.13524141806818690270	1.99723094378121457382	0.05253490639640660820	0.01101017040090608058
0.21499999999999999667	0.99996662129365820881	0.74949472611207901274	0.25047172001769962835	5.14313291011408768583	1.99722487513693769401	0.05253870117274186263	0.01127286390676979048
0.22000000000000000111	0.99996589992826601101	0.73891134188099971691	0.26105438288351395792	5.15116464777551463783	1.99721891035865839470	0.05254252076567866858	0.01153557651059818404
0.22500000000000000555	0.99996512409427185109	0.72818985595527518928	0.27177509297538049449	5.15933022410500008448	1.99721289890597719641	0.05254640787559714671	0.01179830854997616918
0.23000000000000000999	0.99996429238073869517	0.71733667626197017420	0.28262744095529779287	5.16762316100319019085	1.99720531909611431765	0.05255043806571051135	0.01206106074030472222
0.23500000000000001443	0.99996340341179557054	0.70635828138921818997	0.29360494685926324943	5.17603691315463887435	1.99719916393852914283	0.05255445345501625481	0.01232383300757980416
0.23999999999999999112	0.99996245584789822392	0.69526121665672835359	0.30470106402802044077	5.18456487199543847311	1.99719298559653379854	0.05255852660011366834	0.01258662564058037232
0.24499999999999999556	0.99996144838690204093	0.68405209015401724493	0.31590918306991144782	5.19320036971043563767	1.99718679231745155356	0.05256265418362490727	0.01284943891149849769
0.25000000000000000000	0.99996037976494833721	0.67273756874873602563	0.32722263585342620251	5.20193668325736879865	1.99718059236421496827	0.05256683286069566141	0.01311227307580197649
0.25500000000000000444	0.99995924875715591629	0.66132437406751687359	0.33863469952705044230	5.21076703841568988906	1.99717439401286322997	0.05257105926086090564	0.01337512837210628157
0.26000000000000000888	0.99995805417813765636	0.64981927845176701286	0.35013860056399143117	5.21968461385763049520	1.99716820555032503748	0.05257532998991285011	0.01363800502205584665
0.26500000000000001332	0.99995679488234878729	0.63822910089080309159	0.36172751882938763979	5.22868254523913300602	1.99716203527254787531	0.05257964163177274858	0.01390090323021471105
0.27000000000000001776	0.99995546976421356700	0.62656070293476995303	0.37339459166751842734	5.23775392930793604052	1.99715589148263616970	0.05258399075036569031	0.01416382318396653892
0.27500000000000002220	0.99995509060038589855	0.61482137673878778372	0.38513353869973893095	5.24689548724619303499	1.99714978248953833884	0.05258837389149459418	0.01442676505342401112
0.28000000000000002665	0.99995467888959377323	0.60301770010048738602	0.39693680362731986744	5.25609669711186633378	1.99715824774640005046	0.05259389463417224464	0.01468973452659487304
0.28500000000000003109	0.99995423357662416297	0.59115663882793423323	0.40879741958698201376	5.26535056217751584740	1.99715031717598079375	0.05259842637751924871	0.01495272665848246946
0.28999999999999998002	0.99995375359238525270	0.57924518474989150629	0.42070839368086970778	5.27465006319302176507	1.99714236021076652072	0.05260298343382117936	0.01521574157565157466
0.29499999999999998446	0.99995323785369982783	0.56729035155955886971	0.43266271113260806880	5.28398816255080649995	1.99713438532764153699	0.05260756223349716265	0.01547877938681906096
0.29999999999999998890	0.99995268526313019208	0.55529917065288048050	0.44465333944881341166	5.29335780845450010190	1.99712640114615225251	0.05261215919609262687	0.01574184018279952552
0.30499999999999999334	0.99995209470873958058	0.54327868696388259551	0.45667323258352493509	5.30275193908820341449	1.99711841642597542901	0.05261677073233299307	0.01600492403646119194
0.30999999999999999778	0.99995146506386978213	0.53123595479949514697	0.46871533510315138704	5.31216348678413030626	1.99711044006434002007	0.05262139324617522845	0.01626803100269206756
0.31500000000000000222	0.99995079518686824649	0.51917803367633341693	0.48077258634943037530	5.32158538218604615366	1.99710248109305976705	0.05262602313686252919	0.01653116111837638069
0.32000000000000000666	0.99995008392081674575	0.50711198416187386329	0.49283792459796355034	5.33101055840599702407	1.99709454867568259040	0.05263065680097047533	0.01679431440238123366
0.32500000000000001110	0.99994933009324704631	0.49504486372248363013	0.50490429120991653367	5.34043195517223079349	1.99708665210408176094	0.05263529063445959721	0.01705749085555353234
0.33000000000000001554	0.99994853251583204479	0.48298372258072741481	0.51696463477439691392	5.34984252296544138261	1.99707880079513366844	0.05263992103471527850	0.01732069046072710894
0.33500000000000001998	0.99994768998406557969	0.47093559958436670421	0.52901191523913992931	5.35923522714127376076	1.99707010563900144717	0.05264460219848181993	0.01758391347171951724
0.34000000000000002442	0.99994680127694024474	0.45890751808948393453	0.54103910802705346139	5.36860305203647492078	1.99706231743225659514	0.05264921755138043946	0.01784715955947641791
0.34500000000000002887	0.99994586515661909587	0.44690648186011239229	0.55303920813626716857	5.37793900505656630173	1.99705460117261268671	0.05265381877491434603	0.01811042865335098923
0.35000000000000003331	0.99994488036807571696	0.43493947098675123097	0.56500523422125870088	5.38723612074230562285	1.99704696668633774337	0.05265840229386300336	0.01837372066482030261
0.35499999999999998224	0.99994384563877947159	0.42301343782614231337	0.57693023265275189537	5.39648746481304719680	1.99703942390454991518	0.05266296454453853887	0.01863703548754299527
0.35999999999999998668	0.99994275967832468854	0.41113530296465156111	0.58880728155397854540	5.40568613818424115181	1.99703198285867133954	0.05266750197678390227	0.01890037299742691398
0.36499999999999999112	0.99994162117809792800	0.39931195120756773909	0.60062949481103411475	5.41482528095708026683	1.99702465367553028130	0.05267201105596131666	0.01916373305270671970
0.36999999999999999556	0.99994042881093070374	0.38755022759666735155	0.61239002605497727671	5.42389807637786169892	1.99701744657250901405	0.05267648826492712238	0.01942711549403135576
0.37500000000000000000	0.99993918123077907278	0.37585693345827880796	0.62408207261343262573	5.43289775476491421102	1.99701037185237151306	0.05268093010599411014	0.01969052014456132774
0.38000000000000000444	0.99993787707236814200	0.36423882248415079266	0.63569887942937808312	5.44181759740061554709	1.99700343989780715326	0.05268533310288249505	0.01995394681007573931
0.38500000000000000888	0.99993651495090829506	0.35270259684734772687	0.64723374294496016645	5.45065094038675468369	1.99699666116593377296	0.05268969380265378644	0.02021739527908900796
0.39000000000000001332	0.99993509346175113439	0.34125490335537184139	0.65868001494802730367	5.45939117846036392478	1.99699004618259179367	0.05269400877762903113	0.02048086532297715284
0.39500000000000001776	0.99993462647104403018	0.32990258135399991302	0.67003186995877273002	5.46803354763887483614	1.99698360553638587511	0.05269827462729247819	0.02074435669611361666
0.40000000000000002220	0.99993414164974181446	0.31865189970079310644	0.68128206679076341867	5.47656988534953281800	1.99698843994985608674	0.05270362633156879667	0.02100787482777146178
0.40500000000000002665	0.99993363889405906253	0.30750931601619641009	0.69242414771976523724	5.48499378785015601068	1.99698062640516016408	0.05270788494516994577	0.02127141425249731016
0.41000000000000003109	0.99993311809964446901	0.29648121758118323177	0.70345172536045497136	5.49329892490719551290	1.99697293175021939327	0.05271208818568415971	0.02153497469342573190
0.41500000000000003553	0.99993257916094857585	0.28557391770989387636	0.71435848629314269154	5.50147904338236326538	1.99696536387068990237	0.05271623287171058742	0.02179855585778428528
0.41999999999999998446	0.99993202197065356174	0.27479365217224999141	0.72513819464058815178	5.50952797076792410991	1.99695793063818105573	0.05272031585883637378	0.02206215743707846608
0.42499999999999998890	0.99993144641905595815	0.26414657566852106640	0.73578469559282022594	5.51743961866810472827	1.99695063990420718092	0.05272433404137103624	0.02232577910728531997
0.42999999999999999334	0.99993085239348866722	0.25363875835781446444	0.74629191887806312078	5.52520798622502251618	1.99694349949430161040	0.05272828435405490372	0.02258942052905559342
0.43499999999999999778	0.99993023977772099720	0.24327618244242044110	0.75665388217779783187	5.53282716348709868726	1.99693651720177611786	0.05273216377374577435	0.02285308134792432208
0.44000000000000000222	0.99992960845140299586	0.23306473880989667102	0.76686469448411442862	5.54029133471822188284	1.99692970078165243919	0.05273596932107586788	0.02311676119452970093
0.44500000000000000666	0.99992895828947403469	0.22301022373475101745	0.77691855939744558501	5.54759478164565589253	1.99692305794431712584	0.05273969806208610167	0.02338045968484013179
0.45000000000000001110	0.99992828916162657116	0.21311833564153317977	0.78680977836293375383	5.55473188664514694324	1.99691659634936424794	0.05274334710982786500	0.02364417642038927139
0.45500000000000001554	0.99992760093177801561	0.20339467193111088195	0.79653275384362665079	5.56169713586142844264	1.99691032359920073169	0.05274691362594093741	0.02390791098851897598
0.46000000000000001998	0.99992689345752994168	0.19384472587185685999	0.80608199242875744339	5.56848512226223846255	1.99690424723259618567	0.05275039482220122283	0.02417166296262998268
0.46500000000000002442	0.99992616658969579735	0.18447388355744515076	0.81545210787546174025	5.57509054862453634627	1.99689837471845144101	0.05275378796203558651	0.02443543190244016131
0.47000000000000002887	0.99992542017181318403	0.17528742093289603754	0.82463782408225949627	5.58150823045108346321	1.99689271344917007589	0.05275709036201100405	0.02469921735425021497
0.47500000000000003331	0.99992465403969377213	0.16629050089047384131	0.83363397799269733923	5.58773309881584623326	1.99688727073442029436	0.05276029939328728130	0.02496301885121665273
0.47999999999999998224	0.99992386802100019505	0.15748817043699678275	0.84243552242761798876	5.59376020313680388796	1.99688205379448713295	0.05276341248304251136	0.02522683591363186414
0.48499999999999998668	0.99992306193484237209	0.14888535793407192687	0.85103752884452787963	5.59958471387464751245	1.99687620730038473127	0.05276645003438714537	0.02549066816380380143
0.48999999999999999112	0.99992223559142479061	0.14048687041271507026	0.85943519002261026252	5.60520192515592352578	1.99687146303708384920	0.05276936369755717837	0.02575451498229158753
0.49499999999999999556	0.99992138879168190879	0.13229739096377918228	0.86762382267195192753	5.61060725731923604087	1.99686696594217605316	0.05277217404256283328	0.02601837585250440024
0.50000000000000000000	0.99992052132699227318	0.12432147620555986101	0.87559886996563440764	5.61579625938326287837	1.99686272279255661033	0.05277487873489130482	0.02628225024617885514
0.50500000000000000444	0.99991963297890418261	0.11656355382989620761	0.88335590399336472167	5.62076461143526984188	1.99685874024268805726	0.05277747550268068605	0.02654613762369225846
0.51000000000000000888	0.99991872351887378656	0.10902792022804252969	0.89089062813534691809	5.62550812693874657811	1.99685502481842869216	0.05277996213793275521	0.02681003743438192116
0.51500000000000001332	0.99991779270808822666	0.10171873819753164681	0.89819887935523856637	5.63002275495938597771	1.99685158291064501768	0.05278233649769278890	0.02707394911687038483
0.52000000000000001776	0.99991684029729077654	0.09464003473119748933	0.90527663041094008634	5.63430458230772046591	1.99684842076924851106	0.05278459650518684682	0.02733787209939632021
0.52500000000000002220	0.99991586602664850325	0.08779569888948321466	0.91211999198218474127	5.63834983559796665276	1.99684554449707230006	0.05278674015092407745	0.02760180580015094212
0.53000000000000002665	0.99991486962565445662	0.08118947975709267517	0.91872521471375412361	5.64215488322130198640	1.99684296004389150170	0.05278876549376004812	0.02786574962761974306
0.53500000000000003109	0.99991385081309247518	0.07482498448501274935	0.92508869117345182698	5.64571623723354765190	1.99684065193677229288	0.05279067042749047145	0.02812970297975719500
0.54000000000000003553	0.99991280929700965263	0.06870567641885685917	0.93120695772370787324	5.64903055515532770414	1.99683863358019775269	0.05279245454032513440	0.02839366525245881970
0.54500000000000003997	0.99991174477474431548	0.06283487331444856383	0.93707669630603851463	5.65209464168465292033	1.99683692323452399719	0.05279411496248720415	0.02865763582727125572
0.55000000000000004441	0.99991065693300063000	0.05721574564149482789	0.94269473613743903773	5.65490545032067437603	1.99683552622212201477	0.05279565003488553149	0.02892161407744568355
0.55500000000000004885	0.99990954544795529468	0.05185131497615343144	0.94805805531793019281	5.65746008489802676422	1.99683444768533968627	0.05279705817146047864	0.02918559936830298490
0.56000000000000005329	0.99990840998538110806	0.04674445248323792074	0.95316378234847043416	5.65975580103080400107	1.99683369258110876565	0.05279833786000521362	0.02944959105760300982
0.56500000000000005773	0.99990725020086490549	0.04189787748875749285	0.95800919755863778171	5.66179000746604899064	1.99683326567577457133	0.05279948766294485785	0.02971358849591773307
0.57000000000000006217	0.99990606574001672513	0.03731415614342456499	0.96259173444333023806	5.66356026734555673130	1.99683317153999273508	0.05280050621807385464	0.02997759102700810196
0.57500000000000006661	0.99990485623874036936	0.03299570017771358277	0.96690898090797672282	5.66506429937580069378	1.99683341454378915358	0.05280139223924970593	0.03024159798820435022
0.57999999999999996003	0.99990362132352561542	0.02894476574899764593	0.97095868042169586332	5.66629997890541137195	1.99683399885189305500	0.05280214451704216133	0.03050560871078956265
0.58499999999999996447	0.99990236061181314575	0.02516345238123374184	0.97473873307796687904	5.66726533890983663611	1.99683492841911403026	0.05280276191934075297	0.03076962252038626527
0.58999999999999996891	0.99990107371235115163	0.02165370199761174758	0.97824719656235137322	5.66795857088267940327	1.99683620698596930865	0.05280324339191662386	0.03103363873734584985
0.59499999999999997335	0.99989976022562188085	0.01841729804652603511	0.98148228702693851577	5.66837802563347992191	1.99683783807458237192	0.05280358795893883711	0.03129765667714054511
0.59999999999999997780	0.99989841974428383953	0.01545586472117377666	0.98444237987118721200	5.66852221399165845384	1.99683982498459799970	0.05280379472344834402	0.03156167565075778531
0.60499999999999998224	0.99989705185367283580	0.01277086627302759236	0.98712601042896253034	5.66838980741654019369	1.99684217078946324442	0.05280386286778529503	0.03182569496509671247
0.60999999999999998668	0.99989565613231257135	0.01036360641937354200	0.98953187456149971357	5.66797963851302188942	1.99684487833290402747	0.05280379165396980462	0.03208971392336656264
0.61499999999999999112	0.99989423215244666032	0.00823522784505027576	0.99165882915620651161	5.66729070145295921179	1.99684795022558647659	0.05280358042403943825	0.03235373182548675897
0.61999999999999999556	0.99989277948064725354	0.00638671179847071814	0.99350589253124199640	5.66632215230240898762	1.99685138884200585885	0.05280322860033838384	0.03261774796848845165
0.62500000000000000000	0.99989129767839690643	0.00481887778194923198	0.99507224474577316009	5.66507330925424490431	1.99685519631761199122	0.05280273568576231147	0.03288176164691726522
0.63000000000000000444	0.99988978630274161219	0.00353238333630423148	0.99635722781602753528	5.66354365276685811637	1.99685937454631656784	0.05280210126395591674	0.03314577215323704501
0.63500000000000000888	0.99988824490693728464	0.00252772391964980157	0.99736034583714738844	5.66173282560844093325	1.99686392517793787071	0.05280132499946401520	0.03340977877823436692
0.64000000000000001332	0.99988667304113443279	0.00180523288023488535	0.99808126501103466843	5.65964063280746021434	1.99686884961632160618	0.05280040663783545918	0.03367378081142354679
0.64500000000000001776	0.99988507025308348553	0.00136508152313426353	0.99851981358036445702	5.65726704150939152527	1.99687414901733450989	0.05279934600568232661	0.03393777754145195502
0.65000000000000002220	0.99988343608885499325	0.00120727927054075940	0.99867598166901616619	5.65461218074000626643	1.99687982428734822626	0.05279814301069032934	0.03420176825650540764
0.65500000000000002665	0.99988177009356948854	0.00133167391535387518	0.99854992102920980823	5.65167634107548355615	1.99688587608195278200	0.05279679764158178024	0.03446575224471331439
0.66000000000000003109	0.99988007181215954322	0.00173795196770652987	0.99814194469574424318	5.64845997421993128995	1.99689230480492252440	0.05279530996803442899	0.03472972879455348688
0.66500000000000003553	0.99987834079012960498	0.00242563909401798811	0.99745252654770699685	5.64496369249062457385	1.99689911060746028149	0.05279368014055074720	0.03499369719525623895
0.67000000000000003997	0.99987753967653913989	0.00339504321788707290	0.99648232131038816384	5.64119406735586359503	1.99690543622934235657	0.05279192995541133471	0.03525765684503329861
0.67500000000000004441	0.99987576290911384103	0.00464350181110024639	0.99523208595005951960	5.63714056286394349371	1.99691298950376827648	0.05279001674428331070	0.03552160692875471620
0.68000000000000004885	0.99987395203260442944	0.00617098671145266831	0.99370279017351614836	5.63280993796651330285	1.99692091808748317661	0.05278796234502409340	0.03578554674047983858
0.68500000000000005329	0.99987310854245459169	0.00797735445034943383	0.99189557894461677368	5.62820948597964321181	1.99692700574621628817	0.05278586917277287849	0.03604947608634369999
0.69000000000000005773	0.99987224769375859790	0.01006037545528202029	0.98981169709113869803	5.62333468204532671564	1.99693364837040565618	0.05278358573914050667	0.03631339401503939912
0.69500000000000006217	0.99987136892595773752	0.01241862332389635608	0.98745257045487644376	5.61818708670985866860	1.99694062800424787518	0.05278116363319909632	0.03657729983320539419
0.70000000000000006661	0.99987047166818898702	0.01505051639806631765	0.98481978012309745463	5.61276841491005207274	1.99694794327235891629	0.05277860355691658956	0.03684119285098997471
0.70499999999999996003	0.99986955534007171398	0.01795431892456280515	0.98191506126864114279	5.60708053474004319838	1.99695559258490451526	0.05277590628950970530	0.03710507238243752198
0.70999999999999996447	0.99986861935246396094	0.02112814230233900359	0.97874030190342309332	5.60112546613224804304	1.99696357413949154846	0.05277307268689496872	0.03736893774587199402
0.71499999999999996891	0.99986766310826913351	0.02456994641550864014	0.97529754154622561035	5.59490537945318688884	1.99697188592337826485	0.05277010368109414512	0.03763278826427746138
0.71999999999999997335	0.99986668600321615408	0.02827754105104674648	0.97158896980580577996	5.58842259401551544329	1.99698052571574380387	0.05276700027960054551	0.03789662326567546508
0.72499999999999997780	0.99986568742665182796	0.03224858740019419245	0.96761692488026995740	5.58167957650696244798	1.99698949109048951023	0.05276376356469658635	0.03816044208349894662
0.72999999999999998224	0.99986466676235918882	0.03648059964250295606	0.96338389197384632912	5.57467893933766589498	1.99699877941890857613	0.05276039469273306748	0.03842424405696261147
0.73499999999999998668	0.99986362338931489280	0.04097094661141188060	0.95889250163207784272	5.56742343890651802951	1.99700838787300916088	0.05275689489336032184	0.03868802853142941367
0.73999999999999999112	0.99986255668251189377	0.04571685354020085801	0.95414552799667129435	5.55991597378825108677	1.99701831342870206321	0.05275326546872093070	0.03895179485877301589
0.74499999999999999556	0.99986146601373149245	0.05071540388712484498	0.94914588698115698318	5.55215958284219901486	1.99702855286949287894	0.05274950779259816175	0.03921554239773600986
0.75000000000000000000	0.99986035075228585356	0.05596354123848649303	0.94389663436854620571	5.54415744324375747709	1.99703910279024343666	0.05274562330952289185	0.03947927051428362644
0.75500000000000000444	0.99985921026581903170	0.06145807128836773547	0.93840096383239890443	5.53591286844056273964	1.99704995960126918675	0.05274161353383921558	0.03974297858195282446
0.76000000000000000888	0.99985804392102484162	0.06719566389369641124	0.93266220488247975062	5.52742930603398363587	1.99706111953259157765	0.05273748004872975959	0.04000666598219647374
0.76500000000000001332	0.99985685108436883617	0.07317285520328298265	0.92668382073644717245	5.51871033558773316230	1.99707257863838805179	0.05273322450520104288	0.04027033210472247965
0.77000000000000001776	0.99985563112277953124	0.07938604985942668280	0.92046940611892758000	5.50975966636478808880	1.99708433280178532243	0.05272884862102713427	0.04053397634782761327
0.77500000000000002220	0.99985438340433419047	0.08583152327065146636	0.91402268498947680797	5.50058113499446665884	1.99709637773975789976	0.05272435417965595089	0.04079759811872589459
0.78000000000000002665	0.99985310729890819470	0.09250542395409105945	0.90734750820083676093	5.49117870307071775926	1.99710870900822334839	0.05271974302907681681	0.04106119683387127878
0.78500000000000003109	0.99985180217877278608	0.09940377594601254585	0.90044785108900737836	5.48155645468326468972	1.99712132200743175403	0.05271501708064875447	0.04132477191927452081
0.79000000000000003553	0.99985046741919136881	0.10652248127892578744	0.89332781099674829495	5.47171859388353087894	1.99713421198743756868	0.05271017830789411635	0.04158832281081398935
0.79500000000000003997	0.99984910239896462869	0.11385732252369978879	0.88599160473198423915	5.46166944208637428204	1.99714737405391562497	0.05270522874525066653	0.04185184895454024251
0.80000000000000004441	0.99984770650091658872	0.12140396539506431717	0.87844356596281636396	5.45141343540972211912	1.99716080317398536614	0.05270017048679357524	0.04211534980697421299
0.80500000000000004885	0.99984627911239687403	0.12915796141885299564	0.87068814255076021347	5.44095512195365582642	1.99717449418228798486	0.05269500568491829184	0.04237882483539880119
0.81000000000000005329	0.99984481962566140734	0.13711475065930439632	0.86272989382382903045	5.43029915902034154840	1.99718844178735666084	0.05268973654898841119	0.04264227351814374456
0.81500000000000005773	0.99984332743829185119	0.14526966450471795467	0.85457348779130692940	5.41945031027725043771	1.99720264057793439605	0.05268436534395321003	0.04290569534486351339
0.82000000000000006217	0.99984180195348848486	0.15361792850971395241	0.84622369830177590622	5.40841344286449565715	1.99721708502960559883	0.05267889438892876114	0.04316908981680815660
0.82500000000000006661	0.99984024258037340616	0.16215466529234787152	0.83768540214629927387	5.39719352444885380748	1.99723176951151382141	0.05267332605574892579	0.04343245644708690345
0.83000000000000007105	0.99983864873418337726	0.17087489748427012182	0.82896357610846760355	5.38579562022576574520	1.99724668829321450048	0.05266766276748376802	0.04369579476092431969
0.83499999999999996447	0.99983701983647865763	0.17977355073212786252	0.82006329396318922154	5.37422488987157986884	1.99726183555180525353	0.05266190699692645250	0.04395910429590894897
0.83999999999999996891	0.99983535531522771400	0.18884545674835306883	0.81098972342600283980	5.36248658444748116381	1.99727720537891584307	0.05265606126505460033	0.04422238460223422429
0.84499999999999997335	0.99983453594541238374	0.19808604196835452593	0.80174831883633002061	5.35059064574070930576	1.99729189578458798948	0.05265016395588821563	0.04448563542201366267
0.84999999999999997780	0.99983281815347124777	0.20748859442193665070	0.79234404859111062791	5.33853340518090035971	1.99730767140671083837	0.05264414674437457170	0.04474885615573553216
0.85499999999999998224	0.99983106331958659929	0.21704836202201599482	0.78278252615745336218	5.32632486131864446577	1.99732365121959642984	0.05263804741191159542	0.04501204639279508812
0.85999999999999998668	0.99982927088429851548	0.22675983215243619706	0.77306926359205896393	5.31397059884192835000	1.99733982905317164480	0.05263186865575922302	0.04527520573607388132
0.86499999999999999112	0.99982744029400383301	0.23661741419237791728	0.76320985096214510879	5.30147627768627494049	1.99735619868848113256	0.05262561321350332777	0.04553833380214139526
0.86999999999999999556	0.99982557100073576883	0.24661544282365915892	0.75320995303792259712	5.28884762969043009662	1.99737275386646628839	0.05261928386108700312	0.04580143022144683024
0.87500000000000000000	0.99982366246187326375	0.25674818137393823347	0.74307530594911541666	5.27609045521755337660	1.99738948829582341205	0.05261288341108717043	0.04606449463850226939
0.88000000000000000444	0.99982271710154979605	0.26701052948746872850	0.73281201247542748778	5.26321593059089831712	1.99740300139282345171	0.05260687343888739015	0.04632752900569670623
0.88500000000000000888	0.99982175244660276281	0.27739590547749953808	0.72242567183061912051	5.25022480372235200718	1.99741801289128706465	0.05260039909609653258	0.04659053100117718782
0.89000000000000001332	0.99982076814640474804	0.28789837805006102123	0.71192221495803309494	5.23712306191153942336	1.99743314148450723522	0.05259386360505609315	0.04685350031920246933
0.89500000000000001776	0.99981976384007265057	0.29851195824539739077	0.70130763045653887744	5.22391674708207176536	1.99744838049915562905	0.05258726991632818593	0.04711643666878410908
0.90000000000000002220	0.99981873915582208934	0.30923060293288562317	0.69058796108498010646	5.21061195225812046061	1.99746372329706534110	0.05258062100748124579	0.04737933977382151329
0.90500000000000002665	0.99981769371029793891	0.32004821832974222895	0.67976930024278303666	5.19721481801880003104	1.99747916328324648383	0.05257391988126076249	0.04764220937322781457
0.91000000000000003109	0.99981662710787100323	0.33095866354146247224	0.66885778842882348538	5.18373152893260957796	1.99749469391374567806	0.05256716956374832966	0.04790504522104655633
0.91500000000000003553	0.99981553893987185067	0.34195575412188622400	0.65785960968059009613	5.17016830997375631540	1.99751030870340207102	0.05256037310250704503	0.04816784708655909297
0.92000000000000003997	0.99981442878382409400	0.35303326565083309463	0.64678098799579031297	5.15653142292283295234	1.99752600123370727125	0.05255353356471320625	0.04843061475438265734
0.92500000000000004441	0.99981329620259273838	0.36418493732718909550	0.63562818373840268560	5.14282716275342099976	1.99754176516035597544	0.05254665403528029077	0.04869334802455906053
0.93000000000000004885	0.99981214074355784227	0.37540447557538736412	0.62440749003137197004	5.12906185400739200730	1.99755759422089673727	0.05253973761496956441	0.04895604671263390634
0.93500000000000005329	0.99981096193767260427	0.38668555766314166577	0.61312522913794020862	5.11524184716028340603	1.99757348224222286426	0.05253278741849440325	0.04921871064972637572
0.94000000000000005773	0.99980975929852522466	0.39802183532837348556	0.60178774883377283977	5.10137351497934954381	1.99758942314788034977	0.05252580657261636532	0.04948133968258945636
0.94500000000000006217	0.99980853232137778530	0.40940693841322678415	0.59040141877198804021	5.08746324887635470446	1.99760541096545485296	0.05251879821423372646	0.04974393367366062441
0.95000000000000006661	0.99980728048213385328	0.42083447850306526794	0.57897262684312356118	5.07351745525696529171	1.99762143983367579381	0.05251176548846693548	0.05000649250110295735
0.95500000000000007105	0.99980600323624368997	0.43229805256835751592	0.56750777553216469329	5.05954255186882040363	1.99763750400950890196	0.05250471154673684582	0.05026901605883664359
0.95999999999999996447	0.99980470001764387700	0.44379124660738328290	0.55601327827476720866	5.04554496415087516681	1.99765359787509111378	0.05249763954484210071	0.05053150425656085382
0.96499999999999996891	0.99980337023758047987	0.45530763928765183302	0.54449555581466912990	5.03153112158536330867	1.99766971594452780181	0.05249055264103415219	0.05079395701976602284
0.96999999999999997335	0.99980201328344397993	0.46684080558396823246	0.53296103256445548357	5.01750745405510834019	1.99768585287061162248	0.05248345399408962941	0.05105637428973647252
0.97499999999999997780	0.99980062851754791797	0.47838432041108097659	0.52141613297168820651	5.00348038820782825553	1.99770200345131154762	0.05247634676138649562	0.05131875602354340343
0.97999999999999998224	0.99979921527584247887	0.48993176224881823666	0.50986727789249519649	4.98945634382962666109	1.99771816263624835130	0.05246923409697808183	0.05158110219402829710
0.98499999999999998668	0.99979777286664794911	0.50147671675770777444	0.49832088097466398224	4.97544173022986413457	1.99773432553296625969	0.05246211914967185280	0.05184341278977665918
0.98999999999999999112	0.99979630056929658100	0.51301278038300235362	0.48678334505227516260	4.96144294263918261834	1.99775048741299010580	0.05245500506111194783	0.05210568781508222169
0.99499999999999999556	0.99979479763275602711	0.52453356394508521277	0.47526105855391737043	4.94746635862289707575	1.99776664371790602104	0.05244789496386515620	0.05236792728990154883
1.00000000000000000000	0.99979326327423323484	0.53603269621425497782	0.46376039192649232135	4.93351833451169774492	1.99778279006511461091	0.05244079197951496962	0.05263013124979912249
1.00500000000000011546	0.99979169667770362295	0.54750382746786940835	0.45228769407662527957	4.91960520185169247753	1.99779892225355681923	0.05243369921676160894	0.05289229974588292860
1.01000000000000000888	0.99979009699246479403	0.55894063302787211356	0.44084928883166241143	4.90573326387577868246	1.99781503626925371897	0.05242661976953070374	0.05315443284473058555
1.01500000000000012434	0.99978846333159232529	0.57033681677672198873	0.42945147142222983572	4.89190879199823758228	1.99783112829058051574	0.05241955671509297005	0.05341653062830604981
1.02000000000000001776	0.99978679477041010326	0.58168611464977171277	0.41810050498829104404	4.87813802233446835999	1.99784719469362692656	0.05241251311219151388	0.05367859319386700939
1.02499999999999991118	0.99978509034490969931	0.59298229810217129021	0.40680261711069021224	4.86442715224806754293	1.99786323205715365958	0.05240549199918482365	0.05394062065386293070
1.03000000000000002665	0.99978425444581586756	0.60421928914699718494	0.39556479016691697970	4.85078313072369038395	1.99787754161228559013	0.05239855650405819687	0.05420261343638322488
1.03499999999999992006	0.99978248741894004681	0.61539072230552749332	0.38439158998182049176	4.83721048703648381917	1.99789346488416263981	0.05239159117859492482	0.05446457139227620092
1.04000000000000003553	0.99978068135371489511	0.62649060309521953371	0.37328990312721987976	4.82371606807206010359	1.99790934799110853071	0.05238465739880898003	0.05472649467927024475
1.04499999999999992895	0.99977883510879039797	0.63751287907082410111	0.36226578090701433421	4.81030588233391220854	1.99792518827810172688	0.05237775810649769603	0.05498838346980273323
1.05000000000000004441	0.99977694749500511939	0.64845155022939127143	0.35132522213499156605	4.79698588274473092241	1.99794098331305547411	0.05237089621406638973	0.05525023795087306844
1.05499999999999993783	0.99977503248074028885	0.65930114177863652358	0.34047371557181771440	4.78376347148768221729	1.99795673089059833138	0.05236407460279036280	0.05551205832388701744
1.06000000000000005329	0.99977307561062978003	0.67005483175097713122	0.32971806872971004543	4.77064153781254773889	1.99797242571464472860	0.05235729514353555658	0.05577384479960469793
1.06499999999999994671	0.99977208409553786073	0.68070787215262917869	0.31906403681313960652	4.75762970691299447168	1.99799093744360156677	0.05235167368590767228	0.05603560316803423563
1.07000000000000006217	0.99977207849872717915	0.69125405490377522799	0.30851784846518431893	4.74473218970682175666	1.99800467789882296721	0.05234507375017280473	0.05629732853678509619
1.07499999999999995559	0.99977206831054876712	0.70168754181158765615	0.29808435136919481101	4.73195377573041398023	1.99801940018835333390	0.05233963836069453063	0.05655902672858856978
1.08000000000000007105	0.99977205338736707674	0.71200271484765886854	0.28776916340994479482	4.71930002187125463564	1.99803089117106691397	0.05233321311055534608	0.05682069279414134894
1.08499999999999996447	0.99977203357735722200	0.72219403043025698352	0.27757782801734126599	4.70677640779204242705	1.99804224565831667348	0.05232684839630796780	0.05708232703612289155
1.09000000000000007994	0.99977200872017268907	0.73225602239268539062	0.26751581119773276685	4.69438833300104274571	1.99805346057170263308	0.05232054696090942397	0.05734392977092744176
1.09499999999999997335	0.99977197864654943071	0.74218330490150030698	0.25758849861529925507	4.68214111397368260015	1.99806453298146058373	0.05231431150715171868	0.05760550132846319754
1.10000000000000008882	0.99977194317795547995	0.75197057532310851435	0.24780119272510481299	4.67003998132751885208	1.99807546010594516694	0.05230814469617962176	0.05786704205194409534
1.10499999999999998224	0.99977190212621225296	0.76161261703718763361	0.23815910995929018279	4.65809007705154964896	1.99808623931083051417	0.05230204914603715088	0.05812855229767428106
1.11000000000000009770	0.99977185529310841350	0.77110430219549774833	0.22866737796788544346	4.64629645179164008084	1.99809686810815811953	0.05229602743023937378	0.05839003243482547567
1.11499999999999999112	0.99977180246999519664	0.78044059442461510834	0.21933103291566383164	4.63466406219319981830	1.99810734415543223008	0.05229008207637115407	0.05865148284520733252
1.12000000000000010658	0.99977174343738661744	0.78961655147121934117	0.21015501683646095610	4.62319776830275408486	1.99811766525440415165	0.05228421556471425646	0.05891290392303090429
1.12500000000000000000	0.99977167796455568283	0.79862732778856060367	0.20114417504630174860	4.61190233102956081979	1.99812782934986699068	0.05227843032690424746	0.05917429607466542785
1.13000000000000011546	0.99977160580909896215	0.80746817706276430293	0.19230325361665412398	4.60078240966853702076	1.99813783452832449683	0.05227272874461454111	0.05943565971838850326
1.13500000000000000888	0.99977152671652236293	0.81613445467772871567	0.18363689690912765595	4.58984255948598640629	1.99814767901652179383	0.05226711314827321014	0.05969699528412986816
1.14000000000000012434	0.99977144041980092748	0.82462162011731632294	0.17514964517283257428	4.57908722936905743239	1.99815736117999032118	0.05226158581580907236	0.05995830321320891332
1.14500000000000001776	0.99977134663893285627	0.83292523930367334817	0.16684593220562410343	4.56852075954031011662	1.99816687952137850282	0.05225614897143016774	0.06021958395806606412
1.15000000000000013323	0.99977124508049286522	0.84104098687046635607	0.15873008308040997827	4.55814737933841396256	1.99817623267890764893	0.05225080478443298176	0.06048083798198822941
1.15500000000000002665	0.99977113543718587607	0.84896464836995999548	0.15080631193762872311	4.54797120506621332936	1.99818541942457561511	0.05224555536804674494	0.06074206575882846321
1.15999999999999992006	0.99977101738737583769	0.85669212241278847042	0.14307871984500875051	4.53799623790701378567	1.99819443866243195984	0.05224040277830901274	0.06100326777272000595
1.16500000000000003553	0.99977089059460477749	0.86421942273940388635	0.13555129272564589438	4.52822636191023075725	1.99820328942680025541	0.05223534901297668953	0.06126444451778489259
1.16999999999999992895	0.99977075470714393823	0.87154268022220515721	0.12822789935540782058	4.51866534204742453795	1.99821197088043578383	0.05223039601046998437	0.06152559649783724549
1.17500000000000004441	0.99977060935750627912	0.87865814479736936704	0.12111228943062961327	4.50931682233955299921	1.99822048231270921193	0.05222554564885377448	0.06178672422608151582
1.17999999999999993783	0.99977045416194365579	0.88556218732544866867	0.11420809170701463897	4.50018432405624846382	1.99822882313774985441	0.05222079974485188680	0.06204782822480577748
1.18500000000000005329	0.99977028871998185888	0.89225130137989783208	0.10751881221063348815	4.49127124398824140172	1.99823699289262535217	0.05221616005289889811	0.06230890902507027485
1.18999999999999994671	0.99977011261392734198	0.89872210496266091706	0.10104783252184483533	4.48258085279344431484	1.99824499123537724365	0.05221162826423072362	0.06256996716639143252
1.19500000000000006217	0.99976992540834885848	0.90497134214603514035	0.09479840813292604584	4.47411629341754490952	1.99825281794336895302	0.05220720600600638195	0.06283100319642145881
1.19999999999999995559	0.99976972664961338833	0.91099588464008574018	0.08877366688017442053	4.46588057958994877339	1.99826047291132868899	0.05220289484047439810	0.06309201767062383448
1.20500000000000007105	0.99976951586535334204	0.91679273328486765582	0.08297660745116763881	4.45787659439545347340	1.99826795614962393621	0.05219869626417199260	0.06335301115194469368
1.20999999999999996447	0.99976929256398072710	0.92235901946685250330	0.07741009796785054686	4.45010708892261774849	1.99827526778254505047	0.05219461170716426651	0.06361398421048052032
1.21500000000000007994	0.99976905623418144131	0.92769200645888993950	0.07207687464605561090	4.44257468098906738163	1.99828240804659262864	0.05219064253232295891	0.06387493742314213907
1.21999999999999997335	0.99976880634441622764	0.93278909068319471043	0.06697954053202948010	4.43528185394459573132	1.99828937728880107194	0.05218679003464327809	0.06413587137331536181
1.22500000000000008882	0.99976854234240752906	0.93764780289677518432	0.06212056431648597249	4.42823095555220014319	1.99829617596518693823	0.05218305544060083262	0.06439678665051837281
1.22999999999999998224	0.99976826365464688262	0.94226580929888537064	0.05750227922666511365	4.42142419694781541040	1.99830280463921350353	0.05217943990754803779	0.06465768385005611629
1.23500000000000009770	0.99976796968589465298	0.94664091256002613761	0.05312688199682335383	4.41486365167887928607	1.99830926398034591784	0.05217594452315064968	0.06491856357267186683
1.23999999999999999112	0.99976765981867998789	0.95077105277213613821	0.04899643191755161803	4.40855125482226828382	1.99831555476267119786	0.05217257030486487784	0.06517942642419619070
1.24500000000000010658	0.99976733341279433454	0.95465430831960873537	0.04511284996425136279	4.40248880218172100598	1.99832167786363434914	0.05216931819945394566	0.06544027301519346473
1.25000000000000000000	0.99976698980483036383	0.95828889667088423820	0.04147791800507288212	4.39667794956526680750	1.99832763426278559038	0.05216618908254844200	0.06570110396060620250
1.25500000000000011546	0.99976662830768281420	0.96167317509031813305	0.03809327808855404729	4.39112021214257097768	1.99833342504069322310	0.05216318375824436498	0.06596191987939742374
1.26000000000000000888	0.99976624821006465638	0.96480564127015056020	0.03496043181117102633	4.38581696388253572394	1.99833905137788891970	0.05216030295874542894	0.06622272139419115022
1.26500000000000012434	0.99976584877605900736	0.96768493388243237430	0.03208073976495313256	4.38076943707130084249	1.99834451455399708664	0.05215754734404402099	0.06648350913091137515
1.27000000000000001776	0.99976542924462852291	0.97030983305075357848	0.02945542106527463191	4.37597872191050996094	1.99834981594686311723	0.05215491750164665680	0.06674428371841960306
1.27500000000000013323	0.99976498882919595523	0.97267926074178212570	0.02708555295888931055	4.37144576619622693414	1.99835495703182286498	0.05215241394633893940	0.06700504578815129342
1.28000000000000002665	0.99976452671715942966	0.97479228107649007473	0.02497207051222573304	4.36717137507798192075	1.99835993938116684987	0.05215003711999283836	0.06726579597375126340
1.28499999999999992006	0.99976404206950830744	0.97664810056122941528	0.02311576637992128133	4.36315621089848804104	1.99836476466348211822	0.05214778739141828767	0.06752653491070835512
1.29000000000000003553	0.99976353402037976270	0.97824606823859128202	0.02151729065351965647	4.35940079311334738321	1.99836943464341554311	0.05214566505625226750	0.06778726323598961712
1.29499999999999992895	0.99976300167665754781	0.97958567575826327456	0.02017715079021932534	4.35590549829095685652	1.99837395118124683258	0.05214367033689495945	0.06804798158767409733
1.30000000000000004441	0.99976244411759052078	0.98066655736800323329	0.01909571162150894286	4.35267056019228792962	1.99837831623274730930	0.05214180338248418367	0.06830869060458652497
1.30499999999999993783	0.99976186039440362308	0.98148848982494119042	0.01827319544148674896	4.34969606993025870167	1.99838253184909331317	0.05214006426891399509	0.06856939092593108964
1.31000000000000005329	0.99976124952997125206	0.98205139222749027184	0.01770968217461122915	4.34698197620857218482	1.99838660017687885784	0.05213845299889421914	0.06883008319092556726
1.31499999999999994671	0.99976061051844133942	0.98235532576809192484	0.01740510962258997110	4.34452808563935644059	1.99839052345827550283	0.05213696950205275182	0.06909076803843583470
1.32000000000000006217	0.99975994232496112613	0.98240049340725077442	0.01735927379006820329	4.34233406313978953506	1.99839430403116136148	0.05213561363508043001	0.06935144610661123088
1.32499999999999995559	0.99975924388535020171	0.98218723946909647360	0.01757182928873334340	4.34039943240654046974	1.99839794432957629233	0.05213438518191500226	0.06961211803252080610
1.33000000000000007105	0.99975851410583871370	0.98171604915903276645	0.01804228981941332494	4.33872357646828898936	1.99840144688397347572	0.05213328385397117404	0.06987278445179066766
1.33499999999999996447	0.99975775186281079510	0.98098754800385612462	0.01877002873169720046	4.33730573831532328910	1.99840481432195060663	0.05213230929040653383	0.07013344599824269943
1.34000000000000007994	0.99975695600259795182	0.98000250121490850574	0.01975427966056952922	4.33614502160594383895	1.99840804936865557018	0.05213146105843523975	0.07039410330353487733
1.34499999999999997335	0.99975612534125735120	0.97876181297478004328	0.02099413723950518257	4.33524039144892547881	1.99841115484753584219	0.05213073865367859328	0.07065475699680326405
1.35000000000000008882	0.99975525866442660483	0.97726652564817617641	0.02248855788942954320	4.33459067526145602756	1.99841252865579854792	0.05213021154200233459	0.07091540805451328200
1.35499999999999998224	0.99975435472716334129	0.97551781891758959642	0.02423636068290957804	4.33419456370193767469	1.99841531385813975241	0.05212974180824293119	0.07117605676355449884
1.36000000000000009770	0.99975341225383551613	0.97351700884444092310	0.02623622828289767783	4.33405061167682692513	1.99841797609853322193	0.05212939605325858650	0.07143670374382078692
1.36499999999999999112	0.99975242993805379932	0.97126554685641441900	0.02848670795531372743	4.33415723942083186415	1.99842051854339541883	0.05212917349241083520	0.07169734961128283734
1.37000000000000010658	0.99975140644262183720	0.96876501866176889521	0.03098621265470773503	4.33451273364978728608	1.99842294446186152790	0.05212907327182362410	0.07195799497764195085
1.37500000000000000000	0.99975137153710857962	0.96601738591903429931	0.03373381049193401038	4.33511706823216336204	1.99842525722691077839	0.05212909446897433935	0.07221864044998682619
1.38000000000000011546	0.99975133427552531629	0.96302425183533679753	0.03672690731405795633	4.33596653494322925582	1.99843520495487658728	0.05213037746969959724	0.07247929233733532706
1.38500000000000000888	0.99975129456658207161	0.95978759734341811960	0.03996352209703979419	4.33705903063173270340	1.99843547974915902721	0.05213073684485594605	0.07273994602155960110
1.39000000000000012434	0.99975125231475348020	0.95630953259307904801	0.04344154459555790715	4.33839232400662933031	1.99843557334114363400	0.05213121806194687125	0.07300060211186933101
1.39500000000000001776	0.99975120742018386277	0.95259229551386348511	0.04715873678021184623	4.33996405713802246851	1.99843548679466986862	0.05213182002786363040	0.07326126121200865482
1.40000000000000013323	0.99975115977856765515	0.94863825031013526701	0.05111273434233257890	4.34177174702491530667	1.99843522122367311944	0.05213254158544868705	0.07352192391993589426
1.40500000000000002665	0.99975110928104182761	0.94444988588957323739	0.05530104826537751705	4.34381278722880370680	1.99843477779380696013	0.05213338151425656736	0.07378259082750718290
1.40999999999999992006	0.99975105581407275324	0.94002981422613685059	0.05972106646185462719	4.34608444957193196245	1.99843415772417110077	0.05213433853134909896	0.07404326252016392440
1.41500000000000003553	0.99975099925934907130	0.93538076865859387521	0.06437005547468153954	4.34858388589911015742	1.99843336228914258967	0.05213541129212197894	0.07430393957662453919
1.41999999999999992895	0.99975093949365678725	0.93050560212573452112	0.06924516224186058611	4.35130812990197934909	1.99843239282021456482	0.05213659839116586286	0.07456462256858037430
1.42500000000000004441	0.99975087638876414253	0.92540728533940908029	0.07434341592330563631	4.35425409900437987432	1.99843125070793736775	0.05213789836315623621	0.07482531206039615135
1.42999999999999993783	0.99975080981133945812	0.92008890489665884349	0.07966172978864330401	4.35741859630800565384	1.99842993740392094182	0.05213930968377666203	0.07508600860881503580
1.43500000000000005329	0.99975073962280014417	0.91455366133202053991	0.08519690316475686531	4.36079831259648909025	1.99842845442283856272	0.05214083077067237920	0.07534671276266839690
1.43999999999999994671	0.99975066567924197880	0.90880486711139574219	0.09094562344183465541	4.36438982839723710327	1.99842680334450362167	0.05214245998443315516	0.07560742506259056361
1.44500000000000006217	0.99975058783129677753	0.90284594456866307244	0.09690446813663541881	4.36818961609927658429	1.99842498581598149165	0.05214419562960520560	0.07586814604073859047
1.44999999999999995559	0.99975050592402536775	0.89668042378637480283	0.10306990701166553193	4.37219404212590845304	1.99842300355371715881	0.05214603595573258366	0.07612887622051725534
1.45500000000000007105	0.99975041979684664550	0.89031194042193739779	0.10943830424894032682	4.37639936916113203580	1.99842085834561844493	0.05214797915842746268	0.07638961611630938620
1.45999999999999996447	0.99975032928339746530	0.88374423348049291338	0.11600592067695213172	4.38080175842775076944	1.99841855205330709566	0.05215002338046475366	0.07665036623321171139
1.46500000000000007994	0.99975023421144448843	0.87698114303603513786	0.12276891604947418046	4.38539727201645757049	1.99841608661414804615	0.05215216671290748979	0.07691112706677624700
1.46999999999999997335	0.99975013440278182042	0.87002660790209429553	0.12972335137477047917	4.39018187526401071352	1.99841346404345410193	0.05215440719625525495	0.07717189910275752684
1.47500000000000008882	0.99975002967313830737	0.86288466325344759245	0.13686519129379146054	4.39515143917926653927	1.99841068643655450643	0.05215674282161922998	0.07743268281686561949
1.47999999999999998224	0.99974991983207761592	0.85555943820032265279	0.14419030650587746911	4.40030174291544362575	1.99840775597089681526	0.05215917153192265593	0.07769347867452523759
1.48500000000000009770	0.99974980468291796409	0.84805515331656189382	0.15169447624049833823	4.40562847628719200799	1.99840467490811080076	0.05216169122312273171	0.07795428713064085635
1.48999999999999999112	0.99974968402262942568	0.84037611812327295269	0.15937339077351883598	4.41112724233092290405	1.99840144559592203244	0.05216429974546006598	0.07821510862936816022
1.49500000000000010658	0.99974955764176010042	0.83252672852947717796	0.16722265398646665724	4.41679355990685262867	1.99839807047024065056	0.05216699490472510164	0.07847594360389179013
1.50000000000000000000	0.99974942532436439357	0.82451146423131560503	0.17523778596725703149	4.42262286634123569229	1.99839455205691396422	0.05216977446355171993	0.07873679247620954391
1.50500000000000011546	0.99974928684791275479	0.81633488607134008230	0.18341422565080536811	4.42861052010701783388	1.99839089297362315634	0.05217263614272796279	0.07899765565692318248
1.51000000000000000888	0.99974914198323405756	0.80800163335953778532	0.19174733349795361481	4.43475180354161935270	1.99838709593161412137	0.05217557762252877235	0.07925853354503582804
1.51500000000000012434	0.99974899049444998500	0.79951642115762655560	0.20023239421110927694	4.44104192560001642676	1.99838316373729418807	0.05217859654406878378	0.07951942652775617626
1.52000000000000001776	0.99974883213890808342	0.79088403752824798509	0.20886461948497372920	4.44747602464139113465	1.99837909929385793006	0.05218169051067176462	0.07978033498030953630
1.52500000000000013323	0.99974866666714901076	0.78210934075074622918	0.21763915079074272474	4.45404917124812094187	1.99837490560267938555	0.05218485708926053068	0.08004125926575583749
1.53000000000000002665	0.99974849382282482413	0.77319725650506598846	0.22655106219213108631	4.46075637107488720545	1.99837058576475645744	0.05218809381176107987	0.08030219973481464435
1.53500000000000014211	0.99974831334271019312	0.76415277502555722933	0.23559536319155652273	4.46759256772676671687	1.99836614298183845584	0.05219139817652582863	0.08056315672569727693
1.54000000000000003553	0.99974812495663145651	0.75498094822624106648	0.24476700160482622870	4.47455264566419863570	1.99836158055757007190	0.05219476764977134392	0.08082413056394613382
1.54499999999999992895	0.99974792838744463985	0.74568688679928307739	0.25406086646263298379	4.48163143313336220785	1.99835690189850478937	0.05219819966702970993	0.08108512156228128709
1.55000000000000004441	0.99974772335104555854	0.73627575728835548130	0.26347179093719624854	4.48882370512030526299	1.99835211051491867806	0.05220169163461522988	0.08134613002045436303
1.55499999999999993783	0.99974750955633129301	0.72675277913856906054	0.27299455529230720607	4.49612418632687482756	1.99834721002151849412	0.05220524093110363861	0.08160715622510987532
1.56000000000000005329	0.99974728670521229024	0.71712322172468456749	0.28262388985511149864	4.50352755416694350288	1.99834220413797658544	0.05220884490882343743	0.08186820044965399668
1.56499999999999994671	0.99974705449263134849	0.70739240135935865794	0.29235447800789671202	4.51102844178122364127	1.99833709668935521897	0.05221250089535887234	0.08212926295413079669
1.57000000000000006217	0.99974681260656284021	0.69756567828306670354	0.30218095919816240214	4.51862144106869756399	1.99833189160633817316	0.05221620619506313343	0.08239034398510611257
1.57499999999999995559	0.99974656072805889728	0.68764845363751414542	0.31209793196525614789	4.52630110573324007106	1.99832659292530578909	0.05221995809058188609	0.08265144377555902477
1.58000000000000007105	0.99974629853127494616	0.67764616642419783776	0.32209995698183402357	4.53406195434342773609	1.99832120478821728682	0.05222375384438496249	0.08291256254478095167
1.58499999999999996447	0.99974602568353743148	0.66756429044990661659	0.33218156010843535864	4.54189847340407659715	1.99831573144239160733	0.05222759070030662948	0.08317370049828248790
1.59000000000000007994	0.99974574184537834398	0.65740833126083797477	0.34233723545939531707	4.54980512043737661543	1.99831017724002535374	0.05223146588509236521	0.08343485782770794501
1.59499999999999997335	0.99974544667062825720	0.64718382306711852436	0.35256144847841763834	4.55777632707234836573	1.99830454663759193856	0.05223537660995273418	0.08369603471075770518
1.60000000000000008882	0.99974513980648516132	0.63689632565943221643	0.36284863902201502928	4.56580650214047079061	1.99829884419501002668	0.05223932007212254286	0.08395723131111831883
1.60499999999999998224	0.99974482089363403414	0.62655142131952235030	0.37319322444912805814	4.57389003477612465787	1.99829307457465565889	0.05224329345642423489	0.08421844777840044316
1.61000000000000009770	0.99974448956631678520	0.61615471172625102536	0.38358960271514191964	4.58202129751963838089	1.99828724254022005447	0.05224729393683522766	0.08447968424808462162
1.61499999999999999112	0.99974414545249679076	0.60571181485901559594	0.39403215546861769525	4.59019464942171673272	1.99828135295525544102	0.05225131867805851010	0.08474094084147491823
1.62000000000000010658	0.99974378817396813979	0.59522836190018280078	0.40451525114898490010	4.59840443914719454455	1.99827541078169601541	0.05225536483709464913	0.08500221766566039283
1.62500000000000000000	0.99974341734648997093	0.58470999413829383151	0.41503324808346175878	4.60664500807637899982	1.99826942107801941440	0.05225942956481547524	0.08526351481348447281
1.63000000000000011546	0.99974303258000085659	0.57416235987379726780	0.42558049758153621012	4.61491069340269266519	1.99826338899735134191	0.05226351000753824694	0.08552483236352216578
1.63500000000000000888	0.99974263347872471819	0.56359111132891226426	0.43615134702521618504	4.62319583122410282527	1.99825731978529974597	0.05226760330859864245	0.08578617038006515483
1.64000000000000012434	0.99974221964142828689	0.55300190156346329395	0.44674014295344088854	4.63149475962764345383	1.99825121877756095579	0.05227170660992324497	0.08604752891311477636
1.64500000000000001776	0.99974179066158153084	0.54240038139824953145	0.45734123413888339016	4.63980182176443278763	1.99824509139747430453	0.05227581705359905795	0.08630890799838276950
1.65000000000000013323	0.99974134612760767737	0.53179219634774010927	0.46794897465549672999	4.64811136891410470184	1.99823894315318795201	0.05227993178344073066	0.08657030765729997746
1.65500000000000002665	0.99974088562310736705	0.52118298356369319180	0.47855772693512255156	4.65641776353667413701	1.99823277963479273289	0.05228404794655354404	0.08683172789703275107
1.66000000000000014211	0.99974040872710412398	0.51057836879140794384	0.48916186481148821175	4.66471538231030002919	1.99822660651118799713	0.05228816269489133112	0.08709316871050720721
1.66500000000000003553	0.99973991501433623341	0.49998396334025119181	0.49975577654996317101	4.67299861915334080464	1.99822042952677181304	0.05229227318680906150	0.08735463007644125866
1.66999999999999992895	0.99973940405550587585	0.48940536107007115429	0.51033386786140388924	4.68126188822885946905	1.99821425449801770569	0.05229637658860867427	0.08761611195938430463
1.67500000000000004441	0.99973887541763428732	0.47884813539517323555	0.52089056489852059162	4.68949962693041744188	1.99820808730958976440	0.05230047007608116388	0.08787761430976470667
1.67999999999999993783	0.99973832866433898214	0.46831783630741835589	0.53142031723307525670	4.69770629884695356537	1.99820193391072731259	0.05230455083603335886	0.08813913706394486958
1.68500000000000005329	0.99973776335616559852	0.45781998742005919345	0.54191760081236139968	4.70587639670547908111	1.99819580031108978702	0.05230861606781287559	0.08840068014428392740
1.68999999999999994671	0.99973717905098191672	0.44736008303390384366	0.55237692089343559676	4.71400444529033890717	1.99818969257654055482	0.05231266298481981880	0.08866224345920802052
1.69500000000000006217	0.99973657530430326545	0.43694358522734050299	0.56279281495342681207	4.72208500433673883379	1.99818361682480460928	0.05231668881600889248	0.08892382690328806683
1.69999999999999995559	0.99973595166970685710	0.42657592097178992363	0.57315985557449222743	4.73011267139775792856	1.99817757922087335665	0.05232069080738085270	0.08918543035732497126
1.70500000000000007105	0.99973530769923213413	0.41626247927409681937	0.58347265330182251919	4.73808208468283709180	1.99817158597237853890	0.05232466622345971485	0.08944705368844227400
1.70999999999999996447	0.99973464294379332795	0.40600860834736218763	0.59372585947323308631	4.74598792586649587122	1.99816564332463242337	0.05232861234876089174	0.08970869675018608436
1.71500000000000007994	0.99973395695361866320	0.39581961281171135214	0.60391416901883021584	4.75382492286569657836	1.99815975755572372563	0.05233252648924050648	0.08997035938263228672
1.71999999999999997335	0.99973324927873474799	0.38570075092644862114	0.61403232322933309906	4.76158785258459804623	1.99815393497125448619	0.05233640597373648284	0.09023204141250096288
1.72500000000000008882	0.99973251946940155932	0.37565723185504595882	0.62407511249153024835	4.76927154362485872241	1.99814818189916909574	0.05234024815538795145	0.09049374265327790601
1.72999999999999998224	0.99973176707662525509	0.36569421296438042734	0.63403737898955314645	4.77687087896064177528	1.99814250468426313212	0.05234405041304370648	0.09075546290534312888
1.73500000000000009770	0.99973099165266443578	0.35581679715961050947	0.64391401937049985715	4.78438079857650944149	1.99813690968261359338	0.05234781015265180248	0.09101720195610639441
1.73999999999999999112	0.99973019275155938779	0.34603003025607703691	0.65369998737306622694	4.79179630206706974604	1.99813140325601246161	0.05235152480863100588	0.09127895958014954625
1.74500000000000010658	0.99972936992965955039	0.33633889838954966756	0.66339029641783753277	4.79911245119699536588	1.99812599176609761997	0.05235519184522696712	0.09154073553937568108
1.75000000000000000000	0.99972852274617163282	0.32674832546615728557	0.67298002215789232139	4.80632437241994292521	1.99811917071078126718	0.05235887082925549940	0.09180252989352195858
1.75500000000000011546	0.99972765076377034799	0.31726317065330000844	0.68246430498850096935	4.81342725935561688289	1.99811392154294975576	0.05236243684719019131	0.09206434207775790468
1.76000000000000000888	0.99972675354916207269	0.30788822591278980356	0.69183835251456082815	4.82041637522311372521	1.99810878551340453946	0.05236594785518854794	0.09232617181703384190
1.76500000000000012434	0.99972583067367470910	0.29862821357746999196	0.70109744197455292625	4.82728705522952772355	1.99810376893349217475	0.05236940144943923181	0.09258801882428104035
1.77000000000000001776	0.99972488171390205824	0.28948778397254315564	0.71023692261987436680	4.83403470891302600165	1.99809887808542763210	0.05237279526238703548	0.09284988280059297550
1.77500000000000013323	0.99972390625231699612	0.28047151308274981263	0.71925221804825245631	4.84065482243854106059	1.99809411921616852936	0.05237612696395947676	0.09311176343541277545
1.78000000000000002665	0.99972290387791906685	0.27158390026659778860	0.72813882849018363164	4.84714296084557361155	1.99808949853109885098	0.05237939426277295196	0.09337366040672663570
1.78500000000000014211	0.99972187418689328897	0.26282936601873102545	0.73689233304720647144	4.85349477024658604307	1.99808502218774597381	0.05238259490731348583	0.09363557338126320129
1.79000000000000003553	0.99972081678327873178	0.25421224978155643193	0.74550839188095008314	4.85970597997515252331	1.99808069628935913720	0.05238572668709536723	0.09389750201469868052
1.79499999999999992895	0.99972073953169948712	0.24573681241777736717	0.75398375199316469697	4.86577340832396565418	1.99807652687862247198	0.05238878743379061370	0.09415944595186763466
1.80000000000000004441	0.99972066018833594114	0.23740721848015516882	0.76231326658743869817	4.87169198191377361695	1.99807759371500037737	0.05239289213639013176	0.09442141041254958900
1.80499999999999993783	0.99972057870423725046	0.22922755190211049903	0.77049285168139658442	4.87745769216241420452	1.99807180487665969615	0.05239588446482806167	0.09468338983487373239
1.81000000000000005329	0.99972049502999349446	0.22120180734962374691	0.77851851255965631715	4.88306662174164252121	1.99806613635476826296	0.05239880119814106091	0.09494538384086444183
1.81499999999999994671	0.99972040911577830791	0.21333388829524133068	0.78638634569983767442	4.88851494645716755372	1.99806059318409467984	0.05240164035098961171	0.09520739204261939592
1.82000000000000006217	0.99972032091135853982	0.20562760514722225325	0.79409254064345102808	4.89379893707269086889	1.99805518032939866124	0.05240439998411910300	0.09546941404253998786
1.82499999999999995559	0.99972023036608470559	0.19808667343465743982	0.80163338181075871614	4.89891496107682922201	1.99804990268048765500	0.05240707820528946181	0.09573144943356642900
1.83000000000000007105	0.99972013742895482480	0.19071471204942164190	0.80900525025888203601	4.90385948439269547805	1.99804476504750150312	0.05240967317017211635	0.09599349779941729333
1.83499999999999996447	0.99972004204859910015	0.18351524154573853331	0.81620462538222404714	4.90862907302867590431	1.99803977215616135332	0.05241218308322339453	0.09625555871483340575
1.84000000000000007994	0.99971994417328124971	0.17649168249812707820	0.82322808655453694193	4.91322039467014537450	1.99803492864317866484	0.05241460619852273545	0.09651763174582601856
1.84499999999999997335	0.99971984375097067144	0.16964735391846139101	0.83007231471190834338	4.91763022021142681695	1.99803023905160603846	0.05241694082058829390	0.09677971644992895695
1.85000000000000008882	0.99971974072930924748	0.16298547173282412759	0.83673409387590358399	4.92185542522698948886	1.99802570782644672853	0.05241918530515671942	0.09704181237645474745
1.85499999999999998224	0.99971963505565175634	0.15650914731882195619	0.84321031261626577802	4.92589299138150060742	1.99802133931022374291	0.05242133805993656748	0.09730391906675442404
1.86000000000000009770	0.99971952667707242313	0.15022138610397789416	0.84949796545254863123	4.92974000777822407571	1.99801713773869171753	0.05242339754533031915	0.09756603605448108119
1.86499999999999999112	0.99971941554038135092	0.14412508622579417450	0.85559415419405870917	4.93339367224488700714	1.99801310723668890112	0.05242536227512448188	0.09782816286585670207
1.87000000000000010658	0.99971930159215305345	0.13822303725401968721	0.86149608921762466096	4.93685129255699894912	1.99800925181403044029	0.05242723081715074812	0.09809029901994245626
1.87500000000000000000	0.99971918477871102304	0.13251791897565043388	0.86720109068257444918	4.94011028759741144256	1.99800557536164080652	0.05242900179391289661	0.09835244402891202276
1.88000000000000011546	0.99971906504617813471	0.12701230024313325817	0.87270658968258107979	4.94316818845254424275	1.99800208164764536711	0.05243067388318634059	0.09861459739832795224
1.88500000000000000888	0.99971894234050007189	0.12170863788621018309	0.87801012933384625647	4.94602263944432696263	1.99799877431370842551	0.05243224581858206557	0.09887675862742086041
1.89000000000000012434	0.99971881660740813391	0.11660927568780914132	0.88310936579917753697	4.94867139909721043267	1.99799565687152158588	0.05243371639008049395	0.09913892720937125813
1.89500000000000001776	0.99971868779247319292	0.11171644342434711161	0.88800206924772839834	4.95111234104077002627	1.99799273269936117359	0.05243508444453186951	0.09940110263159392112
1.90000000000000013323	0.99971855584112168103	0.10703225597077448139	0.89268612474997222073	4.95334345484694349437	1.99799000503887169700	0.05243634888612516004	0.09966328437602454959
1.90500000000000002665	0.99971842069862970614	0.10255871247065376228	0.89715953310762697193	4.95536284680175853623	1.99798747699186551863	0.05243750867682625549	0.09992547191940867601
1.91000000000000014211	0.99971828231015025246	0.09829769557152644166	0.90142041161829811191	4.95716874061143464303	1.99798515151749733754	0.05243856283677819641	0.10018766473359257130
1.91500000000000003553	0.99971814062071739926	0.09425097072578769719	0.90546699477462999628	4.95875947804273486952	1.99798303142938538102	0.05243951044467476397	0.10044986228581594123
1.91999999999999992895	0.99971799557527196711	0.09042018555724833095	0.90929763489774972918	4.96013351949717140599	1.99798111939303701945	0.05244035063809686370	0.10071206403900642701
1.92500000000000004441	0.99971784711867828221	0.08680686929353090275	0.91291080270489788351	4.96128944451926834347	1.99797941792339273093	0.05244108261381767722	0.10097426945207552129
1.92999999999999993783	0.99971769519569464446	0.08341243226440235581	0.91630508781107133931	4.96222595223832829703	1.99797792938248797157	0.05244170562807540237	0.10123647798021589983
1.93500000000000005329	0.99971753975103849754	0.08023816546612000389	0.91947919916472420354	4.96294186174437967907	1.99797665597748630439	0.05244221899680989729	0.10149868907519994654
1.93999999999999994671	0.99971738072938032271	0.07728524019181973181	0.92243196541739236327	4.96343611239769444410	1.99797559975861127590	0.05244262209587052109	0.10176090218567930556
1.94500000000000006217	0.99971721807533509008	0.07455470772794441092	0.92516233522725033200	4.96370776407200775537	1.99797476261751572046	0.05244291436118713595	0.10202311675748523823
1.94999999999999995559	0.99971705173350067231	0.07204749911666975815	0.92766937749672040425	4.96375599733190142615	1.99797414628562952643	0.05244309528891080707	0.10228533223392979878
1.95500000000000007105	0.99971688164844674240	0.06976442498426051186	0.92995228154410558563	4.96358011354386263747	1.99797375233291218954	0.05244316443551791385	0.10254754805610738488
1.95999999999999996447	0.99971670776473064990	0.06770617543523364812	0.93201035720944758189	4.96317953492176666686	1.99797358216657161556	0.05244312141788524950	0.10280976366319681536
1.96500000000000007994	0.99971653002693161572	0.06587332001218589028	0.93384303489472753057	4.96255380450662553216	1.99797363703009533964	0.05244296591332967689	0.10307197849276346358
1.96999999999999997335	0.99971634837961775855	0.06426630772110035472	0.93544986553853159972	4.96170258608064340677	1.99797391800252133187	0.05244269765961478286	0.10333419198106154335
1.97500000000000008882	0.99971616276738839435	0.06288546712191112054	0.93683052052552318045	4.96062566401639504221	1.99797442599770924687	0.05244231645492648114	0.10359640356333617295
1.97999999999999998224	0.99971597313485471847	0.06173100648407368191	0.93798479153086034010	4.95932294306079235469	1.99797516176402978338	0.05244182215781340028	0.10385861267412524467
1.98500000000000009770	0.99971577942668232719	0.06080301400684461066	0.93891259029995055574	4.95779444805474955871	1.99797612588411555024	0.05244121468709705969	0.10412081874756072553
1.98999999999999999112	0.99971558158756490542	0.06010145810395105953	0.93961394836376355144	4.95604032358832036209	1.99797731877478468299	0.05244049402174837116	0.10438302121766947217
1.99500000000000010658	0.99971537956225309252	0.05962618775228600149	0.94008901669015154656	4.95406083359215720918	1.99797874068725733743	0.05243966020073221462	0.10464521951867312988
2.00000000000000000000	0.99971517329554848708	0.05937693290423910752	0.94033806527153118715	4.95185636086553682134	1.99798039170746943860	0.05243871332282012965	0.10490741308528722664
2.00499999999999989342	0.99971496273233018126	0.05935330496323019261	0.94036148264935670582	4.94942740654141921652	1.99798227175664289135	0.05243765354637069942	0.10516960135301907375
2.01000000000000023093	0.99971474781754099403	0.05955479732198867143	0.94015977537584716206	4.94677458948901982438	1.99798438059196725725	0.05243648108907902894	0.10543178375846447292
2.01500000000000012434	0.99971452849619135694	0.05998078596308082516	0.93973356741344327148	4.94389864565429970611	1.99798671780757475247	0.05243519622769372834	0.10569395973960293844
2.02000000000000001776	0.99971430471338929014	0.06063053012115833529	0.93908359947260344747	4.94080042733944324596	1.99798928283560317531	0.05243379929770435044	0.10595612873609146221
2.02499999999999991118	0.99971407641432297186	0.06150317300637003076	0.93821072828836460378	4.93748090242113590875	1.99799207494748287672	0.05243229069299604889	0.10621829018955644686
2.03000000000000024869	0.99971384354426962027	0.06259774258834256699	0.93711592583638314569	4.93394115350892281668	1.99799509325538826587	0.05243067086547618938	0.10648044354388382093
2.03500000000000014211	0.99971360604862080645	0.06391315244010822849	0.93580027848900959597	4.93018237704398565313	1.99799833671391424694	0.05242894032466734883	0.10674258824550715563
2.04000000000000003553	0.99971336387285891778	0.06544820264132573950	0.93426498611207209333	4.92620588233906264719	1.99800180412184458234	0.05242709963727388428	0.10700472374369351947
2.04499999999999992895	0.99971311696256659474	0.06720158074010761096	0.93251136110304133631	4.92201309056018576626	1.99800549412417827178	0.05242514942671559069	0.10726684949082709863
2.04999999999999982236	0.99971286526345537471	0.06917186277274361972	0.93054082737133980707	4.91760553365129648995	1.99800940521422076834	0.05242309037263594845	0.10752896494269027772
2.05500000000000015987	0.99971260872134437570	0.07135751434056918086	0.92835491926144864117	4.91298485320191336001	1.99801353573594209223	0.05242092321037729319	0.10779106955874216689
2.06000000000000005329	0.99971234728218216770	0.07375689174321166386	0.92595528041969077382	4.90815279925931591265	1.99801788388643486449	0.05241864873043077661	0.10805316280239432580
2.06499999999999994671	0.99971208089202878710	0.07636824316740892238	0.92334366260538547344	4.90311122908543062238	1.99802244771854931038	0.05241626777785537289	0.10831524414128360090
2.06999999999999984013	0.99971180949707494356	0.07918970993057135310	0.92052192444732072740	4.89786210585996606426	1.99802722514365638240	0.05241378125167247409	0.10857731304754196511
2.07500000000000017764	0.99971153304365700798	0.08221932777823048877	0.91749203014628866182	4.89240749733001756283	1.99803221393454610855	0.05241119010423015562	0.10883936899806311016
2.08000000000000007105	0.99971125147823203250	0.08545502823449036001	0.91425604812465355309	4.88674957440758372940	1.99803741172851023755	0.05240849534054314862	0.10910141147476581924
2.08499999999999996447	0.99971096474740683835	0.08889464000456731574	0.91081614962380330613	4.88089060971549493217	1.99804281603055478023	0.05240569801760329438	0.10936343996485384245
2.08999999999999985789	0.99971067279792635851	0.09253589042848982260	0.90717460725044962722	4.87483297608303089987	1.99804842421671535746	0.05240279924366716274	0.10962545396107217788
2.09500000000000019540	0.99971037557669251150	0.09637640698499233549	0.90333379347276643312	4.86857914499223820570	1.99805423353743072390	0.05239980017751707381	0.10988745296195975842
2.10000000000000008882	0.99971007303075232198	0.10041371884461543218	0.89929617906725578536	4.86213168497545922264	1.99806024112121982661	0.05239670202769637630	0.11014943647209823885
2.10499999999999998224	0.99970976510731512921	0.10464525847100951406	0.89506433151747955002	4.85549325996588532206	1.99806644397827004589	0.05239350605172124475	0.11041140400235684160
2.10999999999999987566	0.99970945175373859826	0.10906836326940504145	0.89064091336556283629	4.84866662760141320376	1.99807283900427790080	0.05239021355526770479	0.11067335507013317808
2.11500000000000021316	0.99970913291755680863	0.11368027728119708963	0.88602868051764549495	4.84165463748359758966	1.99807942298431084893	0.05238682589133610706	0.11093528919958986489
2.12000000000000010658	0.99970880854647103941	0.11847815292356687900	0.88123048050424668265	4.83446022939214969938	1.99808619259671282897	0.05238334445939297340	0.11119720592188682418
2.12500000000000000000	0.99970847858835520938	0.12345905277304045078	0.87624925069671577571	4.82708643145655535989	1.99809314441732199796	0.05237977070448757849	0.11145910477540926786
2.12999999999999989342	0.99970814299126053992	0.12861995139187248904	0.87108801648084976943	4.81953635828573201394	1.99810027492342867639	0.05237610611635173247	0.11172098530599103294
2.13500000000000023093	0.99970780170342365967	0.13395773719610890029	0.86574988938883423728	4.81181320905696363610	1.99810758049817738247	0.05237235222847255733	0.11198284706713339254
2.14000000000000012434	0.99970745467327515321	0.13946921436418127649	0.86023806519067436138	4.80392026556539164517	1.99811505743463913021	0.05236851061715112887	0.11224468962021914853
2.14500000000000001776	0.99970710184943645249	0.14515110478484893886	0.85455582194622969894	4.79586089023487094352	1.99812270194035601634	0.05236458290053368214	0.11250651253472181146
2.14999999999999991118	0.99970674318072449971	0.15100005004330258052	0.84870651801913010726	4.78763852409190437953	1.99813051014161557895	0.05236057073762994535	0.11276831538840996483
2.15500000000000024869	0.99970637861618572018	0.15701261344421629795	0.84269359005374044891	4.77925668470362463580	1.99813847808790079341	0.05235647582730891536	0.11303009776754650850
2.16000000000000014211	0.99970600810506315970	0.16318528207052496182	0.83652055091637333994	4.77071896408096662867	1.99814660175646707785	0.05235229990727578719	0.11329185926708289223
2.16500000000000003553	0.99970563159682013232	0.16951446887668167318	0.83019098760204235177	4.76202902654849946629	1.99815487705670280505	0.05234804475303570653	0.11355359949084807558
2.16999999999999992895	0.99970524904117219478	0.17599651481514694273	0.82370855910799600785	4.75319060658218095483	1.99816329983480844845	0.05234371217683508881	0.11381531805173225602
2.17500000000000026645	0.99970486038805328466	0.18262769099482845103	0.81707699427526414571	4.74420750661605605814	1.99817186587826789435	0.05233930402658944908	0.11407701457186519844
2.18000000000000015987	0.99970446558765602152	0.18940420087020520823	0.81030008959955845960	4.73508359481957086246	1.99818057092046941214	0.05233482218479558468	0.11433868868278918018
2.18500000000000005329	0.99970406459042004954	0.19632218245982424598	0.80338170701277389352	4.72582280284651012892	1.99818941064524224771	0.05233026856742779842	0.11460034002562631550
2.18999999999999994671	0.99970365734705957106	0.20337771059287293451	0.79632577163643647467	4.71642912355705679062	1.99819838069148314474	0.05232564512281932811	0.11486196825124041221
2.19499999999999984013	0.99970324380855934976	0.21056679918250803540	0.78913626950837545415	4.70690660871422039691	1.99820747665768849721	0.05232095383053096682	0.11512357302039306906
