0.00000000000000000000	1.00000000000000000000	1.00000000000000000000	0.00000000000000000000	4.99764078470405070931	1.99456208508931154277	0.99951171875000011102	0.00000000000000000000
0.01000000000000000021	0.99936280499935448152	0.99876338824373389613	0.00059941675562286752	4.99105921121893381098	1.99576295210121790191	1.00090644081272905908	0.01000906440812729045
0.02000000000000000042	0.99933505782243658988	0.99694009617687195934	0.00239496164556483697	4.98872116431393131109	1.99581794520217625788	1.00087697800343433663	0.02001783418816163382
0.02999999999999999889	0.99930738968727184091	0.99392722534776811738	0.00538016433950821125	4.98757509362363471439	1.99587399994954028948	1.00084831787171291140	0.03002631736687876376
0.04000000000000000083	0.99927907130439419525	0.98973372238263512823	0.00954534892176219993	4.98760523725887328084	1.99593058521347432865	1.00081900599006856645	0.04003450742677944901
0.05000000000000000278	0.99925000071238168076	0.98437231214894171938	0.01487768856344222346	4.98879660968844085289	1.99598783378075683714	1.00078979072170692888	0.05004240533399651608
0.05999999999999999778	0.99922017330165291416	0.97785895850353743430	0.02136121479812099974	4.99113170501013048153	1.99604715004215615970	1.00076021154291017190	0.06005000744942561725
0.07000000000000000666	0.99919031529986634954	0.97021332982295993563	0.02897698547690984866	4.99459378320632474413	1.99610493212655293327	1.00073468823337141664	0.07005735433175933058
0.08000000000000000167	0.99915943174522281467	0.96145665819608050473	0.03770277354914707696	4.99915432321154629136	1.99616627826420645064	1.00070556300567892194	0.08006440996181611591
0.08999999999999999667	0.99912775398576936237	0.95161423633283492851	0.04751351765293992946	5.00478837272280419057	1.99622920451271146369	1.00067617725992463740	0.09007117173441536728
0.10000000000000000555	0.99909744486601603786	0.94071531878978920105	0.05838212607623546185	5.01148864515920067220	1.99629273129174755752	1.00064706710447093307	0.10007764240546007661
0.11000000000000000056	0.99906717888645890646	0.92879000551633461580	0.07027717337013066057	5.01920749514561492788	1.99635312947922183291	1.00061992577751390776	0.11008384166323521847
0.11999999999999999556	0.99903628138055056152	0.91587120023518819867	0.08316508114537538021	5.02790681122672999948	1.99641478123896320973	1.00059248941889622486	0.12008976655742417683
0.13000000000000000444	0.99900473488707697278	0.90199493557331500426	0.09700979931377692878	5.03754950412471114163	1.99647772465809270059	1.00056487039719854693	0.13009541526139617451
0.14000000000000001332	0.99897253268949193217	0.88719972265143998147	0.11177281003806789628	5.04809610885840243100	1.99654197376639808148	1.00053705751843402538	0.14010078583658050477
0.14999999999999999445	0.99893966795262267855	0.87152642192493257056	0.12741324602770764951	5.05950484289358026757	1.99660754227646020098	1.00050902508075711950	0.15010587608738806820
0.16000000000000000333	0.99890686759634583769	0.85501868301905736836	0.14388818457730598310	5.07173522426494827187	1.99667016281154907631	1.00048515246103097986	0.16011072761199837688
0.17000000000000001221	0.99887337335119652515	0.83772106935460000088	0.16115230399661750749	5.08473789395472408614	1.99673700472391102423	1.00045746342562735798	0.17011530224625465157
0.17999999999999999334	0.99883927758166290989	0.81968077369961034329	0.17915850388207726906	5.09846524995899663679	1.99680484887774856162	1.00042964516047927503	0.18011959869785945654
0.19000000000000000222	0.99880456669999873043	0.80094671073506917836	0.19785785596494892546	5.11286757785615453287	1.99687391125307778239	1.00040155797322216635	0.19012361427759166821
0.20000000000000001110	0.99876803865075980404	0.78156867447890132627	0.21719936417188007161	5.12788671943381668683	1.99694417338689911290	1.00037319403052027411	0.20012734621789687872
0.20999999999999999223	0.99873144188597928750	0.76160341439343404168	0.23712802749256606250	5.13943923093203203223	1.99692091964561679873	1.00637754107893706568	0.21019112162868625049
0.22000000000000000111	0.99869503742413190395	0.74110868112946393094	0.25758635629469589512	5.15151402920033074651	1.99699478967571675270	1.00634397193852609398	0.22025456134807150366
0.23000000000000000999	0.99866083026137419942	0.72014105017921969942	0.27851978008217498362	5.16405962559268338907	1.99706101243321865191	1.00632037763727888446	0.23031776512444429583
0.23999999999999999112	0.99862688969337753964	0.69875525368250479552	0.29987163601089478204	5.17700623187981179285	1.99712663771140053193	1.00629952943413836230	0.24038076041878567168
0.25000000000000000000	0.99859393240590565988	0.67700829960744535185	0.32158563279849500249	5.19030213325108835676	1.99719524402065928825	1.00627632778286746351	0.25044352369661432300
0.26000000000000000888	0.99856076931612436365	0.65495714147100547731	0.34360362784513731604	5.20387944665529111887	1.99726108422936765585	1.00625640888146783425	0.26050608778542899691
0.27000000000000001776	0.99852685628717297028	0.63265936884189211131	0.36586748744530711575	5.21767567944678933856	1.99732840030353453464	1.00623760276385776358	0.27056846381306759453
0.28000000000000002665	0.99849217610215201812	0.61017311381821137672	0.38831906228396662062	5.23163143977555211706	1.99739724028326337546	1.00621979895876889621	0.28063066180265527905
0.28999999999999998002	0.99845697857556992005	0.58755668694166829358	0.41090029163393848588	5.24568906964700509832	1.99746753220368677972	1.00620285626434058379	0.29069269036529871153
0.29999999999999998890	0.99842100334949368534	0.56486818979887065684	0.43355281355065028448	5.25978053890388252967	1.99753982070623115064	1.00619722963167212981	0.30075466266161543505
0.30999999999999999778	0.99838605249684164722	0.54216635220302777931	0.45621970029384983913	5.27386497786907604279	1.99760767029833163910	1.00618802000151030818	0.31081654286163051815
0.32000000000000000666	0.99835195589158298723	0.51950817703314378093	0.47884377885847362322	5.28788967153323241632	1.99767861454381301378	1.00617573297539242283	0.32087830019138446902
0.33000000000000001554	0.99831798555052242428	0.49695028244067540601	0.50136770310987288646	5.30178709543593829068	1.99774579188253720297	1.00616696800246274712	0.33093996987140911203
0.34000000000000002442	0.99828320986080065769	0.47454830623203941853	0.52373490362879082660	5.31549529401309595045	1.99781440197070603304	1.00615757109298753491	0.34100154558233897184
0.35000000000000003331	0.99824807280862426495	0.45235758252427571424	0.54589049028436964495	5.32896130097884856980	1.99788474364258461513	1.00614806034065007445	0.35106302618574547481
0.35999999999999998668	0.99821263193635256794	0.43043217472261285916	0.56778045721376646515	5.34213140541470110634	1.99795493753997388531	1.00613939747151670545	0.36112442016046064630
0.36999999999999999556	0.99817663731105932268	0.40882482646821854955	0.58935181084287335818	5.35495150063268265939	1.99802623310052984706	1.00613052774561806402	0.37118572543791683582
0.38000000000000000444	0.99814004762347741107	0.38758702787563542591	0.61055301974786835295	5.36737003476975527150	1.99809868954504965544	1.00612144115675494760	0.38124693984948437864
0.39000000000000001332	0.99810285140723142838	0.36676880081242457798	0.63133405059484337674	5.37933718765251978056	1.99817234899267326398	1.00611204342592941430	0.39130806028374365280
0.40000000000000002220	0.99806733670132741221	0.34641918226705686878	0.65164815443431245434	5.39081926918557385875	1.99824142785784975018	1.00610782715153668221	0.40136913855525901962
0.41000000000000003109	0.99803130010916041304	0.32658419551443296225	0.67144710459475931419	5.40175623175931995945	1.99831231823255439650	1.00610052398736815604	0.41143014379513270784
0.41999999999999998446	0.99799425837289656993	0.30730855590457206716	0.69068570246836002990	5.41210294985040896165	1.99838540261957886557	1.00608693779240199184	0.42149101317305670555
0.42999999999999999334	0.99795813349432471728	0.28863603666859227737	0.70932209682576019549	5.42182910980208898621	1.99846036963470274905	1.00607234665661482431	0.43155173663962287378
0.44000000000000000222	0.99792238847761960407	0.27060698825006807011	0.72731540022758700559	5.43089223059962655782	1.99853091882584310568	1.00606083151442260437	0.44161234495476708872
0.45000000000000001110	0.99788665560530931398	0.25325987436688385257	0.74462678123846137712	5.43925420340817478149	1.99860061326440452412	1.00604938700654034101	0.45167283882483250101
0.46000000000000001998	0.99784994868328746875	0.23663107952391276845	0.76121886915941805452	5.44687080296275816238	1.99867355073899544138	1.00603408022589890791	0.46173317962709148343
0.47000000000000002887	0.99781260357443024578	0.22075474537099135097	0.77705785820348249882	5.45371169381465659143	1.99874791160861708939	1.00601796649252306359	0.47179335929201671185
0.47999999999999998224	0.99777490393267265212	0.20566267699591311846	0.79211222693679728124	5.45974757761502615949	1.99882119930228796534	1.00600333941438435659	0.48185339268616056430
0.48999999999999999112	0.99773605661409081602	0.19138400903099708761	0.80635204758314071860	5.46494581491271436136	1.99889771699448703934	1.00598480576206639192	0.49191324074378123266
0.50000000000000000000	0.99769801051841267014	0.17794592119661847840	0.81975208932183663002	5.46929772773183309198	1.99897627682247747138	1.00596431187466062163	0.50197288386252780779
0.51000000000000000888	0.99766001143254168237	0.16537248389777120527	0.83228752753482082571	5.47276925225242649731	1.99904969634968132652	1.00594737138873502325	0.51203235757641518688
0.52000000000000001776	0.99761931451365948309	0.15368488086648110502	0.84393443364722653399	5.47532751406653961368	1.99913244176384030659	1.00592126711861906685	0.52209157024760133314
0.53000000000000002665	0.99758085846018063059	0.14290293819027080624	0.85467792026996403099	5.47698270135197962105	1.99920948820486121811	1.00590217856872188307	0.53215059203328851645
0.54000000000000003553	0.99754276815112352672	0.13304271453730626140	0.86450005361386783598	5.47770787258553060184	1.99928528386153692153	1.00587954803267409787	0.54220938751361524854
0.55000000000000004441	0.99750409132785600175	0.12411777729486951627	0.87338631403304034517	5.47748565514909824259	1.99936215409128781317	1.00585509976823206379	0.55226793851129751811
0.56000000000000005329	0.99746578159888221737	0.11613934382884309737	0.88132643777008912167	5.47631130707164981430	1.99944016144456804263	1.00582885827325885231	0.56232622709403012884
0.57000000000000006217	0.99742809704161750073	0.10911577352011572750	0.88831232352155864440	5.47417960987107665716	1.99951605609489080351	1.00580372674959139800	0.57238426436152600729
0.57999999999999996003	0.99738903126105604713	0.10305257291922959029	0.89433645834188479906	5.47107619786920906790	1.99959252710438017964	1.00577595267868646900	0.58244202388831289863
0.58999999999999996891	0.99734935215846420853	0.09795296050863057380	0.89939639164988738340	5.46700383079622831417	1.99967189408990697608	1.00574472433321382425	0.59249947113164502799
0.59999999999999997780	0.99730956188624320102	0.09381749545155240733	0.90349206643473922718	5.46196607175135095957	1.99975148379703226986	1.00571225753154291915	0.60255659370696046384
0.60999999999999998668	0.99727041803484284266	0.09064422212386290256	0.90662619591103765782	5.45597266098824817959	1.99983054155315942424	1.00567861958388160559	0.61261337990279929322
0.61999999999999999556	0.99723236986746044419	0.08842854191574697764	0.90880382795176795074	5.44903142765226888855	1.99990650254248358841	1.00564642319705077611	0.62266984413476977878
0.63000000000000000444	0.99719411817912007034	0.08716327851583369202	0.91003083966334163968	5.44114302621060907938	1.99998293519619729786	1.00561165998530976928	0.63272596073462283872
0.64000000000000001332	0.99715534534911232090	0.08683889686516745032	0.91031644848400761205	5.43231751740589619004	2.00006040072798185747	1.00557362815634387943	0.64278169701618625975
0.65000000000000002220	0.99711695233531805194	0.08744385960845559025	0.90967309272691698752	5.42257692409035474412	2.00013913544039345638	1.00553326305857626544	0.65283702964677203795
0.66000000000000003109	0.99707833532563328038	0.08896362668239118920	0.90811470864330012809	5.41193032744946656010	2.00021376453617039104	1.00549459166123145160	0.66289197556338430584
0.67000000000000003997	0.99703879232570602476	0.09138173646385149007	0.90565705586191258547	5.40039133712935726095	2.00029292735909924872	1.00545027630525063422	0.67294647832643683660
0.68000000000000004885	0.99699825181775258987	0.09467963302641604906	0.90231861879140340399	5.38798011414129529584	2.00037403565515070625	1.00540404047543563415	0.68300051873119116408
0.69000000000000005773	0.99695705355450880969	0.09883687426455707581	0.89812017929001619621	5.37472265890702338709	2.00045731267995652303	1.00535447391657162264	0.69305406347035691805
0.70000000000000006661	0.99691633989706951446	0.10383064485527195020	0.89308569504185675303	5.36064715630019872350	2.00053935789992287653	1.00530633560428594997	0.70310712682639975313
0.70999999999999996447	0.99687610149752914346	0.10963699559925549343	0.88723910589834376061	5.34578515227178296954	2.00061819549186248324	1.00525776366288521757	0.71315970446302856534
0.71999999999999997335	0.99683503658492200739	0.11622918490554753901	0.88060585167944582796	5.33015262145752721779	2.00070036305708720548	1.00520380863960356876	0.72321174254942455217
0.72999999999999998224	0.99679340930703907997	0.12357924583330973101	0.87321416347380775846	5.31378074090489160852	2.00078401224882540532	1.00514695710403567652	0.73326321212046485787
0.73999999999999999112	0.99675220165914435455	0.13165843941725180466	0.86509376224196332661	5.29670809498677552796	2.00087186241075087878	1.00508520353179675588	0.74331406415578282765
0.75000000000000000000	0.99671269296072306787	0.14043547253544247377	0.85627722042536136282	5.27897624138737509014	2.00094962901999329219	1.00503101877758527216	0.75336437434355862930
0.76000000000000000888	0.99667287907544210857	0.14987780831887712041	0.84679507075665161331	5.26060527352042583971	2.00102990498357913296	1.00497141172445347834	0.76341408846080316408
0.77000000000000001776	0.99663264488298930477	0.15995172640179930457	0.83668091848128234300	5.24162972593772735763	2.00111023322758185827	1.00491048862751330972	0.77346319334707824833
0.78000000000000002665	0.99659209649554525434	0.17062249343466504015	0.82596960306097311211	5.22208630898713987989	2.00119225459004157486	1.00484707809244433463	0.78351166412800266059
0.79000000000000003553	0.99655119381096246567	0.18185431948783406519	0.81469687432322179799	5.20201162860216470563	2.00127460671903545375	1.00478230246425659367	0.79355948715264523763
0.80000000000000004441	0.99650981951839145978	0.19361049406510746906	0.80289932545337627801	5.18144261949185924720	2.00135793194055100486	1.00471576265199402656	0.80360664477916521342
0.81000000000000005329	0.99646827612849886435	0.20585365622545681585	0.79061461990314041426	5.16041958100308040258	2.00144218559545006286	1.00464760507523798161	0.81365312082991758658
0.82000000000000006217	0.99642651920628344531	0.21854570644025780868	0.77788081276612375259	5.13898192194926739518	2.00152640052510077950	1.00457747503409366985	0.82369889558025854992
0.83000000000000007105	0.99638435770127231628	0.23164795513633945623	0.76473640256502972701	5.11716808362837483060	2.00161149138149552229	1.00450542693899746993	0.83374394984964850241
0.83999999999999996891	0.99634177408299029466	0.24512133163907370847	0.75122044244402241819	5.09501805599093682275	2.00169746562433914505	1.00443168178512642896	0.84378826666749973118
0.84999999999999997780	0.99629915222695708543	0.25892657985720018976	0.73737257236985631614	5.07257421807183384033	2.00178433924741838723	1.00435593194351047153	0.85383182598693485588
0.85999999999999998668	0.99625635456058447836	0.27302410842985624928	0.72323224613084635681	5.04987639357509188187	2.00187077329496654343	1.00427939856491144077	0.86387461997258396806
0.86999999999999999556	0.99621426103396015783	0.28737470924624886059	0.70883955178781410389	5.02697017415998637091	2.00195804882375139044	1.00420126502878681585	0.87391663262287178071
0.88000000000000000444	0.99617310333755748619	0.30193879114932020702	0.69423431218835440770	5.00389656694347984001	2.00204138040164814072	1.00412717821653330041	0.88395790440503707597
0.89000000000000001332	0.99613210225073367532	0.31667676252579901597	0.67945533972505034459	4.98069155349409964373	2.00212202826993301841	1.00405218383024696926	0.89399842624333958341
0.90000000000000002220	0.99609024190676165311	0.33154896067313222030	0.66454128123374434089	4.95738890845616619885	2.00220673531065385120	1.00397254383853651305	0.90403815168172496630
0.91000000000000003109	0.99604787593142152247	0.34651668566276094818	0.64953119026878036735	4.93402995725105242286	2.00229280758782746119	1.00389110389428415360	0.91407706272066779896
0.92000000000000003997	0.99600512110546624012	0.36154169042501504983	0.63446343068057242665	4.91065476706151926578	2.00237950370631079267	1.00380848458911642318	0.92411514756655899205
0.93000000000000004885	0.99596183575737218252	0.37658618382190073293	0.61937565193559995791	4.88730163396235006701	2.00246727649317257658	1.00372517681296002934	0.93415239933468863232
0.94000000000000005773	0.99591834440371795889	0.39161307830079289394	0.60430526610304613477	4.86400956140654017190	2.00255540746353588588	1.00364063845941275943	0.94418880571928276435
0.95000000000000006661	0.99587620996579651056	0.40658666744309868157	0.58928954252281717796	4.84082761721452481396	2.00264393226675085913	1.00355549746036953884	0.95422436069388649749
0.95999999999999996447	0.99583440267316358785	0.42147100541257254136	0.57436339726072016543	4.81778120231354733960	2.00272888509992341710	1.00347184226047536626	0.96425907911649122450
0.96999999999999997335	0.99579244471603844957	0.43623127144677004141	0.55956117326939835976	4.79490215748842896204	2.00281412305723582890	1.00338741735826642021	0.97429295329007392645
0.97999999999999998224	0.99575028467057280501	0.45083385380291962630	0.54491643086777952210	4.77222384361716134293	2.00289976870290953315	1.00330239993261227660	0.98432597728940007809
0.98999999999999999112	0.99570790936074948796	0.46524623751624094581	0.53046167184464543265	4.74977866760998601592	2.00298585352374924895	1.00321681666961692869	0.99435814545609624293
1.00000000000000000000	0.99566530815949583211	0.47943705879365444700	0.51622824936596611867	4.72759784077507116962	2.00307240392482066582	1.00313058585465575412	1.00438945131464274496
1.01000000000000000888	0.99562246886534222501	0.49337616834297526314	0.50224630052249208401	4.70571127272176070733	2.00315944181687388692	1.00304391650257129776	1.01441989047966840687
1.02000000000000001776	0.99557937690673325992	0.50703469104974430159	0.48854468585712990114	4.68414752550796276154	2.00324699577286002850	1.00295684761406422858	1.02444945895580907802
1.03000000000000002665	0.99553602278520370028	0.52038510492465983592	0.47515091786067209512	4.66293342204235994330	2.00333302081569053499	1.00287211632212081014	1.03447818011903036606
1.04000000000000003553	0.99549257411748592883	0.53340132159648312449	0.46209125252114047200	4.64209638581440042771	2.00342096410673597973	1.00278498214644207209	1.04450602994049468464
1.05000000000000004441	0.99544877267683584687	0.54605848086897446070	0.44939029180799483498	4.62165911897692183175	2.00350995134961484823	1.00269695329387986682	1.05453299947343337450
1.06000000000000005329	0.99540465214636264513	0.55833333264556472830	0.43707131950093802697	4.60164466440289743332	2.00359960564938122118	1.00260883179430360101	1.06455908779137642384
1.07000000000000006217	0.99536019679813658723	0.57020410374969310308	0.42515609304859375284	4.58207441081078492573	2.00368992993871852804	1.00252060529978015424	1.07458429384437414988
1.08000000000000007105	0.99531543766298180564	0.58165057197957126256	0.41366486568354832176	4.56296811077264319323	2.00378099990324143320	1.00243129625359239654	1.08460860680691006941
1.09000000000000007994	0.99527203334018155001	0.59265483747772673695	0.40261719586260241721	4.54435681135640212602	2.00387261808404470997	1.00234335542063024427	1.09463204036111627637
1.10000000000000008882	0.99522870021100062754	0.60319912512363915713	0.39202957508751168358	4.52624585728123296491	2.00396081983878593391	1.00225764938550887528	1.10465461685497134958
1.11000000000000009770	0.99518510195256359996	0.61326774073793643982	0.38191736121477282140	4.50864813762401528408	2.00404951285803623051	1.00217207905622207598	1.11467633764553353259
1.12000000000000010658	0.99514122048164621592	0.62284674545955698299	0.37229447502224188860	4.49157677375949493381	2.00413876460666617874	1.00208651005109627974	1.12469720274604445542
1.13000000000000011546	0.99509705397634173885	0.63192380964864158788	0.36317324432785436095	4.47504319763560687306	2.00422857728558057033	1.00200139082492523102	1.13471721665429381432
1.14000000000000012434	0.99505327401611021187	0.64048850371309218321	0.35456477030317024024	4.45906387521328095858	2.00431570601873776383	1.00192069924518967206	1.14473642364674565997
1.15000000000000013323	0.99500888251845487353	0.64853124206182721778	0.34647764045678192124	4.44363675792724421854	2.00440581492816471965	1.00183768099698244924	1.15475480045671541340
1.15999999999999992006	0.99496395994149811060	0.65604460318048862799	0.33891935676116802245	4.42876876011893383378	2.00449671283441555047	1.00175255025080600646	1.16477232595922353120
1.16999999999999992895	0.99491945139551152266	0.66302290100122684979	0.33189655039444088125	4.41447570564382107960	2.00458722078129714106	1.00166938038817443513	1.17478901976310523558
1.17999999999999993783	0.99487465914422867908	0.66946139858320519167	0.32541326056118724530	4.40075397847694116393	2.00467842616958025204	1.00158651302129642069	1.18480488489331814428
1.18999999999999994671	0.99482996126519029900	0.67535743779395884800	0.31947252347138777040	4.38760785129961483619	2.00476993703900019383	1.00150435252847258560	1.19481992841860296117
1.19999999999999995559	0.99478592883508776268	0.68070981613729375503	0.31407611269795848719	4.37504301495603176164	2.00485745098229362071	1.00142900258210665321	1.20483421844442406545
1.20999999999999996447	0.99474134193598284792	0.68551812141536516698	0.30922322052077533261	4.36304703055609621742	2.00494834450326209208	1.00134870974801937216	1.21484770554190424363
1.21999999999999997335	0.99469730538555467536	0.68978430333743256941	0.30491300204828786224	4.35162634309573448377	2.00503964876304774378	1.00126943772296361779	1.22486039991913386871
1.22999999999999998224	0.99465325009079186280	0.69351091243780282891	0.30114233765315773228	4.34077413265590994484	2.00512904431847172049	1.00119240532231645879	1.23487232397235713321
