0.00000000000000000000	1.00000000000000000000	1.00000000000000000000	0.00000000000000000000	5.00000000000000000000	1.99994577959870922790	0.49999891977834975965	0.00000000000000000000
0.00500000000000000010	0.99999844206058408069	0.99984844527728045094	0.00014999678330604663	4.99980486503935583897	1.99994842216887014352	0.50011056689327315627	0.00250055283446636587
0.01000000000000000021	0.99999796410094887733	0.99939808695927345727	0.00059987714167999962	4.99991540566060166384	1.99994937864328203858	0.50011019000337941787	0.00500110378448326287
0.01499999999999999944	0.99999717070986449130	0.99864782998303869288	0.00134934072683016125	5.00032432313403596424	1.99995096592808541125	0.50010966168313308877	0.00750165209289892828
0.02000000000000000042	0.99999606071578539535	0.99759815381489125308	0.00239790690090026237	5.00103110977989029351	1.99995195090108768277	0.50010937472346539412	0.01000219896651625626
0.02500000000000000139	0.99999463285400669310	0.99624971778744597639	0.00374491506656333571	5.00203507764571320138	1.99995447067875575797	0.50010862670920530615	0.01250274210006228209
0.02999999999999999889	0.99999288577924450028	0.99460336067388421810	0.00538952510536651590	5.00333535901791393030	1.99995762888045436334	0.50010772577951401185	0.01500328072895985160
0.03500000000000000333	0.99999194015905779054	0.99266121227625758738	0.00733072788280545850	5.00493428323292199877	1.99996142825467626558	0.50010667119560592297	0.01750381408493788260
0.04000000000000000083	0.99999089649940875457	0.99042357241089606923	0.00956732408851692327	5.00682792930253839359	1.99996351555926588084	0.50010613523288394155	0.02000434476110230300
0.04499999999999999833	0.99998975331827455459	0.98789181168373629838	0.01209794163454081667	5.00901489734408844612	1.99996580186903760712	0.50010555605026030257	0.02250487254135360299
0.05000000000000000278	0.99998850913316494893	0.98506747699028562870	0.01492103214288344019	5.01149361125601977562	1.99996829015055599399	0.50010493286548829417	0.02500539720568104377
0.05500000000000000028	0.99998716246299801380	0.98195229054934107804	0.01803487191366073827	5.01426231971883318295	1.99997098336780254613	0.50010426489397052929	0.02750591853015089613
0.05999999999999999778	0.99998571183092765935	0.97854814883279683801	0.02143756299813476610	5.01731909729228942041	1.99997388447640700448	0.50010355135022466211	0.03000643628690202042
0.06500000000000000222	0.99998415576706112251	0.97485712139111890817	0.02512703437594470887	5.02066184561672024245	1.99997699641835624540	0.50010279144919078664	0.03250695024414797241
0.07000000000000000666	0.99998249281098994246	0.97088144957521027578	0.02910104323578380225	5.02428829471714166743	1.99998032211672294167	0.50010198440757991367	0.03500746016618587475
0.07499999999999999722	0.99998072151431416366	0.96662354515560877655	0.03335717635871157660	5.02819600440988345724	1.99998271602387722723	0.50010142294447690325	0.03750796728090825816
0.08000000000000000167	0.99997884044301255102	0.96208598883977702876	0.03789285160323838803	5.03238236581029685368	1.99998639947035883324	0.50010053888602190586	0.04000846997533837046
0.08500000000000000611	0.99997684817986443040	0.95727152868861764556	0.04270531949124719423	5.03684460294157698712	1.99999030518549392177	0.50009960538414521825	0.04250896800225909683
0.08999999999999999667	0.99997474332666425045	0.95218307843290872494	0.04779166489375732962	5.04157977444221039320	1.99999443595587167444	0.50009862167800789301	0.04500946111064913630
0.09500000000000000111	0.99997252450643347998	0.94682371569094736508	0.05314880881548984803	5.04658477537222260878	1.99999879452604689689	0.50009758701437134754	0.04750994904572099220
0.10000000000000000555	0.99996936152640225615	0.94119590421291077220	0.05877345731349468277	5.05185376236447059028	2.00000338359454987724	0.50009650064864996644	0.05001043154896424314
0.10499999999999999611	0.99996614560891683432	0.93530396927772163629	0.06466217633119794583	5.05706713487537218299	2.00000453037428727043	0.50063428000014242869	0.05251360294896495473
0.11000000000000000056	0.99996329256696481202	0.92915196419319623367	0.07081132837377038247	5.06254076267361252661	2.00001031479380397826	0.50063385752838063247	0.05501677223660685762
0.11500000000000000500	0.99996059837251627389	0.92274343134226166629	0.07721716703025542639	5.06827031931180282953	2.00001568745336122390	0.50063324638466422112	0.05751993846853017955
0.11999999999999999556	0.99995900194587183929	0.91608309013149991085	0.08387591181437430154	5.07425904067262134589	2.00002091114567903674	0.50063253259240025894	0.06002310113149218057
0.12500000000000000000	0.99995739443002518154	0.90917397118080578444	0.09078342324921992446	5.08049530844485630610	2.00002413516679666827	0.50063219068929909472	0.06252626208493868021
0.13000000000000000444	0.99995603180042968994	0.90202048840505277827	0.09793554339537703657	5.08697574924314732669	2.00002742876228678526	0.50063180893010950090	0.06502942112958923215
0.13500000000000000888	0.99995367029736592634	0.89462588758176397885	0.10532778271560247485	5.09368617736666084994	2.00003344580398101371	0.50063706260922968827	0.06753260644263538170
0.14000000000000001332	0.99995216463047653654	0.88699625200793197344	0.11295591262254285614	5.10063773183074875561	2.00003837661613870225	0.50063638483901029552	0.07003578836683042874
0.14499999999999999001	0.99995056666880377527	0.87913536896182153946	0.12081519770698298522	5.10781897953924257649	2.00004152856492112278	0.50063622984705835606	0.07253896951606572663
0.14999999999999999445	0.99994884762376368137	0.87104796624451341636	0.12890088137925118095	5.11522496876192622750	2.00004492543821532635	0.50063599698362060142	0.07504214950098382630
0.15499999999999999889	0.99994700941592407073	0.86273893235982079819	0.13720807705610507665	5.12285079908700424767	2.00004856221791627036	0.50063573513031089934	0.07754532817663538358
0.16000000000000000333	0.99994505352938700682	0.85421328668447515930	0.14573176684491126465	5.13069143591006593397	2.00005243407633148678	0.50063544657597869314	0.08004850540951527482
0.16500000000000000777	0.99994200196053917296	0.84547539194064857959	0.15446661001989087092	5.13873467479313017492	2.00005653836165731008	0.50063513175159490842	0.08255168106827324992
0.17000000000000001221	0.99993980843317165075	0.83653209621616730907	0.16340771221700517435	5.14698925980186228202	2.00006285861452415276	0.50063428447284763489	0.08505485249063748920
0.17500000000000001665	0.99993752979723182772	0.82738802566591462817	0.17254950413131325826	5.15544296928426071247	2.00006551873316462675	0.50063495896925225281	0.08755802728548374436
0.17999999999999999334	0.99993619099349251300	0.81804947799762606220	0.18188671299586364749	5.16409773369022406797	2.00007013993235016613	0.50063459156178802267	0.09006120024329268559
0.18499999999999999778	0.99993483104873970291	0.80852131667895443812	0.19141351436978318312	5.17294094293222173064	2.00007284712859956244	0.50063479208169514578	0.09256437420370115798
0.19000000000000000222	0.99993344747625023672	0.79880927502132637041	0.20112417245492450468	5.18196687863288474318	2.00007560275978812925	0.50063495763876408873	0.09506754899189498453
0.19500000000000000666	0.99993203832233146233	0.78891919518230302355	0.21101284314002824449	5.19116965678792663397	2.00007840978497464235	0.50063514190954427896	0.09757072470144270704
0.20000000000000001110	0.99993060289272139851	0.77885702521167832213	0.22107357768104210494	5.20054329403880899463	2.00008127207915009649	0.50063534286407385121	0.10007390141576308351
0.20500000000000001554	0.99992913862534915648	0.76862881273479699562	0.23130032589055360415	5.21008164194410117176	2.00008317593657025668	0.50063588454416374507	0.10257708083848390834
0.20999999999999999223	0.99992764263909716949	0.75824070355149841838	0.24168693908759877886	5.21977852236151385057	2.00008611424197724205	0.50063618551995303640	0.10508026176608367686
0.21499999999999999667	0.99992611257918806444	0.74769893753341287734	0.25222717504577302217	5.22962765933694040399	2.00008912019965334750	0.50063648866038268359	0.10758344420938559249
0.22000000000000000111	0.99992454627496696329	0.73700984492290189110	0.26291470135206357339	5.23962268819696141975	2.00009219814709071628	0.50063679556885720690	0.11008662818722987631
0.22500000000000000555	0.99992312910468128528	0.72617996550399677158	0.27374316360068462473	5.24975853175473172740	2.00009535216810663272	0.50063710564367458478	0.11258981371544825312
0.23000000000000000999	0.99992175540404781842	0.71521572350217144098	0.28470603190187454556	5.26002957335003706874	2.00009804274651115108	0.50063656605121686916	0.11509299654570433191
0.23500000000000001443	0.99992032879605718954	0.70412363352091544844	0.29579669527514113048	5.27042690478369468821	2.00010084573463853275	0.50063693757270844031	0.11759618123356786745
0.23999999999999999112	0.99991884813339193538	0.69291034899747216969	0.30700849913591882201	5.28094384447613052203	2.00010375673388418605	0.50063730736598610616	0.12009936777039779965
0.24499999999999999556	0.99991731254297877562	0.68158259420159894582	0.31833471834137910816	5.29157364369384897174	2.00010677759883614968	0.50063767386893620603	0.12260255613974248290
0.25000000000000000000	0.99991572130453265643	0.67014716009736052804	0.32976856120717240595	5.30230948791538025944	2.00010990987677939046	0.50063803634173698054	0.12510574632145116114
0.25500000000000000444	0.99991407379401919808	0.65861090021571855324	0.34130317357829836888	5.31314450152119999160	2.00011315490399166350	0.50063839379242547345	0.12760893829041328185
0.26000000000000000888	0.99991236945550987514	0.64698072651225946306	0.35293164294324935737	5.32407175173430058379	2.00011651386986155643	0.50063874526968188405	0.13011213201676169460
0.26500000000000001332	0.99991060779055507268	0.63526360520352209704	0.36464700258703036662	5.33508425269522845724	2.00011998785066946738	0.50063908983813509845	0.13261532746595236509
0.27000000000000001776	0.99990878835501550981	0.62346655257680905216	0.37644223577820490334	5.34617496968574190674	2.00012357781448457672	0.50063942642585657072	0.13511852459808165738
0.27500000000000002220	0.99990691071645609878	0.61159663075076675653	0.38831027996568973082	5.35733682358788776412	2.00012728463893862951	0.50063975406510852206	0.13762172336840719500
0.28000000000000002665	0.99990497449102022642	0.59966094345488418771	0.40024403103613165333	5.36856269320707735204	2.00013110918818703965	0.50064007227999141048	0.14012492372980714372
0.28500000000000003109	0.99990297931979099655	0.58766663175159239429	0.41223634756819976799	5.37984542211672334133	2.00013505221658993705	0.50064037993925225578	0.14262812562950341611
0.28999999999999998002	0.99990092487917270336	0.57562086975607051897	0.42428005512310279501	5.39117782083112917491	2.00013911443940051171	0.50064067636901987690	0.14513132901134850883
0.29499999999999998446	0.99989881088320275992	0.56353086033262367316	0.43636795055057941983	5.40255267238420344711	2.00014329649416877643	0.50064096055638696026	0.14763453381413044196
0.29999999999999998890	0.99989663707417675287	0.55140383076825461028	0.44849280630592192054	5.41396273659084670271	2.00014759894662264017	0.50064123149794104162	0.15013773997162013774
0.30499999999999999334	0.99989440321622535812	0.53924702843580596401	0.46064737478042089291	5.42540075447242475803	2.00015202234855582475	0.50064148778063199963	0.15264094741052330884
0.30999999999999999778	0.99989210909846015785	0.52706771645146310856	0.47282439264699749337	5.43685945250757107772	2.00015656717660794683	0.50064172831582176570	0.15514415605210241100
0.31500000000000000222	0.99988975453575323904	0.51487316932292515048	0.48501658521282803305	5.44833154683318454659	2.00016123384409860719	0.50064195247594833749	0.15764736581448215991
0.32000000000000000666	0.99988733936528961799	0.50267066858980824495	0.49721667077547815339	5.45980974767926063862	2.00016602272107624216	0.50064215933599953701	0.16015057661116216536
0.32500000000000001110	0.99988486340697269039	0.49046749844849441002	0.50941736495847578237	5.47128676341324471366	2.00017093413605406838	0.50064234796465645339	0.16265378835098545651
0.33000000000000001554	0.99988232731761506056	0.47827094212923759731	0.52161138518837546485	5.48275529566559605144	2.00017518851420517123	0.50064273828894445550	0.16515700204243016769
0.33500000000000001998	0.99987973230500515331	0.46608827635817123847	0.53379145594683274911	5.49420807092231644475	2.00018030781304911869	0.50064290221235407952	0.16766021655349194752
0.34000000000000002442	0.99987707630857658447	0.45392676622977101708	0.54595031007880501228	5.50563780876455943769	2.00018554952229932198	0.50064304376144630471	0.17016343177229917294
0.34500000000000002887	0.99987435929420542813	0.44179366307432094141	0.55808069621988365405	5.51703725567545788522	2.00019091372304336218	0.50064316337955105940	0.17266664758919691991
0.35000000000000003331	0.99987158122866881538	0.42969619912735834699	0.57017538210130935816	5.52839917823893767235	2.00019640050036384693	0.50064326012358562057	0.17516986388981484191
0.35499999999999998224	0.99986874207711051721	0.41764158320663458124	0.58222715887047304939	5.53971636744669204688	2.00020200994002195216	0.50064333304318164863	0.17767308055503075459
0.35999999999999998668	0.99986584180058746263	0.40563699640467543173	0.59422884539590914432	5.55098164299024521284	2.00020774213338947689	0.50064338117985163201	0.18017629746093000165
0.36499999999999999112	0.99986288035358272808	0.39368958779950541382	0.60617329255407559341	5.56218785753451072651	2.00021359718262425886	0.50064340356609515759	0.18267951447876049076
0.36999999999999999556	0.99986085944687164151	0.38180708073173336148	0.61805377871513145216	5.57333229925141449002	2.00021957520516169282	0.50064339922482659073	0.18518273147488462094
0.37500000000000000000	0.99985778886201504001	0.36999534508382259101	0.62986244377818956242	5.58439915913453521767	2.00022368562696417627	0.50064384796060168448	0.18768595071468763269
0.38000000000000000444	0.99985466387197663440	0.35826200468570851276	0.64159265918626540159	5.59538579448178818865	2.00022986737508912114	0.50064380158568333457	0.19018916972261604159
0.38500000000000000888	0.99985147646787775333	0.34661403321118783305	0.65323744325668964272	5.60628518950859433545	2.00023617465418768191	0.50064372123906764056	0.19269238832881138701
0.39000000000000001332	0.99984922943170240206	0.33505901269468135739	0.66479021673702032302	5.61709478382009042008	2.00024260751885307741	0.50064360967951948567	0.19519560637720898000
0.39500000000000001776	0.99984592349250156484	0.32360251213214835664	0.67624341136034793465	5.62779902112579044626	2.00024718490687947181	0.50064394279165946866	0.19769882609116729011
0.40000000000000002220	0.99984256149951844517	0.31225198560870454090	0.68759057589080951889	5.63839547590347933692	2.00025384112769222256	0.50064377651286839921	0.20020204497373161878
0.40500000000000002665	0.99983913571609073223	0.30101416963288157858	0.69882496608320565645	5.64887737502334719153	2.00026062561396900108	0.50064357185477792456	0.20270526283300549508
0.41000000000000003109	0.99983564595549645482	0.28989573636901860842	0.70993990958647334999	5.65923805609393326677	2.00026753858841255251	0.50064333137013405928	0.20520847948985615483
0.41500000000000003553	0.99983309152714772150	0.27890399309284696905	0.72092909843429875405	5.66947522178334750720	2.00027458046818695792	0.50064305397864095060	0.20771169475974934904
0.41999999999999998446	0.99982947784830045190	0.26804405650590373833	0.73178542134239410455	5.67957379410329554759	2.00027977452045924167	0.50064321549863144423	0.21021491083724250237
0.42499999999999998890	0.99982580526042008628	0.25732306747494110288	0.74250273778547726256	5.68953165405044813951	2.00028705195070832801	0.50064287041615596063	0.21271812518932328717
0.42999999999999999334	0.99982206658940653288	0.24674737663751242223	0.75307468995189352778	5.69934241974450817025	2.00029446320847315022	0.50064248517380072201	0.21522133761519229855
0.43499999999999999778	0.99981826190804212739	0.23632325079744417873	0.76349501111059447922	5.70899984239983471213	2.00030200701907023841	0.50064205402544648127	0.21772454788531953040
0.44000000000000000222	0.99981439087850154657	0.22605686418848874863	0.77375752669001063300	5.71849776236110507455	2.00030968403491726804	0.50064158000346670185	0.22022775578533687613
0.44500000000000000666	0.99980945525551534470	0.21595352642274573407	0.78385592883276744569	5.72782589472030156941	2.00031749498049693514	0.50064106195434510127	0.22273096109510859275
0.45000000000000001110	0.99980544958869843608	0.20602074489789409806	0.79378470469080220084	5.73698672221530792115	2.00032741665353430704	0.50064002055800804758	0.22523416119789863021
0.45500000000000001554	0.99980137073737729292	0.19626362966617036387	0.80353774107120579107	5.74597013317597049564	2.00033493921760463508	0.50063954562859913633	0.22773735892604163311
0.46000000000000001998	0.99979622823633884643	0.18668715816931019669	0.81310907006702692890	5.75476622320808139932	2.00034313918573314339	0.50063889294136987296	0.23024055339074847581
0.46500000000000002442	0.99979201621043789494	0.17729857587818143028	0.82249344033225346706	5.76337773709314671322	2.00035344833608963455	0.50063771330482986777	0.23274374195727262626
0.47000000000000002887	0.99978773030288936585	0.16810263246483794775	0.83168509783804889235	5.77179491205827588374	2.00036192855800987189	0.50063698398311362592	0.23524692687718820605
0.47500000000000003331	0.99978340599479464945	0.15910409157963997795	0.84067931441515220126	5.78001116972213146994	2.00037054492844745823	0.50063618025672740330	0.23775010777847183085
0.47999999999999998224	0.99977999553455376702	0.15030971994594610752	0.84947027558860499497	5.78802652751796387065	2.00037927609543730867	0.50063532923893416804	0.24025328442466650780
0.48499999999999998668	0.99977652025869023777	0.14172390167541826234	0.85805261858327053215	5.79583173105832383243	2.00038617418625275235	0.50063493905754630209	0.24275645911995424875
0.48999999999999999112	0.99977200206337635269	0.13335157517624784962	0.86642042688712572751	5.80341894170475036674	2.00039320120097663391	0.50063446823276025466	0.24525963146111803836
0.49499999999999999556	0.99976840785294662783	0.12519791910753350073	0.87457048874541132299	5.81078890603997866293	2.00040231022396453042	0.50063346062374003420	0.24776279876423673576
0.50000000000000000000	0.99976476107062062226	0.11726760508078870604	0.88249715598982803044	5.81793405958719045401	2.00040955195600211880	0.50063290113731062636	0.25026596326992328612
0.50500000000000000444	0.99976006378112725059	0.10956519090241167991	0.89019487287871257308	5.82484685123584178257	2.00041692298171103204	0.50063231242753991612	0.25276912483206098736
0.51000000000000000888	0.99975629536535259856	0.10209541620098422365	0.89766087916436421157	5.83152851898746060755	2.00042639334143057539	0.50063114905668737453	0.25527228057734441258
0.51500000000000001332	0.99975247382547738351	0.09486255743308838473	0.90488991639238303133	5.83797187911782522463	2.00043398480113143734	0.50063043496637404939	0.25777543275217629226
0.52000000000000001776	0.99974858699611390822	0.08787085602693091302	0.91187773096918034454	5.84417266835509696676	2.00044170653121433645	0.50062966036919920310	0.26027858105402229549
0.52500000000000002220	0.99974364807901960894	0.08112432709712022461	0.91861932098189680307	5.85012393618874160239	2.00044955907698485120	0.50062882867001057274	0.26278172519737236223
0.53000000000000002665	0.99973963588643843803	0.07462709019673451072	0.92511254568970213708	5.85582753314390558330	2.00045951763931384448	0.50062744422401728173	0.26528486241849247307
0.53500000000000003109	0.99973556931510632051	0.06838285840059843412	0.93135271091450322345	5.86127685281959553976	2.00046759898882786644	0.50062647947919047819	0.26778799481588844156
0.54000000000000003553	0.99973143581338763664	0.06239527837547870215	0.93733615743790410502	5.86646821730670708916	2.00047581334004664910	0.50062547821485581245	0.27029112220696271951
0.54500000000000003997	0.99972723504026983488	0.05666784353780823097	0.94305939150245587932	5.87139816240567391503	2.00048416208677659611	0.50062441575730598498	0.27279424428574927664
0.55000000000000004441	0.99972198070991291630	0.05120383244341945167	0.94851814826648761514	5.87606047757259197795	2.00049264599594733838	0.50062329095164237458	0.27529736074050747963
0.55500000000000004885	0.99971764773006999150	0.04600654528701428325	0.95371110244305001835	5.88045783554204160026	2.00050324254674904978	0.50062158050330618497	0.27780046864302399001
0.56000000000000005329	0.99971325715980585702	0.04107893859257263219	0.95863431856722802760	5.88458437456699545720	2.00051197023280380449	0.50062033722261545243	0.28030357032913705284
0.56500000000000005773	0.99970879680932900335	0.03642386873510395501	0.96328492807422028132	5.88843722132275981807	2.00052083693863647085	0.50061902602481134217	0.28280666545926108624
0.57000000000000006217	0.99970426611441476350	0.03204402935867251695	0.96766023675573975549	5.89201371341991464448	2.00052984407690770396	0.50061764815450504607	0.28530975370003358593
0.57500000000000006661	0.99969966446418467854	0.02794194914451617745	0.97175771531966348427	5.89531135875163592175	2.00053899349141062203	0.50061618773169169749	0.28781283463869206107
0.57999999999999996003	0.99969400268508601393	0.02411995492231664914	0.97557404776276235303	5.89832488357917039679	2.00054828517178862057	0.50061467934965442339	0.29031590803544032875
0.58499999999999996447	0.99969027253390319032	0.02058034817757809290	0.97910992435632127062	5.90106101527180104682	2.00055803915925478620	0.50061465838447094523	0.29281898132736267071
0.58999999999999996891	0.99968650661743285735	0.01732507764277784607	0.98236142897465217327	5.90351191463043267760	2.00056552685688382454	0.50061360113721919962	0.29532204933304878613
0.59499999999999997335	0.99968286188283117522	0.01435600307098300159	0.98532685881184045584	5.90567621653779983859	2.00057308460342531120	0.50061251533433315242	0.29782511190972044135
0.59999999999999997780	0.99967928534576944166	0.01167480673601001967	0.98800447860975237901	5.90755040159365396590	2.00058043153072473430	0.50061511214229426070	0.30032818747043193985
0.60499999999999998224	0.99967566987855782656	0.00928299842569472143	0.99039267145285692084	5.90913436993284424403	2.00058762517338717402	0.50061410010797313674	0.30283125797097182330
0.60999999999999998668	0.99967201387651594136	0.00718191774109042374	0.99249009613541661068	5.91042681255567448062	2.00059489913950505624	0.50061303172895899039	0.30533432312961661381
0.61499999999999999112	0.99966933150613235259	0.00537374554810444559	0.99429558595801970089	5.91143268811843203281	2.00060225577876238390	0.50061190696001511835	0.30783738266441668108
0.61999999999999999556	0.99966663283638912407	0.00385848293001227367	0.99580814990637100959	5.91214510093659129097	2.00060767455939236825	0.50061123180119160292	0.31034043882342265963
0.62500000000000000000	0.99966292203381368342	0.00263595207210929510	0.99702696996169681842	5.91255729722817413574	2.00061312402549784650	0.50061051692668345758	0.31284349140805606249
0.63000000000000000444	0.99966019876835221503	0.00170879193073541699	0.99795140683760874545	5.91268067704609023849	2.00062058511370377545	0.50060926230327329467	0.31534653771957243951
0.63500000000000000888	0.99965745427036578619	0.00107645889726649003	0.99858099537308997462	5.91250876606336284169	2.00062609573030725230	0.50060845012843957491	0.31784957997021462406
0.64000000000000001332	0.99965469259749850650	0.00073924806341156839	0.99891544453407821180	5.91204133451176705449	2.00063164051846875680	0.50060759832057577512	0.32035261796181752070
0.64500000000000001776	0.99965091642229397806	0.00069629413771264291	0.99895462228457487797	5.91127231497046956576	2.00063659401475923971	0.50060685804432192292	0.32285565225203910478
0.65000000000000002220	0.99964812420914572755	0.00094950758967315583	0.99869861661946490727	5.91021381851565319465	2.00064418189778692181	0.50060541843933747952	0.32535867934423579051
0.65500000000000002665	0.99964530726112388326	0.00149765419930917762	0.99814765306180697202	5.90886006869386903873	2.00064982680239955570	0.50060441688748402722	0.32786170142867321342
0.66000000000000003109	0.99964246961738534303	0.00234032644243290476	0.99730214317494503273	5.90721153874940085871	2.00065551280874309725	0.50060337322923798009	0.33036471829481939277
0.66500000000000003553	0.99963861404128551147	0.00347597414113416832	0.99616263990014441987	5.90526285123642136199	2.00066124197548189656	0.50060227866571249677	0.33286772968814792861
0.67000000000000003997	0.99963573890564161317	0.00490577380156248521	0.99472996510407296622	5.90302684351881357117	2.00066899474332826614	0.50060063879343963400	0.33537073288211510791
0.67500000000000004441	0.99963283497073551764	0.00662780790945029143	0.99300502706127691255	5.90049842369131471997	2.00067481270936031734	0.50059943329005940349	0.33787373004856541270
0.68000000000000004885	0.99962990632465009710	0.00864097152919979239	0.99098893479544480911	5.89767876770077936754	2.00068067997902776511	0.50059817504648940201	0.34037672092379783750
0.68500000000000005329	0.99962595696741107787	0.01094304185361371327	0.98868291511378725289	5.89456317804785712156	2.00068659807068494061	0.50059687015409481958	0.34287970527456829162
0.69000000000000005773	0.99962298333576182774	0.01353445953432272017	0.98608852380143019456	5.89116520864751347375	2.00069454471255347983	0.50059501771475933829	0.34538268036314206944
0.69500000000000006217	0.99961997682121905839	0.01641263927349248183	0.98320733754771716395	5.88748044362420230868	2.00070056691813880079	0.50059359499358224710	0.34788564833810997623
0.70000000000000006661	0.99961694171988291213	0.01957579074494197532	0.98004115097493194053	5.88351075288419611553	2.00070664554669708224	0.50059208683529721196	0.35038860877228644730
0.70499999999999996003	0.99961288383859892015	0.02302103679184414053	0.97659184704674850686	5.87925211274586967392	2.00071278306922728518	0.50059052148304938878	0.35289156137970167926
0.70999999999999996447	0.99960979597161758736	0.02674808759075145842	0.97286170838085617163	5.87471877708988632349	2.00072095273213212963	0.50058840705216456346	0.35539450341496248154
0.71499999999999996891	0.99960667055955221283	0.03075371177530620420	0.96885295878423538518	5.86990700068793369581	2.00072721061575364843	0.50058671374018615108	0.35789743698366338620
0.71999999999999997335	0.99960351163498839533	0.03503545180616572663	0.96456805982881499428	5.86481931808620338131	2.00073353521448993320	0.50058496519316819651	0.36040036180962919943
0.72499999999999997780	0.99959932777394266967	0.03958980106764146967	0.96000952670629302599	5.85945235658769725262	2.00073992831855518304	0.50058315681483278592	0.36290327759370338834
0.72999999999999998224	0.99959610701527956689	0.04441575127549628882	0.95518035573977255748	5.85382105084084791713	2.00074835722405053318	0.50058079845805281138	0.36540618158599363907
0.73499999999999998668	0.99959385200340300504	0.04951033080042151202	0.95008352120297479004	5.84792843260892691859	2.00075285602098862370	0.50057986604144111276	0.36790908091620083686
0.73999999999999999112	0.99959158923301716371	0.05486956259039902500	0.94472202664260818139	5.84177170251859756434	2.00075740193701312464	0.50057841469891772856	0.37041197298969541496
0.74499999999999999556	0.99958930580801685917	0.06049016540785969592	0.93909914040014841330	5.83535612783761692413	2.00076198875829058821	0.50057537604037039003	0.37291484986989725803
0.75000000000000000000	0.99958700484806228825	0.06636871506610839133	0.93321828978194454329	5.82868320311255949662	2.00076659310795612612	0.50057378917293082754	0.37541771881576191383
0.75500000000000000444	0.99958468220997920284	0.07250164381475750208	0.92708303839521077894	5.82175651037974972724	2.00077123987089189328	0.50057214997474175355	0.37792057956563562815
0.76000000000000000888	0.99958233569256116358	0.07888523443084516362	0.92069710126170556386	5.81457979272725911102	2.00077593382251839316	0.50057045666077759627	0.38042343184893950836
0.76500000000000001332	0.99957996361143164332	0.08551562242995844332	0.91406434118146318024	5.80715694345662480913	2.00078067842634910178	0.50056870824285859545	0.38292627539015378080
0.77000000000000001776	0.99957756449232504359	0.09238879842817016019	0.90718876606414577957	5.79949200171180923036	2.00078547665074957251	0.50056690407889614658	0.38542910991054823988
0.77500000000000002220	0.99957513698325162199	0.09950061060207140984	0.90007452638117124710	5.79158914940205438171	2.00079033119619831282	0.50056504381537836323	0.38793193512962514946
0.78000000000000002665	0.99957267980951380881	0.10684676723473342241	0.89272591257476963111	5.78345270832747004874	2.00079524460205071534	0.50056312728360818909	0.39043475076604317042
0.78500000000000003109	0.99957019174824479624	0.11442283934450903082	0.88514735240372421909	5.77508713739657864039	2.00080021930591822610	0.50056115427580061272	0.39293755653742218348
0.79000000000000003553	0.99956767159693127311	0.12222426339306827203	0.87734340820385381399	5.76649702970119992784	2.00080525769827621829	0.50055912454957229851	0.39544035216017003886
0.79500000000000003997	0.99956511818398030567	0.13024634407632937338	0.86931877410764146763	5.75768710973580510881	2.00081036210814522391	0.50055703809084317601	0.39794313735062425419
0.80000000000000004441	0.99956253035726971845	0.13848425719007398382	0.86107827316718554833	5.74866223044982671553	2.00081553482478469164	0.50055489488135396225	0.40044591182503103122
0.80500000000000004885	0.99955990821539175695	0.14693305275095369655	0.85262685546442640305	5.73942737749899656308	2.00082003667922636581	0.50055288119171503780	0.40294867623098962195
0.81000000000000005329	0.99955725217436852681	0.15558765793208373385	0.84396959424227246949	5.72998766069067855256	2.00082532574240845591	0.50055063297682533818	0.40545142939587375253
0.81500000000000005773	0.99955455801555159745	0.16444287932454368373	0.83511167869099478533	5.72034828197937628147	2.00083069007180736065	0.50054832575723140486	0.40795417102465991732
0.82000000000000006217	0.99955182463565694917	0.17349340725836742694	0.82605841737727936369	5.71051457762627912018	2.00083613184956954356	0.50054596173347221111	0.41045690083332725395
0.82500000000000006661	0.99954905092268497846	0.18273381858410556178	0.81681523233856878630	5.70049199667480710474	2.00084165328531060624	0.50054354090081998319	0.41295961853783136331
0.83000000000000007105	0.99954623574350454085	0.19215857996060328738	0.80738765578289317659	5.69028609759465187068	2.00084725663303109044	0.50054106309449608592	0.41546232385330383874
0.83499999999999996447	0.99954337796755587942	0.20176205121303103507	0.79778132675451418621	5.67990254501058089431	2.00085294414618264369	0.50053852844281987444	0.41796501649551792701
0.83999999999999996891	0.99954047643856647198	0.21153848872170599726	0.78800198771685259214	5.66934710609366643297	2.00085871805171500171	0.50053593719739641887	0.42046769618150492409
0.84499999999999997335	0.99953752960175878961	0.22148204883430144818	0.77805548076744834862	5.65862564481755381252	2.00086458148827039949	0.50053328503335026145	0.42297036260667170149
0.84999999999999997780	0.99953453620278454039	0.23158679156875150440	0.76794774463402315501	5.64774412282025206622	2.00087053694713290497	0.50053057500995934426	0.42547301548172150598
0.85499999999999998224	0.99953203402412538203	0.24184712407817327007	0.75768490994593939991	5.63671084971053737434	2.00087658675456392388	0.50052780835795773751	0.42797565452351127302
0.85999999999999998668	0.99952895366557059642	0.25225604683923202876	0.74727290682632874219	5.62552750706099224942	2.00088165687391583702	0.50052525113841317417	0.43047828077920335943
0.86499999999999999112	0.99952582544306101120	0.26280779151718586251	0.73671803392586410197	5.61420253857178419565	2.00088787984357452387	0.50052237777814545527	0.43298089266809408615
0.86999999999999999556	0.99952264651612787727	0.27349606753335248266	0.72602657898276257153	5.60274224385860986075	2.00089420303455955974	0.50051944735297670963	0.43548348990485896692
0.87500000000000000000	0.99951941567054847226	0.28431450769392629940	0.71520490797661007143	5.59115300808055515347	2.00090062890874964552	0.50051646075994660201	0.43798607220865870548
0.88000000000000000444	0.99951613167312935992	0.29525667067060668014	0.70425946100250980120	5.57944128963139718280	2.00090715991170942090	0.50051341806746518781	0.44048863929899600977
0.88500000000000000888	0.99951279327026254506	0.30631604487385288849	0.69319674839639489061	5.56761361624634609768	2.00091379852811490636	0.50051031935002054940	0.44299119089574612307
0.89000000000000001332	0.99950939918647041527	0.31748605236572502442	0.68202334682073217920	5.55567658106977457777	2.00092054728489010529	0.50050716468701528239	0.44549372671918119337
0.89500000000000001776	0.99950594812307058667	0.32876005280995512781	0.67074589531310191415	5.54363683868724965720	2.00092740875402608225	0.50050395416062820608	0.44799624648998431775
0.90000000000000002220	0.99950243870867505613	0.34013134734431360595	0.65937109136434768342	5.53150110017448781718	2.00093438555507496801	0.50050068785476786726	0.45049874992925814654
0.90500000000000002665	0.99949886896303408168	0.35159318290194974121	0.64790568606107290517	5.51927612405799639106	2.00094148100118740530	0.50049736971264469076	0.45300123677782139220
0.91000000000000003109	0.99949523820593821899	0.36313875600262690568	0.63635648220329521507	5.50696873302604394951	2.00094869793575291794	0.50049399183749943010	0.45550370673700890656
0.91500000000000003553	0.99949154502974291159	0.37476121687756375200	0.62473032815216344993	5.49458578708720146722	2.00095603834507107521	0.50049055843535561472	0.45800615952918566354
0.92000000000000003997	0.99948778799678561491	0.38645367358405208202	0.61303411441271560278	5.48213418738596836022	2.00096350507197540125	0.50048706958233790676	0.46050859487709733253
0.92500000000000004441	0.99948396563744823506	0.39820919612776012331	0.60127476950966829428	5.46962087206285474394	2.00097110102158870504	0.50048352534927365021	0.46301101250384368857
0.93000000000000004885	0.99948007644859515608	0.41002082060547184739	0.58945925584310843170	5.45705281209732184777	2.00097882916474478776	0.50047992579965072668	0.46551341213284191944
0.93500000000000005329	0.99947611889217113923	0.42188155336555999142	0.57759456552659438344	5.44443700713440037475	2.00098669254097805137	0.50047627098727176520	0.46801579348777827549
0.94000000000000005773	0.99947209139249471033	0.43378437518315887678	0.56568771620932067901	5.43178048128871271416	2.00099469426128440119	0.50047256095696635025	0.47051815629256310558
0.94500000000000006217	0.99946799233402328078	0.44572224544811034352	0.55374574688589761617	5.41909027895209938208	2.00100283751734586701	0.50046879573699776245	0.47302050027124808995
0.95000000000000006661	0.99946382005757816724	0.45768810636145690340	0.54177571369610433294	5.40637346056161760544	2.00101112557930704838	0.50046497534532174978	0.47552282514797472590
0.95500000000000007105	0.99945957286341768899	0.46967488714394339810	0.52978468571945835919	5.39363709728439832958	2.00101956176625161987	0.50046110534133980696	0.47802513067468144214
0.95999999999999996447	0.99945524902047611082	0.48167550825506366685	0.51777974076539490245	5.38088827022199645000	2.00102814959751462709	0.50045717461503536061	0.48052741654775660285
0.96499999999999996891	0.99945084674545170422	0.49368288559476120048	0.50576796115067068627	5.36813406270578852286	2.00103689254129912811	0.50045318869332922063	0.48302968249122324451
0.96999999999999997335	0.99944636420932464471	0.50568993472183809690	0.49375642948746756300	5.35538155724538356139	2.00104579421037165332	0.50044914752912317280	0.48553192822886886981
0.97499999999999997780	0.99944179953560396967	0.51768957506527635282	0.48175222447031212925	5.34263783130566149993	2.00105485831112783757	0.50044505105812642221	0.48803415348415951636
0.97999999999999998224	0.99943715079893447051	0.52967473413067645005	0.46976241666823959076	5.32990995309229820265	2.00106408864702345340	0.50044089919511702824	0.49053635798013511815
0.98499999999999998668	0.99943241602353605213	0.54163835169915497403	0.45779406432436420271	5.31720497734463748429	2.00107348912109683781	0.50043669183259809063	0.49303854143929809473
0.98999999999999999112	0.99942759318180462991	0.55357338401626110524	0.44585420916552481740	5.30452994113962184031	2.00108306373946964740	0.50043242883935357135	0.49554070358349489034
0.99499999999999999556	0.99942268016066115877	0.56547280794878063137	0.43394987221186320792	5.29189185955034435693	2.00109281661383109352	0.50042811005917975375	0.49804284413379079632
1.00000000000000000000	0.99941869882497913480	0.57733014812124883175	0.42208855070371181784	5.27930231967418706063	2.00110275213568167274	0.50042373525837358095	0.50054496281008264980
1.00500000000000011546	0.99941465201277512875	0.58913790262770004968	0.41027674938505775959	5.26676384182129986300	2.00111083074895779177	0.50041980846676836769	0.50304706185241654381
1.01000000000000000888	0.99941054123032391221	0.60088913629943918604	0.39852140493086707362	5.25428337074373796867	2.00111903747686303845	0.50041584205535072361	0.50554914106269333018
