0.00000000000000000000	1.00000000000000000000	1.00000000000000000000	0.00000000000000000000	5.00000000000000000000	1.99999999999999955591	0.01000000000000000368	0.00000000000000000000
0.00500000000000000010	0.99999961257751857069	0.99984964388847019645	0.00014996868904402813	4.99640719158207691208	1.97494665879306241507	0.01124608331746729251	0.00005623041658733646
0.01000000000000000021	0.99999982382729923902	0.99940024477337763287	0.00059957905391802005	4.99311840623309066700	1.98515195779731579151	0.01124649475164006540	0.00011246289034553679
0.01499999999999999944	0.99999996060112394947	0.99865170749826392971	0.00134825310285622202	4.99013083553810155024	1.98514651771338801467	0.01124568416147225976	0.00016869131115289810
0.02000000000000000042	0.99999998795839251109	0.99760475364091683037	0.00239523431747379638	4.98744340916159956123	1.98514038333268949543	0.01124493586772812997	0.00022491599049153876
0.02500000000000000139	0.99999987115288735406	0.99626028269898048162	0.00373958845390532377	4.98505488042524280701	1.98513361345043604089	0.01124424932079226037	0.00028113723709550007
0.02999999999999999889	0.99999957564121100262	0.99461937119162635579	0.00538020444958180796	4.98296382743730159604	1.98512626719733553671	0.01124362391324238396	0.00033735535666171200
0.03500000000000000333	0.99999906708500696517	0.99268327165040326499	0.00731579543460241302	4.98116865429282551503	1.98511840414264439936	0.01124305899239494422	0.00039357065162368675
0.04000000000000000083	0.99999831134925709630	0.99045341150265875374	0.00954489984659612038	4.97966759235491451818	1.98512277200787923270	0.01124260285403377857	0.00044978366589385561
0.04499999999999999833	0.99999727449948605518	0.98793139185153044934	0.01206588264795816628	4.97845870163033143996	1.98511355417652346489	0.01124216380593145992	0.00050599448492351286
0.05000000000000000278	0.99999592279883120494	0.98511898615453796779	0.01487693664429275836	4.97753987224258853672	1.98510397327772025733	0.01124178318720653151	0.00056220340085954548
0.05500000000000000028	0.99999422270508864230	0.98201813880224453346	0.01797608390284195085	4.97690882600239792311	1.98509409078219301037	0.01124146017944815945	0.00061841070175678626
0.05999999999999999778	0.99999329353935684228	0.97863208347094277073	0.02136121006841351297	4.97656545621638723986	1.98508396868298708782	0.01124119392340699498	0.00067461667137382118
0.06500000000000000222	0.99999221875024602024	0.97496223274779447721	0.02502998600245300714	4.97650537206390986000	1.98508393332340493664	0.01124106395921441182	0.00073082199116989322
0.07000000000000000666	0.99999098885770865142	0.97101105228093476107	0.02897993657677367871	4.97672585333187367240	1.98508294982219557490	0.01124099909639765006	0.00078702698665188142
0.07499999999999999722	0.99998959454879488007	0.96678117112424555302	0.03320842342454975726	4.97722401953970017274	1.98508090323598440641	0.01124097738140123794	0.00084323187355888761
0.08000000000000000167	0.99998802669604169857	0.96227537964171294682	0.03771264705432893216	4.97799683225071287751	1.98507800716574789313	0.01124103956142531030	0.00089943707136601412
0.08500000000000000611	0.99998627636573056421	0.95749662761852039061	0.04248964874721047197	4.97904109711536957406	1.98507422947909994981	0.01124116459427687564	0.00095564289433739845
0.08999999999999999667	0.99998433483146553780	0.95244802210017986965	0.04753631273128616080	4.98035346621551866519	1.98506959607531974221	0.01124135163678235093	0.00101184965252131020
0.09500000000000000111	0.99998219358572648652	0.94713282518837649260	0.05284936839734984820	4.98193044043908184193	1.98506413295274719566	0.01124159981342130743	0.00106805765158841676
0.10000000000000000555	0.99998005434989423179	0.94155375108985484012	0.05842630326004201458	4.98377172400326440282	1.98505786618863022674	0.01124190821683169507	0.00112426719267257513
0.10499999999999999611	0.99997815458051420023	0.93571450244309739563	0.06426365213741673521	4.98939150207590031982	1.99939309796920983153	0.01021451952112571900	0.00117533979027820363
0.11000000000000000056	0.99997619763463851950	0.92961743228708937359	0.07035876534754899325	4.99526502824066653830	1.99940052610513352427	0.01021342215935070602	0.00122640690107495725
0.11500000000000000500	0.99997416672121131054	0.92326617757833395750	0.07670798914287764447	5.00138856062970571514	1.99940794851779912733	0.01021235533618957032	0.00127746867775590514
0.11999999999999999556	0.99997312680807148855	0.91666462850154217801	0.08330849830653021260	5.00776351347033710226	1.99940490623713129636	0.01021241848504756550	0.00132853077018114290
0.12500000000000000000	0.99997115857616170054	0.90981576045506140638	0.09015539812110302809	5.01437928939272747897	1.99941490586746239977	0.01021156224652332474	0.00137958858141375954
0.13000000000000000444	0.99996915461412372306	0.90272447460014215714	0.09724468001398220429	5.02123348175450789910	1.99942176644004976360	0.01021069318970153211	0.00143064204736226730
0.13500000000000000888	0.99996711182527986406	0.89539500027859908471	0.10457211154668137609	5.02832184366182755042	1.99942866214547110282	0.01020985424167397335	0.00148169131857063714
0.14000000000000001332	0.99996502742545911868	0.88783170732350769061	0.11213332010195183053	5.03563999073346568736	1.99943554129821543519	0.01020904509812927026	0.00153273654406128348
0.14499999999999999001	0.99996289888141942637	0.88003910335093604722	0.11992379553048422569	5.04318340353490235373	1.99944238154634557070	0.01020826543978433504	0.00158377787126020523
0.14999999999999999445	0.99996072387746470778	0.87202183099706997993	0.12793889288039378416	5.05094743019017577979	1.99944917271576350082	0.01020751493157421794	0.00163481544591807630
0.15499999999999999889	0.99995849996963670492	0.86378466481247118125	0.13617383515716577347	5.05892728843906169800	1.99945591029113001191	0.01020679322078114903	0.00168584941202198197
0.16000000000000000333	0.99995622533229799878	0.85533250896263801621	0.14462371636966259159	5.06711816050964625191	1.99946693804829545016	0.01020613543179302828	0.00173688008918094702
0.16500000000000000777	0.99995389464481398978	0.84667039082222972368	0.15328350382258495999	5.07551500563038260339	1.99947481427678863675	0.01020550451207492479	0.00178790761174132170
0.17000000000000001221	0.99995149084454248989	0.83780345139046008551	0.16214803945408365338	5.08411263618430453448	1.99947994153359909220	0.01020490017647755591	0.00183893211262370956
0.17500000000000001665	0.99994901478316455812	0.82873696679075392613	0.17121204799241229733	5.09290578291852202852	1.99948516785173135979	0.01020432156591320749	0.00188995372045327559
0.17999999999999999334	0.99994661996574052409	0.81947645218477060958	0.18047016778097205170	5.10188939850813127919	1.99948509381639327742	0.01020376606078741283	0.00194097255075721263
0.18499999999999999778	0.99994420562287433807	0.81002732924468145992	0.18991687637819443246	5.11105793980405920252	1.99949479699519105935	0.01020328477606195078	0.00199198897463752226
0.19000000000000000222	0.99994171959611777289	0.80039517176484176186	0.19954654783127862006	5.12040552557063666228	1.99949976011741203941	0.01020278701603240419	0.00204300290971768436
0.19500000000000000666	0.99993916018584017014	0.79058570163909247519	0.20935345854674977661	5.12992644421659083065	1.99950476987731295964	0.01020231378991607457	0.00209401447866726462
0.20000000000000001110	0.99993654294975320429	0.78060468611225752866	0.21933185683749814587	5.13961896598960876759	1.99952705263239471911	0.01019867897468389531	0.00214500787354068422
0.20500000000000001554	0.99993387429954905254	0.77045799132598857817	0.22947588297356333320	5.14947439575436938242	1.99953444291339832439	0.01019816523388260288	0.00219599869971009738
0.20999999999999999223	0.99993205945068708296	0.76015229838048048450	0.23977976107020868013	5.15948941418833229022	1.99954031978030632999	0.01019791731462777254	0.00224698828628323638
0.21499999999999999667	0.99992930080747510768	0.74969238876916999281	0.25023691203830528140	5.16965388263937519753	1.99954690227432307914	0.01019769147265282491	0.00229797674364650047
0.22000000000000000111	0.99992649267142008629	0.73908512621682376231	0.26084136645459554682	5.17996364013461807474	1.99955318735077614001	0.01019748145280251379	0.00234896415091051308
0.22500000000000000555	0.99992363567418907078	0.72833679767330827826	0.27158683800088162519	5.19041242446263417776	1.99955919280303628938	0.01019728836216114362	0.00239995059272131873
0.23000000000000000999	0.99992073040397699835	0.71745377292729761720	0.28246695747667993626	5.20099389820680446661	1.99956526909116871771	0.01019711452498621440	0.00245093616534624963
0.23500000000000001443	0.99991794323605120987	0.70644261291522836288	0.29347533032082312454	5.21170203160005218734	1.99956646551568262282	0.01019695846235076780	0.00250192095765800360
0.23999999999999999112	0.99991515958433752065	0.69530975955280505119	0.30460540003153308009	5.22253025201976850411	1.99957737171223937089	0.01019687375481807476	0.00255290532643209387
0.24499999999999999556	0.99991232955598863263	0.68406177362888420657	0.31585055592710442607	5.23347171406052602549	1.99958313850112179288	0.01019676350277477946	0.00260388914394596785
0.25000000000000000000	0.99990945380346241134	0.67270531804337996284	0.32720413576008355871	5.24451979262956058392	1.99958888229049702723	0.01019667293257600638	0.00265487250860884771
0.25500000000000000444	0.99990653396566064881	0.66124711980775696674	0.33865941415790778990	5.25566780263286936759	1.99959459180029419656	0.01019660212996478972	0.00270585551925867172
0.26000000000000000888	0.99990357059162093822	0.64969396472522200625	0.35020960586639859891	5.26690899800122291907	1.99960025174530664493	0.01019655116118554049	0.00275683827506459931
0.26500000000000001332	0.99990147313779365046	0.63805323954924453300	0.36184823358854972808	5.27823877709125888202	1.99960686709095702973	0.01019652638379977411	0.00280782090698359797
0.27000000000000001776	0.99989843749872653333	0.62633074593883697467	0.37356769155989083542	5.28964596207308268561	1.99961320230974903822	0.01019652033740623548	0.00285880350867062909
0.27500000000000002220	0.99989536058344685721	0.61453396928853798453	0.38536139129490892818	5.30112579685314422306	1.99961930597426462697	0.01019653329558678316	0.00290978617514856290
0.28000000000000002665	0.99989224304130686072	0.60266989286743644083	0.39722235017387108602	5.31267133998531715378	1.99962521122264269557	0.01019656545468262086	0.00296076900242197606
0.28500000000000003109	0.99988926394684052301	0.59074563719941497464	0.40914362674742599246	5.32427604439871782205	1.99962629600487451498	0.01019661473469872168	0.00301175207609546969
0.28999999999999998002	0.99988629343073498479	0.57876818297651344558	0.42111811045422220534	5.33593276868577159888	1.99963739139602192374	0.01019673751323433783	0.00306273576366164133
0.29499999999999998446	0.99988328433826123565	0.56674459132698962183	0.43313869301127466693	5.34763417765551274385	1.99964233059007923110	0.01019683141373333227	0.00311371992073030800
0.29999999999999998890	0.99988023722585539499	0.55468197656386353245	0.44519826066199386094	5.35937321809251976390	1.99964736681277588382	0.01019694468136742374	0.00316470464413714505
0.30499999999999999334	0.99987715253149300754	0.54258747515639704773	0.45728967737509634839	5.37114280050128467536	1.99965228870318934007	0.01019707764069627959	0.00321569003234062649
0.30999999999999999778	0.99987403080941839040	0.53046824169260098358	0.46940578911681773988	5.38293583840043421418	1.99965822648594726552	0.01019723694974331886	0.00326667621708934307
0.31500000000000000222	0.99987177961292095230	0.51833187422219750840	0.48153990539072660804	5.39474750109603107262	1.99966389220865248255	0.01019741437366938029	0.00331766328895769002
0.32000000000000000666	0.99986860023929324814	0.50618469042398173130	0.49368390981531279360	5.40656612040050088552	1.99966934772551430122	0.01019761016211277564	0.00336865133976825375
0.32500000000000001110	0.99986538634164956463	0.49403430423899569179	0.50583108210265403937	5.41838681107084330080	1.99967464245397463785	0.01019782446909626820	0.00341964046211373513
0.33000000000000001554	0.99986213838301685186	0.48188790003525877603	0.51797423834776068485	5.43020243877814134947	1.99967980947548107373	0.01019805736263204067	0.00347063074892689548
0.33500000000000001998	0.99985904979995188224	0.46975274110661868754	0.53010630869333530413	5.44200637015237909111	1.99968064677765045012	0.01019831011652313352	0.00352162229950951124
0.34000000000000002442	0.99985597356405986336	0.45763593368896238189	0.54222003987509859169	5.45379129836706511014	1.99969222966575399525	0.01019863634874060808	0.00357261548125321427
0.34500000000000002887	0.99985286526637351390	0.44554462031398461841	0.55430824495238950611	5.46554981499138303747	1.99969662520347468693	0.01019892892282476399	0.00362361012586733802
0.35000000000000003331	0.99984972526425630601	0.43348594716798455329	0.56636377809627502788	5.47727482659048447999	1.99970094733278735966	0.01019923985388499800	0.00367460632513676297
0.35499999999999998224	0.99984655397335719940	0.42146704031043247252	0.57837951366292450484	5.48895928137316779782	1.99970639662078664145	0.01019957649485938797	0.00372560420761105984
0.35999999999999998668	0.99984335180316896707	0.40949500143818207132	0.59034835036498900518	5.50059612685261356546	1.99971153522573108496	0.01019992952493289397	0.00377660385523572416
0.36499999999999999112	0.99984102090869664270	0.39757722281082058524	0.60226379809787966568	5.51218072711786266638	1.99971643676475596685	0.01020029914118068121	0.00382760535094162774
0.36999999999999999556	0.99983777185392475051	0.38572010391285260766	0.61411766794107391920	5.52370136465251349023	1.99972115214991075227	0.01020068542513004849	0.00387860877806727811
0.37500000000000000000	0.99983449380463329526	0.37393097000385988604	0.62590352380077707295	5.53515343369802792495	1.99972571785031627556	0.01020108835886484461	0.00392961421986160256
0.38000000000000000444	0.99983118704036688662	0.36221678354216585438	0.63761440349820375229	5.54653002522068483415	1.99973016501646938536	0.01020150789190774586	0.00398062175932114171
0.38500000000000000888	0.99982806026653880949	0.35058452650971722031	0.64924353375682331002	5.55782483659091397499	1.99973060011180092665	0.01020194666845401256	0.00403163149266341173
0.39000000000000001332	0.99982494810780930816	0.33904101101651634709	0.66078393709129623623	5.56903081225358054240	1.99974282924022839225	0.01020245999326506274	0.00408264379262973740
0.39500000000000001776	0.99982180882726900961	0.32759303839716136242	0.67222877043010909048	5.58014088767077343078	1.99974649874545096218	0.01020293301183457582	0.00413365845768891033
0.40000000000000002220	0.99981864267911602084	0.31624736614893511621	0.68357127653018356916	5.59114838353971688178	1.99975144559541373468	0.01020343029645821679	0.00418467560917120101
0.40500000000000002665	0.99981544992404014494	0.30501069045141426805	0.69480475947262776426	5.60204665309685090335	1.99975603249750188972	0.01020394117342674281	0.00423569531503833509
0.41000000000000003109	0.99981223077535097410	0.29388964221923652431	0.70592258855611866863	5.61282911647691218349	1.99976034715676220799	0.01020446587334467546	0.00428671764440505861
0.41500000000000003553	0.99980987722826708541	0.28289100410591350165	0.71691887312235724750	5.62349171886674259468	1.99976445122259915976	0.01020500445102706308	0.00433774266666019353
0.41999999999999998446	0.99980661924523206441	0.27202081957398266399	0.72778579967125511807	5.63402315842622147812	1.99976838738528961414	0.01020555684624191092	0.00438877045089140338
0.42499999999999998890	0.99980333535518306487	0.26128572450630632718	0.73851761084888034592	5.64441948798165071821	1.99977218923341193424	0.01020612291006046078	0.00443980106544170604
0.42999999999999999334	0.99980002639336951198	0.25069205022193929988	0.74910797617143631832	5.65467443193532126600	1.99977587915601473512	0.01020670245091542978	0.00449083457769628314
0.43499999999999999778	0.99979669244201452294	0.24024604346343014782	0.75955064897858814987	5.66478179728070951882	1.99977947695493574187	0.01020729523729808907	0.00454187105388277352
0.44000000000000000222	0.99979356003504327166	0.22995390858013539659	0.76983965145491084492	5.67473610901950920038	1.99977932800373392475	0.01020790375943414485	0.00459291057267994466
0.44500000000000000666	0.99979044295866981162	0.21982167090464688197	0.77996877205402714850	5.68453105086527177292	1.99979248783669860678	0.01020858906017318296	0.00464395351798081030
0.45000000000000001110	0.99978730201267085320	0.20985529385453846607	0.78993200815813569005	5.69416041978078535379	1.99979688525006027433	0.01020923475690138811	0.00469499969176531695
0.45500000000000001554	0.99978413729500403839	0.20006065037360831749	0.79972348692139982873	5.70361838910341401032	1.99980087068686529506	0.01020988987448022238	0.00474604914113771828
0.46000000000000001998	0.99978094886536472696	0.19044351114997570829	0.80933743771539412570	5.71289923652555575728	1.99980454681531294447	0.01021055479384436367	0.00479710191510693967
0.46500000000000002442	0.99977773674546455140	0.18100954121479526093	0.81876819553067503588	5.72199734638938473097	1.99980798670528248095	0.01021122958406161380	0.00484815806302724746
0.47000000000000002887	0.99977538785682285027	0.17176443098359922557	0.82801095687322823213	5.73090973927438884772	1.99981124140517851906	0.01021191415267881826	0.00489921763379064148
0.47500000000000003331	0.99977214133636960192	0.16271335193380706552	0.83705878940256706056	5.73962601070012912174	1.99981434946716785106	0.01021260831981346887	0.00495028067538970905
0.47999999999999998224	0.99976887107041889635	0.15386177017843719050	0.84590710089198517529	5.74814336683322046895	1.99981734012926004596	0.01021331182431767411	0.00500134723451129727
0.48499999999999998668	0.99976557766287987850	0.14521489553142416518	0.85455068213146179179	5.75645664991011685174	1.99982022988176533218	0.01021402435332074976	0.00505241735627790130
0.48999999999999999112	0.99976305967719680812	0.13677791456305340989	0.86298514511414980976	5.76456311651352404368	1.99981979029904066714	0.01021475001824976095	0.00510349110636915040
0.49499999999999999556	0.99976082438860847112	0.12855571572687760074	0.87120510866173994646	5.77245803960563907964	1.99985724701609934861	0.01021597942431105507	0.00515457100349070527
0.50000000000000000000	0.99975827063588451615	0.12055306623724067194	0.87920520439864968676	5.78013181971041944962	1.99982562777808681176	0.01021627038746080428	0.00520565235542800892
0.50500000000000000444	0.99975600993761903901	0.11277473796716031007	0.88698127197046439107	5.78758467654343355946	1.99986363915671661040	0.01021752543851505400	0.00525673998262058458
0.51000000000000000888	0.99975442896186539343	0.10522533758741044185	0.89452909137446245946	5.79481004237429164760	1.99982955098374337588	0.01021780938485970618	0.00530782902954488305
0.51500000000000001332	0.99975303598744236222	0.09790924418292046294	0.90184379180452856062	5.80180531909971453075	1.99986641498982775644	0.01021911115572482140	0.00535892458532350683
0.52000000000000001776	0.99975164279756789654	0.09083073677265024459	0.90892090602492392470	5.80856416755599980206	1.99986960305161787232	0.01021993747728260939	0.00541002427270992001
0.52500000000000002220	0.99975024929304323607	0.08399397295644385475	0.91575627633660661164	5.81508246244631443744	1.99987191460740931781	0.01022076444515970794	0.00546112809493571813
0.53000000000000002665	0.99974885537989266471	0.07740296697590701158	0.92234588840399467369	5.82135622487561121829	1.99987356855418907386	0.01022159293003036852	0.00551223605958587031
0.53500000000000003109	0.99974746096172950605	0.07106158735909033630	0.92868587360264709396	5.82738162344732391063	1.99987472085564821356	0.01022242337455116570	0.00556334817645862643
0.54000000000000003553	0.99974606591285786195	0.06497355465165008392	0.93477251126121485569	5.83315497571843533109	1.99987548385701141562	0.01022325595982543321	0.00561446445625775337
0.54500000000000003997	0.99974467015512791246	0.05914243924553911486	0.94060223090959649284	5.83867274600315422362	1.99987584649270200288	0.01022408904561049846	0.00566558490148580569
0.55000000000000004441	0.99974327358295922430	0.05357165928467221006	0.94617161429829388375	5.84393155515588524906	1.99987596244752841024	0.01022492416355427411	0.00571670952230357750
0.55500000000000004885	0.99974187608520903581	0.04826447866744624365	0.95147739741776971023	5.84892817821034238790	1.99987587883366546571	0.01022576109926007920	0.00576783832779987748
0.56000000000000005329	0.99974047754537009869	0.04322400514086138096	0.95651647240451542764	5.85365954611766525773	1.99987563209567742462	0.01022659958133862595	0.00581897132570657026
0.56500000000000005773	0.99973907784201432314	0.03845318848754120805	0.96128588935448033848	5.85812274741261784783	1.99987525100419039070	0.01022743928929371882	0.00587010852215303844
0.57000000000000006217	0.99973767684925041177	0.03395481880665433133	0.96578285804260333158	5.86231502981656671381	1.99987475867778541350	0.01022827986526381530	0.00592124992147935719
0.57500000000000006661	0.99973627443726420516	0.02973152488971227830	0.97000474954755910861	5.86623380176240694084	1.99987417312319748497	0.01022912092050055552	0.00597239552608185963
0.57999999999999996003	0.99973487047266018646	0.02578577269214673076	0.97394909778052252136	5.86987663385778990488	1.99987351103803745467	0.01022996204864868273	0.00602354533632510313
0.58499999999999996447	0.99973346481889147075	0.02211986390154749640	0.97761360091735283184	5.87324126024562520598	1.99987278571517990144	0.01023080282355436077	0.00607469935044287462
0.58999999999999996891	0.99973205725039671066	0.01873593460072695005	0.98099612264967772646	5.87632557961483126263	1.99987200834999967469	0.01023164280342311536	0.00612585756445999021
0.59499999999999997335	0.99973064793295385311	0.01563595404835865094	0.98409469388460291128	5.87912764159491629812	1.99987081210995198965	0.01023247510008534061	0.00617701993996041653
0.59999999999999997780	0.99972923641752342583	0.01282172351087048495	0.98690751290666223206	5.88164569403680115300	1.99986996266726158034	0.01023331227514383095	0.00622818650133613594
0.60499999999999998224	0.99972782287495298714	0.01029487525567702143	0.98943294761928446412	5.88387812112415353738	1.99986869073428885635	0.01023414056713363440	0.00627935720417180376
0.60999999999999998668	0.99972640684317748416	0.00805687158645669761	0.99166953525673073866	5.88582350818659616465	1.99986780024889365670	0.01023497297960070454	0.00633053206906980699
0.61499999999999999112	0.99972498842613743975	0.00610900402948369795	0.99361598439666476423	5.88748057751216258282	1.99986647645419490793	0.01023579534976998273	0.00638171104581865701
0.61999999999999999556	0.99972356746931978488	0.00445239258579826352	0.99527117488352845331	5.88884823908265975234	1.99986514451482255694	0.01023661429805562857	0.00643289411730893490
0.62500000000000000000	0.99972214381984036979	0.00308798509873462867	0.99663415872111416061	5.88992557369911828857	1.99986380907787086869	0.01023742922487740244	0.00648408126343332208
0.63000000000000000444	0.99972071732367484564	0.00201655672192322440	0.99770416060176203565	5.89071183374549001144	1.99986247343312317781	0.01023823963345832540	0.00653527246160061359
0.63500000000000000888	0.99971928782602292873	0.00123870948950093453	0.99848057833653103277	5.89120644360220779845	1.99986114082557753235	0.01023904502911482037	0.00658646768674618806
0.64000000000000001332	0.99971785517163591628	0.00075487198875448362	0.99896298318289011853	5.89140899995791134103	1.99985981447510585696	0.01023984491964174785	0.00663766691134439705
0.64500000000000001776	0.99971641920500264877	0.00056529913536648821	0.99915112006964601488	5.89131927201899152635	1.99985849759851608276	0.01024063881563376348	0.00668887010542256605
0.65000000000000002220	0.99971497977074907926	0.00067007205137583031	0.99904490771938203597	5.89093720161687972592	1.99985719340298651048	0.01024142623055535571	0.00674007723657534322
0.65500000000000002665	0.99971353671385831952	0.00106909804589939723	0.99864443866796825944	5.89026290321470469280	1.99985590509949040516	0.01024220668176691919	0.00679128826998417773
0.66000000000000003109	0.99971208987991777573	0.00176211069860438018	0.99794997918132311021	5.88929666381134619968	1.99985463590972201153	0.01024297969056909945	0.00684250316843702366
0.66500000000000003553	0.99971063911529878254	0.00274867004585897150	0.99696196906944933858	5.88803894274338546211	1.99985338906845488971	0.01024374478253786344	0.00689372189234971258
0.67000000000000003997	0.99970918426737376272	0.00402816286942891955	0.99568102139795211514	5.88649037138553232751	1.99985216782427777105	0.01024450148784979663	0.00694494439978896125
0.67500000000000004441	0.99970772518463402179	0.00559980308752657755	0.99410792209711573708	5.88465175274900786917	1.99985097544060663743	0.01024524934159685464	0.00699617064649694573
0.68000000000000004885	0.99970626171684506822	0.00746263224795901039	0.99224362946889554937	5.88252406097877678093	1.99984981519445703668	0.01024598788409582933	0.00704740058591742449
0.68500000000000005329	0.99970479371514309186	0.00961552012306138293	0.99008927359208964702	5.88010844074958605177	1.99984869037546730830	0.01024671666118895895	0.00709863416922336919
0.69000000000000005773	0.99970332103224601727	0.01205716540604238364	0.98764615562621238531	5.87740620656175316583	1.99984760428155095013	0.01024743522454812233	0.00714987134534610970
0.69500000000000006217	0.99970184352158708574	0.01478609650830419245	0.98491574701329021035	5.87441884193138985637	1.99984656025452944839	0.01024814313041693542	0.00720111206099819431
0.70000000000000006661	0.99970036103905690617	0.01780067245725321448	0.98189968858181142508	5.87114799849145807542	1.99984556158850068641	0.01024883994336546825	0.00725235626071502135
0.70499999999999996003	0.99969887344119545691	0.02109908389403757079	0.97859978954716630994	5.86759549498420884817	1.99984461163208315782	0.01024952523364639628	0.00730360388688325313
0.70999999999999996447	0.99969738058699464389	0.02467935417061524819	0.97501802641638679603	5.86376331616232970845	1.99984371367537328013	0.01025019857963858395	0.00735485487978144569
0.71499999999999996891	0.99969588233609341099	0.02853934054546472532	0.97115654179063548579	5.85965361158437580968	1.99984287106935365586	0.01025085956552837865	0.00740610917760908729
0.71999999999999997335	0.99969437854956477718	0.03267673547722593080	0.96701764307234738816	5.85526869431555940793	1.99984208714251288086	0.01025150778250761424	0.00745736671652162501
0.72499999999999997780	0.99969286908978982620	0.03708906801548169513	0.96260380107431631203	5.85061103953639261022	1.99984136520014010863	0.01025214283070120455	0.00750862743067513133
0.72999999999999998224	0.99969135382026530490	0.04177370528783707487	0.95791764853243577260	5.84568328305227602470	1.99984070853235351706	0.01025276431812521469	0.00755989125226575777
0.73499999999999998668	0.99968983260542831903	0.04672785408239754634	0.95296197852303765607	5.84048821970849019181	1.99984012041033931695	0.01025337186093016294	0.00761115811157040897
0.73999999999999999112	0.99968830531045049792	0.05194856252469271657	0.94773974278576356145	5.83502880171139981513	1.99983960408218108817	0.01025396508362223270	0.00766242793698852006
0.74499999999999999556	0.99968677180096854329	0.05743272184803239339	0.94225404995294481658	5.82930813685666660007	1.99983916276940876244	0.01025454361927667993	0.00771370065508490341
0.75000000000000000000	0.99968523194283176458	0.06317706825623208011	0.93650816368660771971	5.82332948666583671837	1.99983879966311328680	0.01025510710974601725	0.00776497619063363370
0.75500000000000000444	0.99968368560177989224	0.06917818487758815860	0.93050550072419868641	5.81709626443226390791	1.99983851792041433804	0.01025565520586268174	0.00781625446666294778
0.76000000000000000888	0.99968213264312921762	0.07543250380892954632	0.92424962883420791471	5.81061203317760721632	1.99983832066059186161	0.01025618756763588442	0.00786753540450112719
0.76500000000000001332	0.99968057293139711561	0.08193630824851695638	0.91774426468288838876	5.80388050351991591214	1.99983821096202496470	0.01025670386444068119	0.00791881892382333141
0.77000000000000001776	0.99967900632991335552	0.08868573471651591822	0.91099327161340548642	5.79690553145490206077	1.99983819185839206689	0.01025720377520364379	0.00797010494269934956
0.77500000000000002220	0.99967743270040820835	0.09567677536171392827	0.90400065733870171858	5.78969111605155539735	1.99983826633579209187	0.01025768698857958995	0.00802139337764224726
0.78000000000000002665	0.99967585190254504290	0.10290528035309574884	0.89677057154945605255	5.78224139706333861710	1.99983843732897348389	0.01025815320312407908	0.00807268414365786696
0.78500000000000003109	0.99967426379346790988	0.11036696035485586698	0.88930730343861841281	5.77456065245679717179	1.99983870771895011487	0.01025860212745746680	0.00812397715429515402
0.79000000000000003553	0.99967266822727851583	0.11805738908336202431	0.88161527914392256999	5.76665329585856412109	1.99983908032961221757	0.01025903348042377962	0.00817527232169727378
0.79500000000000003997	0.99967106505451031051	0.12597200594454602274	0.87369905910997236465	5.75852387392267228705	1.99983955792460244005	0.01025944699124600908	0.00822656955665350409
0.80000000000000004441	0.99966945412157870443	0.13410611875015085448	0.86556333537143348433	5.75017706361955482919	1.99984014320551684030	0.01025984239966337523	0.00827786876865182174
0.80500000000000004885	0.99966783527016700450	0.14245490651120673586	0.85721292875896759611	5.74161766944837825832	1.99984083880841301273	0.01026021945607813284	0.00832916986593221220
0.81000000000000005329	0.99966620833663755175	0.15101342230707701098	0.84865278602956673026	5.73285062057435279570	1.99984164730250046915	0.01026057792167881302	0.00838047275554060569
0.81500000000000005773	0.99966457315135837103	0.15977659622836140607	0.83988797692300154463	5.72388096789278044696	1.99984257118668962150	0.01026091756857396356	0.00843177734338347584
0.82000000000000006217	0.99966292953807422972	0.16873923839190882457	0.83092369114617281589	5.71471388102173616375	1.99984361288830214676	0.01026123817990373145	0.00848308353428299522
0.82500000000000006661	0.99966127731316900551	0.17789604202613110151	0.82176523528704581434	5.70535464522452251401	1.99984477476121824679	0.01026153954995114720	0.00853439123203275120
0.83000000000000007105	0.99965961628499444558	0.18724158662480405724	0.81241802966019782684	5.69580865826491944404	1.99984605908358648030	0.01026182148424659331	0.00858570033945398395
0.83499999999999996447	0.99965794625309589705	0.19677034116745550918	0.80288760508564771534	5.68608142719577003277	1.99984746805696955718	0.01026208379966372757	0.00863701075845230322
0.83999999999999996891	0.99965626700745569000	0.20647666740444012290	0.79317959960302419908	5.67617856508371865232	1.99984900380424690525	0.01026232632450907803	0.00868832239007484922
0.84499999999999997335	0.99965457832771031921	0.21635482320474461182	0.78329975512297356222	5.66610578767173134196	1.99985066836906022480	0.01026254889860376759	0.00873963513456786807
0.84999999999999997780	0.99965287998232754685	0.22639896596453149002	0.77325391401780363410	5.65586890998138969167	1.99985246371436842239	0.01026275137335883048	0.00879094889143466202
0.85499999999999998224	0.99965117172778916732	0.23660315607439749708	0.76304801565339930303	5.64547384285704545448	1.99985439172178991463	0.01026293361184222805	0.00884226355949387262
0.85999999999999998668	0.99964945330773435916	0.24696136044328714787	0.75268809286445359508	5.63492658945381474922	1.99985645419108348797	0.01026309548883926580	0.00889357903693806934
0.86499999999999999112	0.99964772445211003138	0.25746745607697185676	0.74218026837514483596	5.62423324167170068932	1.99985865283940222881	0.01026323689090574177	0.00894489522139259828
0.86999999999999999556	0.99964598487625455636	0.26811523370895490315	0.73153075116730781335	5.61339997653743427719	1.99986098930141475982	0.01026335771641303553	0.00899621200997466341
0.87500000000000000000	0.99964423428002047167	0.27889840148167238665	0.72074583279835491290	5.60243305253694057200	1.99986346512917201323	0.01026345787558639519	0.00904752929935259513
0.88000000000000000444	0.99964247234685454924	0.28981058867578474159	0.70983188367107585837	5.59133880590011234091	1.99986608179221247994	0.01026353729053573922	0.00909884698580527319
0.88500000000000000888	0.99964069874286598516	0.30084534948535313070	0.69879534925751973784	5.58012364684009209981	1.99986884067798986742	0.01026359589527944989	0.00915016496528167113
0.89000000000000001332	0.99963891311588781718	0.31199616683665504224	0.68764274627923782646	5.56879405574952190960	1.99987174309238624481	0.01026363363576046975	0.00920148313346047346
0.89500000000000001776	0.99963711509453179183	0.32325645624839355330	0.67638065884614462231	5.55735657935600624313	1.99987479026066772292	0.01026365046985442710	0.00925280138580974500
0.90000000000000002220	0.99963530428722624510	0.33461956973097917167	0.66501573455625317965	5.54581782683875701423	1.99987798332860333694	0.01026364636737121111	0.00930411961764660185
0.90500000000000002665	0.99963348028124232592	0.34607879972259619761	0.65355468055865340027	5.53418446590915635852	1.99988132336314405890	0.01026362131005040777	0.00935543772419685470
0.91000000000000003109	0.99963164264175097262	0.35762738305971969455	0.64200425958203732879	5.52246321885736968227	1.99988481135416518164	0.01026357529154720179	0.00940675560065459132
0.91500000000000003553	0.99962979091082126981	0.36925850497970946762	0.63037128593111757535	5.51066085856722853720	1.99988844821656863715	0.01026350831741119560	0.00945807314224164815
0.92000000000000003997	0.99962792460645599757	0.38096530315312221449	0.61866262145334061096	5.49878420450194926872	1.99989223479093780611	0.01026342040506118651	0.00950939024426695340
0.92500000000000004441	0.99962604322163428616	0.39274087174336441697	0.60688517147827580889	5.48684011866309973016	1.99989617184655199544	0.01026331158374860740	0.00956070680218569675
0.93000000000000004885	0.99962414622332185221	0.40457826549124309423	0.59504588073208530830	5.47483550152501585728	1.99990026008326138296	0.01026318189451669478	0.00961202271165828050
0.93500000000000005329	0.99962223305152009267	0.41647050382203087970	0.58315172922949654044	5.46277728794723138606	1.99990450013366327653	0.01026303139015134411	0.00966333786860903640
0.94000000000000005773	0.99962030311831839846	0.42841057497259493747	0.57120972814572990028	5.45067244306739251414	1.99990889256572001997	0.01026286013512664637	0.00971465216928467032
0.94500000000000006217	0.99961835580693136905	0.44039144013613729101	0.55922691567080151653	5.43852795817691614388	1.99991343788596087627	0.01026266820553975272	0.00976596551031236847
0.95000000000000006661	0.99961639047077510689	0.45240603762210285232	0.54721035284868080328	5.42635084658198252328	1.99991813654161876279	0.01026245568904438771	0.00981727778875758975
0.95500000000000007105	0.99961440643256027627	0.46444728702878812499	0.53516711940377925671	5.41414813945242201498	1.99992298892426356716	0.01026222268477229062	0.00986858890218145039
0.95999999999999996447	0.99961240298338627230	0.47650809342617600484	0.52310430955722009294	5.40192688166076084855	1.99992799537287013756	0.01026196930325231141	0.00991989874869771138
0.96499999999999996891	0.99961037938186225738	0.48858135154650406129	0.51102902783536818809	5.38969412761385768817	1.99993315617718181443	0.01026169566631865426	0.00997120722702930437
0.96999999999999997335	0.99960833485326205938	0.50065994998011931205	0.49894838487315201769	5.37745693708004068867	1.99993847158113657869	0.01026140190701754426	0.01002251423656439280
0.97499999999999997780	0.99960626858867684952	0.51273677537408590688	0.48686949321459754847	5.36522237101358712152	1.99994394178661316630	0.01026108816950320121	0.01007381967741190903
0.97999999999999998224	0.99960417974424009557	0.52480471663111172287	0.47479946311313964147	5.35299748737976877067	1.99994956695734105168	0.01026075460892889209	0.01012512345045655376
0.98499999999999998668	0.99960206744035839943	0.53685666910624385562	0.46274539833412259293	5.34078933698211333336	1.99995534722232171099	0.01026040139133391725	0.01017642545741322298
0.98999999999999999112	0.99959993076096564923	0.54888553879891377463	0.45071439196206075639	5.32860495929526756242	1.99996128268049688792	0.01026002869352061336	0.01022772560088082601
0.99499999999999999556	0.99959776875283778974	0.56088424653778012896	0.43871352221506709768	5.31645137830505998267	1.99996737340385277726	0.01025963670292969268	0.01027902378439547390
1.00000000000000000000	0.99959558042496221564	0.57284573215596112927	0.42674984826901107837	5.30433559835910450886	1.99997361944275042767	0.01025922561750495544	0.01033031991248299815
1.00500000000000011546	0.99959336485118566173	0.58476295855147042424	0.41483040629972395275	5.29226460062602832579	1.99998002082929571266	0.01025879564555670122	0.01038161389071078251
1.01000000000000000888	0.99959112095653013252	0.59662891615470281526	0.40296220480183603252	5.28024533732371370576	1.99998657510213218025	0.01025834715906764200	0.01043290562650612055
1.01500000000000012434	0.99958986473303024223	0.60843720324270078592	0.39115266149033806053	5.26828822124583862063	1.99999328699715217539	0.01025788008739196393	0.01048419502694307968
1.02000000000000001776	0.99958860762909274023	0.62018029466309210207	0.37940831296601057465	5.25639680852096269348	1.99999876180647184754	0.01025740422252553914	0.01053548204805570751
1.02499999999999991118	0.99958639605938692796	0.63185076440398912911	0.36773563165540895659	5.24457466011609074741	2.00000436822764671163	0.01025691139314966263	0.01058676660502145574
1.03000000000000002665	0.99958516536222352666	0.64344282321105161770	0.35614234215118062421	5.23283525652449377219	2.00001147673595491838	0.01025639340318449701	0.01063804857203737818
1.03499999999999992006	0.99958295754422910040	0.65494859486044298968	0.34463436268379499250	5.22117854720465324192	2.00001719472159678048	0.01025586604856428691	0.01068932790228020041
1.04000000000000003553	0.99958075711223126625	0.66636185979186746131	0.33321889732037490717	5.20961468065835919816	2.00002453132288549043	0.01025531467678024444	0.01074060447566410094
1.04499999999999992895	0.99957950446672205747	0.67767638904154736679	0.32190311542518551535	5.19815354995441403219	2.00003184733017036478	0.01025474573498139433	0.01079187820433900706
1.05000000000000004441	0.99957727160499310060	0.68888455006833837491	0.31069272153666482872	5.18679502049242557860	2.00003795798702643793	0.01025416916896391105	0.01084314905018382742
1.05499999999999993783	0.99957504584688572358	0.69998027324095368762	0.29959477260594069570	5.17554910627297370951	2.00004566010750828298	0.01025356949455986759	0.01089441689765662663
1.06000000000000005329	0.99957377086626653107	0.71095749264340368789	0.28861627822287211353	5.16442554556763155915	2.00005332550388992274	0.01025295295735051231	0.01094568166244337844
1.06499999999999994671	0.99957151393181675747	0.72180883537770834657	0.27776267855411873597	5.15342392504178992141	2.00005981955333256295	0.01025232999786526364	0.01099694331243270505
1.07000000000000006217	0.99957023022745306040	0.73252885549900759177	0.26704137472845579371	5.14255751153408446896	2.00006787121174189892	0.01025168502938264385	0.01104820173757961772
1.07499999999999995559	0.99956798530473134345	0.74311037123356393774	0.25645761407117662056	5.13182564132067664531	2.00007460491258814983	0.01025103294308095207	0.01109945690229502228
1.08000000000000007105	0.99956574674589537821	0.75354762800146868340	0.24601811874443751949	5.12123794370460938552	2.00008285346560299445	0.01025036001599212432	0.01115070870237498332
1.08499999999999996447	0.99956444059490834331	0.76383489799333037507	0.23572954260158887618	5.11080373924332853619	2.00009103452799408274	0.01024967141901251232	0.01120195705947004544
1.09000000000000007994	0.99956217668743463367	0.77396533719752957925	0.22559683948991440805	5.10052225639743195273	2.00009813484026999220	0.01024897816946598525	0.01125320195031737601
1.09499999999999997335	0.99955991865302351584	0.78393342848166036596	0.21562649017137497376	5.09040287820695613874	2.00010669967271281777	0.01024826559674115421	0.01130444327830108092
1.10000000000000008882	0.99955858968460675751	0.79373369435924046034	0.20582489532537598387	5.08045465746206215130	2.00011518049130820884	0.01024753810012708592	0.01135568096880171587
1.10499999999999998224	0.99955631036620917751	0.80335964286328176431	0.19619666750293754398	5.07067651443225919650	2.00012262976057586528	0.01024680722417363812	0.01140691500492258328
1.11000000000000009770	0.99955403628066286092	0.81280602437149751527	0.18674801190917655891	5.06107754039733226392	2.00013148718754907307	0.01024605873739027964	0.01145814529860953411
1.11499999999999999112	0.99955268412671061107	0.82206764170962332017	0.17748504241709769924	5.05166647405098068191	2.00013967526387492768	0.01024529412285054598	0.01150937176922378624
1.12000000000000010658	0.99955039409753254631	0.83113838711513066126	0.16841200698241204359	5.04244193262819262458	2.00014712346907685969	0.01024452811607511060	0.01156059440980416152
1.12500000000000000000	0.99954810858937248597	0.84001330716728150882	0.15953480142210288428	5.03341266647523877253	2.00015614474540193157	0.01024374726238209965	0.01161181314611607271
1.13000000000000011546	0.99954673345665101536	0.84868751362714167641	0.15085921982951952525	5.02458705304361696875	2.00016473299665475949	0.01024295190251928861	0.01166302790562866870
1.13500000000000000888	0.99954443928658598395	0.85715531302893688270	0.14238912625766089737	5.01596341704489034896	2.00017271563466447759	0.01024215605360202092	0.01171423868589667808
1.14000000000000012434	0.99954214863215007369	0.86541207502242256666	0.13413007360973711046	5.00755011643186875858	2.00018159539008522074	0.01024134640326803368	0.01176544541791301780
1.14500000000000001776	0.99953981647155931700	0.87345296148352691290	0.12608685498804347858	4.99935167221995335751	2.00019030541599374118	0.01024052371403237106	0.01181664803648318010
1.15000000000000013323	0.99953839772176555911	0.88127356031626868926	0.11826483740550790269	4.99137626606338358215	2.00019940670321405563	0.01023969286751020766	0.01186784650082073171
1.15500000000000002665	0.99953606671979866594	0.88886875673006426890	0.11066730998974583233	4.98362165808258339439	2.00020738277350362821	0.01023886188045344293	0.01191904081022299861
1.15999999999999992006	0.99953373794205024883	0.89623439917492919715	0.10329933876713277840	4.97609571464262057106	2.00021674973051855062	0.01023802194435954535	0.01197023091994479579
1.16500000000000003553	0.99953136521860075359	0.90336617910051209002	0.09616518611809919681	4.96880241063275018831	2.00022560902781831871	0.01023716881949156277	0.01202141676404225312
1.16999999999999992895	0.99952990122650220428	0.91026018682775167168	0.08926971439876198178	4.96174941465073437996	2.00023486517723902978	0.01023630912420190643	0.01207259830966326240
1.17500000000000004441	0.99952754297714574427	0.91691193107900448300	0.08261561189815271045	4.95493396144087672184	2.00024310609998545729	0.01023545137929960346	0.01212377556655976074
1.17999999999999993783	0.99952518526061839843	0.92331777902878642283	0.07620740623184248108	4.94836333466958588900	2.00025257088108521231	0.01023458855449906751	0.01217494850933225660
1.18500000000000005329	0.99952278137652239565	0.92947399193283497532	0.07004878944369849481	4.94204092559370256055	2.00026146808559257551	0.01023371277407075265	0.01222611707320261053
1.18999999999999994671	0.99952127197012596849	0.93537720076364272437	0.06414407120649488758	4.93597382000688966741	2.00027080354825947950	0.01023283247015414552	0.01227728123555338162
1.19500000000000006217	0.99951890017134237265	0.94102357581596762781	0.05849532435538693648	4.93015876994101809316	2.00027969381390757775	0.01023195588413300036	0.01232844101497404705
1.19999999999999995559	0.99951652675844882001	0.94641003854598848566	0.05310648821247023615	4.92460240022510742364	2.00028876856201520695	0.01023107877179324325	0.01237959640883301397
1.20500000000000007105	0.99951410550150010526	0.95153345476886430632	0.04798065073264594360	4.91930747920477262625	2.00029811173548832670	0.01023018897292488939	0.01243074735369763782
1.20999999999999996447	0.99951255243335290768	0.95639102948955490024	0.04312152294380890843	4.91428041776957780229	2.00030752143309653590	0.01022929566551070146	0.01248189383202519091
1.21500000000000007994	0.99951018572670158324	0.96097962548994508847	0.03853056023676734720	4.90951759252918762400	2.00031614806418511776	0.01022840823554009050	0.01253303587320289160
1.21999999999999997335	0.99950781486083895011	0.96529674935675702230	0.03421106550409461211	4.90502485586598790945	2.00032560967682249142	0.01022752702721996775	0.01258417350833899127
1.22500000000000008882	0.99950539476528799110	0.96933990031328265413	0.03016549445201567939	4.90080432334698024022	2.00033496083097661611	0.01022663069172742058	0.01263530666179762778
1.22999999999999998224	0.99950292435347221076	0.97310674853131751139	0.02639617582216368524	4.89685829314861642558	2.00034372888488443110	0.01022573358866440615	0.01268643532974094920
1.23500000000000009770	0.99950130200654030421	0.97659526115490635778	0.02290604085164578071	4.89319235223096793419	2.00035305670707286296	0.01022483645055653582	0.01273755951199373113
1.23999999999999999112	0.99949799702125607936	0.97980305716833793195	0.01969493985292969374	4.88979871445142144637	2.00036248277957762198	0.01022394709695780349	0.01278867924747851929
1.24500000000000010658	0.99949635217704035917	0.98272878397038665454	0.01676756820666346418	4.88669227626340774151	2.00037098776648214482	0.01022306305274032177	0.01283979456274222074
1.25000000000000000000	0.99949387183965299197	0.98537041671178904334	0.01412345512787481841	4.88386465474445863322	2.00038043187434855241	0.01022215801214562507	0.01289090535280294943
1.25500000000000011546	0.99949138270187043442	0.98772656868276353936	0.01176481401911711085	4.88132090530575268872	2.00038970546465133538	0.01022128813189820094	0.01294201179346243964
1.26000000000000000888	0.99948884070500010335	0.98979589847342275277	0.00969294223158987528	4.87906195171902634655	2.00039895537620404653	0.01022039900249631719	0.01299311378847492135
1.26500000000000012434	0.99948712564215591581	0.99157733387368152123	0.00790979176848447679	4.87709237774250325970	2.00040736238304628358	0.01021951385897982602	0.01304421135776982071
1.27000000000000001776	0.99948381669893360257	0.99306962027806577886	0.00641419642087895196	4.87540369150010644006	2.00041791744570085498	0.01021863938373936652	0.01309530455468851766
1.27500000000000013323	0.99948207000607980355	0.99427225537463259641	0.00520981463145794681	4.87400925017534714101	2.00042554493059654419	0.01021778102395955699	0.01314639345980831570
1.28000000000000002665	0.99947956536774673619	0.99518435170615693330	0.00429521366160112543	4.87290015373947316135	2.00043549989891156216	0.01021688820130088604	0.01319747790081481943
1.28499999999999992006	0.99947704587724284231	0.99580549860991673938	0.00367154726733574972	4.87208023741977847010	2.00044447513805234706	0.01021605130696474732	0.01324855815734964255
1.29000000000000003553	0.99947447245262044380	0.99613537886443725977	0.00333909358819605611	4.87154942924483780331	2.00045243439768949401	0.01021519291423309168	0.01329963412192080793
1.29499999999999992895	0.99947184430967450641	0.99617385103313849104	0.00329799327654779631	4.87130779076417130824	2.00046239500874545314	0.01021433631052626363	0.01335070580347343973
1.30000000000000004441	0.99946916094299653732	0.99592094531266461832	0.00354821563034299174	4.87135530427364926709	2.00047037411572059540	0.01021348734655844540	0.01340177324020623215
1.30499999999999993783	0.99946729828338765067	0.99537691440348508021	0.00409038387991472480	4.87169519193206745911	2.00047926647120855037	0.01021264524560147428	0.01345283646643423946
1.31000000000000005329	0.99946393235599950700	0.99454199314933400267	0.00492193920667755112	4.87231789458067243714	2.00048944841984610576	0.01021182035723930404	0.01350389556822043612
1.31499999999999994671	0.99946202582153298444	0.99341689005329314455	0.00604513576824955608	4.87323482460701296048	2.00049652630366514572	0.01021102596659044515	0.01355495069805338904
1.32000000000000006217	0.99945945967814964206	0.99200220478658174272	0.00745725489157896514	4.87443628246592730591	2.00050724924354295098	0.01021017298057033500	0.01360600156295624016
1.32499999999999995559	0.99945686961512281155	0.99029885533239703221	0.00915801428273613563	4.87592455517679645993	2.00051420295788773274	0.01020941797330927533	0.01365704865282278690
1.33000000000000007105	0.99945422471492395555	0.98830789330960955308	0.01114633140532502592	4.87769804774056314756	2.00052404947241102562	0.01020861671538828529	0.01370809173639972803
1.33499999999999996447	0.99945152422812333359	0.98603054191283079355	0.01342098231530477331	4.87975559942761538679	2.00053127813334308271	0.01020783207504318349	0.01375913089677494386
1.34000000000000007994	0.99944876834595730575	0.98346819216700487321	0.01598057617896420438	4.88209579083146927303	2.00053966772830049692	0.01020705662720089966	0.01381016617991094771
1.34499999999999997335	0.99944678918578222504	0.98062242254960829690	0.01882436663618778858	4.88472034388013121031	2.00054808623057844841	0.01020628865226034902	0.01386119762317224863
1.35000000000000008882	0.99944350015206362414	0.97749490605602795679	0.02194859409604612774	4.88761922526354997132	2.00055861934691092685	0.01020554563794467615	0.01391222535136197279
1.35499999999999998224	0.99944146159380908845	0.97408758922254634616	0.02535387237127158244	4.89080107616346815291	2.00056391878033057452	0.01020485071087954068	0.01396324960491637096
1.36000000000000009770	0.99943802976343143474	0.97040247544362678855	0.02903555431981812499	4.89425268709906369224	2.00057342088134948455	0.01020408209078900105	0.01401427001537031668
1.36499999999999999112	0.99943591512669305299	0.96644182555043089966	0.03299408957627362332	4.89798321540351544456	2.00057988772305295200	0.01020340733370737885	0.01406528705203885336
1.37000000000000010658	0.99943329019179338868	0.96220799034792703353	0.03722529984387725616	4.90198237244219470199	2.00058964849437037614	0.01020265574093101070	0.01411630033074350900
1.37500000000000000000	0.99943062745511657141	0.95770351548804832920	0.04172711196708179388	4.90625011278330624975	2.00059854008958648564	0.01020202609382814610	0.01416731046121265034
1.38000000000000011546	0.99942791104191508467	0.95293109743069259743	0.04649681361123535889	4.91078344720906212473	2.00060456585042478750	0.01020135981066869549	0.01421831726026599393
1.38500000000000000888	0.99942514126383386053	0.94789359023887109768	0.05153155102497498224	4.91557947575153431075	2.00061213820898098348	0.01020070132219963802	0.01426932076687699273
1.39000000000000012434	0.99942231823588323358	0.94259400344484867151	0.05682831479104502592	4.92063516859971006312	2.00061973144283244963	0.01020005322826387194	0.01432032103301831248
1.39500000000000001776	0.99941944203973853700	0.93703550010587877139	0.06238394193387212378	4.92594735342525069655	2.00062733874892284547	0.01019941745604710862	0.01437131812029854815
1.40000000000000013323	0.99941651275321963244	0.93122139483279064986	0.06819511792044230525	4.93151271195518425827	2.00063495688691350693	0.01019879503711021949	0.01442231209548409943
1.40500000000000002665	0.99941434662126138466	0.92515515213734045297	0.07425919448393324129	4.93733104452430549003	2.00064258396377736560	0.01019818665806986047	0.01447330302877444796
1.40999999999999992006	0.99941175935320492041	0.91884038252113164891	0.08057137683208473455	4.94339400616223745288	2.00379363399387200317	0.01019847709026028455	0.01452429541422574875
1.41500000000000003553	0.99941015271313471402	0.91228083013450189664	0.08712932257864505758	4.94970541920622242316	2.00067302338088248703	0.01019731492321493058	0.01457528198884182336
1.41999999999999992895	0.99940740738597955151	0.90548039565117199867	0.09392701173481794730	4.95624902437140768541	2.00398297312448736562	0.01019744324021718863	0.01462626920504290877
1.42500000000000004441	0.99940577042576106415	0.89844311968449919181	0.10096265074127257211	4.96303377993273464597	2.00068551420022888720	0.01019625011405030264	0.01467725045561316111
1.42999999999999993783	0.99940390039834359204	0.89117318309271498222	0.10823071730563967041	4.97004595349500188917	2.00417043166691888345	0.01019645909899616690	0.01472823275110814178
1.43500000000000005329	0.99940277734922355890	0.88367490167060480655	0.11572787567862957703	4.97728950950340909287	2.00069583034279974143	0.01019526868217719533	0.01477920909451902777
1.43999999999999994671	0.99940165116656753952	0.87595270916283940466	0.12344894200373798809	4.98475492912370565790	2.00069955019211720426	0.01019482135693011715	0.01483018320130367884
1.44500000000000006217	0.99940052116538180549	0.86801118485999129160	0.13138933630540078346	4.99243759806090281472	2.00070321209017709663	0.01019438240633029936	0.01488115511333533078
1.44999999999999995559	0.99939938669480865574	0.85985503628715920232	0.13954435040765877929	5.00033280305161653700	2.00070679194050260463	0.01019395746108158439	0.01493212490064073882
1.45500000000000007105	0.99939824680638256194	0.85148909627417423973	0.14790915053221931341	5.00843571121493003062	2.00071030200915256358	0.01019354735185624104	0.01498309263740001986
1.45999999999999996447	0.99939710129326064791	0.84291832000957767068	0.15647878128369349660	5.01674138208349784662	2.00071370173498053191	0.01019315542333710037	0.01503405841451670513
1.46500000000000007994	0.99939594929537334256	0.83414778204067951961	0.16524816725470486967	5.02524474932310560860	2.00071703035311321273	0.01019277981645923953	0.01508502231359900095
1.46999999999999997335	0.99939479061642844115	0.82518267325874838924	0.17421211735769104312	5.03394064221122405911	2.00072024661917557964	0.01019242340345363936	0.01513598443061626997
1.47500000000000008882	0.99939362445885027153	0.81602829778423868756	0.18336532667462257518	5.04282376903423834591	2.00072339356347850270	0.01019208398380121346	0.01518694485053527672
1.47999999999999998224	0.99939245034700652237	0.80669006983104918351	0.19270238051596744189	5.05188873457182463511	2.00072645016889749670	0.01019176310041836238	0.01523790366603736818
1.48500000000000009770	0.99939126781917830833	0.79717351047353701698	0.20221775734565330951	5.06113003818792250854	2.00072941725434150229	0.01019146095657779902	0.01528886097082025712
1.48999999999999999112	0.99939007642423582922	0.78748424436599817611	0.21190583205824831126	5.07054207703762660486	2.00073229559017118362	0.01019117773865848599	0.01533981685951354978
1.49500000000000010658	0.99938887572048962227	0.77762799640301649706	0.22176087931748256210	5.08011914934398411958	2.00073508599435800903	0.01019091361309575582	0.01539077142757902875
1.50000000000000000000	0.99938766527490718872	0.76761058832219708492	0.23177707695272001254	5.08985545774550018905	2.00073778933023227466	0.01019066872884820396	0.01544172477122326970
1.50500000000000011546	0.99938644514149121978	0.75743793561385164281	0.24194850952765031837	5.09974511378514350213	2.00074015577172836799	0.01019044972516012712	0.01549267701984907014
1.51000000000000000888	0.99938521446617367694	0.74711604295916789198	0.25226917150701522186	5.10978213829937377710	2.00074267758082635638	0.01019024381069900953	0.01554362823890256470
1.51500000000000012434	0.99938397287046309980	0.73665100178337183934	0.26273297108709997572	5.11996046880781374711	2.00074515037844324894	0.01019005644832795057	0.01559457852114420374
1.52000000000000001776	0.99938271992198379756	0.72604898599863088027	0.27333373392336351992	5.13027395962733034906	2.00074750234476361754	0.01018988991036765164	0.01564552797069604373
1.52500000000000013323	0.99938145528906097148	0.71531624882310862468	0.28406520646596244983	5.14071638889636428615	2.00074980730606455381	0.01018974201775897648	0.01569647668078483910
1.53000000000000002665	0.99938017851252103352	0.70445911857701637437	0.29492105993551437360	5.15128145823811145476	2.00075199194389030666	0.01018961511180908885	0.01574742475634388628
1.53500000000000014211	0.99937888932558305299	0.69348399546178507435	0.30589489386380841474	5.16196280139544683152	2.00075413419963910044	0.01018950694279185248	0.01579837229105784599
1.54000000000000003553	0.99937758736465220899	0.68239734733903456565	0.31698024002562835699	5.17275398445671630299	2.00075619355040190683	0.01018941879200743056	0.01584931938501788276
1.54499999999999992895	0.99937627226289815763	0.67120570607641805161	0.32817056618649070865	5.18364851002686766179	2.00075817236264308363	0.01018935060037650872	0.01590026613801976546
1.55000000000000004441	0.99937494365726720069	0.65991566368552867505	0.33945927997175012747	5.19463982151232617213	2.00076007217561713247	0.01018930237941701074	0.01595121264991684884
1.55499999999999993783	0.99937360118772866624	0.64853386842643390153	0.35083973276130620000	5.20572130699578838886	2.00076189454756203645	0.01018927413056865822	0.01600215902056969369
1.56000000000000005329	0.99937224449709871621	0.63706702088051270216	0.36230522361659822650	5.21688630314898027507	2.00076364106840465240	0.01018926584325061460	0.01605310534978594827
1.56499999999999994671	0.99937087323046380760	0.62552186999323411420	0.37384900323724057358	5.22812809915984377795	2.00076531334096729964	0.01018927749579442467	0.01610405173726492042
1.57000000000000006217	0.99936948703507166858	0.61390520908998702510	0.38546427794509374731	5.23943994069872065467	2.00076691300175513177	0.01018930905387436039	0.01615499828253429138
1.57499999999999995559	0.99936808555989775638	0.60222387186651249458	0.39714421369339825141	5.25081503389643167168	2.00076844170047785099	0.01018936047204050017	0.01620594508489449359
1.58000000000000007105	0.99936666845560440109	0.59048472835704413075	0.40888194009857181666	5.26224654935338342909	2.00076990111746200185	0.01018943169246946077	0.01625689224335684011
1.58499999999999996447	0.99936523537436527942	0.57869468088207365319	0.42067055449230372766	5.27372762616678070202	2.00077129295530209419	0.01018952264569547572	0.01630783985658531762
1.59000000000000007994	0.99936378596969055454	0.56686065997820345164	0.43250312599149998150	5.28525137597409422341	2.00077261893956404037	0.01018963325045488949	0.01635878802283759204
1.59499999999999997335	0.99936231989631585382	0.55498962031257714766	0.44437269958374864265	5.29681088701200675217	2.00077388081868212666	0.01018976341374857979	0.01640973683990633661
1.60000000000000008882	0.99936083681288845337	0.54308853658480693571	0.45627230022809062149	5.30839922819919429742	2.00077508036367968103	0.01018991303091070465	0.01646068640506088976
1.60499999999999998224	0.99935933633458295944	0.53116439939942017290	0.46819493693517322264	5.32000945587894236155	2.00077617361079118652	0.01019008262429473358	0.01651163681818236181
1.61000000000000009770	0.99935781814855750849	0.51922421118125516859	0.48013360696731427479	5.33163460993793769660	2.00077724825818847876	0.01019027079342054408	0.01656258817214946444
1.61499999999999999112	0.99935628191167136247	0.50727498203821319578	0.49208129987346999057	5.34326772580437392435	2.00077826603021913243	0.01019047803132568271	0.01661354056230609361
1.62000000000000010658	0.99935472728209140403	0.49532372563399151844	0.50403100164810876738	5.35490183594449931093	2.00077922874673896914	0.01019070418825664300	0.01666449408324737619
1.62500000000000000000	0.99935315391838064336	0.48337745505986440264	0.51597569885852756499	5.36652997395641051526	2.00078013835916435070	0.01019094910165451763	0.01671544882875564825
1.63000000000000011546	0.99935156148047288305	0.47144317870945090521	0.52790838277103380172	5.37814517867205665880	2.00078099672447784485	0.01019121259950460552	0.01676640489175316995
1.63500000000000000888	0.99934994962872214508	0.45952789615599692885	0.53982205347273515272	5.38974049824535406117	2.00078180584173903611	0.01019149449692632360	0.01681736236423780201
1.64000000000000012434	0.99934831802454271443	0.44763859403720646091	0.55170972398734707820	5.40130899424202226555	2.00078256766959672319	0.01019179459925946031	0.01686832133723410038
1.64500000000000001776	0.99934666633045932116	0.43578224194840892158	0.56356442438206277856	5.41284374571597215464	2.00078328419085016421	0.01019211270097687867	0.01691928190073898469
1.65000000000000013323	0.99934499421026412591	0.42396578834704407024	0.57537920586323088035	5.42433785327540185506	2.00078395741017311948	0.01019244858587376942	0.01697024414366835390
1.65500000000000002665	0.99934330132910198508	0.41219615647075402709	0.58714714485835761693	5.43578444313472974869	2.00078458935387404338	0.01019280202722216630	0.01702120815380446517
1.66000000000000014211	0.99934158735361733328	0.40048024027154427440	0.59886134708208416111	5.44717667115048076454	2.00078518206929256706	0.01019317278791317949	0.01707217401774403093
1.66500000000000003553	0.99933985195211427754	0.38882490036839190140	0.61051495158373203509	5.45850772683859375434	2.00078573762496469968	0.01019356062060772748	0.01712314182084706884
