0.00000000000000000000	1.00000000000000000000	0.00000000000000000000	1.00000000000000000000	0.00000000000000000000	nan	0.00000000000000000000	0.00000000000000000000
0.00500000000000000010	1.00000000031250002586	0.00002499999999218750	0.99997500000000771880	0.00000000015624999995	nan	0.00000000000000000000	0.00000000000000000000
0.01000000000000000021	1.00000000031247937571	0.00009999500003645918	0.99990000499996378736	0.00000000249986458389	0.00000000000000000000	0.00000000000001562396	0.00000000000000007812
0.01499999999999999944	1.00000000031243851950	0.00022497000170304017	0.99977502999829692687	0.00000001265456648685	0.02778086436789522010	0.00000000000014060098	0.00000000000000078112
0.02000000000000000042	1.00000000031237568088	0.00039990001210294177	0.99960009998789733920	0.00000003999068844933	0.05575940231890964133	0.00000000000056231839	0.00000000000000359272
0.02500000000000000139	1.00000000031229263620	0.00062475005044751453	0.99937524994955284630	0.00000009762181566207	0.07292284420682668133	0.00000000000156168901	0.00000000000001140116
0.02999999999999999889	1.00000000031218450047	0.00089947515710363940	0.99910052484289635366	0.00000020240033686869	0.08349551694350348940	0.00000000000351296004	0.00000000000002896596
0.03500000000000000333	1.00000000031205105167	0.00122402040514159706	0.99877597959485853174	0.00000037491190561965	0.09033085796236103859	0.00000000000688346356	0.00000000000006338328
0.04000000000000000083	1.00000000031188918115	0.00159832091437191333	0.99840167908562849064	0.00000063946881352470	0.09496824536418778384	0.00000000001223330903	0.00000000000012454982
0.04499999999999999833	1.00000000031168712056	0.00202230186786673269	0.99797769813213299539	0.00000102410227770388	0.09824888693639603765	0.00000000002021501781	0.00000000000022562491
0.05000000000000000278	1.00000000031143843060	0.00249587853096054938	0.99750412146903988386	0.00000156055364498897	0.10065362947997744114	0.00000000003157310009	0.00000000000038349041
0.05500000000000000028	1.00000000031112512566	0.00301895627272433546	0.99698104372727591738	0.00000228426451577849	0.10247053904700705040	0.00000000004714357449	0.00000000000061920829
0.05999999999999999778	1.00000000031072788786	0.00359143058990647572	0.99640856941009370296	0.00000323436579079884	0.10387970938774536422	0.00000000006785343064	0.00000000000095847544
0.06500000000000000222	1.00000000031021851754	0.00421318713333302536	0.99578681286666703709	0.00000445366564437305	0.10499802490713507075	0.00000000009472003519	0.00000000000143207562
0.07000000000000000666	1.00000000030956126551	0.00488410173675924136	0.99511589826324087227	0.00000598863642814538	0.10590385731054913210	0.00000000012885048161	0.00000000000207632802
0.07499999999999999722	1.00000000030870950241	0.00560404044816352996	0.99439595955183701648	0.00000788940050955589	0.10665126792915380349	0.00000000017144088426	0.00000000000293353245
0.08000000000000000167	1.00000000030760727299	0.00637285956347417078	0.99362714043652577978	0.00001020971504970277	0.10727848652011919006	0.00000000022377561727	0.00000000000405241053
0.08500000000000000611	1.00000000030618507729	0.00719040566271866247	0.99280959433728166452	0.00001300695572557273	0.10781314508457971735	0.00000000028722649872	0.00000000000548854303
0.08999999999999999667	1.00000000030435898246	0.00805651564858455085	0.99194348435141588283	0.00001634209940195976	0.10827560620249172818	0.00000000036325192075	0.00000000000730480263
0.09500000000000000111	1.00000000030202640389	0.00897101678738007266	0.99102898321262022918	0.00002027970575873085	0.10868113656878811146	0.00000000045339592611	0.00000000000957178226
0.10000000000000000555	1.00000000029906899179	0.00993372675238227663	0.99006627324761786735	0.00002488789787943366	0.10904136054247966225	0.00000000055928723194	0.00000000001236821842
0.10499999999999999611	1.00000000029534485968	0.01094445366955932968	0.98905554633044057145	0.00003023834180757472	0.10936525319543498325	0.00000000068263820143	0.00000000001578140943
0.11000000000000000056	1.00000000029069369134	0.01200299616624282695	0.98799700383375710366	0.00003640621204934963	0.11632317934080627087	0.00000000083772924485	0.00000000001997005565
0.11500000000000000500	1.00000000028492386228	0.01310914342230304341	0.98689085657769737292	0.00004347017729925652	0.12815910317897821757	0.00000000103024995421	0.00000000002512130542
0.11999999999999999556	1.00000000027781998924	0.01426267522316880011	0.98573732477683118081	0.00005151237642183591	0.14348256427127056845	0.00000000126656230483	0.00000000003145411695
0.12500000000000000000	1.00000000026913471451	0.01546336201515928488	0.98453663798484070124	0.00006061839343406131	0.16112713115002894049	0.00000000155369674032	0.00000000003922260065
0.13000000000000000444	1.00000000025858937214	0.01671096496311125223	0.98328903503688869225	0.00007087723149690402	0.18011465461898279461	0.00000000189934765107	0.00000000004871933890
0.13500000000000000888	1.00000000024587021308	0.01800523601028410081	0.98199476398971596858	0.00008238128592472791	0.19965005599876128883	0.00000000231186844159	0.00000000006027868111
0.14000000000000001332	1.00000000023062218801	0.01934591794052459290	0.98065408205947524056	0.00009522631622147846	0.21911638979674863403	0.00000000280026619015	0.00000000007428001206
0.14499999999999999001	1.00000000021244939141	0.02073274444267251757	0.97926725555732763162	0.00010951141715293958	0.23806044601767384350	0.00000000337419590454	0.00000000009115099158
0.14999999999999999445	1.00000000019091617176	0.02216544017718780762	0.97783455982281175523	0.00012533898886463374	0.25617016395528757755	0.00000000404395437795	0.00000000011137076347
0.15499999999999999889	1.00000000016553536319	0.02364372084497900345	0.97635627915502110064	0.00014281470605523962	0.27324837503730897703	0.00000000482047364941	0.00000000013547313172
0.16000000000000000333	1.00000000013577072799	0.02516729325841236820	0.97483270674158750690	0.00016204748621570080	0.28918690136579072725	0.00000000571531407334	0.00000000016404970209
0.16500000000000000777	1.00000000010103096137	0.02673585541448056033	0.97326414458551913089	0.00018314945694448772	0.30394348814680111071	0.00000000674065700310	0.00000000019775298710
0.17000000000000001221	1.00000000006067191194	0.02834909657010845768	0.97165090342989113292	0.00020623592234976520	0.31752263711167377780	0.00000000790929709381	0.00000000023729947257
0.17500000000000001665	1.00000000001398725580	0.03000669731957391825	0.96999330268042549541	0.00023142532854950244	0.32996046472246742809	0.00000000923463422969	0.00000000028347264372
0.17999999999999999334	0.99999999996020749737	0.03170832967402015951	0.96829167032597973641	0.00025883922828083962	0.34131319998809273031	0.00000001073066508185	0.00000000033712596913
0.18499999999999999778	0.99999999989849475135	0.03345365714303624727	0.96654634285696361395	0.00028860224463030581	0.35164872964008830891	0.00000001241197430223	0.00000000039918584064
0.19000000000000000222	0.99999999982794107733	0.03524233481828118603	0.96475766518171879316	0.00032084203389675048	0.36104056827989100542	0.00000001429372536006	0.00000000047065446744
0.19500000000000000666	0.99999999974756847987	0.03707400945912635304	0.96292599054087391064	0.00035568924759911852	0.36956368907976133720	0.00000001639165102719	0.00000000055261272258
0.20000000000000001110	0.99999999965631702903	0.03894831958029174729	0.96105168041970812087	0.00039327749364146720	0.37729174237852874940	0.00000001872204351911	0.00000000064622294017
0.20500000000000001554	0.99999999955304874621	0.04086489554144908526	0.95913510445855110209	0.00043374329664786941	0.38429528563891762749	0.00000002130174429834	0.00000000075273166166
0.20999999999999999223	0.99999999943653861134	0.04282335963876545554	0.95717664036123495386	0.00047722605748112785	0.39064070773794579150	0.00000002414813209083	0.00000000087347232212
0.21499999999999999667	0.99999999930547711635	0.04482332619836066484	0.95517667380163884250	0.00052386801195772954	0.39638969107103594336	0.00000002727911157862	0.00000000100986788001
0.22000000000000000111	0.99999999915845871890	0.04686440167165047133	0.95313559832834937602	0.00057381418877134596	0.40159904336720775309	0.00000003071310337559	0.00000000116343339689
0.22500000000000000555	0.99999999899398306358	0.04894618473254680469	0.95105381526745358389	0.00062721236663934447	0.40632072204551289429	0.00000003446903249580	0.00000000133577855937
0.23000000000000000999	0.99999999881045287253	0.05106826637648803624	0.94893173362351224132	0.00068421303068619461	0.41060200440355781870	0.00000003856631652312	0.00000000152861014198
0.23500000000000001443	0.99999999860616328728	0.05323023002126827524	0.94676976997873230069	0.00074496932807786278	0.41448574544068228498	0.00000004302485349011	0.00000000174373440943
0.23999999999999999112	0.99999999837930497737	0.05543165160963711008	0.94456834839036241114	0.00080963702292151797	0.41801068307754796205	0.00000004786500947489	0.00000000198305945681
0.24499999999999999556	0.99999999812795625775	0.05767209971363927018	0.94232790028636070900	0.00087837445044509682	0.42121176347980343602	0.00000005310760592439	0.00000000224859748643
0.25000000000000000000	0.99999999785008464315	0.05995113564066344852	0.94004886435933632249	0.00095134247047148413	0.42412046842490247478	0.00000005877390671295	0.00000000254246702000
0.25500000000000000444	0.99999999754353463555	0.06226831354116965644	0.93773168645883031580	0.00102870442020227930	0.42676513316381070595	0.00000006488560494523	0.00000000286689504472
0.26000000000000000888	0.99999999720602827935	0.06462318051806288655	0.93537681948193696080	0.00111062606632630944	0.42917124777096743449	0.00000007146480951243	0.00000000322421909228
0.26500000000000001332	0.99999999683516527238	0.06701527673768183091	0.93298472326231807195	0.00119727555646826516	0.43136173810090111536	0.00000007853403141140	0.00000000361688924934
0.27000000000000001776	0.99999999642841241876	0.06944413554236976427	0.93055586445763061043	0.00128882336999302572	0.43335722458446446215	0.00000008611616983579	0.00000000404747009852
0.27500000000000002220	0.99999999598310207460	0.07190928356459425075	0.92809071643540530516	0.00138544226818139242	0.43517625849708008179	0.00000009423449804906	0.00000000451864258877
0.28000000000000002665	0.99999999549643292518	0.07441024084258421323	0.92558975915741581453	0.00148730724379319548	0.43683553622912224546	0.00000010291264904893	0.00000000503320583401
0.28500000000000003109	0.99999999496546010391	0.07694652093744770716	0.92305347906255241774	0.00159459547003384743	0.43835009263742108487	0.00000011217460103332	0.00000000559407883918
0.28999999999999998002	0.99999999438709274990	0.07951763105174028401	0.92048236894825996579	0.00170748624894064395	0.43973347486623598490	0.00000012204466267746	0.00000000620430215256
0.29499999999999998446	0.99999999375809389690	0.08212307214944505884	0.91787692785055507994	0.00182616095920521792	0.44099789817333218123	0.00000013254745823261	0.00000000686703944373
0.29999999999999998890	0.99999999307507203561	0.08476233907733368711	0.91523766092266645167	0.00195080300344878778	0.44215438533673606658	0.00000014370791245628	0.00000000758557900601
0.30499999999999999334	0.99999999233448344516	0.08743492068767062808	0.91256507931232944131	0.00208159775496689729	0.44321289118851014965	0.00000015555123538442	0.00000000836333518293
0.30999999999999999778	0.99999999153261898144	0.09014029996222594487	0.90985970003777427717	0.00221873250396059955	0.44418241375042305519	0.00000016810290695597	0.00000000920384971771
0.31500000000000000222	0.99999999066561418015	0.09287795413756071150	0.90712204586243927462	0.00236239640327106726	0.44507109335004957362	0.00000018138866150031	0.00000001011079302521
0.32000000000000000666	0.99999998972943449083	0.09564735483154959694	0.90435264516845048632	0.00251278041363486079	0.44588630098750275943	0.00000019543447209787	0.00000001108796538570
0.32500000000000001110	0.99999998871987416660	0.09844796817110232356	0.90155203182889764868	0.00267007724847707906	0.44663471711178526213	0.00000021026653482456	0.00000001213929805982
0.33000000000000001554	0.99999998763255781853	0.10127925492104933314	0.89872074507895061135	0.00283448131825991259	0.44732240185581895187	0.00000022591125289078	0.00000001326885432428
0.33500000000000001998	0.99999998646293342119	0.10414067061415327453	0.89585932938584666996	0.00300618867440405292	0.44795485767366599594	0.00000024239522068552	0.00000001448083042771
0.34000000000000002442	0.99999998520626842691	0.10703166568220946753	0.89296833431779065737	0.00318539695280068867	0.44853708522484264654	0.00000025974520773656	0.00000001577955646639
0.34500000000000002887	0.99999998385765098696	0.10995168558819770621	0.89004831441180209950	0.00337230531693175333	0.44907363325983262747	0.00000027798814259727	0.00000001716949717937
0.35000000000000003331	0.99999998241197740612	0.11290017095944691883	0.88709982904055306729	0.00356711440061638872	0.44956864317792893937	0.00000029715109667090	0.00000001865525266273
0.35499999999999998224	0.99999998086396402197	0.11587655772177531122	0.88412344227822470266	0.00377002625040147223	0.45002588885366945348	0.00000031726126798328	0.00000002024155900265
0.35999999999999998668	0.99999997920812810914	0.11888027723456860707	0.88111972276543160110	0.00398124426761434051	0.45044881226080890624	0.00000033834596491450	0.00000002193328882722
0.36499999999999999112	0.99999997743880009171	0.12191075642675466839	0.87808924357324547039	0.00420097315009571037	0.45084055536241784967	0.00000036043258990055	0.00000002373545177672
0.36999999999999999556	0.99999997555010966543	0.12496741793363916329	0.87503258206636091998	0.00442941883363111126	0.45120398868227545863	0.00000038354862311570	0.00000002565319489230
0.37500000000000000000	0.99999997353598624183	0.12804968023456189674	0.87195031976543801999	0.00466678843309896799	0.45154173692486443414	0.00000040772160614628	0.00000002769180292303
0.38000000000000000444	0.99999997139016183478	0.13115695779133387799	0.86884304220866637181	0.00491329018335374436	0.45185620196916431723	0.00000043297912566674	0.00000002985669855136
0.38500000000000000888	0.99999996910616184564	0.13428866118741719649	0.86571133881258288678	0.00516913337986248372	0.45214958352400036468	0.00000045934879712866	0.00000003215344253701
0.39000000000000001332	0.99999996667730617350	0.13744419726780790492	0.86255580273219278897	0.00543452831911311364	0.45242389769972329860	0.00000048685824847333	0.00000003458773377937
0.39500000000000001776	0.99999996409670599551	0.14062296927958162218	0.85937703072041837782	0.00570968623881310412	0.45268099372175008011	0.00000051553510387862	0.00000003716540929877
0.40000000000000002220	0.99999996135726176849	0.14382437701306305389	0.85617562298693716816	0.00599481925789687592	0.45292256898581362279	0.00000054540696755060	0.00000003989244413652
0.40500000000000002665	0.99999995845166311792	0.14704781694357815791	0.85295218305642239720	0.00629014031636047390	0.45315018263199013937	0.00000057650140757050	0.00000004277495117437
0.41000000000000003109	0.99999995537238395293	0.15029268237375129069	0.84970731762624884809	0.00659586311494216645	0.45336526779458408143	0.00000060884593980739	0.00000004581918087341
0.41500000000000003553	0.99999995211168324349	0.15355836357630520128	0.84644163642369507627	0.00691220205466745643	0.45356914266718589834	0.00000064246801190691	0.00000004903152093294
0.41999999999999998446	0.99999994866160291096	0.15684424793732426595	0.84315575206267590058	0.00723937217627709188	0.45376302050671091237	0.00000067739498736630	0.00000005241849586978
0.42499999999999998890	0.99999994501396538560	0.16014972009994135616	0.83985027990005889365	0.00757758909955668150	0.45394801868633272157	0.00000071365412970599	0.00000005598676651831
0.42999999999999999334	0.99999994116037504988	0.16347416210840728934	0.83652583789159240535	0.00792706896258648340	0.45412516689515064483	0.00000075127258674765	0.00000005974312945204
0.43499999999999999778	0.99999993709221202121	0.16681695355250331092	0.83318304644749630050	0.00828802836092994849	0.45429541457163347129	0.00000079027737500870	0.00000006369451632709
0.44000000000000000222	0.99999993280063648182	0.17017747171225539038	0.82982252828774383246	0.00866068428677959322	0.45445963764835273224	0.00000083069536422323	0.00000006784799314820
0.44500000000000000666	0.99999992827658579220	0.17355509170291133492	0.82644490829708860957	0.00904525406807867374	0.45461864467718993144	0.00000087255326199882	0.00000007221075945820
0.45000000000000001110	0.99999992351076982811	0.17694918662013747745	0.82305081337986218948	0.00944195530763730292	0.45477318239664832333	0.00000091587759861901	0.00000007679014745129
0.45500000000000001554	0.99999991849367841912	0.18035912768539863471	0.81964087231460158733	0.00985100582226130714	0.45492394079639092430	0.00000096069471200069	0.00000008159362101130
0.46000000000000001998	0.99999991321557646362	0.18378428439147764806	0.81621571560852279603	0.01027262358191243126	0.45507155772826085594	0.00000100703073281590	0.00000008662877467538
0.46500000000000002442	0.99999990766649815566	0.18722402464809601019	0.81277597535190360123	0.01070702664891818451	0.45521662310780081073	0.00000105491156978698	0.00000009190333252431
0.47000000000000002887	0.99999990183625864226	0.19067771492759405527	0.80932228507240544513	0.01115443311724969265	0.45535968274575966408	0.00000110436289516411	0.00000009742514700013
0.47500000000000003331	0.99999989571444680703	0.19414472041063152163	0.80585527958936842285	0.01161506105188583361	0.45550124184492146728	0.00000115541013039421	0.00000010320219765210
0.47999999999999998224	0.99999988929042316066	0.19762440513186682600	0.80237559486813248011	0.01208912842828183641	0.45564176819399743179	0.00000120807843198951	0.00000010924258981205
0.48499999999999998668	0.99999988255332616927	0.20111613212557849506	0.79888386787442200454	0.01257685307196062564	0.45578169508702270907	0.00000126239267760462	0.00000011555455320007
0.48999999999999999112	0.99999987549206859061	0.20461926357118270792	0.79538073642881745862	0.01307845259824469419	0.45592142399386742513	0.00000131837745233018	0.00000012214644046172
0.49499999999999999556	0.99999986809533680798	0.20813316093861389255	0.79186683906138677358	0.01359414435214690957	0.45606132700489510068	0.00000137605703521121	0.00000012902672563778
0.50000000000000000000	0.99999986035160004505	0.21165718513352338448	0.78834281486647672654	0.01412414534843766181	0.45620174907044008794	0.00000143545538599816	0.00000013620400256777
0.50500000000000000444	0.99999985224909970771	0.21519069664225998206	0.78480930335774046203	0.01466867221190659189	0.45634301005381194827	0.00000149659613213823	0.00000014368698322846
0.51000000000000000888	0.99999984377585970918	0.21873305567658840598	0.78126694432341114993	0.01522794111783620438	0.45648540661463110624	0.00000155950255601472	0.00000015148449600854
0.51500000000000001332	0.99999983491968202909	0.22228362231811327199	0.77771637768188606188	0.01580216773270537792	0.45662921393770888878	0.00000162419758244134	0.00000015960548392074
0.52000000000000001776	0.99999982566815259766	0.22584175666236255831	0.77415824333763760823	0.01639156715513981691	0.45677468732115283911	0.00000169070376641903	0.00000016805900275284
0.52500000000000002220	0.99999981600863707687	0.22940681896249467964	0.77059318103750540363	0.01699635385712704519	0.45692206363616227893	0.00000175904328116171	0.00000017685421915865
0.53000000000000002665	0.99999980592828585646	0.23297816977259158677	0.76702183022740832996	0.01761674162551329220	0.45707156266966431080	0.00000182923790639801	0.00000018600040869064
0.53500000000000003109	0.99999979541403705152	0.23655517009049623067	0.76344482990950357504	0.01825294350379897193	0.45722338836000164797	0.00000190130901695522	0.00000019550695377541
0.54000000000000003553	0.99999978445261827886	0.24013718150015778141	0.75986281849984260717	0.01890517173425007580	0.45737772993485514839	0.00000197527757163163	0.00000020538334163357
0.54500000000000003997	0.99999977303054687905	0.24372356631344607725	0.75627643368655372846	0.01957363770034220574	0.45753476295976874821	0.00000205116410236337	0.00000021563916214539
0.55000000000000004441	0.99999976113413291401	0.24731368771139944363	0.75268631228860072291	0.02025855186955385218	0.45769465030483380552	0.00000212898870369150	0.00000022628410566384
0.55500000000000004885	0.99999974874948427406	0.25090690988486230584	0.74909309011513791621	0.02096012373652543503	0.45785754303641718055	0.00000220877102253468	0.00000023732796077652
0.56000000000000005329	0.99999973586250323621	0.25450259817448289690	0.74549740182551715861	0.02167856176660058753	0.45802358124023551111	0.00000229053024827288	0.00000024878061201788
0.56500000000000005773	0.99999972245889456879	0.25810011921002745661	0.74189988078997304299	0.02241407333976578806	0.45819289478138447436	0.00000237428510314712	0.00000026065203753362
0.57000000000000006217	0.99999970852416875111	0.26169884104897866983	0.73830115895102088608	0.02316686469500434803	0.45836560400658782344	0.00000246005383297990	0.00000027295230669852
0.57500000000000006661	0.99999969404364041914	0.26529813331437840374	0.73470186668562109666	0.02393714087508060778	0.45854182039333452048	0.00000254785419822104	0.00000028569157768962
0.57999999999999996003	0.99999967900243647012	0.26889736733187907802	0.73110263266812058891	0.02472510567177015062	0.45872164715022362147	0.00000263770346532302	0.00000029888009501624
0.58499999999999996447	0.99999966338549794997	0.27249591626597186034	0.72750408373402775108	0.02553096157155122434	0.45890517977245154357	0.00000272961839845004	0.00000031252818700849
0.58999999999999996891	0.99999964717758116350	0.27609315525534899871	0.72390684474465116782	0.02635490970177304521	0.45909250655601319124	0.00000282361525152443	0.00000032664626326611
0.59499999999999997335	0.99999963036326433574	0.27968846154737203591	0.72031153845262863022	0.02719714977731580233	0.45928370907388682554	0.00000291970976061402	0.00000034124481206918
0.59999999999999997780	0.99999961292694927728	0.28328121463160355065	0.71671878536839672691	0.02805788004775728109	0.45947886261722326040	0.00000301791713666372	0.00000035633439775250
0.60499999999999998224	0.99999959485286915584	0.28687079637237783425	0.71312920362762211024	0.02893729724506087161	0.45967803660425154977	0.00000311825205857430	0.00000037192565804537
0.60999999999999998668	0.99999957612508949545	0.29045659114036487258	0.70954340885963551600	0.02983559653179953045	0.45988129495941432179	0.00000322072866663116	0.00000038802930137853
0.61499999999999999112	0.99999955672751295044	0.29403798594310265324	0.70596201405689729125	0.03075297144992969814	0.46008869646503491868	0.00000332536055628559	0.00000040465610415995
0.61999999999999999556	0.99999953664388052665	0.29761437055446138267	0.70238562944553928347	0.03168961387012948772	0.46030029508762981827	0.00000343216077229065	0.00000042181690802141
0.62500000000000000000	0.99999951585778756868	0.30118513764300425262	0.69881486235699574738	0.03264571394171475460	0.46051614028076764962	0.00000354114180319387	0.00000043952261703738
0.63000000000000000444	0.99999949435266932696	0.30474968289921799958	0.69525031710078244451	0.03362146004314696401	0.46073627726628230139	0.00000365231557618826	0.00000045778419491832
0.63500000000000000888	0.99999947211182571571	0.30830740516157262299	0.69169259483842748804	0.03461703873314544988	0.46096074729543806692	0.00000376569345232326	0.00000047661266217993
0.64000000000000001332	0.99999944911841809336	0.31185770654138911251	0.68814229345861044340	0.03563263470241843228	0.46118958789156300204	0.00000388128622207673	0.00000049601909329032
0.64500000000000001776	0.99999942535546593181	0.31539999254647393956	0.68460000745352667106	0.03666843072602454096	0.46142283307551773541	0.00000399910410128896	0.00000051601461379676
0.65000000000000002220	0.99999940080586702251	0.31893367220349522206	0.68106632779650511100	0.03772460761637764365	0.46166051357525800247	0.00000411915672745947	0.00000053661039743406
0.65500000000000002665	0.99999937545239092618	0.32245815817906958722	0.67754184182092946909	0.03880134417690837140	0.46190265702066340969	0.00000424145315640686	0.00000055781766321609
0.66000000000000003109	0.99999934927769196236	0.32597286689952914562	0.67402713310047079887	0.03989881715639304050	0.46214928812471028907	0.00000436600185929212	0.00000057964767251256
0.66500000000000003553	0.99999932226431442750	0.32947721866933660229	0.67052278133066389731	0.04101720120396270403	0.46240042885195514755	0.00000449281072000513	0.00000060211172611258
0.67000000000000003997	0.99999929439469215087	0.33297063778812580059	0.66702936221187469901	0.04215666882480387234	0.46265609857527362214	0.00000462188703291412	0.00000062522116127715
0.67500000000000004441	0.99999926565115682120	0.33645255266633333768	0.66354744733366721743	0.04331739033656224064	0.46291631422165652188	0.00000475323750097760	0.00000064898734878204
0.68000000000000004885	0.99999923601594908895	0.33992239593939649334	0.66007760406060378422	0.04449953382645991523	0.46318109040787791564	0.00000488686823421769	0.00000067342168995313
0.68500000000000005329	0.99999920547122000958	0.34337960458048855106	0.65662039541951144894	0.04570326510913803875	0.46345043956671894136	0.00000502278474855417	0.00000069853561369590
0.69000000000000005773	0.99999917399903592852	0.34682362001176708644	0.65317637998823263601	0.04692874768523432050	0.46372437206443606339	0.00000516099196499756	0.00000072434057352089
0.69500000000000006217	0.99999914158138791809	0.35025388821410380347	0.64974611178589614102	0.04817614270070608856	0.46400289631006674806	0.00000530149420919998	0.00000075084804456689
0.70000000000000006661	0.99999910820020176949	0.35366985983527871040	0.64633014016472101204	0.04944560890690941068	0.46428601885715919950	0.00000544429521136184	0.00000077806952062370
0.70499999999999996003	0.99999907383732888899	0.35707099029660305245	0.64292900970339650346	0.05073730262144295761	0.46457374449842081532	0.00000558939810649246	0.00000080601651115616
0.70999999999999996447	0.99999903847457238815	0.36045673989795551373	0.63954326010204398667	0.05205137768976668411	0.46486607635381438364	0.00000573680543502229	0.00000083470053833127
0.71499999999999996891	0.99999900209368242088	0.36382657392120165696	0.63617342607879867611	0.05338798544760420262	0.46516301595250597600	0.00000588651914376430	0.00000086413313405009
0.71999999999999997335	0.99999896467636373298	0.36717996273390379747	0.63282003726609625804	0.05474727468443611744	0.46546420413293598806	0.00000603853925335397	0.00000089432583031686
0.72499999999999997780	0.99999814953955867836	0.37051638188375712879	0.62948361811624298223	0.05612939160663032306	0.46577034347354367982	0.00000619286912551410	0.00000092529017594443
0.72999999999999998224	0.99999730447608348172	0.37383531220261345673	0.62616468779738743144	0.05753447980308652038	0.46608108590198316090	0.00000634950766866839	0.00000095703771428777
0.73499999999999998668	0.99999642866276738928	0.37713623990137912223	0.62286376009862098879	0.05896268021058743980	0.46639642728674796102	0.00000650845447160066	0.00000098957998664578
0.73999999999999999112	0.99999552126263768770	0.38041865666502355792	0.61958134333497660862	0.06041413108024685369	0.46671636223697277046	0.00000666970853942145	0.00000102292852934288
0.74499999999999999556	0.99999458142492048118	0.38368205974583396989	0.61631794025416575256	0.06188896794478956909	0.46704088415542416302	0.00000683326829656063	0.00000105709487082569
0.75000000000000000000	0.99999360828503613963	0.38692595205490704080	0.61307404794509323676	0.06338732358667056865	0.46736998528771944716	0.00000699913159008576	0.00000109209052877612
0.75500000000000000444	0.99999260096460917957	0.39014984225185095346	0.60985015774814888001	0.06490932800704013461	0.46770365676803554722	0.00000716729569334221	0.00000112792700724283
0.76000000000000000888	0.99999258937245949497	0.86087319739632228721	1.13912680260367782381	0.15256028585639949680	0.46804188866153517701	0.00000733775730991068	0.00000116461579379238
0.76500000000000001332	0.99999257746821368364	0.85783478861548123628	1.14216521138452220541	0.15603497014675343779	0.46838466549246227100	0.00000751050280153762	0.00000120216830780007
0.77000000000000001776	0.99999256524337543084	0.85478354792979949206	1.14521645207019839852	0.15954094281171282699	0.46873195301444720018	0.00000768553648936250	0.00000124059599024688
0.77500000000000002220	0.99999255269191578144	0.85172030366115125677	1.14827969633884841016	0.16307779327780091982	0.46908376248497857253	0.00000786285380040974	0.00000127991025924893
0.78000000000000002665	0.99999253980766278360	0.84864588630094650590	1.15135411369905771295	0.16664510989617514758	0.46944007994566566699	0.00000804244917803260	0.00000132012250513909
0.78500000000000003109	0.99999252658436033059	0.84556112825896534435	1.15443887174103210214	0.17024248006298825509	0.46980089078370163014	0.00000822431651911009	0.00000136124408773464
0.79000000000000003553	0.99999251301570812878	0.84246686361204414784	1.15753313638795241047	0.17386949033976836776	0.47016617934035909165	0.00000840844917977185	0.00000140328633363350
0.79500000000000003997	0.99999249909533516334	0.83936392785256364046	1.16063607214743047535	0.17752572657374512954	0.47053592906074298563	0.00000859483998140500	0.00000144626053354053
0.80000000000000004441	0.99999248481680491629	0.83625315763697971594	1.16374684236302194940	0.18121077401811347407	0.47091012271747939577	0.00000878348121694417	0.00000149017793962525
0.80500000000000004885	0.99999247017360670675	0.83313539053432661419	1.16686460946566117336	0.18492421745216350293	0.47128874220232991332	0.00000897436465743818	0.00000153504976291244
0.81000000000000005329	0.99999245515918211424	0.83001146477499776477	1.16998853522499413060	0.18866564130127885801	0.47167176860171516894	0.00000916748155886228	0.00000158088717070675
0.81500000000000005773	0.99999243976690765923	0.82688221899954916783	1.17311778100044583617	0.19243462975669167747	0.47205918209636404947	0.00000936282266921362	0.00000162770128405282
0.82000000000000006217	0.99999242399008680948	0.82374849200797617410	1.17625150799202815577	0.19623076689503241021	0.47245132951596396920	0.00000956037081061786	0.00000167550313810591
0.82500000000000006661	0.99999318448221052869	0.82061112250927914502	1.17938887749071263933	0.20005363679757523498	0.47284746965517898687	0.00000976013015105296	0.00000172430378886117
0.83000000000000007105	0.99999397343090401513	0.81747094887156301901	1.18252905112843587077	0.20390282366917233947	0.47324793384711832944	0.00000996208294971713	0.00000177411420360976
0.83499999999999996447	0.99999479163420623706	0.81432880887259206926	1.18567119112739227660	0.20777791195680261893	0.47365269968117162946	0.00001016621799766294	0.00000182494529359807
0.83999999999999996891	0.99999563990389572776	0.81118553945112081838	1.18881446054886730224	0.21167848646774825583	0.47406174393741384865	0.00001037252361702282	0.00000187680791168319
0.84499999999999997335	0.99999651906550746094	0.80804197645877828826	1.19195802354121016542	0.21560413248728507729	0.47447504245170285531	0.00001058098766951997	0.00000192971285003079
0.84999999999999997780	0.99999742995831186754	0.80489895441288505928	1.19510104558710916756	0.21955443589592371634	0.47489257067103440857	0.00001079159756518381	0.00000198367083785671
0.85499999999999998224	0.99999837343501374320	0.44972047554740485209	0.55027952445226413491	0.10049222101583729638	0.47531430325545209747	0.00001100434027127673	0.00000203869253921309
0.85999999999999998668	0.99999836779650341789	0.45242139813628867717	0.54757859622486093620	0.10253401702432993203	0.07268172821337180733	0.00001452207072477183	0.00000211130289283695
0.86499999999999999112	0.99999836254270901836	0.45509309998429331445	0.54490688912305718095	0.10460148415299100333	0.07353409580182941607	0.00001484569676323993	0.00000218553137665315
0.86999999999999999556	0.99999835753062815691	0.45773524175859092722	0.54226474233666710489	0.10669467946255752067	0.07421131185399329477	0.00001517379356445322	0.00000226140034447542
0.87500000000000000000	0.99999835265645176108	0.46034749144461295511	0.53965248777646201983	0.10881365671102800896	0.07475961821365864624	0.00001550643614008237	0.00000233893252517583
0.88000000000000000444	0.99999834784119434605	0.46292952438435891471	0.53707045002145137325	0.11095846635701646365	0.07521099696204425200	0.00001584364969380546	0.00000241815077364485
0.88500000000000000888	0.99999834302214118953	0.46548102331375551532	0.53451894627299023632	0.11312915554807151386	0.07558810282337395658	0.00001618545524787472	0.00000249907804988423
0.89000000000000001332	0.99999833814754357508	0.46800167839858569652	0.53199828631355616793	0.11532576811122180471	0.07590744480530597915	0.00001653187091636050	0.00000258173740446603
0.89500000000000001776	0.99999833317317476933	0.47049118726869437745	0.52950877246906957740	0.11754834454523017950	0.07618134322758927934	0.00001688291265606815	0.00000266615196774637
0.90000000000000002220	0.99999832806006705432	0.47294925505039892011	0.52705069957425199068	0.11979692201427281917	0.07641918062072947104	0.00001723859472750288	0.00000275234494138389
0.90500000000000002665	0.99999832277293887461	0.47537559439693932717	0.52462435494057491070	0.12207153434284791216	0.07662822771713043157	0.00001759892998699006	0.00000284033959131884
0.91000000000000003109	0.99999831727908672363	0.47776992551698965750	0.52223001832666204880	0.12437221201181396235	0.07681420443981823443	0.00001796393007672814	0.00000293015924170248
0.91500000000000003553	0.99999831154759488694	0.48013197620116654374	0.51986796191098538777	0.12669898215548128229	0.07698167034783401363	0.00001833360555118133	0.00000302182726945838
0.92000000000000003997	0.99999830554877933153	0.48246148184653980806	0.51753845026678468866	0.12905186855971212401	0.07713430234448097333	0.00001870796596267855	0.00000311536709927178
0.92500000000000004441	0.99999829925372030193	0.48475818547912119527	0.51524174033913405779	0.13143089166099083953	0.07727509599399595697	0.00001908701992022835	0.00000321080219887292
0.93000000000000004885	0.99999829263394723888	0.48702183777433705192	0.51297808142413581223	0.13383606854644264361	0.07740651399245493391	0.00001947077513049888	0.00000330815607452541
0.93500000000000005329	0.99999828566120874118	0.48925219707549860715	0.51074771515022243662	0.13626741295479008476	0.07753059735013648202	0.00001985923842644285	0.00000340745226665763
0.94000000000000005773	0.99999827830723886368	0.49144902941023355103	0.50855087546150834488	0.13872493527821885828	0.07764904981591691513	0.00002025241578758035	0.00000350871434559553
0.94500000000000006217	0.99999827054362688816	0.49361210850491316071	0.50638778860320410313	0.14120864256515039403	0.07776330279018819902	0.00002065031235431627	0.00000361196590736711
0.95000000000000006661	0.99999826234167921157	0.49574121579707591811	0.50425867310907923624	0.14371853852391322515	0.07787456581750390461	0.00002105293243806107	0.00000371723056955741
0.95500000000000007105	0.99999825367244044028	0.49783614044584850733	0.50216373979105344283	0.14625462352729878823	0.07798386626887836293	0.00002146027952836579	0.00000382453196719924
0.95999999999999996447	0.99999824450648255869	0.49989667934499282254	0.50010319172593409309	0.14881689386283245002	0.07806506049146062776	0.00002187410154232051	0.00000393390247491085
0.96499999999999996891	0.99999823481373151246	0.50192263712852058788	0.49807722424964229191	0.15140534336858207931	0.07815476583595185045	0.00002229236125768375	0.00000404536428119926
0.96999999999999997335	0.99999822456354436895	0.50391382617023350310	0.49608602495772385899	0.15401996247689322961	0.07824728382823396833	0.00002271526965459435	0.00000415894062947224
0.97499999999999997780	0.99999821372461206170	0.50587006658687005967	0.49412977370213695405	0.15666073828913837374	0.07834217645486665771	0.00002314287974095662	0.00000427465502817702
0.97999999999999998224	0.99999820226495017561	0.50779118623883634509	0.49220864259048985323	0.15932765459174971778	0.07843928836388304460	0.00002357522670693829	0.00000439253116171171
0.98499999999999998668	0.99999819015184754356	0.50967702072889764509	0.49032279598730726944	0.16202069187017606455	0.07853861347468785170	0.00002401233479623192	0.00000451259283569287
0.98999999999999999112	0.99999817735181695255	0.51152741339886353966	0.48847239051729007819	0.16473982732205039170	0.07864022369938956925	0.00002445422115624987	0.00000463486394147412
0.99499999999999999556	0.99999816383058537372	0.51334221532433166324	0.48665757507056661701	0.16748503487023425063	0.07874422961882193706	0.00002490089810056949	0.00000475936843197697
1.00000000000000000000	0.99999814955307209097	0.51512128530747891553	0.48487849080988504324	0.17025628517610008617	0.07885075834850298337	0.00002535237449291823	0.00000488613030444156
1.00500000000000011546	0.99999813448335439503	0.51686448986790289872	0.48313527117971544200	0.17305354565324698735	0.07895994099088046725	0.00002580865662354750	0.00000501517358755929
1.01000000000000000888	0.99999811858464737746	0.51857170323158630065	0.48142804191730248498	0.17587678048179372636	0.07907190558042853645	0.00002626974878113120	0.00000514652233146495
1.01500000000000012434	0.99999810181928538988	0.52024280731792815757	0.47975692106557044081	0.17872595062328905380	0.07918677324795539429	0.00002673565363601790	0.00000528020059964504
1.02000000000000001776	0.99999808414870183793	0.52187769172493048142	0.47812201898795742006	0.18160101383631610528	0.07930465628583234505	0.00002720637250322648	0.00000541623246216117
1.02499999999999991118	0.99999806553342740489	0.52347625371249262294	0.47652343838508703922	0.18450192469278459129	0.07942565734987955262	0.00002768190552683663	0.00000555464198979536
1.03000000000000002665	0.99999804593304364442	0.52503839818386488503	0.47496127431330159574	0.18742863459494152334	0.07954986933547751604	0.00002816225181186016	0.00000569545324885466
1.03499999999999992006	0.99999802530621317853	0.52656403766526493904	0.47343561420503671444	0.19038109179310117036	0.07967737564319683774	0.00002864740952021776	0.00000583869029645575
1.04000000000000003553	0.99999800361061741416	0.52805309228366781316	0.47194653789100243779	0.19335924140409413430	0.07980825066273149193	0.00002913737594196057	0.00000598437717616555
1.04499999999999992895	0.99999798080298196723	0.52950548974280697845	0.47049411762419240945	0.19636302543043929192	0.07994256037251257219	0.00002963214754889094	0.00000613253791391000
1.05000000000000004441	0.99999795683904657562	0.53092116529736554931	0.46907841810565775731	0.19939238278022475281	0.08008036298111756435	0.00003013172003566313	0.00000628319651408832
1.05499999999999993783	0.99999793167354900092	0.53230006172541699527	0.46769949651206799146	0.20244724928770219119	0.08022170957928938251	0.00003063608835179715	0.00000643637695584731
1.06000000000000005329	0.99999790526022902526	0.53364212929909815575	0.46635740252502527747	0.20552755773461139910	0.08036664843106244849	0.00003114524667118938	0.00000659210318920325
1.06499999999999994671	0.99999787755181346327	0.53494732575355308235	0.46505217836210893667	0.20863323787219242855	0.08051522183430902257	0.00003165918840724507	0.00000675039913123948
1.07000000000000006217	0.99999784849999362457	0.53621561625415015140	0.46378385880964317911	0.21176421644381160370	0.08066746344143171932	0.00003217790638776438	0.00000691128866317830
1.07499999999999995559	0.99999781805543541680	0.53744697336201274762	0.46255247125717346979	0.21492041720831647766	0.08082340225612985596	0.00003270139276531358	0.00000707479562700487
1.08000000000000007105	0.99999778616776324736	0.53864137699785641367	0.46135803573360567587	0.21810176096404645940	0.08098306299888079207	0.00003322963903312262	0.00000724094382217048
1.08499999999999996447	0.99999775278555202984	0.53979881440417343264	0.46020056494502459277	0.22130816557350493912	0.08114646653208630600	0.00003376263603558659	0.00000740975700234841
1.09000000000000007994	0.99999771785632141086	0.54091928010576484365	0.45908006431414394299	0.22453954598867431613	0.08131363024822604868	0.00003430037397743020	0.00000758125887223556
1.09499999999999997335	0.99999768132653088504	0.54200277586866951740	0.45799653202138884689	0.22779581427696793394	0.08148456843046983367	0.00003484284243188425	0.00000775547308439498
1.10000000000000008882	0.99999764314154826472	0.54304931065745565277	0.45694995904755791871	0.23107687964779663470	0.08165929257764192872	0.00003539003034813340	0.00000793242323613565
1.10499999999999998224	0.99999760324567865677	0.54405890059097850031	0.45594032921810118131	0.23438264847976394978	0.08183781170328749410	0.00003594192605821173	0.00000811213286642671
1.11000000000000009770	0.99999756158214014867	0.54503156889654169603	0.45496761924893003304	0.23771302434844812645	0.08202013260208060319	0.00003649851728349466	0.00000829462545284418
1.11499999999999999112	0.99999751809305315042	0.54596734586253803378	0.45403179879377802974	0.24106790805478139905	0.08220626009473672169	0.00003705979114088359	0.00000847992440854860
1.12000000000000010658	0.99999747271945227389	0.54686626878956867692	0.45313283049307534478	0.24444719765400524381	0.08239619724789597199	0.00003762573414877577	0.00000866805307929248
1.12500000000000000000	0.99999742540126546064	0.54772838194006412404	0.45227067002431514675	0.24785078848518898864	0.08258994557298623973	0.00003819633223287728	0.00000885903474045687
1.13000000000000011546	0.99999737607731553624	0.54855373648644756290	0.45144526615389857227	0.25127857320130875252	0.08278750520552546899	0.00003877157073191788	0.00000905289259411646
1.13500000000000000888	0.99999732468531621343	0.54934239045783839206	0.45065656079042515358	0.25473044179986420454	0.08298887506788908686	0.00003935143440329985	0.00000924964976613296
1.14000000000000012434	0.99999727116185688214	0.55009440868532089031	0.44990448903939772585	0.25820628165402070842	0.08319405301499996352	0.00003993590742871980	0.00000944932930327656
1.14500000000000001776	0.99999721544241948479	0.55080986274583743079	0.44918897925935302728	0.26170597754428082116	0.08340303596669539077	0.00004052497341979291	0.00000965195417037552
1.15000000000000013323	0.99999715746136574879	0.55148883090468825419	0.44850995311935459853	0.26522941169065017419	0.08361582002643595801	0.00004111861542368646	0.00000985754724749395
1.15500000000000002665	0.99999709715192586224	0.55213139805666811011	0.44786732565783760052	0.26877646378529884696	0.08383240058925872651	0.00004171681592879575	0.00001006613132713793
1.15999999999999992006	0.99999703444621090842	0.55273765566589094789	0.44726100534279500387	0.27234701102570135767	0.08405277239749225915	0.00004231955687173034	0.00001027772911149658
1.16500000000000003553	0.99999696927518755274	0.55330770170429799393	0.44669089413325951954	0.27594092814824444648	0.08427692963948418825	0.00004292681964291039	0.00001049236320971113
1.16999999999999992895	0.99999690156870946200	0.55384164058889406856	0.44615688754207466493	0.27955808746228910655	0.08450486605159351905	0.00004353858509167331	0.00001071005613516950
1.17500000000000004441	0.99999683125549876372	0.55433958311772624228	0.44565887469991494196	0.28319835888467276286	0.08473657499067241416	0.00004415483353220423	0.00001093083030283052
1.17999999999999993783	0.99999675826311984483	0.55480164640461948622	0.44519673842052992496	0.28686160997463422406	0.08497204949635331350	0.00004477554474955173	0.00001115470802657828
1.18500000000000005329	0.99999668251802920071	0.55522795381272704862	0.44477035526720376524	0.29054770596915946435	0.08521128235054574451	0.00004540069800573030	0.00001138171151660693
1.18999999999999994671	0.99999660394552947196	0.55561863488690421686	0.44437959562039880401	0.29425650981873407996	0.08545426612497308838	0.00004603027204590397	0.00001161186287683645
1.19500000000000006217	0.99999652246981318715	0.55597382528491878784	0.44402432374653677538	0.29798788222347100119	0.08570099323161256555	0.00004666424510466479	0.00001184518410235978
1.19999999999999995559	0.99999643801392434916	0.55629366670752622426	0.44370439786790272230	0.30174168166961573556	0.08595145595843180220	0.00004730259491240102	0.00001208169707692178
1.20500000000000007105	0.99999635049977786405	0.55657830682747333473	0.44341967023366740674	0.30551776446641942808	0.08620564651082208985	0.00004794529870175630	0.00001232142357043056
1.20999999999999996447	0.99999625984815398994	0.55682789921740094563	0.44316998719196754042	0.30931598478335431412	0.08646355704192239255	0.00004859233321418230	0.00001256438523650148
1.21500000000000007994	0.99999616597870411017	0.55704260327672572295	0.44295518926303989460	0.31313619468766479281	0.08672517968111874420	0.00004924367470658242	0.00001281060361003439
1.21999999999999997335	0.99999606880996139147	0.55722258415748737725	0.44277511121337631561	0.31697824418224290755	0.08699050656126446068	0.00004989929895805129	0.00001306010010482464
1.22500000000000008882	0.99999596825933689814	0.55736801268921110086	0.44262958213086656123	0.32084198124380719497	0.08725952984044701988	0.00005055918127670072	0.00001331289601120815
1.22999999999999998224	0.99999586424311637245	0.55747906530279112136	0.44251842550089626194	0.32472725186136713882	0.08753224172182617890	0.00005122329650657931	0.00001356901249374104
1.23500000000000009770	0.99999575667646456445	0.55755592395345832113	0.44244145928340394835	0.32863390007498610723	0.08780863447193035243	0.00005189161903467857	0.00001382847058891444
1.23999999999999999112	0.99999564547344599319	0.55759877604282603869	0.44239849599083247433	0.33256176801479470084	0.08808870043481573098	0.00005256412279802839	0.00001409129120290458
1.24500000000000010658	0.99999553054700984767	0.55760781434006190249	0.44238934276697539083	0.33651069594026811194	0.08837243204617072079	0.00005324078129088086	0.00001435749510935898
1.25000000000000000000	0.99999541180900242132	0.55758323690218469793	0.44241380146665504336	0.34048052227972808170	0.08865982184371508368	0.00005392156757197329	0.00001462710294721885
1.25500000000000011546	0.99999528917017888041	0.55752524699355898719	0.44247166873625232153	0.34447108367008338892	0.08895086247730520090	0.00005460645427187883	0.00001490013521857824
1.26000000000000000888	0.99999516254019371608	0.55743405300459136775	0.44256273609503110622	0.34848221499678377899	0.08924554671713064158	0.00005529541360041683	0.00001517661228658033
1.26500000000000012434	0.99999503182762550235	0.55730986836962592701	0.44268679001721406019	0.35251374943395380468	0.08954386746077547254	0.00005598841735414683	0.00001545655437335106
1.27000000000000001776	0.99999489693997400952	0.55715291148414136657	0.44284361201483041226	0.35656551848473450050	0.08984581773890082390	0.00005668543692394725	0.00001573998155797080
1.27500000000000013323	0.99999475778366730960	0.55696340562118884510	0.44303297872124908219	0.36063735202177266137	0.09015139071842609431	0.00005738644330267377	0.00001602691377448416
1.28000000000000002665	0.99999461426407321163	0.55674157884718378231	0.44325466197542734426	0.36472907832789075444	0.09046057970653241520	0.00005809140709288354	0.00001631737080994858
1.28499999999999992006	0.99999446628550991978	0.55648766393701099009	0.44350842890679520458	0.36884052413688056538	0.09077337815185620995	0.00005880029851463621	0.00001661137230252176
1.29000000000000003553	0.99999431375125302779	0.55620189828851940295	0.44379404202078232000	0.37297151467443873107	0.09108977964624492829	0.00005951308741335455	0.00001690893773958854
1.29499999999999992895	0.99999415656353574100	0.55588452383639097576	0.44411125928493688786	0.37712187369920957547	0.09140977792512981759	0.00006022974326775816	0.00001721008645592733
1.30000000000000004441	0.99999399462357585477	0.55553578696547256666	0.44445983421563317606	0.38129142354394174319	0.09173336686719867072	0.00006095023519785092	0.00001751483763191658
1.30499999999999993783	0.99999382783156665067	0.55515593842351673715	0.44483951596530513228	0.38547998515671982878	0.09206054049294504216	0.00006167453197297490	0.00001782321029178146
1.31000000000000005329	0.99999365608670642835	0.55474523323346225379	0.44525004941022416904	0.38968737814229659211	0.09239129296268196179	0.00006240260201992014	0.00001813522330188106
1.31499999999999994671	0.99999347928720050405	0.55430393060516536252	0.44569117523872747721	0.39391342080344970977	0.09272561857625925830	0.00006313441343108700	0.00001845089536903649
1.32000000000000006217	0.99999329733028108347	0.55383229384672238993	0.44616263003995304537	0.39815793018243367252	0.09306351176669221126	0.00006386993397269821	0.00001877024503889998
1.32499999999999995559	0.99999311011220581857	0.55333059027532860430	0.44666414639296964095	0.40242072210243029495	0.09340496710260751123	0.00006460913109307092	0.00001909329069436534
1.33000000000000007105	0.99999291752828378677	0.55279909112773717439	0.44719545295632406878	0.40670161120903608465	0.09374997927761224981	0.00006535197193092113	0.00001942005055401994
1.33499999999999996447	0.99999271947288770335	0.55223807147036363396	0.44775627455797750720	0.41100041101176915115	0.09409854311296918239	0.00006609842332372169	0.00001975054267063855
1.34000000000000007994	0.99999251583945958366	0.55164781010901231539	0.44834633228557180251	0.41531693392555929512	0.09445065354822156090	0.00006684845181610118	0.00002008478492971906
1.34499999999999997335	0.99999230652053616719	0.55102858949829913726	0.44896534357702083673	0.41965099131222111106	0.09480630563958965251	0.00006760202366827315	0.00002042279504806042
1.35000000000000008882	0.99999209140775169313	0.55038069565078018286	0.44961302231140343189	0.42400239352191215758	0.09516549455375308830	0.00006835910486451086	0.00002076459057238298
1.35499999999999998224	0.99999187039187520387	0.54970441804582692580	0.45028907890012143111	0.42837094993454305492	0.09552821556316466733	0.00006911966112164667	0.00002111018887799121
1.36000000000000009770	0.99999164336280488286	0.54900004953823355880	0.45099322037827566101	0.43275646900112302307	0.09589446404056782558	0.00006988365789761138	0.00002145960716747927
1.36499999999999999112	0.99999141020958792758	0.54826788626664169080	0.45172515049627226524	0.43715875828504935363	0.09626423545379005076	0.00007065106039998802	0.00002181286246947921
1.37000000000000010658	0.99999117082046240501	0.54750822756178774142	0.45248456981161144785	0.44157762450332443960	0.09663752535796661658	0.00007142183359460451	0.00002216997163745223
1.37500000000000000000	0.99999092508284648240	0.54672137585456825892	0.45327117578081671523	0.44601287356766194936	0.09701432939323824389	0.00007219594221413269	0.00002253095134852289
1.38000000000000011546	0.99999067288335352632	0.54590763658398666625	0.45408466285149290398	0.45046431062549296964	0.09739464327456297255	0.00007297335076672240	0.00002289581810235650
1.38500000000000000888	0.99999041410785205475	0.54506731810503805669	0.45492472255451887886	0.45493174010088704984	0.09777846278949613168	0.00007375402354463602	0.00002326458822007968
1.39000000000000012434	0.99999014864144608605	0.54420073159645809824	0.45579104359626348986	0.45941496573529733149	0.09816578378832843677	0.00007453792463290877	0.00002363727784324423
1.39500000000000001776	0.99998987636850145133	0.54330819096845694993	0.45668331195087430441	0.46391379062818560719	0.09855660217999860639	0.00007532501791801360	0.00002401390293283430
1.40000000000000013323	0.99998959717268409708	0.54239001277045428839	0.45760121095260680724	0.46842801727751931518	0.09895091392484374471	0.00007611526709653024	0.00002439447926831695
1.40500000000000002665	0.99998931093696796779	0.54144651609877070264	0.45854442138810608265	0.47295744762006303175	0.09934871502665881815	0.00007690863568382638	0.00002477902244673608
1.40999999999999992006	0.99998901754365066008	0.54047802250439436200	0.45951262158869043972	0.47750188307152441336	0.09975000152990572133	0.00007770508702273669	0.00002516754788184976
1.41500000000000003553	0.99998871687440304967	0.53948485590078409935	0.46050548752256242890	0.48206112456650207498	0.10015476950828069991	0.00007850458429223994	0.00002556007080331096
1.41999999999999992895	0.99998840881025619076	0.53846734247176064603	0.46152269288693764659	0.48663497259823507157	0.10056301506089768139	0.00007930709051613561	0.00002595660625589164
1.42500000000000004441	0.99998809323165749330	0.53742581057951455126	0.46256390920007256495	0.49122322725815265043	0.10097473430531785088	0.00008011256857171169	0.00002635716909875020
1.42999999999999993783	0.99998777001846805845	0.53636059067273156309	0.46362880589313876234	0.49582568827518203047	0.10138992336948506046	0.00008092098119840114	0.00002676177400474221
1.43500000000000005329	0.99998743904999276566	0.53527201519489742143	0.46471705040195820935	0.50044215505484801465	0.10180857838608504962	0.00008173229100643321	0.00002717043545977437
1.43999999999999994671	0.99998710020503756013	0.53416041849279272125	0.46582830825855747747	0.50507242671813679102	0.10223069548469938816	0.00008254646048546032	0.00002758316776220167
1.44500000000000006217	0.99998675336189002394	0.53302613672516330201	0.46696224318247658847	0.50971630214006391490	0.10265627078677563855	0.00008336345201317554	0.00002799998502226755
1.44999999999999995559	0.99998639839837211163	0.53186950777165997728	0.46811851717188646127	0.51437357998802890613	0.10308530039633469200	0.00008418322786390524	0.00002842090116158708
1.45500000000000007105	0.99998603519185291777	0.53069087114201762834	0.46929679059441775646	0.51904405875986381336	0.10351778039486585203	0.00008500575021718023	0.00002884592991267298
1.45999999999999996447	0.99998566361928686863	0.52949056788553272579	0.47049672227773114974	0.52372753682162132005	0.10395370683424579039	0.00008583098116627823	0.00002927508481850437
1.46500000000000007994	0.99998528355723959038	0.52826894050083383902	0.47171796959976547425	0.52842381244505542970	0.10439307572935728474	0.00008665888272674211	0.00002970837923213808
1.46999999999999997335	0.99998489488191133479	0.52702633284598054964	0.47296018857865801399	0.53313268384479672868	0.10483588305164616428	0.00008748941684485977	0.00003014582631636238
1.47500000000000008882	0.99998449746917328351	0.52576309004893273524	0.47422303396232173833	0.53785394921523010936	0.10528212472286489765	0.00008832254540612432	0.00003058743904339300
1.47999999999999998224	0.99998409119457587479	0.52447955841836624291	0.47550615931762735267	0.54258740676702366112	0.10573179660707747451	0.00008915823024363862	0.00003103323019461119
1.48500000000000009770	0.99998367593340808934	0.52317608535493131949	0.47680921711922341633	0.54733285476337278919	0.10618489450596495238	0.00008999643314649304	0.00003148321236034366
1.48999999999999999112	0.99998325156070821951	0.52185301926287697150	0.47813185883788522634	0.55209009155583865791	0.10664141414923804241	0.00009083711586809253	0.00003193739793968412
1.49500000000000010658	0.99998281795129895233	0.52051070946217636859	0.47947373502847312476	0.55685891561990563670	0.10710135119108936397	0.00009168024013446294	0.00003239579914035644
1.50000000000000000000	0.99998237497982567223	0.51914950610106802564	0.48083449541738626509	0.56163912559012463266	0.10756470120108603539	0.00009252576765246735	0.00003285842797861877
1.50500000000000011546	0.99998192252076723019	0.51776976006910968575	0.48221378898955019610	0.56643052029492202415	0.10803145966053206983	0.00009337366011801423	0.00003332529627920885
1.51000000000000000888	0.99998146044849534064	0.51637182291073968621	0.48361126407489501977	0.57123289879102379096	0.10850162195249385411	0.00009422387922418766	0.00003379641567532978
1.51500000000000012434	0.99998098863729245611	0.51495604673936112849	0.48502656843430413947	0.57604606039749672863	0.10897518335783278054	0.00009507638666933623	0.00003427179760867646
1.52000000000000001776	0.99998050696137319449	0.51352278415196028760	0.48645934934500090208	0.58086980472938376518	0.10945213904728941234	0.00009593114416509964	0.00003475145332950196
1.52500000000000013323	0.99998001529494184858	0.51207238814433120311	0.48790925368540083440	0.58570393173097734518	0.10993248407709846348	0.00009678811344437267	0.00003523539389672382
1.53000000000000002665	0.99997951351222014171	0.51060521202685649200	0.48937592801933516018	0.59054824170864206323	0.11041621338066430480	0.00009764725626921365	0.00003572363017806989
1.53500000000000014211	0.99997900148745566540	0.50912160934090544551	0.49085901867968945167	0.59540253536324627692	0.11090332176337962256	0.00009850853443868347	0.00003621617285026331
1.54000000000000003553	0.99997847909499515406	0.50762193377587083720	0.49235817185141278474	0.60026661382217472163	0.11139380389628873724	0.00009937190979662209	0.00003671303239924642
1.54499999999999992895	0.99997794620928737164	0.50610653908683889135	0.49387303365387158482	0.60514027867089592583	0.11188765431004127349	0.00010023734423934723	0.00003721421912044316
1.55000000000000004441	0.99997740270494972492	0.50457577901293559908	0.49540325022255038423	0.61002333198411196058	0.11238486738783298735	0.00010110479972329498	0.00003771974311905964
1.55499999999999993783	0.99997684845675227638	0.50303000719634294313	0.49694846779004658854	0.61491557635643989688	0.11288543736228581760	0.00010197423827257448	0.00003822961431042251
1.56000000000000005329	0.99997628333972266024	0.50146957710203832193	0.49850833276639855418	0.61981681493267981597	0.11338935830652167869	0.00010284562198644794	0.00003874384242035475
1.56499999999999994671	0.99997570722912032526	0.49989484193823219282	0.50008249181866770705	0.62472685143759820736	0.11389662412850974638	0.00010371891304674414	0.00003926243698558847
1.57000000000000006217	0.99997512000051624881	0.49830615457755050857	0.50167059194978891323	0.62964549020525617529	0.11440722856790880302	0.00010459407372517482	0.00003978540735421434
1.57499999999999995559	0.99997452152980881301	0.49670386747897793400	0.50327228057668094152	0.63457253620788478532	0.11492116518796380298	0.00010547106639058429	0.00004031276268616726
1.58000000000000007105	0.99997391169325444693	0.49508833261054729924	0.50488720560756406019	0.63950779508425315001	0.11543842737083279126	0.00010634985351609985	0.00004084451195374776
1.58499999999999996447	0.99997329036753179743	0.49345990137285167254	0.50651501551852717853	0.64445107316761041094	0.11595900831133802711	0.00010723039768620050	0.00004138066394217877
1.59000000000000007994	0.99997265742974683622	0.49181892452331377186	0.50815535942925249557	0.64940217751308182415	0.11648290101287167575	0.00010811266160370135	0.00004192122725019728
1.59499999999999997335	0.99997201275750347005	0.49016575210131274609	0.50980788717795977316	0.65436091592462997113	0.11701009828077446606	0.00010899660809666045	0.00004246621029068058
1.60000000000000008882	0.99997135622890986895	0.48850073335411531295	0.51147224939549551515	0.65932709698148395105	0.11754059271725308955	0.00010988220012514503	0.00004301562129130631
1.60499999999999998224	0.99997068772264852132	0.48682421666366942903	0.51314809757859325412	0.66430053006409706118	0.11807437671717069261	0.00011076940078795631	0.00004356946829524609
1.61000000000000009770	0.99997000711799310935	0.48513654947424511565	0.51483508416225509663	0.66928102537957512297	0.11861144246129307067	0.00011165817332923082	0.00004412775916189224
1.61499999999999999112	0.99996931429486224374	0.48343807822096357407	0.51653286259127673130	0.67426839398661919667	0.11915178191355728365	0.00011254848114494559	0.00004469050156761697
1.62000000000000010658	0.99996860913382989988	0.48172914825919538329	0.51824108739086749420	0.67926244781993538879	0.11969538681263766633	0.00011344028778933339	0.00004525770300656364
1.62500000000000000000	0.99996789151620280034	0.48001010379488256996	0.51995941423638714074	0.68426299971414927814	0.12024224867176026843	0.00011433355698117924	0.00004582937079146953
1.63000000000000011546	0.99996716132403318245	0.47828128781575685036	0.52168750002215402706	0.68926986342718665757	0.12079235876907640224	0.00011522825261002738	0.00004640551205451967
1.63500000000000000888	0.99996641844017675194	0.47654304202349934139	0.52342500292934646122	0.69428285366314668181	0.12134570814678138917	0.00011612433874227704	0.00004698613374823106
1.64000000000000012434	0.99996566274832132670	0.47479570676681920327	0.52517158249294182415	0.69930178609462523287	0.12190228760497402727	0.00011702177962717246	0.00004757124264636692
1.64500000000000001776	0.99996489413303035754	0.47303962097549606680	0.52692689966772443544	0.70432647738452947017	0.12246208769709771014	0.00011792053970268292	0.00004816084534488034
1.65000000000000013323	0.99996411247977345926	0.47127512209537286703	0.52869061689331808829	0.70935674520733882353	0.12302509872527490897	0.00011882058360127606	0.00004875494826288672
1.65500000000000002665	0.99996331767498902732	0.46950254602434005058	0.53046239815827445074	0.71439240826986860622	0.12359131073781989829	0.00011972187615556467	0.00004935355764366454
1.66000000000000014211	0.99996250960609778247	0.46772222704926985637	0.53224190906313850746	0.71943328633144232320	0.12416071352439313202	0.00012062438240387468	0.00004995667955568391
1.66500000000000003553	0.99996168816156871806	0.46593449778397610928	0.53402881688256587100	0.72447920022357992220	0.12473329660869708624	0.00012152806759565053	0.00005056431989366217
1.66999999999999992895	0.99996085323093386599	0.46413968910814895619	0.53582279062640225664	0.72952997186909540606	0.12530904925110783465	0.00012243289719679115	0.00005117648437964613
1.67500000000000004441	0.99996000470485590927	0.46233813010731633630	0.53762350109977619095	0.73458542430068662910	0.12588796043771816047	0.00012333883689483164	0.00005179317856412029
1.67999999999999993783	0.99995914247514394724	0.46053014801381803034	0.53943062096216087831	0.73964538167895799159	0.12647001888253381341	0.00012424585260403749	0.00005241440782714048
1.68500000000000005329	0.99995826643482033091	0.45871606814881404901	0.54124382478541710473	0.74470966930991189248	0.12705521301939942669	0.00012515391047034839	0.00005304017737949222
1.68999999999999994671	0.99995737647812454885	0.45689621386531070746	0.54306278911077776606	0.74977811366186242203	0.12764353100176731304	0.00012606297687623192	0.00005367049226387338
1.69500000000000006217	0.99995647250059427336	0.45507090649226106249	0.54488719250482653411	0.75485054238184678965	0.12823496069861675672	0.00012697301844537926	0.00005430535735610028
1.69999999999999995559	0.99995555439907868323	0.45324046527968969711	0.54671671561438939246	0.75992678431144522477	0.12882948968891380637	0.00012788400204732472	0.00005494477736633690
1.70500000000000007105	0.99995462207178320568	0.45140520734488293053	0.54855104122038234049	0.76500666950205475914	0.12942710526134193483	0.00012879589480188804	0.00005558875684034635
1.70999999999999996447	0.99995367541832036462	0.44956544761965600010	0.55038985429060927057	0.77009002922964819859	0.13002779441033204821	0.00012970866408354087	0.00005623730016076405
1.71500000000000007994	0.99995271433973975661	0.44772149879866612876	0.55223284203145395210	0.77517669600891958570	0.13063154383261271763	0.00013062227752559950	0.00005689041154839205
1.71999999999999997335	0.99995173873856402214	0.44587367128882615663	0.55407969393853218065	0.78026650360693516895	0.13123833992510075541	0.00013153670302433674	0.00005754809506351373
1.72500000000000008882	0.99995074851885579204	0.44402227315979081457	0.55593010184624602754	0.78535928705620738910	0.13184816878244848271	0.00013245190874292830	0.00005821035460722837
1.72999999999999998224	0.99994974358599186814	0.44216761016321054489	0.55778375990832684828	0.79045488275151087887	0.13245830565747046537	0.00013336082462540299	0.00005887715873035539
1.73500000000000009770	0.99994872384687216726	0.44030998548653971225	0.55964036484422019502	0.79555312818768197936	0.13307400665409474527	0.00013427748632317975	0.00005954854616197129
1.73999999999999999112	0.99994768921034393738	0.43844969990155324702	0.56149961579099705311	0.80065386226626145127	0.13369269687856100148	0.00013519483501158385	0.00006022452033702921
1.74500000000000010658	0.99994663958693330574	0.43658705165560995898	0.56336121441182096525	0.80575692520090436144	0.13431436070954791417	0.00013611284026478521	0.00006090508453835313
1.75000000000000000000	0.99994557488887170216	0.43472233642761126671	0.56522486494002766033	0.81086215852781728941	0.13493898269555568148	0.00013703147164210324	0.00006159024189656365
1.75500000000000011546	0.99994449503016902270	0.43285584728507309205	0.56709027422210422920	0.81596940511554161279	0.13556654706882764749	0.00013795069899063243	0.00006227999539151682
1.76000000000000000888	0.99994339992662384375	0.43098787464229715294	0.56895715175955374754	0.82107850917417957159	0.13619703774698038723	0.00013887049244828864	0.00006297434785375826
1.76500000000000012434	0.99994228949586327904	0.42911870621964826045	0.57082520974963557592	0.82618931626405811564	0.13683043832766644821	0.00013979082244670735	0.00006367330196599180
1.77000000000000001776	0.99994116365738505703	0.42724862700395910275	0.57269416312501741917	0.83130167330388637925	0.13746673208993065440	0.00014071165971404144	0.00006437686026456201
1.77500000000000013323	0.99994002233260648183	0.42537791921004131090	0.57456372959230050945	0.83641542857834805247	0.13810590199022190760	0.00014163297527759595	0.00006508502514095000
1.78000000000000002665	0.99993886544486854095	0.42350686224330313934	0.57643362966941513736	0.84153043174514441382	0.13874793066480339832	0.00014255474046633257	0.00006579779884328165
1.78500000000000014211	0.99993769291951273281	0.42163573266351289659	0.57830358672194248637	0.84664653384155186266	0.13939280042571236540	0.00014347692691327513	0.00006651518347784802
1.79000000000000003553	0.99993650468389538855	0.41976480414964306709	0.58017332699826551501	0.85176358729037415785	0.14004049326198772518	0.00014439950655771987	0.00006723718101063662
1.79499999999999992895	0.99993530066743763207	0.41789434746585352176	0.58204257966363537324	0.85688144590540837875	0.14069099083811767437	0.00014532245164736393	0.00006796379326887344
1.80000000000000004441	0.99993408080164269958	0.41602463042859177955	0.58391107683311971321	0.86199996489637786823	0.14134427449275441258	0.00014624573474026492	0.00006869502194257477
1.80499999999999993783	0.99993284502014256887	0.41415591787479133501	0.58577855360340935764	0.86711900087330762155	0.14200032524207176210	0.00014716932870671831	0.00006943086858610836
1.81000000000000005329	0.99993159325873481880	0.41228847163121246089	0.58764474808354461022	0.87223841185042105817	0.14265912377345774109	0.00014809320673090105	0.00007017133461976286
1.81499999999999994671	0.99993032545541049583	0.41042255048487613633	0.58950940142449370640	0.87735805724947524276	0.14332065045115652269	0.00014901734231249965	0.00007091642133132536
1.82000000000000006217	0.99992904155039874503	0.40855841015462124322	0.59137225784764702041	0.88247779790261682287	0.14398488531384304179	0.00014994170926811823	0.00007166612987766596
1.82499999999999995559	0.99992774148617780128	0.40669630326376565721	0.59323306467216985194	0.88759749605467919142	0.14465180807465283230	0.00015086628173257896	0.00007242046128632885
1.83000000000000007105	0.99992642520753560742	0.40483647931387983787	0.59509157234127030289	0.89271701536553749179	0.14532141422616604021	0.00015179103277066189	0.00007317941645018216
1.83499999999999996447	0.99992509266158813297	0.40297918465964049917	0.59694753444739767634	0.89783622093456172397	0.14599374084104077554	0.00015271587525848422	0.00007394299582647458
1.84000000000000007994	0.99992475461868390862	0.40112533426887403420	0.59880104679470824713	0.90295526352354149591	0.14666869233972748554	0.00015364084692500964	0.00007471120006109963
1.84499999999999997335	0.99992440919351488482	0.39927450366616740185	0.60065153197168219545	0.90807372948931153189	0.14727270985119877977	0.00015455745135137499	0.00007548398731785651
1.85000000000000008882	0.99992306276916131935	0.39742626798979724390	0.60249842122150909507	0.91319121402880532035	0.14788094174874977238	0.00015547403108392464	0.00007626135747327613
1.85499999999999998224	0.99992271102367957791	0.39558218847939785601	0.60434214898585814080	0.91830814218683287642	0.14849761522338225661	0.00015639900836866190	0.00007704335251511943
1.86000000000000009770	0.99992134936133003631	0.39374116044180884622	0.60618181535887949440	0.92342382872211359324	0.14917969334321226627	0.00015731557733339015	0.00007782993040178638
1.86499999999999999112	0.99992098585457145354	0.39190474928777324637	0.60801786300556515119	0.92853870104026758892	0.14980366157342722699	0.00015824052143423683	0.00007862113300895756
1.87000000000000010658	0.99992060933801751865	0.39007250503433138489	0.60984973074184067876	0.93365235098292853611	0.15049099734355209090	0.00015915693391992057	0.00007941691767855717
1.87500000000000000000	0.99991923353230316440	0.38824398883657912362	0.61167687113163882184	0.93876439962119295757	0.15111760295827425526	0.00016007315690693105	0.00008021728346309182
1.88000000000000011546	0.99991885043566108848	0.38642074824606165162	0.61349972862489277059	0.94387525504909697283	0.15175270195447365662	0.00016099784535709481	0.00008102227268987730
1.88500000000000000888	0.99991745922774599720	0.38460165955726760556	0.61531742610350659284	0.94898426292032478369	0.15244790714371608820	0.00016191384380550791	0.00008183184190890484
1.89000000000000012434	0.99991706401011504202	0.38278827360158096393	0.61713041684091807237	0.95409183387327001213	0.15308993118504599096	0.00016283828031079175	0.00008264603331045880
1.89500000000000001776	0.99991565736010790122	0.38097945381827935662	0.61893782997192647866	0.95919732342014640825	0.15379013287551321354	0.00016375391469476241	0.00008346480288393261
1.90000000000000013323	0.99991524990434399456	0.37917675024027597264	0.62074012609350237568	0.96430113796861438580	0.15443893439449571381	0.00016467801629711979	0.00008428819296541821
1.90500000000000002665	0.99991482902025219381	0.37737968515310937878	0.62253677029589427061	0.96940289457121575634	0.15514402289832285309	0.00016559320794677591	0.00008511615900515209
1.91000000000000014211	0.99991340799183070498	0.37558779355393612231	0.62432724086433155630	0.97450223915906686312	0.15579452971878851586	0.00016650807422697038	0.00008594869937628694
1.91500000000000003553	0.99991298024014063639	0.37380260528665293362	0.62611200137923139764	0.97959955931482045610	0.15645363076441357042	0.00016743148685131878	0.00008678585681054354
1.91999999999999992895	0.99991154364948187094	0.37202296750207974885	0.62789020257080829790	0.98469424035844255183	0.15716599787616580830	0.00016834585720208856	0.00008762758609655399
1.92500000000000004441	0.99991110336775668177	0.37025041215336779166	0.62966231763708013780	0.98978667269307640808	0.15783149523510689449	0.00016926873998020445	0.00008847392979645500
1.92999999999999993783	0.99990965119248154114	0.36848377455100556066	0.63142750306180450703	0.99487625116498568101	0.15854846640413944314	0.00017018248370214220	0.00008932484221496571
1.93500000000000005329	0.99990919829204250036	0.36672458463406149010	0.63318624007757251526	0.99996336209710046106	0.15922020805358669260	0.00017110476309396670	0.00009018036603043554
1.93999999999999994671	0.99990873162694826615	0.36497233867274636587	0.63493801937303551153	1.00504763642178240879	0.15991164236724891845	0.00017204542528043230	0.00009104059315683770
1.94500000000000006217	0.99990726493580472933	0.36322654709952056917	0.63668234425273040333	1.01012874912824912599	0.16056932500089615701	0.00017297203666728346	0.00009190545334017412
1.94999999999999995559	0.99990679119594827462	0.36148871770988316721	0.63841969990174363137	1.01520706277534711326	0.16122091081827569226	0.00017392152013820156	0.00009277506094086514
1.95500000000000007105	0.99990530885475581435	0.35975767224015137158	0.64014926302787222845	1.02028200602574914413	0.16193453494625720257	0.00017484779951819701	0.00009364929993845612
1.95999999999999996447	0.99990482228035737489	0.35803491956887345538	0.64187152912396350235	1.02535394985786809663	0.16260723247458599983	0.00017578279901627700	0.00009452821393353751
1.96500000000000007994	0.99990332427889916378	0.35631927062620027957	0.64358568006273875195	1.03042232127934063612	0.16331058408045395769	0.00017672295306203113	0.00009541182869884766
1.96999999999999997335	0.99990282481153835992	0.35461223123904883625	0.64529221998171615304	1.03548749279324625583	0.16398937078975070469	0.00017765745910107474	0.00009630011599435303
1.97500000000000008882	0.99990231131883766658	0.35291327351792295408	0.64699066420930628762	1.04054912907166241531	0.16471193372830403301	0.00017858258740193793	0.00009719302893136272
1.97999999999999998224	0.99990079876660920011	0.35122188507129586954	0.64868054010124731601	1.04560691711128250780	0.16537638179169308894	0.00017952200335640271	0.00009809063894814474
1.98500000000000009770	0.99990027807413228711	0.34953954790977720402	0.65036235656944219041	1.05066121166150749922	0.16606447865399343033	0.00018045552248933700	0.00009899291656059143
1.98999999999999999112	0.99989874984520854539	0.34786506205512413015	0.65203531419268667690	1.05571147236962348259	0.16679380757376779942	0.00018137956012863237	0.00009989981436123459
1.99500000000000010658	0.99989821611838602955	0.34619990975177822312	0.65369993276834115203	1.06075804612248769665	0.16747365279226575363	0.00018232723828799928	0.00010081145055267459
2.00000000000000000000	0.99989766823973846854	0.34454354922525709526	0.65535574541532459758	1.06580061982806362231	0.16820735377284853906	0.00018325045276080677	0.00010172770281647862
