0.00000000000000000000	1.00000000000000000000	1.00000000000000000000	0.00000000000000000000	4.99764078470405070931	2.00000000000000133227	0.04999999999999995420	0.00000000000000000000
0.00500000000000000010	0.99999969918978148797	0.99984978978168781438	0.00014990940809152562	4.99407353418770583176	1.99940519850747366881	0.05123624845203075817	0.00025618124226015380
0.01000000000000000021	0.99999936023368973803	0.99940003182290504391	0.00059932841078157270	4.99080807660256997593	1.99940668587774217357	0.05123535799096035070	0.00051235803221495561
0.01499999999999999944	0.99999896403258659028	0.99865132325110517186	0.00134764078147865370	4.98784341058270719316	1.99940822861886902118	0.05123452622726666628	0.00076853066335128895
0.02000000000000000042	0.99999849535995244398	0.99760446756358078790	0.00239402779637044004	4.98517838332540375035	1.99940985739755872075	0.05123375231361536331	0.00102469942491936576
0.02500000000000000139	0.99999793921196900026	0.99626046976037563319	0.00373746945159152653	4.98281164060490766587	1.99941160246520377441	0.05123303528010581670	0.00128086460131989497
0.02999999999999999889	0.99999728157392309136	0.99462053597099542301	0.00537674560292934062	4.98074163571541905782	1.99941349211601471225	0.05123237416785105663	0.00153702647215915025
0.03500000000000000333	0.99999650961290498241	0.99268607256465579702	0.00731043704824880548	4.97896663625401814102	1.99941555230336565074	0.05123176804082375108	0.00179318531236326902
0.04000000000000000083	0.99999561166693395897	0.99045868503809586514	0.00953692662884099256	4.97748472975569722365	1.99941780666428026159	0.05123121598437670177	0.00204934139228515238
0.04499999999999999833	0.99999559512381019921	0.98794090485350849473	0.01205469027030257705	4.97630538011599998782	1.99941710337832589950	0.05123183647376440553	0.00230550057465397440
0.05000000000000000278	0.99999552850934436687	0.98513400910734261196	0.01486151940200217819	4.97541535627153308496	1.99941756926747005174	0.05123155696747561799	0.00256165835949135256
0.05500000000000000028	0.99999541086344512220	0.98204018642108981130	0.01795522444236079609	4.97481222875003314954	1.99941808301080503618	0.05123134669077458736	0.00281781509294522572
0.05999999999999999778	0.99999524286714136512	0.97866181683459130269	0.02133342603255699438	4.97449339327377249020	1.99941864411117009581	0.05123120554572185847	0.00307397112067383507
0.06500000000000000222	0.99999502627098357799	0.97500146957161271111	0.02499355669937703556	4.97445607076593798723	1.99941924972672402383	0.05123113328089292512	0.00333012678707829976
0.07000000000000000666	0.99999476351788085804	0.97106190063864861184	0.02893286287923937244	4.97469730789462616372	1.99941989544601139706	0.05123112952368949480	0.00358628243469674701
0.07499999999999999722	0.99999445746444537431	0.96684605024739900259	0.03314840721705385879	4.97521397775699014687	1.99942057588011912195	0.05123119379418376862	0.00384243840366766580
0.08000000000000000167	0.99999411116907865882	0.96235704007641487134	0.03763707109267433459	4.97600278069959589544	1.99942128512398209494	0.05123132551406744256	0.00409859503123800265
0.08500000000000000611	0.99999372773285089000	0.95759817039227534963	0.04239555734058393643	4.97706024536576752126	1.99942201711128242358	0.05123152401447331195	0.00435475265131036928
0.08999999999999999667	0.99999331018436987684	0.95257291704895108442	0.04742039313542788931	4.97838273006136322607	1.99942276587621625694	0.05123178854352769540	0.00461091159402800786
0.09500000000000000111	0.99999286140093801567	0.94728492837915589941	0.05270793302179501566	4.97996642449565829480	1.99942352573838610930	0.05123211827360189818	0.00486707218539601718
0.10000000000000000555	0.99999236470159003076	0.94173800615729041930	0.05825435854431296884	4.98180725115888289878	1.99942429142247224405	0.05123251230808784085	0.00512323474693645621
0.10499999999999999611	0.99999183225331800262	0.93593707227672573445	0.06405475997660484144	4.98041018795191448021	1.98383798563120827829	0.05719730771874471931	0.00540922128553017988
0.11000000000000000056	0.99999128021560979018	0.92988736491002366158	0.07010391530559861861	4.97926434683517893376	1.98385612108187414648	0.05719336447480568436	0.00569518810790420847
0.11500000000000000500	0.99999069983011323881	0.92359339774852444727	0.07639730208160105951	4.97836478300841633882	1.98387293992753566130	0.05718982326135924055	0.00598113722421100488
0.11999999999999999556	0.99999008754952301015	0.91705983707110860781	0.08293025047842807196	4.97770643360608744388	1.98388847551000369052	0.05718668810670678865	0.00626707066474453851
0.12500000000000000000	0.99998944236697573373	0.91029149555452704146	0.08969794681246273660	4.97728410846721214256	1.98390275881594302376	0.05718396097597500116	0.00655299046962441387
0.13000000000000000444	0.99998876443477213716	0.90329332700856745930	0.09669543742621813931	4.97709248765313638785	1.98391581822081697339	0.05718164236564183406	0.00683889868145262300
0.13500000000000000888	0.99998805440895310870	0.89607042157720162567	0.10391763283176558286	4.97712612298074574824	1.98392767893755039843	0.05717973142794802177	0.00712479733859236290
0.14000000000000001332	0.99998731314455213681	0.88862800110631567918	0.11135931203825229219	4.97737944161615875061	1.98393836254941269281	0.05717822592595978720	0.00741068846822216191
0.14499999999999999001	0.99998654155273203337	0.88097141454086325130	0.11901512701188420029	4.97784675064520687471	1.98394788664713983550	0.05717712221244464210	0.00769657407928438491
0.14999999999999999445	0.99998574060995126800	0.87310613326951735935	0.12687960734044509414	4.97852224824213962506	1.98395623451777147750	0.05717640608722509427	0.00798245610972051108
0.15499999999999999889	0.99998491128038757836	0.86503774635268559923	0.13494716492772135252	4.97940002113907365100	1.98396342073605347345	0.05717607403027938351	0.00826833647987190723
0.16000000000000000333	0.99998405443423488137	0.85677195578996689918	0.14321209864428610659	4.98047404969697904420	1.98396945695344673055	0.05717612114860440992	0.00855421708561492945
0.16500000000000000777	0.99998317083655330340	0.84831457219217276666	0.15166859864439330430	4.98173822297587864938	1.98397330364552892945	0.05717656342073586945	0.00884009990271860877
0.17000000000000001221	0.99998226115019739346	0.83967150868721995849	0.16031075246299353321	4.98318631362328812173	1.98397706327532641346	0.05717735139254101484	0.00912598665968131391
0.17500000000000001665	0.99998132600027567207	0.83084877750021313147	0.16913254850008041519	4.98481201453539135571	1.98397969935775386752	0.05717849892676350049	0.00941187915431513158
0.17999999999999999334	0.99998036594012451594	0.82185248457259829635	0.17812788136754154067	4.98660893306307873019	1.98398121869427290775	0.05717999848738024998	0.00969777914675203252
0.18499999999999999778	0.99997938145630904661	0.81268882465826564054	0.18729055679805725609	4.98857059611799069643	1.98398162805462785485	0.05718184221431586028	0.00998368835782361200
0.19000000000000000222	0.99997837297312608396	0.80336407639095408495	0.19661429658218732008	4.99069045526086618736	1.98398093449880263961	0.05718402200755270948	0.01026960846786137589
0.19500000000000000666	0.99997734085654277347	0.79388459732716298856	0.20609274352939671582	4.99296189178519345120	1.98397914562823962648	0.05718652958287614996	0.01055554111577575692
0.20000000000000001110	0.99997628532827254055	0.78425681882989173310	0.21571946649839443544	4.99537822135371278875	1.98397626977128149761	0.05718935651138064291	0.01084148789833266034
0.20500000000000001554	0.99997520480821922018	0.77448723982163281132	0.22548796498660417242	4.99793330968231952482	1.98397832296038489908	0.05719099694930480232	0.01112744288307918397
0.20999999999999999223	0.99997409841801410124	0.76458242321467195790	0.23539167520335732564	5.00062097397735172422	1.98398514991546615072	0.05719143749893416256	0.01141340007057385468
0.21499999999999999667	0.99997296656082690358	0.75454899141642983729	0.24542397514441238737	5.00343436849451883575	1.98399089642690773516	0.05719216970933704847	0.01169936091912054076
0.22000000000000000111	0.99997180957568820858	0.74439362064249825490	0.25557818893320405351	5.00636660185392834421	1.98399558023444932964	0.05719318595092071078	0.01198532684887514480
0.22500000000000000555	0.99997062774078993019	0.73412303591113181600	0.26584759182967526714	5.00941074244580697439	1.98399921880186180800	0.05719447801047510688	0.01227129923892751953
0.23000000000000000999	0.99996942127497057129	0.72374400603162492018	0.27622541524336285956	5.01255982371838371137	1.98400182968652960547	0.05719603726657786213	0.01255727942526040954
0.23500000000000001443	0.99996819033788564290	0.71326333859246660030	0.28670485174543886009	5.01580684938869136857	1.98400343080396313056	0.05719785479582280285	0.01284326869923952362
0.23999999999999999112	0.99996693503042088924	0.70268787495483464589	0.29727906007560467305	5.01914479860125251065	1.98400404059551194180	0.05719992144513464521	0.01312926830646519646
0.24499999999999999556	0.99996565539731929739	0.69202448525699977733	0.30794117014033878243	5.02256663105445078088	1.98400367813566291808	0.05720222788278695597	0.01341527944587913093
0.25000000000000000000	0.99996435143287420999	0.68128006343413416435	0.31868428799875792023	5.02606529209812968872	1.98400236310824107377	0.05720476464395860688	0.01370130326909892345
0.25500000000000000444	0.99996302308324136465	0.67046152225336119734	0.32950150082989976275	5.02963371778366852283	1.98400011598897707543	0.05720752215032741395	0.01398734087985056135
0.26000000000000000888	0.99996167024939031087	0.65957578837020169882	0.34038588187920759687	5.03326483987839257139	1.98399695803785847126	0.05721049072743861902	0.01427339333348775358
0.26500000000000001332	0.99996029278566633813	0.64862979740720416721	0.35133049537848076715	5.03695159105645107189	1.98399291156696011562	0.05721366019174502215	0.01455946163444647896
0.27000000000000001776	0.99995889050221564709	0.63763048905828334512	0.36232840144395311865	5.04068690970741073443	1.98398799882516096993	0.05721702049100969162	0.01484554673690152704
0.27500000000000002220	0.99995746316771227935	0.62658480223417689636	0.37337266093355631069	5.04446374439326294947	1.98398224383253385383	0.05722056242144095417	0.01513164954900873133
0.28000000000000002665	0.99995601051233395928	0.61549967024270257898	0.38445634026965236352	5.04827505904909656920	1.98397567100385741057	0.05722427604152720976	0.01541777092921636783
0.28500000000000003109	0.99995453223006169896	0.60438201600434526828	0.39557251622573608163	5.05211383779049505449	1.98396830551991665281	0.05722815136488255960	0.01570391168604078069
0.28999999999999998002	0.99995302798104213071	0.59323874731006476235	0.40671428067100406922	5.05597308967198078022	1.98396017331395846384	0.05723217836679121012	0.01599007257787473518
0.29499999999999998446	0.99995149739368582864	0.58207675212433507284	0.41787474526937834485	5.05984585339141546001	1.98395130105716388513	0.05723634699043058521	0.01627625431282688981
0.29999999999999998890	0.99994994005250292801	0.57090289392972215499	0.42904704612280636367	5.06372520186807140163	1.98394171614459358111	0.05724064715350242472	0.01656245754859440172
0.30499999999999999334	0.99994835548312677176	0.55972400712167413861	0.44022434836147772419	5.06760424664660202865	1.98393144618910777233	0.05724506899488858436	0.01684868289356884416
0.30999999999999999778	0.99994674317221421411	0.54854689247709487177	0.45139985069514676486	5.07147614244182509680	1.98392051814523107112	0.05724960288966442906	0.01713493090801716801
0.31500000000000000222	0.99994510259189139934	0.53737831268189584222	0.46256678991002042611	5.07533409176379102234	1.98390896058319032846	0.05725423900403656813	0.01742120210303734970
0.32000000000000000666	0.99994343320001488618	0.52622498790728100548	0.47371844529276124769	5.07917134941851866614	1.98389680371288479321	0.05725896724646157426	0.01770749693926965823
0.32500000000000001110	0.99994173444062484091	0.51509359144996147428	0.48484814299068801358	5.08298122683055453308	1.98388407827053869781	0.05726377754649510793	0.01799381582700213325
0.33000000000000001554	0.99994000574433949957	0.50399074543902522283	0.49594926030533903472	5.08675709629468908446	1.98387081543324939048	0.05726865986461531638	0.01828015912632521139
0.33500000000000001998	0.99993824652880103354	0.49292301661201098906	0.50701522991681424735	5.09049239515271700895	1.98385704678038221616	0.05727360419204171466	0.01856652714728541931
0.34000000000000002442	0.99993645619905913158	0.48189691216265095886	0.51803954403643603932	5.09418062988917874634	1.98384280436648219315	0.05727860054011160024	0.01885292014998597721
0.34500000000000002887	0.99993463414810579426	0.47091887566290002720	0.52901575848523363366	5.09781538014180224394	1.98382812087911952759	0.05728363892959696668	0.01913933834463396252
0.35000000000000003331	0.99993277975740912922	0.45999528306189568783	0.53993749669554491621	5.10139030262561110618	1.98381302975275319866	0.05728870939187640648	0.01942578189159334390
0.35499999999999998224	0.99993089239756771658	0.44913243876447561664	0.55079845363311785711	5.10489913497154557120	1.98379756515606997525	0.05729380198233099963	0.01971225090150499973
0.35999999999999998668	0.99992897142888303996	0.43833657179159185580	0.56159239963731755196	5.10833569947959986735	1.98378176188640553690	0.05729890679741070358	0.01999874543549205394
0.36499999999999999112	0.99992701620206125845	0.42761383202480363064	0.57231318417728704873	5.11169390678444734988	1.98376565525055292838	0.05730401398860860557	0.02028526550543509679
0.36999999999999999556	0.99992502605881850020	0.41697028653687884248	0.58295473952197096601	5.11496775943025383526	1.98374928096151026402	0.05730911377311025123	0.02057181107430064784
0.37500000000000000000	0.99992300033247960567	0.40641191601055554061	0.59351108432195587294	5.11815135535249243759	1.98373267508268780190	0.05731419643982562512	0.02085838205649977531
0.38000000000000000444	0.99992093834866102586	0.39594461124743540736	0.60397632710125526145	5.12123889126466202981	1.98371587398678039804	0.05731925235502091653	0.02114497831827488045
0.38500000000000000888	0.99991883942597992174	0.38557416976888747584	0.61434466965712208886	5.12422466594759118408	1.98369891432614231519	0.05732427196747608145	0.02143159967811225988
0.39000000000000001332	0.99991670287682721252	0.37530629251072716857	0.62461041036612852118	5.12710308343976706169	1.98368183300768508026	0.05732924581347340065	0.02171824590717962716
0.39500000000000001776	0.99991452800814828450	0.36514658061337973427	0.63476794739479525109	5.12986865612704612261	1.98366466716713296670	0.05733416452188482004	0.02200491672978905147
0.40000000000000002220	0.99991231412212855378	0.35510053230909255362	0.64481178181306930686	5.13251600772947647044	1.98364745414261900436	0.05733901881932430833	0.02229161182388567433
0.40500000000000002665	0.99991006051669151233	0.34517353990767385419	0.65473652060904452554	5.13503987618491830602	1.98363023144407257803	0.05734379953403043184	0.02257833082155582746
0.41000000000000003109	0.99990776648619583700	0.33537088688236399436	0.66453687960385787736	5.13743511642807693107	1.98361303672688760180	0.05734849760238631272	0.02286507330956775996
0.41500000000000003553	0.99990543132252529546	0.32569774505710336054	0.67420768626544791413	5.13969670306448112029	1.98359590775920935357	0.05735310407384418274	0.02315183882993698122
0.41999999999999998446	0.99990305431613502041	0.31615917189638664819	0.68374388241977557268	5.14181973293742267117	1.98357888238777047007	0.05735761011628220246	0.02343862688051839144
0.42499999999999998890	0.99990063475708779173	0.30676010789880148177	0.69314052685831695211	5.14379942758638986078	1.98356199850361281101	0.05736200702128407131	0.02372543691562481113
0.42999999999999999334	0.99989817363597233157	0.29750537462774956365	0.70239279900825379865	5.14563114758075723643	1.98354448228341251337	0.05736631284138487413	0.02401226847983173665
0.43499999999999999778	0.99989567333451223607	0.28839967174193797961	0.71149600159260228960	5.14731038376654304045	1.98352798666088281365	0.05737046971333609885	0.02429912082839841628
0.44000000000000000222	0.99989312838555144403	0.27944757313526197295	0.72044555525031672705	5.14883272072698439104	1.98351173927359147875	0.05737448859889063280	0.02458599327139287041
0.44500000000000000666	0.99989053809128869421	0.27065352749110865860	0.72923701060020928999	5.15019390118998199313	1.98349578446967056422	0.05737836485735665210	0.02487288509567965253
0.45000000000000001110	0.99988790175870834176	0.26202185508351516496	0.73786604667522337486	5.15138980322055051175	1.98348015982922487588	0.05738209047215382663	0.02515979554804042076
0.45500000000000001554	0.99988521870058322261	0.25355674581160675407	0.74632847288900761029	5.15241644201439008555	1.98346490276498177430	0.05738565757831722014	0.02544672383593200859
0.46000000000000001998	0.99988248823664249709	0.24526225734313653049	0.75462023089353869043	5.15326997157986355091	1.98345005048202494002	0.05738905846686112588	0.02573366912826631492
0.46500000000000002442	0.99987970969457384829	0.23714231336744079348	0.76273739632716597292	5.15394668630620778060	1.98343563994082616730	0.05739228558898725602	0.02602063055621125012
0.47000000000000002887	0.99987688241114769383	0.22920070195819056136	0.77067618045298913465	5.15444302241955298882	1.98342170781874882479	0.05739533156018040982	0.02630760721401215196
0.47500000000000003331	0.99987400573326468134	0.22144107404610763323	0.77843293168718885600	5.15475555932543905158	1.98340829047251054895	0.05739818916412816469	0.02659459815983279338
0.47999999999999998224	0.99987107901904415108	0.21386694200178996139	0.78600413701728888416	5.15488102083867172354	1.98339542390151835072	0.05740085135647880060	0.02688160241661518776
0.48499999999999998668	0.99986810163886818970	0.20648167832867375671	0.79338642331023090382	5.15481627630000804885	1.98338314371085644439	0.05740331126843502968	0.02716861897295736253
0.48999999999999999112	0.99986507297641968872	0.19928851446609968656	0.80057655851035325334	5.15455834158029091441	1.98337148507443372658	0.05740556221020737260	0.02745564678400840009
0.49499999999999999556	0.99986300816899509325	0.19229104828136253658	0.80757195988766450334	5.15411010147990200636	1.98336048269913955977	0.05740759767429493010	0.02774268477237987543
0.50000000000000000000	0.99986090878325528664	0.18549173650529143798	0.81436917227799765495	5.15346317115438257161	1.98334826569140765251	0.05740945939871216347	0.02802973206937343573
0.50500000000000000444	0.99985877841827497381	0.17889337924808446090	0.82096539917022726129	5.15261503153960376267	1.98333673861308468211	0.05741109920852474624	0.02831678756541606071
0.51000000000000000888	0.99985563895491924580	0.17249813207557512795	0.82735750687937514858	5.15155789344763093141	1.98332591897909815692	0.05741250608691370744	0.02860385009585062963
0.51500000000000001332	0.99985345192036845230	0.16630951420826894926	0.83354393771213441955	5.15030037742400459422	1.98331776131435311150	0.05741362180954773936	0.02889091820489836718
0.52000000000000001776	0.99985123574712042593	0.16032938650528236191	0.83952184924187311932	5.14883494935125352043	1.98330837198721243730	0.05741454777969149520	0.02917799094379682628
0.52500000000000002220	0.99984800766774073466	0.15455945560495334967	0.84528855206282560442	5.14715435148791211617	1.98329986069516484015	0.05741522292388470672	0.02946506705841624857
0.53000000000000002665	0.99984573282155619900	0.14900282324621674790	0.85084290957537433986	5.14526746274182578134	1.98329421308755504683	0.05741559384545640715	0.02975214502764353050
0.53500000000000003109	0.99984342836773032470	0.14366089927860964393	0.85618252908915970512	5.14316730013818013134	1.98328732523512640817	0.05741575671246872820	0.03003922381120587362
0.54000000000000003553	0.99984010795050159981	0.13853493894751162108	0.86130516900302356298	5.14084713358521128157	1.98328139557611993204	0.05741565404804638978	0.03032630208144610623
0.54500000000000003997	0.99983774573363737304	0.13362762443731374118	0.86621012129635799326	5.13831614752263288182	1.98327831157135947571	0.05741523039754218433	0.03061337823343381753
0.55000000000000004441	0.99983535324178518522	0.12893991343603669608	0.87089543980578376647	5.13556787677176451723	1.98327417383702031550	0.05741458768743233632	0.03090045117187097817
0.55500000000000004885	0.99983293111323778835	0.12447314448959005684	0.87535978662368663095	5.13260129109073570675	1.98327106840353195594	0.05741366659038930204	0.03118751950482292340
0.56000000000000005329	0.99982949824128541927	0.12022798095417590314	0.87960151728714564001	5.12941039727838710149	1.98326895558354832083	0.05741246452846694021	0.03147458182746525751
0.56500000000000005773	0.99982701721350386581	0.11620652655571385437	0.88362049065782743984	5.12600468495273453584	1.98326977580447239013	0.05741092624262405381	0.03176163645867837587
0.57000000000000006217	0.99982450500476671706	0.11240914972511956149	0.88741535527968506969	5.12237842821345967792	1.98326966556257167085	0.05740915292354734772	0.03204868222329611271
0.57500000000000006661	0.99982097556747673295	0.10883606901642389753	0.89098490655108997238	5.11852613245553733634	1.98327067467551221291	0.05740708701607655923	0.03233571765837649215
0.57999999999999996003	0.99981840381637621107	0.10548897130806991762	0.89432943250834229243	5.11445763308207368425	1.98327469455268623477	0.05740467498625025089	0.03262274103330774222
0.58499999999999996447	0.99981580043057738383	0.10236778277745607613	0.89744801765315873610	5.11016768904205154200	1.98327784460681888490	0.05740201884614067745	0.03290975112753844606
0.58999999999999996891	0.99981316508550244215	0.09947282824046393968	0.90034033684507641659	5.10565629145448962589	1.98328217079331725614	0.05739906170276191932	0.03319674643605225600
0.59499999999999997335	0.99981153315862347775	0.09680483616285170956	0.90300669699581126437	5.10092877063509408941	1.98328594728961715710	0.05739659589928022138	0.03348372941554865478
0.59999999999999997780	0.99980989071004711111	0.09436331983814655322	0.90544657087194524436	5.09598027232584005475	1.98329081034727860988	0.05739313061221591739	0.03377069506860973236
0.60499999999999998224	0.99980823717857680855	0.09214818103427668827	0.90766005614434319693	5.09081120586024304941	1.98329675113241310491	0.05738936157761972967	0.03405764187649783226
0.60999999999999998668	0.99980657220222091119	0.09015918325033775438	0.90964738895192487345	5.08542211738945404420	1.98330397317825934955	0.05738529919321282147	0.03434456837246389893
0.61499999999999999112	0.99980497504078147397	0.08839596864475396387	0.91140900639606914346	5.07981409576838149889	1.98331224825658769539	0.05738091179803025965	0.03463147293145404926
0.61999999999999999556	0.99980341582137111089	0.08685802274138539059	0.91294539308003019862	5.07398730243639395354	1.98331067037844932521	0.05737750662162310888	0.03491836046456216203
0.62500000000000000000	0.99980186122077985278	0.08554469751284224377	0.91425716370797527333	5.06794303723719163912	1.98332023185177108715	0.05737252852488582133	0.03520522310718659370
0.63000000000000000444	0.99980029909862733195	0.08445521559562180203	0.91534508350304533142	5.06168233062937389377	1.98333113951097894656	0.05736722928649984343	0.03549205925361909042
0.63500000000000000888	0.99979872357158039442	0.08358866902250217112	0.91621005454911608190	5.05520637454222132590	1.98334333183541655643	0.05736161107290983080	0.03577886730898363621
0.64000000000000001332	0.99979713112616075410	0.08294402071549529520	0.91685311041071138050	5.04851650131538587374	1.98335679931247743646	0.05735567436588524803	0.03606564568081305905
0.64500000000000001776	0.99979551939335287170	0.08252010618707797396	0.91727541320632188793	5.04161417557314628368	1.98337154468580800781	0.05734941939893489077	0.03635239277780773215
0.65000000000000002220	0.99979388676889202614	0.08231563536463913644	0.91747825140429450919	5.03450099028423991854	1.98338757152366063075	0.05734284678866244378	0.03663910701175104173
0.65500000000000002665	0.99979223215306312067	0.08232919449227832365	0.91746303766082881737	5.02717866337023355783	1.98340488446002560785	0.05733595708462639606	0.03692578679717417600
0.66000000000000003109	0.99979055478902534304	0.08255924810662683411	0.91723130668243990637	5.01964903467152012695	1.98342348757259001601	0.05732875097390267849	0.03721243055204368627
0.66500000000000003553	0.99978885404290651628	0.08300414107278659970	0.91678471297016317365	5.01191406249559889829	1.98344338549171728125	0.05732122902360819311	0.03749903669716173060
0.67000000000000003997	0.99978712948718884146	0.08366210070927410092	0.91612502877795709555	5.00397582183722189342	1.98346458015565452193	0.05731339233040190495	0.03778560365881374061
0.67500000000000004441	0.99978538082725476599	0.08453123896203416920	0.91525414186526676819	4.99583650162269776729	1.98348707326777740079	0.05730524195387820541	0.03807212986858313220
0.68000000000000004885	0.99978360774142560619	0.08560955462697564244	0.91417405311449229099	4.98749840137066335899	1.98351086702133039275	0.05729677884809154798	0.03835861376282358876
0.68500000000000005329	0.99978181000846888526	0.08689493565559118504	0.91288687435292092953	4.97896392950545862988	1.98353596070576676524	0.05728800455952456905	0.03864505378562121257
0.69000000000000005773	0.99977998744619156479	0.08838516149822907286	0.91139482594800813597	4.97023560048366608299	1.98356235340532593980	0.05727892061297910203	0.03893144838868611152
0.69500000000000006217	0.99977813989443586884	0.09007790550109102956	0.90970023439338743021	4.96131603215412475549	1.98359004240315850431	0.05726952870885267111	0.03921779603223037730
0.70000000000000006661	0.99977626729241897419	0.09197073736391743470	0.90780552992854923744	4.95220794351870718941	1.98361901787458805302	0.05725983081361070426	0.03950409518629843103
0.70499999999999996003	0.99977436954116383205	0.09406112562494507723	0.90571324391625873673	4.94291415136791467688	1.98364927720217054663	0.05724982892610559065	0.03979034433092895617
0.70999999999999996447	0.99977244648771712576	0.09634644020058294456	0.90342600628717883993	4.93343756751383111236	1.98368081640523796771	0.05723952517278211444	0.04007654195679286740
0.71499999999999996891	0.99977049818506724677	0.09882395502098653695	0.90094654316412592365	4.92378119718097195801	1.98371363164098535314	0.05722892178764290433	0.04036268656573108182
0.71999999999999997335	0.99976852290047180105	0.10149085034687627127	0.89827767255363677457	4.91394812255575264004	1.98374768250998556596	0.05721801804743802816	0.04064877665596827033
0.72499999999999997780	0.99976651984959707953	0.10434421584495147395	0.89542230400469113860	4.90394152159339125063	1.98378301472677920358	0.05720681777036420307	0.04093481074482008958
0.72999999999999998224	0.99976448860206934555	0.10738105315348413227	0.89238343544863130141	4.89376465811027294706	1.98381961239176751732	0.05719532564732128510	0.04122078737305669843
0.73499999999999998668	0.99976242872661236216	0.11059827858547698065	0.88916415014117589077	4.88342087717940298575	1.98385746765282178217	0.05718354464679065857	0.04150670509629065391
0.73999999999999999112	0.99976033978089895449	0.11399272588957441721	0.88576761389137403935	4.87291360218728986098	1.98389657243657357988	0.05717147786658943048	0.04179256248562360221
0.74499999999999999556	0.99975822130767044715	0.11756114904013044431	0.88219707226758736773	4.86224633189280464052	1.98393691790528703400	0.05715912855141457027	0.04207835812838067735
0.75000000000000000000	0.99975607283285472526	0.12130022505384535636	0.87845584777905250107	4.85142263747207902469	1.98397849421696492733	0.05714650009737552716	0.04236409062886755533
0.75500000000000000444	0.99975389386418811455	0.12520655683060893937	0.87454733703362907971	4.84044615954634949162	1.98402129056854081846	0.05713359604897547128	0.04264975860911243005
0.76000000000000000888	0.99975168388938073782	0.12927667601611675385	0.87047500787331055783	4.82932060519091699291	1.98406529527946196012	0.05712042009492275529	0.04293536070958704071
0.76500000000000001332	0.99974944237478546860	0.13350704588412420915	0.86624239649071288483	4.81804974493423365800	1.98411049595753707919	0.05710697606244167362	0.04322089558989924973
0.77000000000000001776	0.99974716876491376283	0.13789406423598268847	0.86185310452897734290	4.80663740974531794592	1.98415687938375162602	0.05709326791610934426	0.04350636192947979902
0.77500000000000002220	0.99974486248120730814	0.14243406631509800131	0.85731079616615346595	4.79508748800863493500	1.98420443161852677605	0.05707929975269054185	0.04379175842824325343
0.78000000000000002665	0.99974252292135612485	0.14712332773421052390	0.85261919518719442301	4.78340392249509349654	1.98425313816036963388	0.05706507579542138137	0.04407708380722036301
0.78500000000000003109	0.99974014945929601250	0.15195806741322839817	0.84778208204611260612	4.77159070732763357370	1.98430298381458847246	0.05705060039298141816	0.04436233680918526961
0.79000000000000003553	0.99973774144498894767	0.15693445052535401341	0.84280329091968586575	4.75965188494312396728	1.98435395278597725977	0.05703587801452483091	0.04464751619925789311
0.79500000000000003997	0.99973529820466411344	0.16204859144937769355	0.83768670675533152270	4.74759154305452302225	1.98440602874729865590	0.05702091324596657296	0.04493262076548772826
0.80000000000000004441	0.99973281904142596854	0.16729655672598922611	0.83243626231548473182	4.73541381161470908978	1.98445919482656152333	0.05700571078426098365	0.04521764931940903259
0.80500000000000004885	0.99973030323511102857	0.17267436801575153371	0.82705593521940801160	4.72312285977998325137	1.98451343367363852721	0.05699027543530326562	0.04550260069658555034
0.81000000000000005329	0.99972775004236535956	0.17817800505678407785	0.82154974498562960417	4.71072289288014101061	1.98456872750244772696	0.05697461211007409654	0.04578747375713591861
0.81500000000000005773	0.99972515869063971472	0.18380340861847940803	0.81592175007220801852	4.69821814936317760925	1.98462505809897327147	0.05695872582029074677	0.04607226738623737550
0.82000000000000006217	0.99972252837884056920	0.18954648345259988984	0.81017604492629269330	4.68561289784433210315	1.98468240890889258132	0.05694262159823760411	0.04635698049422856681
0.82500000000000006661	0.99971985828453135969	0.19540310123827328570	0.80431675704630811730	4.67291143409165599110	1.98474076111007513568	0.05692630464018766379	0.04664161201742950819
0.83000000000000007105	0.99971714756710650107	0.20136910351795958563	0.79834804404919890164	4.66011807804272848443	1.98480009519539701834	0.05690978023560458454	0.04692616091860753180
0.83499999999999996447	0.99971439536895589928	0.20744030462268997494	0.79227409074631960362	4.64723717083457721344	1.98486039131954550285	0.05689305375740563719	0.04721062618739455680
0.83999999999999996891	0.99971160081663712482	0.21361249458480077723	0.78609910623189116485	4.63427307185072390183	1.98492162931912652368	0.05687613065829719844	0.04749500684068604095
0.84499999999999997335	0.99970876302230837762	0.21988144203626949769	0.77982732098608764648	4.62123015578815010684	1.98498378873844982806	0.05685901646677212623	0.04777930192301989981
0.84999999999999997780	0.99970588108520030968	0.22624289709074271726	0.77346298399451351990	4.60811280974524350995	1.98504684885634752334	0.05684171678302264719	0.04806351050693501159
0.85499999999999998224	0.99970295409333442826	0.23269259420740739941	0.76701035988597632276	4.59492543033272049513	1.98511078871099178045	0.05682423727489118587	0.04834763169330946742
0.85999999999999998668	0.99969998112521130107	0.23922625503488442744	0.76047372609038210722	4.58167242080956516048	1.98517558712390318476	0.05680658367384176788	0.04863166461167867799
0.86499999999999999112	0.99969696125182583302	0.24583959123336215913	0.75385737001851227390	4.56835818824532058358	1.98524122272311331905	0.05678876177101720851	0.04891560842053376684
0.86999999999999999556	0.99969389353867799120	0.25252830727323333226	0.74716558626549867128	4.55498714071105581525	1.98530767396521934387	0.05677077741324276089	0.04919946230759997957
0.87500000000000000000	0.99969077704800746176	0.25928810320850126381	0.74040267383956137603	4.54156368449977954072	1.98537491915665897935	0.05675263649909157576	0.04948322549009543520
0.88000000000000000444	0.99968761084108237469	0.26611467742331096353	0.73357293341782903173	4.52809222137866829172	1.98544293647451652873	0.05673434497502617690	0.04976689721497056657
0.88500000000000000888	0.99968439398072539426	0.27300372934997646501	0.72668066463080660533	4.51457714587454717048	1.98551170398552967455	0.05671590883149908724	0.05005047675912806249
0.89000000000000001332	0.99968112553390087172	0.27995096215690207231	0.71973016337705297829	4.50102284259375373665	1.98558119966661017486	0.05669733409907991989	0.05033396342962346420
0.89500000000000001776	0.99967881400788083379	0.28695265944081727039	0.71272615456712318238	4.48743967908172081138	1.98565140142193441442	0.05667862684465908157	0.05061735656384675625
0.90000000000000002220	0.99967648871329084503	0.29400397292705054975	0.70567251578629930364	4.47382619844047013657	1.98572028933012467711	0.05665984854356412997	0.05090065580656457506
0.90500000000000002665	0.99967315715571636314	0.30110008014038303070	0.69857307701539372857	4.46018088772864995661	1.98578976716097721500	0.05664095104795259517	0.05118386056180433685
0.91000000000000003109	0.99967078805704212563	0.30823782869612242896	0.69143295936098414511	4.44651969872106800352	1.98586176331228037029	0.05662188759724746945	0.05146696999979057108
0.91500000000000003553	0.99966840029349268715	0.31541242475775355114	0.68425597553580286281	4.43284111888751031216	1.98593235713484350669	0.05660277008109752123	0.05174998385019605879
0.92000000000000003997	0.99966599731488081648	0.32261965110692447656	0.67704634620801806832	4.41914944753695682067	1.98600347177031011370	0.05658355248727788694	0.05203290161263245117
0.92500000000000004441	0.99966260027394659993	0.32985479718413474037	0.66980780308987242222	4.40544328454185318833	1.98607507536913230339	0.05656424080735214521	0.05231572281666921342
0.93000000000000004885	0.99966015446213085660	0.33711471532429471143	0.66254543913789920584	4.39173809077066845674	1.98614908483520924420	0.05654478992974067836	0.05259844676631791893
0.93500000000000005329	0.99965768966402435147	0.34439474173078765684	0.65526294793330008837	4.37803242805992010034	1.98622162088219544884	0.05652530837419733611	0.05288107330818890561
0.94000000000000005773	0.99965422303594408948	0.35169026283223020490	0.64796396020377511338	4.36432485580905105138	1.98629458032474492946	0.05650575163923406835	0.05316360206638507530
0.94500000000000006217	0.99965171518529982730	0.35899818405113109732	0.64065353113423118003	4.35063066573587509112	1.98636988851809759282	0.05648607511023253508	0.05344603244193623509
0.95000000000000006661	0.99964918741629527066	0.36631395075255401839	0.63333523666380031614	4.33694833760190157079	1.98644364409606555277	0.05646638621604648661	0.05372836437301646562
0.95500000000000007105	0.99964664297951555394	0.37363354492593997547	0.62601309805363580807	4.32328192594216442757	1.98651775149182685531	0.05644664080985267729	0.05401059757706572900
0.95999999999999996447	0.99964309933877382175	0.38095251497232235360	0.61869058436651802602	4.30962992948390510861	1.98659218712666785223	0.05642684514547478825	0.05429273180279309968
0.96499999999999996891	0.99964051068307324677	0.38826785628317889154	0.61137265439995613914	4.29600722570762005859	1.98666887146619330906	0.05640695610022695289	0.05457476658329423608
0.96999999999999997335	0.99963790071920799463	0.39557519588109135711	0.60406270483818025330	4.28241223593493902655	1.98674392722062420624	0.05638707830343966942	0.05485670197481143373
0.97499999999999997780	0.99963637276333339177	0.40287118274354832836	0.59676519001985128821	4.26885478169113685709	1.98681472971591488452	0.05636823446536567278	0.05513854314713826504
0.97999999999999998224	0.99963485280840258529	0.41015150189720145368	0.58948335091126224938	4.25533283615872548467	1.98688795008049146062	0.05634837534856560609	0.05542028502388109124
0.98499999999999998668	0.99963334013617366480	0.41741238722409501616	0.58222095291214381874	4.24185012337265110460	1.98696134604180429939	0.05632851559656232993	0.05570192760186390424
0.98999999999999999112	0.99963183184770521006	0.42465012034387811246	0.57498171150389432160	4.22841031512105569590	1.98703407662691455826	0.05630866611144123152	0.05598347093242111300
0.99499999999999999556	0.99963032552237318651	0.43186103479010817807	0.56776929073233750600	4.21501700302036663714	1.98710749064294533994	0.05628885290017359572	0.05626491519692198434
1.00000000000000000000	0.99962882099766203758	0.43904151746159353342	0.56058730353613872577	4.20167373990954828855	1.98718091033386867750	0.05626908079605776741	0.05654626060090227335
1.00500000000000011546	0.99962731753186839789	0.44618800914717654527	0.55343930838476118605	4.18838404355215931929	1.98725455948365037351	0.05624929042635177373	0.05682750705303403482
1.01000000000000000888	0.99962589916630895104	0.45329704832136152870	0.54632885084501825457	4.17515172980634741151	1.98732819303773533548	0.05622955603846897105	0.05710865483322637853
1.01500000000000012434	0.99962450818354997573	0.46036517536335236356	0.53925933282026783377	4.16197860471964187212	1.98740112661485546219	0.05621212559681935256	0.05738971546121047346
1.02000000000000001776	0.99962313745549935540	0.46738901532251059256	0.53223412213306020568	4.14886923610595381717	1.98747511504245188974	0.05619245361367672387	0.05767067772927885611
1.02499999999999991118	0.99962177134646224008	0.47436523471478686531	0.52525653663175064789	4.13582681220295533819	1.98754913530912746822	0.05617280158293198877	0.05795154173719351681
1.03000000000000002665	0.99962040045238320651	0.48129056436755907056	0.51832983608489879845	4.12285448191414616304	1.98762317703926916224	0.05615317979149027361	0.05823230763615096922
1.03499999999999992006	0.99961901867103863939	0.48816179940692966399	0.51145721926418286074	4.10995534111055693671	1.98769723109060802990	0.05613359518891283123	0.05851297561209553577
1.04000000000000003553	0.99961762205906301570	0.49497580005082336685	0.50464182200831597669	4.09713242627008966679	1.98777128545262660175	0.05611405418057745231	0.05879354588299842005
1.04499999999999992895	0.99961620779111204360	0.50172949237013375612	0.49788671542105289447	4.08438870851536428574	1.98784532466669050521	0.05609456302528919441	0.05907401869812486939
1.05000000000000004441	0.99961477404184850837	0.50841986942164263397	0.49119490462028048139	4.07172709257108333958	1.98791933753029304022	0.05607512690033972236	0.05935439433262656994
1.05499999999999993783	0.99961331965963451385	0.51504399221742980242	0.48456932744228531362	4.05915041410534627175	1.98799331001531753849	0.05605575109336350531	0.05963467308809338591
1.06000000000000005329	0.99961184394186031188	0.52159899067753656698	0.47801285326440423606	4.04666143766100105950	1.98806722731645213464	0.05603644086512621358	0.05991485529241901559
1.06499999999999994671	0.99961034625636624451	0.52808206442991290075	0.47152828182653716560	4.03426285384709171211	1.98814107190096511779	0.05601720156446103605	0.06019494130024131973
1.07000000000000006217	0.99960882628836089658	0.53449048387007425109	0.46511834241837030079	4.02195728002833519099	1.98821483102845353308	0.05599803794296367293	0.06047493148995614076
1.07499999999999995559	0.99960728392018005639	0.54082159097860293961	0.45878569294165655323	4.00974725886571636835	1.98828848972628602354	0.05597895481622636171	0.06075482626403727604
1.08000000000000007105	0.99960571929978836447	0.54707280018306614355	0.45253291911680176840	3.99763525847200984487	1.98836203337457950724	0.05595995582672656787	0.06103462604317090590
1.08499999999999996447	0.99960413256938007720	0.55324159897894042981	0.44636253359051364376	3.98562366959812353073	1.98843544674721650622	0.05594104624227913547	0.06131433127438230130
1.09000000000000007994	0.99960252382334724430	0.55932554860612826442	0.44027697521729763919	3.97371480490752881920	1.98850871494738168366	0.05592223106339279382	0.06159394242969926797
1.09499999999999997335	0.99960089309994359930	0.56532228468393219689	0.43427860841608978415	3.96191089877057578406	1.98858182365107372114	0.05590351465808577475	0.06187346000298969695
1.10000000000000008882	0.99959924038579039962	0.57122951779724007171	0.42836972258863464935	3.95021410669008110617	1.98865475909051125925	0.05588490145191004482	0.06215288451024924415
1.10499999999999998224	0.99959756562895196730	0.57704503403379792115	0.42255253159523697981	3.93862650473184983113	1.98872750745593473987	0.05586639598213327673	0.06243221649015991137
1.11000000000000009770	0.99959586884784867866	0.58276669552086024506	0.41682917332706975744	3.92715008978128077288	1.98880005539913207180	0.05584800244766482263	0.06271145650239823288
1.11499999999999999112	0.99959414773202415194	0.58839243946456087908	0.41120170826754637305	3.91578676933518821102	1.98887237055837218236	0.05582972230820571619	0.06299060511393926587
1.12000000000000010658	0.99959240149530115271	0.59392028067703339644	0.40567212081835318793	3.90453837657586122489	1.98894445913113826485	0.05581156213179171155	0.06326966292459822172
1.12500000000000000000	0.99959062986089231018	0.59934831133795185565	0.40024231852302316614	3.89340666727860940100	1.98901631434580838942	0.05579352572995308068	0.06354863055324798393
1.13000000000000011546	0.99958883254601937907	0.60467470097039022203	0.39491413157571447767	3.88239331683052224520	1.98908792351206131777	0.05577561682516245234	0.06382750863737379765
1.13500000000000000888	0.99958700925852250752	0.60989769664421866757	0.38968931261438816138	3.87149992010969157263	1.98915927434089567782	0.05575783904661292534	0.06410629783260686498
1.14000000000000012434	0.99958515969612460328	0.61501562312921986830	0.38456953656698877886	3.86072799142736755584	1.98923035506929912763	0.05574019594061589006	0.06438499881230994037
1.14500000000000001776	0.99958328354605907595	0.62002688299712371833	0.37955640054902056724	3.85007896453179032648	1.98930115437880306040	0.05572269095719686871	0.06466361226709592402
1.15000000000000013323	0.99958138048575051471	0.62492995667352280176	0.37465142381231836266	3.83955419266907149733	1.98937166145468191658	0.05570532744752574456	0.06494213890433354897
1.15500000000000002665	0.99957945018225902167	0.62972340243879021404	0.36985604774355684832	3.82915494869509753784	1.98944186592428096105	0.05568810865331741411	0.06522057944760013826
1.15999999999999992006	0.99957749229046088946	0.63440585637843405209	0.36517163591211976303	3.81888242523491872049	1.98951175780651245972	0.05567103770146105551	0.06549893463610743927
1.16500000000000003553	0.99957550645193715688	0.63897603228450539081	0.36059947416752169413	3.80873773489421640903	1.98958132743550542010	0.05565411760370769789	0.06577720522412597304
1.16999999999999992895	0.99957349229538561275	0.64343272150953312316	0.35614077078595196557	3.79872191052623842111	1.98965056554004293687	0.05563735125467888371	0.06605539198039936388
1.17500000000000004441	0.99957144943714226759	0.64777479277269456315	0.35179665666453935335	3.78883590554683014062	1.98971946320129111641	0.05562074143073725274	0.06633349568755304848
1.17999999999999993783	0.99956937748141394540	0.65200119191898842086	0.34756818556251789509	3.77908059429089693282	1.98978801187686027419	0.05560429079314735401	0.06661151714151879177
1.18500000000000005329	0.99956727601939154848	0.65611094163126026935	0.34345633438822786854	3.76945677241489374154	1.98985620332062884685	0.05558800188505252926	0.06688945715094404831
1.18999999999999994671	0.99956514462882817273	0.66010314109706225150	0.33946200353186195553	3.75996515734559366706	1.98992402957374814321	0.05557187713339689639	0.06716731653661103807
1.19500000000000006217	0.99956298287404599101	0.66397696563109931400	0.33558601724304376601	3.75060638877378016431	1.98999148296595151919	0.05555591885056900686	0.06744509613086388522
1.19999999999999995559	0.99956079030641020733	0.66773166625416069397	0.33182912405234543662	3.74138102919241477551	1.99005855611170434649	0.05554012923518396316	0.06772279677703980927
1.20500000000000007105	0.99955856646488472350	0.67136656922922455237	0.32819199723575787075	3.73228956447813731145	1.99012524190481943087	0.05552451037151154983	0.06800041932889736018
1.20999999999999996447	0.99955631086896057358	0.67488107555009568816	0.32467523531896591571	3.72333240448307334347	1.99019153351355915227	0.05550906423097878850	0.06827796465005225857
1.21500000000000007994	0.99955402301651108399	0.67827466039173955892	0.32127936262487205576	3.71450988360036182812	1.99025742382910930672	0.05549379281901364175	0.06855543361414732917
1.21999999999999997335	0.99955170239682489264	0.68154687253146328807	0.31800482986546663167	3.70582226158600303023	1.99032290634588826528	0.05547869791391644989	0.06883282710371690927
1.22500000000000008882	0.99954934849477528047	0.68469733372517571635	0.31485201476970259282	3.69726972432780609523	1.99038797506134579329	0.05546378115486835791	0.06911014600949125231
1.22999999999999998224	0.99954696079197002945	0.68772573804354442117	0.31182122274852414057	3.68885238462688658245	1.99045262422406232794	0.05544904406666567587	0.06938739122982458263
1.23500000000000009770	0.99954453876802329404	0.69063185117087111387	0.30891268759725276638	3.68057028301595057229	1.99051684832861663921	0.05543448806019047465	0.06966456367012553719
1.23999999999999999112	0.99954208190182625149	0.69341550966760157060	0.30612657223433142883	3.67242338861262718197	1.99058064210465146537	0.05542011443348331817	0.06994166424229295020
1.24500000000000010658	0.99953958967286293813	0.69607662019751437299	0.30346296947545398082	3.66441160000720289602	1.99064400050951273435	0.05540592437268391374	0.07021869386415637015
1.25000000000000000000	0.99953706156252075665	0.69861515872055879317	0.30092190284206687956	3.65653474618347251734	1.99070691871926674921	0.05539191895318554965	0.07049565345892229440
1.25500000000000011546	0.99953449705545072135	0.70103116965231837554	0.29850332740323587410	3.64879258747155299503	1.99076939212055314954	0.05537809914074267453	0.07077254395462601044
1.26000000000000000888	0.99953189564103206433	0.70332476499124907399	0.29620713064988940522	3.64118481653238434959	1.99083141630320548110	0.05536446579255413503	0.07104936628358878015
1.26500000000000012434	0.99952925681480353504	0.70549612341455869569	0.29403313340034675782	3.63371105937201033242	1.99089298705362782727	0.05535101965823555070	0.07132612138187996442
1.27000000000000001776	0.99952658008001094014	0.70754548934392469395	0.29198109073618722098	3.62637087638543054169	1.99095410034723285797	0.05533776138105021836	0.07160281018878521253
1.27500000000000013323	0.99952386494918410431	0.70947317198196779842	0.29005069296732355344	3.61916376342808998601	1.99101475234151736871	0.05532469149910147765	0.07187943364628071596
1.28000000000000002665	0.99952111094574003225	0.71127954432056217371	0.28824156662528088724	3.61208915291427956618	1.99107493936902946174	0.05531181044658979584	0.07215599269851366571
1.28499999999999992006	0.99951831760566756113	0.71296504212212785667	0.28655327548364989410	3.60514641494175780423	1.99113465793139798876	0.05529911855504901497	0.07243248829128891286
1.29000000000000003553	0.99951548447920046669	0.71453016287472759238	0.28498532160457928919	3.59833485844043954316	1.99119390469196133608	0.05528661605460166023	0.07270892137156191593
1.29499999999999992895	0.99951261113255618351	0.71597546472232576065	0.28353714641034138966	3.59165373234546692061	1.99125267647032999641	0.05527430307524149738	0.07298529288693812733
1.30000000000000004441	0.99950969714971849012	0.71730156537100575598	0.28220813177882603240	3.58510222679224677123	1.99131097023589931361	0.05526217964815337280	0.07326160378517888871
1.30499999999999993783	0.99950674213416890179	0.71850914097233176125	0.28099760116195154902	3.57867947433299748994	1.99136878310201348441	0.05525024570710856953	0.07353785501371443156
1.31000000000000005329	0.99950374571067834850	0.71959892498488431389	0.27990482072591049700	3.57238455117351261237	1.99142611232008581723	0.05523850108987690688	0.07381404751916381679
1.31499999999999994671	0.99950070752709596622	0.72057170701503014953	0.27892900051218372237	3.56621647843052080873	1.99148295527288987650	0.05522694553793352362	0.07409018224685348653
1.32000000000000006217	0.99949762725612867342	0.72142833163797914775	0.27806929561826465580	3.56017422340582623264	1.99153930947155610731	0.05521557869936958435	0.07436626014035033205
1.32499999999999995559	0.99949450459714395123	0.72216969720022694545	0.27732480739702958239	3.55425670087699474564	1.99159517254852591606	0.05520440013080569336	0.07464228214100436520
1.33000000000000007105	0.99949133927799682642	0.72279675460440107049	0.27669458467370727783	3.54846277440382573687	1.99165054225155691014	0.05519340929900184989	0.07491824918749936946
1.33499999999999996447	0.99948813105672462687	0.72331050607749991510	0.27617762497934883470	3.54279125764908497942	1.99170541643916099162	0.05518260558247332220	0.07519416221541173895
1.34000000000000007994	0.99948488332851614935	0.72371200649289990636	0.27577287683573331600	3.53724093079611634494	1.99175979307502593052	0.05517198827315732829	0.07547002215677751924
1.34499999999999997335	0.99948260763787544203	0.72400282065843468704	0.27547978697955910476	3.53181577161150528354	1.99181363429699964662	0.05516156004308629679	0.07574582995699294385
1.35000000000000008882	0.99948030461858949902	0.72418364504325072328	0.27529665957545579325	3.52650921802556283069	1.99186500374481867404	0.05515136350788651248	0.07602158677453237090
1.35499999999999998224	0.99947797968183871298	0.72425568171827248154	0.27522229796368519184	3.52131989751499929753	1.99191581621650937173	0.05514135409128382431	0.07629729354498879235
1.36000000000000009770	0.99947466050851285768	0.72421971470131718540	0.27525494580730980321	3.51624141167773895944	1.99196607341016451720	0.05513152808661051646	0.07657295118542184476
1.36499999999999999112	0.99947229265314041502	0.72407792930673398057	0.27539436334652755978	3.51128232048652222375	1.99201776539898678386	0.05512183287990848890	0.07684856034982139039
1.37000000000000010658	0.99946892224868832955	0.72383073934030894847	0.27563818290849811943	3.50643111164967891114	1.99206687642045898734	0.05511237141388055510	0.07712412220689079945
1.37500000000000000000	0.99946651124712937442	0.72348043365315006792	0.27598607759409943263	3.50169625196320888350	1.99211747778988423896	0.05510303732503327168	0.07739963739351596317
1.38000000000000011546	0.99946408118481966376	0.72302796362378007888	0.27643611756116320821	3.49707115080096819781	1.99216548056614350948	0.05509393428408052712	0.07767510706493636896
1.38500000000000000888	0.99946065343454926211	0.72247429683590247418	0.27698635659877141046	3.49254933122205635243	1.99221296177740470057	0.05508500721790741961	0.07795053210102591279
1.39000000000000012434	0.99945818184107659832	0.72182185725120617814	0.27763632458999543129	3.48813891606966208769	1.99226187901493001497	0.05507620542791256957	0.07822591312816547238
1.39500000000000001776	0.99945569091456887278	0.72107169593519637729	0.27838399497950055972	3.48383332223221575674	1.99230820501320016191	0.05506762925998935632	0.07850125127446541673
1.40000000000000013323	0.99945220469291407017	0.72022487893786046875	0.27922732575517633657	3.47962606530812834649	1.99235400515014848821	0.05505922427196829200	0.07877654739582526378
1.40500000000000002665	0.99944967278827756552	0.71928395111746323831	0.28016572167094366819	3.47552498596619718896	1.99240123304371485879	0.05505094065846657947	0.07905180209911759348
1.40999999999999992006	0.99944613566586248954	0.71824955837349879761	0.28119657729249064593	3.47151871648792376135	1.99244587657510252576	0.05504287672376054208	0.07932701648273639272
1.41500000000000003553	0.99944356125295874538	0.71712432501812317653	0.28231923623495747133	3.46761505328218833100	1.99249200091482614461	0.05503492930938994054	0.07960219112928333673
1.41999999999999992895	0.99944096722210951089	0.71590944120773658543	0.28353152601449943537	3.46380735867332978373	1.99253552615804707671	0.05502719781918976455	0.07987732711837929045
1.42500000000000004441	0.99943737431218004907	0.71460610920772538179	0.28483126510458106617	3.46008911085332160340	1.99257852185814221535	0.05501962830373557933	0.08015242525989796363
1.42999999999999993783	0.99943474046044611381	0.71321704880415448535	0.28621769165641686161	3.45646781753488063771	1.99262201222362334008	0.05501219684471927301	0.08042748624412156266
1.43500000000000005329	0.99943109872653235204	0.71174301292688868514	0.28768808579977450668	3.45293219012550522962	1.99266384504600546634	0.05500494978000554369	0.08070251099302158670
1.43999999999999994671	0.99942842170210599573	0.71018678479809238535	0.28924163690414400607	3.44948968566902003374	1.99270711649636278473	0.05499782890266885493	0.08097750013753493570
1.44500000000000006217	0.99942572350064995401	0.70854966291117715826	0.29087606058960635558	3.44613363396419591922	1.99274788049688522662	0.05499097008764472494	0.08125245498797316335
1.44999999999999995559	0.99942202510122235548	0.70683295574098981007	0.29258906936036876978	3.44285753763096824542	1.99278808007906005351	0.05498422242893601097	0.08152737610011784319
1.45500000000000007105	0.99941928563850357392	0.70503951732782599304	0.29437976831081252849	3.43966857333078168679	1.99282973460520929088	0.05497761534940896755	0.08180226417686488338
1.45999999999999996447	0.99941758867957308787	0.70317127260826062241	0.29624631607145041068	3.43656497259267146305	1.99286839090024603394	0.05497224549058932208	0.08207712540431782999
1.46500000000000007994	0.99941588989189866776	0.70122953371587859461	0.29818635617615796285	3.43354000125394076548	1.99290475850664150492	0.05496600919041768479	0.08235195545026992303
1.46999999999999997335	0.99941418905190171351	0.69921618909012739351	0.30019799996191232072	3.43059161194229256253	1.99294048530865453017	0.05495997385830845433	0.08262675531956147068
1.47500000000000008882	0.99941248521077230560	0.69713314082789912263	0.30227934438300768649	3.42771778946389416021	1.99297559517826083919	0.05495404427502699474	0.08290152554093660475
1.47999999999999998224	0.99941087241403314678	0.69498236524733070230	0.30442850716684100032	3.42491680064479053769	1.99301015365362177434	0.05494829602026981424	0.08317626702103794734
1.48500000000000009770	0.99940930152257168029	0.69276576032922387860	0.30664354119348813388	3.42218519082454886160	1.99304011101637978953	0.05494488882803164054	0.08345099146517810651
1.48999999999999999112	0.99940774513703978243	0.69048526004727150962	0.30892248508990804989	3.41952205457312752301	1.99307312116462220786	0.05493940601680329799	0.08372568849526212942
1.49500000000000010658	0.99940618504487033213	0.68814279738704164924	0.31126338765797240127	3.41692527135237833491	1.99310554081811863725	0.05493404280662286809	0.08400035870929524473
1.50000000000000000000	0.99940461260259150222	0.68574031983276595437	0.31366429276997226383	3.41439274829977845727	1.99313739800315281592	0.05492880198282613230	0.08427500271920937425
1.50500000000000011546	0.99940302273247960674	0.68327978380483644916	0.31612323892779059520	3.41192240083702280629	1.99316870801221157627	0.05492368319777762853	0.08454962113519826072
1.51000000000000000888	0.99940141218182099170	0.68076315218929428497	0.31863825999267408884	3.40951214829461335398	1.99319948310564143412	0.05491868457783327662	0.08482421455808743238
1.51500000000000012434	0.99939977865111528921	0.67819239252242968785	0.32120738612883836804	3.40715991217886582376	1.99322973154367444337	0.05491380383461990505	0.08509878357726052833
1.52000000000000001776	0.99939812055380194966	0.67556947562637859050	0.32382864492757834629	3.40486361674786941478	1.99325946169103263017	0.05490903825853060000	0.08537332876855317776
1.52500000000000013323	0.99939643680459566699	0.67289637429071769148	0.32650006251402879931	3.40262118947758684939	1.99328868026110805900	0.05490438502871874960	0.08564785069369677817
1.53000000000000002665	0.99939472652217853366	0.67017506191577103092	0.32921966460656193476	3.40043056084130768113	1.99331739142457697866	0.05489984175297465269	0.08592234990246165605
1.53500000000000014211	0.99939298913692908855	0.66740751143707299775	0.33198547770001501922	3.39828966635136442420	1.99334560244142577901	0.05489540524053512782	0.08619682692866433016
1.54000000000000003553	0.99939122414999170818	0.66459569404313556529	0.33479553010700796589	3.39619644657566421841	1.99337331882871193756	0.05489107259237603620	0.08647128229162620583
1.54499999999999992895	0.99938943126981416576	0.66174157815292056206	0.33764785311704831328	3.39414884889283463565	1.99340054632190200046	0.05488684080527619219	0.08674571649565258891
1.55000000000000004441	0.99938761032857581501	0.65884712827392777346	0.34054048205480619282	3.39214482813517559379	1.99342728972230154305	0.05488270697165965190	0.08702013003051088658
1.55499999999999993783	0.99938576110920174234	0.65591430381789328496	0.34347145729146361104	3.39018234692276942965	1.99345355422413339497	0.05487866823988334086	0.08729452337171030030
1.56000000000000005329	0.99938388355067386826	0.65294505817773740297	0.34643882537309889091	3.38825937771956198219	1.99347934575753660269	0.05487472151492251565	0.08756889697928491034
1.56499999999999994671	0.99938197779119453124	0.64994133772102402613	0.34944064007033309727	3.38637390449325970110	1.99350467002272258021	0.05487086277430854725	0.08784325129315645464
1.57000000000000006217	0.99938004395927992896	0.64690508064367169272	0.35247496331577238271	3.38452392219479181179	1.99352953148558431629	0.05486708938838110589	0.08811758674009835535
1.57499999999999995559	0.99937808215898005226	0.64383821596578039159	0.35553986619336669373	3.38270743767033676974	1.99355393513041057041	0.05486339865755438666	0.08839190373338612350
1.58000000000000007105	0.99937609251353487494	0.64074266255524636726	0.35863342995846064776	3.38092247085976982390	1.99357788605426611284	0.05485978781818185573	0.08866620267247703191
1.58499999999999996447	0.99937407301212910493	0.63762032683689862100	0.36175374617540329014	3.37916704640895559919	1.99360138886634707944	0.05485625250803901481	0.08894048393501723104
1.59000000000000007994	0.99937202313434647660	0.63447310418620250783	0.36489891894831699704	3.37743921054975526630	1.99362445346574412852	0.05485279128198664728	0.08921474789142716522
1.59499999999999997335	0.99936994283315183640	0.63130287735464929444	0.36806706547867457102	3.37573702770427974684	1.99364708826986447576	0.05484940081963175784	0.08948899489552532283
1.60000000000000008882	0.99936783209294910435	0.62811151529128195214	0.37125631680184395522	3.37405857904448636120	1.99366929943078052823	0.05484607827781440292	0.08976322528691439706
1.60499999999999998224	0.99936569091822724520	0.62490087226675794518	0.37446481865164754632	3.37240196330171526640	1.99369109323666204858	0.05484282081978196499	0.09003743939101330196
1.61000000000000009770	0.99936351932788258789	0.62167278702279682445	0.37769073230526184481	3.37076529758186893559	1.99371247613313196112	0.05483962560725495067	0.09031163751904958126
1.61499999999999999112	0.99936131735183864055	0.61842908194527201893	0.38093223540674303607	3.36914671816383526348	1.99373345471224272529	0.05483648980603691991	0.09058581996807976711
1.62000000000000010658	0.99935908502889603255	0.61517156226039770850	0.38418752276867684792	3.36754438128126709628	1.99375403571797749080	0.05483341058307080601	0.09085998702099512547
1.62500000000000000000	0.99935682240452128333	0.61190201525357756918	0.38745480715112617931	3.36595646387966374036	1.99377422604134690864	0.05483038510918717551	0.09113413894654105729
1.63000000000000011546	0.99935452952913306213	0.60862220951125478585	0.39073232001806224023	3.36438116434616762973	1.99379403268915744718	0.05482741056921080353	0.09140827599938711190
1.63500000000000000888	0.99935220645686650975	0.60533389418580951791	0.39401831227124184398	3.36281670322256109884	1.99381346280962246098	0.05482448415314616214	0.09168239842015284136
1.64000000000000012434	0.99934985324466607537	0.60203879828358686233	0.39731105496126750687	3.36126132388981435639	1.99383252367319840914	0.05482160306737545591	0.09195650643548972103
1.64500000000000001776	0.99934746995171575001	0.59873862997599069935	0.40060883997591312244	3.35971329323362555286	1.99385122267516434746	0.05481876452799245431	0.09223060025812968021
1.65000000000000013323	0.99934505663858719249	0.59543507593359312757	0.40390998070517697416	3.35817090228318537726	1.99386956733027020938	0.05481596576530679138	0.09250468008695621192
1.65500000000000002665	0.99934261336671514897	0.59212980068352905061	0.40721281268336501080	3.35663246682144933430	1.99388756525513932694	0.05481320403520484330	0.09277874610713224279
1.66000000000000014211	0.99934014019871686418	0.58882444599034744481	0.41051569420855854586	3.35509632798038914814	1.99390522417899296315	0.05481047660810556971	0.09305279849017276950
1.66500000000000003553	0.99933763719831114614	0.58552063025978373645	0.41381700693871481533	3.35356085281092619610	1.99392255196556189567	0.05480778076699377444	0.09332683739400773892
1.66999999999999992895	0.99933510442976436483	0.58221994796562681618	0.41711515646431579496	3.35202443482263889862	1.99393955656553001354	0.05480511382043072588	0.09360086296310989040
1.67500000000000004441	0.99933254195771004103	0.57892396909993892873	0.42040857285795735221	3.35048549449989963023	1.99395624601335930137	0.05480247310436102415	0.09387487532863170170
1.67999999999999993783	0.99932994984255518744	0.57563423864449458911	0.42369571119824722683	3.34894247977902459468	1.99397262842458466992	0.05479985598340245817	0.09414887460854871881
1.68500000000000005329	0.99932732814030655888	0.57235227606796279520	0.42697505207253388937	3.34739386640968472619	1.99398871199950344923	0.05479726005047340365	0.09442286090880108729
1.68999999999999994671	0.99932467690801718430	0.56907957484759830180	0.43024510206061344908	3.34583815849767507444	1.99400450486624314372	0.05479468278217009686	0.09469683432271193413
1.69500000000000006217	0.99932199620544326368	0.56581760201256514620	0.43350439419306568967	3.34427388895678356917	1.99402001534927753035	0.05479212163931833357	0.09497079493090852809
1.69999999999999995559	0.99931928609513420714	0.56256779770964437937	0.43675148838568650378	3.34269961990815911435	1.99403525183576824098	0.05478957411188179610	0.09524474280146794092
1.70500000000000007105	0.99931654664268243504	0.55933157479178774452	0.43998497185109136653	3.34111394305603948141	1.99405022276891963351	0.05478703772013542028	0.09551867799006862059
1.70999999999999996447	0.99931377791694253609	0.55611031842946467840	0.44320345948767214672	3.33951548004020404292	1.99406493664287776113	0.05478451001609500881	0.09579260054014909764
1.71500000000000007994	0.99931097999019757872	0.55290538574451897347	0.44640559424587689108	3.33790288276435864745	1.99407940199629374334	0.05478198858484811112	0.09606651048307333907
1.71999999999999997335	0.99930815293836527946	0.54971810546651012075	0.44959004747205605357	3.33627483370128397056	1.99409362740689033444	0.05477947104578793913	0.09634040783830227772
1.72500000000000008882	0.99930529684112501254	0.54654977761136602776	0.45275551922995688203	3.33463004617471181490	1.99410762148561060414	0.05477695505376722201	0.09661429261357111498
1.72999999999999998224	0.99930241178202861008	0.54340167318217968973	0.45590073860004970419	3.33296726461822778731	1.99412139287103484797	0.05477443830011796688	0.09688816480507170259
1.73500000000000009770	0.99929949784866745066	0.54027503389202746753	0.45902446395684687319	3.33128526481147435589	1.99413495022325260031	0.05477191851364813374	0.09716202439763994836
1.73999999999999999112	0.99929655513280268853	0.53717107190860435839	0.46212548322440127890	3.32958285409390253307	1.99414830221853933701	0.05476939346151137034	0.09743587136494751000
1.74500000000000010658	0.99929358373042342922	0.53409096962046553880	0.46520261411016400332	3.32785887155618942401	1.99416145754395635059	0.05476686095006264715	0.09770970566969781890
1.75000000000000000000	0.99929058374186685576	0.53103587942468399863	0.46825470431738724919	3.32611218820949217090	1.99417442489084506541	0.05476431882566971943	0.09798352726382617006
1.75500000000000011546	0.99928755527188117824	0.52800692353575573446	0.47128063173633938376	3.32434170713323107194	1.99418721294989320647	0.05476176497538025323	0.09825733608870307334
1.76000000000000000888	0.99928449842973277040	0.52500519381546084663	0.47427930461448614130	3.32254636360109367743	1.99419983040522619255	0.05475919732761732467	0.09853113207534115736
1.76500000000000012434	0.99928141332919195872	0.52203175162347503768	0.47724966170592297843	3.32072512518585449826	1.99421228592951438330	0.05475661385285061217	0.09880491514460540414
1.77000000000000001776	0.99927830008859419575	0.51908762768852467762	0.48019067240028129318	3.31887699184327145119	1.99422458817760772654	0.05475401256417697371	0.09907868520742628415
1.77500000000000013323	0.99927515883089723658	0.51617382199974859436	0.48310133683136258220	3.31700099597522646278	1.99423674578157505977	0.05475139151782389829	0.09935244216501540326
1.78000000000000002665	0.99927198968365216203	0.51329130371811149125	0.48598068596574928169	3.31509620247258185444	1.99424876734618106155	0.05474874881361761758	0.09962618590908349503
1.78500000000000014211	0.99926879277900582110	0.51044101110752027051	0.48882778167169993466	3.31316170873861226553	1.99426066143854630042	0.05474608259466378496	0.09989991632205681704
1.79000000000000003553	0.99926556825370804749	0.50762385148536981472	0.49164171676855739079	3.31119664469208663249	1.99427243658897679346	0.05474339104830093505	0.10017363327729832123
1.79499999999999992895	0.99926231624905825779	0.50484070119227031359	0.49442161505700354951	3.30920017275085109887	1.99428410128578703642	0.05474067240666194434	0.10044733663933162748
1.80000000000000004441	0.99925903691081097158	0.50209240558059697879	0.49716663133044036726	3.30717148779620506716	1.99429566396960211705	0.05473792494703715039	0.10072102626406681525
1.80499999999999993783	0.99925573038916126745	0.49937977902162944410	0.49987595136775198057	3.30510981711832396712	1.99430713302979123469	0.05473514699216034535	0.10099470199902761680
1.81000000000000005329	0.99925239683858602113	0.49670360493094484200	0.50254879190786605481	3.30301442034355785538	1.99431851679863125781	0.05473233691048189076	0.10126836368358002605
1.81499999999999994671	0.99924903641774676100	0.49406463581169596244	0.50518440060627789467	3.30088458934309203485	1.99432982354763321808	0.05472949311638646702	0.10154201114916196202
1.82000000000000006217	0.99924565052680358601	0.49146359402813460937	0.50778205649890073570	3.29871965210434581195	1.99434106148263556868	0.05472661407039620951	0.10181564421951394550
1.82499999999999995559	0.99924224093000613145	0.48890117117605780273	0.51034106975417670160	3.29651896908708152978	1.99435222801997724673	0.05472370093395875074	0.10208926272418374082
1.83000000000000007105	0.99923880491365180134	0.48637802601657925683	0.51286077889730274926	3.29428191957497951137	1.99436334471535925417	0.05472074709367395068	0.10236286645965210484
1.83499999999999996447	0.99923634594901700190	0.48389513981490239747	0.51534120613434686309	3.29201261232728681350	1.99437441686923233597	0.05471775366159720849	0.10263645522796009668
1.84000000000000007994	0.99923386242956302450	0.48145276196413672176	0.51778110046566028224	3.28970581183186006058	1.99438346060252835734	0.05471476730745401806	0.10291002906449736587
1.84499999999999997335	0.99923135662253215195	0.47905146288212518968	0.52017989374064066421	3.28736100236737183167	1.99439246575674511419	0.05471174134039279852	0.10318358777119933378
1.85000000000000008882	0.99922784652834173436	0.47669143283581855153	0.52253641369275694029	3.28497312061375001946	1.99440034468188343020	0.05470869661354998276	0.10345713125426708734
1.85499999999999998224	0.99922529843685270468	0.47437387687231413747	0.52485142156477371245	3.28255088082463331034	1.99441124511031353528	0.05470553122516756683	0.10373065891039293107
1.86000000000000009770	0.99922174823684084544	0.47209857600257659760	0.52712317223450089188	3.28008470305602495287	1.99442017486979450425	0.05470237402131786913	0.10400417078049951913
1.86499999999999999112	0.99921916000429733540	0.46986667936007192603	0.52935248064446316363	3.27758333734181528385	1.99443105040429879971	0.05469911623009360291	0.10427766636164999270
1.87000000000000010658	0.99921557035355756948	0.46767790558401545198	0.53153766476978070443	3.27503728504638891295	1.99443997006740536548	0.05469586436426800147	0.10455114568347133319
1.87500000000000000000	0.99921294265228421949	0.46553334875803958903	0.53367959389448227370	3.27245533370966557030	1.99445085037786729032	0.05469250987927162799	0.10482460823286769702
1.88000000000000011546	0.99920931417759017990	0.46343266625016094062	0.53577664792766799273	3.26982806721949215145	1.99445978918900923560	0.05468915924347251406	0.10509805402908506400
1.88500000000000000888	0.99920664773308331963	0.46137689784849345020	0.53782974988483012169	3.26716430856744155520	1.99447070308954788054	0.05468570414373009198	0.10537148254980371886
1.89000000000000012434	0.99920298126092921276	0.45936564093632420436	0.53983734032484398391	3.26445472448497087115	1.99447968937733266515	0.05468225100032744063	0.10564489380480535097
1.89500000000000001776	0.99920027685053280919	0.45739988182463819921	0.54180039502613697167	3.26170816986606082466	1.99449066449684520030	0.05467869173587419640	0.10591828726348472001
1.90000000000000013323	0.99919657318419907721	0.45547915928320065193	0.54371741390123951021	3.25891539478462721746	1.99449972551886922645	0.05467513271407198339	0.10619166292705507770
1.90500000000000002665	0.99919383165091713028	0.45360440711193167340	0.54558942453922487648	3.25608528348257930674	1.99451078859380048769	0.05467146609663301599	0.10646502025753824816
1.91000000000000014211	0.99919009172119443996	0.45177510691676908694	0.54741498480466410648	3.25320866944843656299	1.99451995057186093341	0.05466779818834234528	0.10673835924847996370
1.91500000000000003553	0.99918731382460013180	0.44999214096146999964	0.54919517286337460327	3.25029446266458110770	1.99453112716111435887	0.05466402139162880591	0.10701167935543810794
1.91999999999999992895	0.99918353811234739137	0.44825493511066238916	0.55092860300193347012	3.24733357949659495745	1.99454042170669665346	0.05466024377635536613	0.10728498057431988533
1.92500000000000004441	0.99918072469287100290	0.44656432160676678977	0.55261640308634962793	3.24433495465538523916	1.99455173704211374819	0.05465635433215548789	0.10755826234598066249
1.92999999999999993783	0.99917691438310940466	0.44491967214505101502	0.55425724223830730164	3.24128958691568591632	1.99456117573448099556	0.05465246105246898689	0.10783152465124300201
1.93500000000000005329	0.99917406526003893497	0.44332176943746709474	0.55585229582281880933	3.23820642057290619675	1.99457264844678339166	0.05464847759266202448	0.10810476703920630925
1.93999999999999994671	0.99917022004122502121	0.44176993306221168378	0.55740028697926324863	3.23507654563757585109	1.99458226268604854603	0.05464447627626718013	0.10837798942058764207
1.94500000000000006217	0.99916733674589142122	0.44026489850976907592	0.55890243823637220100	3.23190893336090034893	1.99459392593132545102	0.05464036344719690880	0.10865119123782362998
1.94999999999999995559	0.99916345842981724168	0.43880593423802327635	0.56035752419204920560	3.22869474968399439163	1.99460373595870166241	0.05463624489070777190	0.10892437246227716641
1.95500000000000007105	0.99915955724800487037	0.43739336522062716162	0.56176619202762989591	3.22543851211985721505	1.99461560502088053326	0.05463201417881109745	0.10919753253317121544
1.95999999999999996447	0.99915662560236317979	0.43602750111850602233	0.56312912448411123201	3.22214483953054475762	1.99462759495682950828	0.05462772556889797237	0.10947067116101570627
1.96500000000000007994	0.99915269436324671837	0.43470753396696776294	0.56444516039652781192	3.21880494657500326738	1.99463773473696237559	0.05462342884746423932	0.10974378830525302608
1.96999999999999997335	0.99914973170648824219	0.43343408999338595144	0.56571564171335797511	3.21542790330430516832	1.99464995984457638123	0.05461901911905655410	0.11001688340084830875
1.97500000000000008882	0.99914577059448372864	0.43220631470418502396	0.56693945589055472212	3.21200501238319446884	1.99466034375306389137	0.05461460247365734072	0.11028995641321659438
1.97999999999999998224	0.99914277813716523280	0.43102479243591373947	0.56811798570150484622	3.20854534711473071695	1.99467282127579537132	0.05461007266678696154	0.11056300677655052367
1.98500000000000009770	0.99913878861935045972	0.42988862376232672702	0.56925016485727841786	3.20504029422543590400	1.99468346659037121249	0.05460553559501304943	0.11083603445452558378
1.98999999999999999112	0.99913576840060958073	0.42879835295376927951	0.57033741544710070404	3.20149893203801205743	1.99469621735595481482	0.05460087678892894258	0.11110903883847023099
1.99500000000000010658	0.99913175188714709041	0.42775303700706412968	0.57137871488034264189	3.19791272289211292446	1.99470713939696642214	0.05459621904396190495	0.11138201993369004072
2.00000000000000000000	0.99912870427886024682	0.42675318169338305463	0.57237552258573509700	3.19429074161636306073	1.99472017065241868927	0.05459144818244144465	0.11165497717460225180
2.00499999999999989342	0.99912466140582778529	0.42579780274231149306	0.57332685866377508521	3.19062453398408640837	1.99473138583667530810	0.05458666983357304825	0.11192791052377011607
2.01000000000000023093	0.99912158765227576662	0.42488736944955673991	0.57423421820298470308	3.18692317259949930985	1.99474471733863589762	0.05458177860472611387	0.11220081941679374560
2.01500000000000012434	0.99911857633339906659	0.42402126682964924598	0.57509730950401738436	3.18318289655425656903	1.99475623980298455429	0.05457687999029747772	0.11247370381674523521
2.02000000000000001776	0.99911642313426340944	0.42319949513900029237	0.57591692799552873794	3.17940764583126433962	1.99476463791141944704	0.05457287779475177708	0.11274656820571898885
2.02499999999999991118	0.99911427255268847603	0.42242139915334458999	0.57669287339961272654	3.17559400390008272907	1.99477451905725633452	0.05456793282663920108	0.11301940786985217868
2.03000000000000024869	0.99911212139882232819	0.42168663806167178132	0.57742548333741439137	3.17174235206972499057	1.99478456472215337492	0.05456293035054313179	0.11329222252160489615
2.03500000000000014211	0.99910996678946106808	0.42099485411317733030	0.57811511267655057988	3.16785309492250943819	1.99479477126241433460	0.05455786776569265806	0.11356501186043335694
2.04000000000000003553	0.99910780716545077862	0.42034567408098544306	0.57876213308472823638	3.16392665693308039465	1.99480514335429348627	0.05455274583555135698	0.11383777558961111209
2.04499999999999992895	0.99910564158311032656	0.41973870933472262612	0.57936693224865931651	3.15996347981163205887	1.99481568406377895997	0.05454756491312117567	0.11411051341417671745
2.04999999999999982236	0.99910346947741168755	0.41917355618418572494	0.57992991329349785623	3.15596402104319873061	1.99482639688464602479	0.05454232570910211297	0.11438322504272223357
2.05500000000000015987	0.99910129050125151551	0.41864979625576970168	0.58045149424575082087	3.15192875288945639767	1.99483728519125302903	0.05453702885946924706	0.11465591018701958015
2.06000000000000005329	0.99909910444337413082	0.41816699692291936508	0.58093210752072566017	3.14785816187287581513	1.99484835032453666770	0.05453167452929622017	0.11492856855966605834
2.06499999999999994671	0.99909691121179178275	0.41772471177572889633	0.58137219943633777763	3.14375274798561354928	1.99485959496429687832	0.05452626343010538723	0.11520119987681658180
2.06999999999999984013	0.99909471076840294934	0.41732248105402747207	0.58177222971464881418	3.13961302417448617774	1.99487102086343059959	0.05452079584085278707	0.11547380385602085129
2.07500000000000017764	0.99909250314142383775	0.41695983213449649973	0.58213267100720123004	3.13543951569746637276	1.99488263018986389241	0.05451527253686890701	0.11574638021870520266
2.08000000000000007105	0.99909028837441338222	0.41663627997058716446	0.58245400840410344045	3.13123275966767922185	1.99489442444066344962	0.05450969381007473441	0.11601892868775558199
2.08499999999999996447	0.99908806655399817753	0.41635132758704218592	0.58273673896722910648	3.12699330445815748547	1.99490640541680797071	0.05450406047982119667	0.11629144899015468606
2.08999999999999985789	0.99908583776265280640	0.41610446651969423826	0.58298137124323545777	3.12272170925764935845	1.99491857441310393995	0.05449837284607614296	0.11656394085438506747
2.09500000000000019540	0.99908360211101321369	0.41589517731024155944	0.58318842480104793324	3.11841854348915159534	1.99493093288531309071	0.05449263179105465899	0.11683640401334034753
2.10000000000000008882	0.99908135969469935578	0.41572292994422327395	0.58335842975075447026	3.11408438639175644269	1.99494348190121861819	0.05448683764647776345	0.11710883820157273749
2.10499999999999998224	0.99907911063174303923	0.41558718434444974488	0.58349192628757351464	3.10971982645712552440	1.99495622264299155013	0.05448099132389245397	0.11738124315819220556
2.10999999999999987566	0.99907685501904375247	0.41548739080466645657	0.58358946421465296428	3.10532546101460660282	1.99496915598641866296	0.05447509317910061849	0.11765361862408771354
2.11500000000000021316	0.99907459297069067805	0.41542299052940556692	0.58365160244156399916	3.10090189567717366970	1.99498228283882661493	0.05446914412443880360	0.11792596434470990763
2.12000000000000010658	0.99907232376596910584	0.41539341550588343432	0.58367890826036439300	3.09644974160626373916	1.99499561914835954468	0.05446313952944970699	0.11819828004235716223
2.12500000000000000000	0.99907004737464222277	0.41539808986333454088	0.58367195751158829076	3.09196961979982365420	1.99500915080373908417	0.05445708390762741408	0.11847056546189529969
2.12999999999999989342	0.99906776391310803120	0.41543643003701546945	0.58363133387637400329	3.08746215868755502498	1.99502287548034518139	0.05445097828029459019	0.11874282035329676577
2.13500000000000023093	0.99906547350841923283	0.41550784513683941546	0.58355762837185987113	3.08292799307076537119	1.99503679421900614877	0.05444482360019475831	0.11901504447129773734
2.14000000000000012434	0.99906317629152519011	0.41561173738727036353	0.58345143890453998736	3.07836776367394904241	1.99505090775115245805	0.05443862077193674376	0.11928723757515742598
2.14500000000000001776	0.99906087239330809702	0.41574750256524833913	0.58331336982834569582	3.07378211670409395850	1.99506521655304580598	0.05443237067045657990	0.11955939942850971058
2.14999999999999991118	0.99905856194148212612	0.41591453043471732220	0.58314403150705451662	3.06917170340871248158	1.99507972090135043963	0.05442607415859389980	0.11983152979930268567
2.15500000000000024869	0.99905624505837664628	0.41611220517741803748	0.58294403988125120808	3.06453717963760619014	1.99509442090186261964	0.05441973209485057722	0.12010362845977694268
2.16000000000000014211	0.99905392185936925387	0.41633990581967217359	0.58271401603998362884	3.05987920541208957559	1.99510931650360556766	0.05441334533221848374	0.12037569518643803645
2.16500000000000003553	0.99905159245158403625	0.41659700665468674119	0.58245458579719056047	3.05519844449545985299	1.99512440752442699043	0.05440691472700193848	0.12064772976007304139
2.16999999999999992895	0.99904925693313684221	0.41688287766029602510	0.58216637927313363843	3.05049556397022758603	1.99513969366029098040	0.05440044113850601992	0.12091973196576556726
2.17500000000000026645	0.99904691539237389097	0.41719688491175876965	0.58185003048090688793	3.04577123381931835766	1.99515517449654367077	0.05439392543214210951	0.12119170159292627642
2.18000000000000015987	0.99904456790750939543	0.41753839098957240550	0.58150617691823536237	3.04102612651418002798	1.99517084951507150947	0.05438736847869303503	0.12146363843531973736
2.18500000000000005329	0.99904221454620967258	0.41790675538191607297	0.58113545916458864138	3.03626091660743657741	1.99518671810003800360	0.05438077115576329945	0.12173554229109855018
2.18999999999999994671	0.99903985536556871860	0.41830133488187071222	0.58073852048399554615	3.03147628033314342488	1.99520277954374458673	0.05437413434714152144	0.12200741296283425241
2.19499999999999984013	0.99903749041197054126	0.41872148397889497051	0.58031600643337344358	3.02667289521192905966	1.99521903305017200836	0.05436745894329333972	0.12227925025755072286
2.20000000000000017764	0.99903511972116609829	0.41916655524472734573	0.57986856447673917891	3.02185143966342906197	1.99523547773947695916	0.05436074584094535700	0.12255105398675544826
2.20500000000000007105	0.99903274331825853150	0.41963589971330539363	0.57939684360525101070	3.01701259262436094488	1.99525211264984414505	0.05435399594280646701	0.12282282396646948541
2.20999999999999996447	0.99903036121797261782	0.42012886725486858763	0.57890149396341195054	3.01215703317414140727	1.99526893674256644573	0.05434721015751309975	0.12309456001725704866
2.21499999999999985789	0.99902797342519633617	0.42064480694391426230	0.57838316648159293631	3.00728544016975929409	1.99528594890160793085	0.05434038939839734572	0.12336626196424903268
2.22000000000000019540	0.99902557993878349230	0.42118306742313038615	0.57784251251596152610	3.00239849187112151085	1.99530314814091824793	0.05433353464450494524	0.12363792963747155529
2.22500000000000008882	0.99902318074841756079	0.42174299725645431058	0.57728018349226994932	2.99749686560111960887	1.99532053323523550503	0.05432664681937122292	0.12390956287156841553
2.22999999999999998224	0.99902077583428472440	0.42232394527774708148	0.57669683055685139195	2.99258123739814374531	1.99533810286311497073	0.05431972684154097453	0.12418116150577611367
2.23499999999999987566	0.99901836516716591152	0.42292526093316928915	0.57609310423430792891	2.98765228167407714821	1.99535585563826778355	0.05431277563430055716	0.12445272538394760997
2.24000000000000021316	0.99901594870865029208	0.42354629461708170890	0.57546965409188344243	2.98271067088025843006	1.99537379011010451713	0.05430579412488170665	0.12472425435457201726
2.24500000000000010658	0.99901352641142660005	0.42418639800124813277	0.57482712841048755337	2.97775707518055998690	1.99539190476541894448	0.05429878324375612270	0.12499574827079079631
2.25000000000000000000	0.99901109821949596324	0.42484492435733106630	0.57416617386247903454	2.97279216213187025275	1.99541019803097352536	0.05429174392403689903	0.12526720699041096752
2.25499999999999989342	0.99900866406850685753	0.42552122887257942674	0.57348743519624412190	2.96781659637192829493	1.99542866827556264475	0.05428467710094628945	0.12553863037591569962
2.26000000000000023093	0.99900622388614135350	0.42621466895872883729	0.57279155492773126124	2.96283103931491398342	1.99544731381183604313	0.05427758371123545672	0.12581001829447188700
2.26500000000000012434	0.99900377759233538466	0.42692460455387981622	0.57207917303877620085	2.95783614885380075066	1.99546613289847507566	0.05427046469270165041	0.12608137061793539546
2.27000000000000001776	0.99900132509965466898	0.42765039841749036276	0.57135092668248299574	2.95283257907060203706	1.99548512374211051146	0.05426332098365587581	0.12635268722285367127
2.27499999999999991118	0.99899886631369838597	0.42839141641837891195	0.57060744989563616514	2.94782097995417302627	1.99550428449875805192	0.05425615352248099738	0.12662396799046607421
2.28000000000000024869	0.99899640113332410785	0.42914702781558572431	0.56984937331806362337	2.94280199712493528708	1.99552361327584160122	0.05424896324712651097	0.12689521280670171266
2.28500000000000014211	0.99899392945111431530	0.42991660553225868879	0.56907732391918042225	2.93777627156768028627	1.99554310813397872693	0.05424175109466568279	0.12716642156217503046
2.29000000000000003553	0.99899145115359977432	0.43069952642236736251	0.56829192473156120435	2.93274443937142237360	1.99556276708860358404	0.05423451800083142760	0.12743759415217920106
2.29499999999999992895	0.99898896612165266617	0.43149517153029581795	0.56749379459168336481	2.92770713147694383593	1.99558258811227373641	0.05422726489957145624	0.12770873047667705147
2.30000000000000026645	0.99898647423084763197	0.43230292634333900015	0.56668354788783747988	2.92266497343211195670	1.99560256913511069321	0.05421999272261062569	0.12797983044029009880
2.30500000000000015987	0.99898397535173555362	0.43312218103695043769	0.56586179431511374194	2.91761858515406835579	1.99562270804772201593	0.05421270239902595267	0.12825089395228522759
2.31000000000000005329	0.99898146935024323412	0.43395233071290340021	0.56502913863766990321	2.91256858069966995117	1.99564300270233907497	0.05420539485481182945	0.12852192092655928546
2.31499999999999994671	0.99897895608791043021	0.43479277563020002351	0.56418618045803592409	2.90751556804269339906	1.99566345091468511086	0.05419807101247826192	0.12879291128162168034
2.31999999999999984013	0.99897643542221703505	0.43564292142885524539	0.56333351399369591128	2.90246014885909930925	1.99568405046274643944	0.05419073179044946176	0.12906386494057392467
2.32500000000000017764	0.99897390720693213240	0.43650217934649870877	0.56247172786076526929	2.89740291831942942125	1.99570479909045772615	0.05418337810282862488	0.12933478183108806925
2.33000000000000007105	0.99897137129236313058	0.43736996642784059519	0.56160140486485421452	2.89234446488881191684	1.99572569451018866360	0.05417601085907106095	0.12960566188538341637
2.33499999999999996447	0.99896882752576388054	0.43824570572699855786	0.56072312179909589158	2.88728537013448605109	1.99574673440411087810	0.05416863096362224683	0.12987650504020153974
2.33999999999999985789	0.99896627575153040812	0.43912882650265283591	0.55983744924920308961	2.88222620854032740567	1.99576791642579554065	0.05416123931556716259	0.13014731123677938940
2.34500000000000019540	0.99896371581157272779	0.44001876440616277675	0.55894495140573774439	2.87716754732923174487	1.99578923820208919970	0.05415383680826584695	0.13041808042082073116
2.35000000000000008882	0.99896114754557008286	0.44091496166254595668	0.55804618588335819229	2.87210994629235960574	1.99581069733412252987	0.05414642432901618091	0.13068881254246580981
2.35499999999999998224	0.99895857079132222012	0.44181686724446689318	0.55714170354719261269	2.86705395762613690636	1.99583229139851781042	0.05413900275871563056	0.13095950755625937467
