0.00000000000000000000	1.00000000000000000000	1.00000000000000000000	1.00000000000000000000	0.00000000000000000000	0.00000000000000000000	nan	nan
0.02000000000000000042	0.99999962019996369023	0.99980000005991587209	0.99980000000003577121	0.00009981007002389557	0.00009981009996393586	0.00000000000000000000	0.00000000000000000000
0.04000000000000000083	0.99999604891232851678	0.99920004214948288102	0.99920004167451137445	0.00039800338142285106	0.00039800361890861551	0.00000000000000000000	0.00000000000000000000
0.05999999999999999778	0.99999437520110845412	0.99820156585965214013	0.99820156514707503170	0.00089267569335692645	0.00089267604786674628	0.00000000000000000000	0.00000000000000000000
0.08000000000000000167	0.99999190944465798925	0.99680616717721981512	0.99680616622803552840	0.00158185635953955847	0.00158185682987489491	0.00000000000000000000	0.00000000000000000000
0.10000000000000000555	0.99998865478734544343	0.99501559609261114314	0.99501559490790736362	0.00246351018614304447	0.00246351077106798108	0.00000000000000000000	0.00000000000000000000
0.11999999999999999556	0.99998461545552463914	0.99283175391784284081	0.99283175249879984658	0.00353553850363390494	0.00353553920294903939	0.00000000000000000000	0.00000000000000000000
0.14000000000000001332	0.99997979445593176973	0.99025669389131476539	0.99025669223915901984	0.00479578038956978130	0.00479578119918596529	0.00000000000000000000	0.00000000000000000000
0.16000000000000000333	0.99997419443923885041	0.98729261854208127946	0.98729261665687917393	0.00624202383387596066	0.00624202475144831903	0.00000631419305108177	0.00000636308539614452
0.17999999999999999334	0.99996781686589975013	0.98394187916777986480	0.98394187657536591463	0.00787201030266523709	0.00787201550532404433	0.00002870498448678130	0.00002893167002581313
0.20000000000000001110	0.99996048410967808273	0.98020680999795395394	0.98020714713025558495	0.00968323923398170527	0.00968344619332427506	0.00000000000000000000	0.00007170374876957864
0.22000000000000000111	0.99995257864683517735	0.97609035717104997154	0.97609068673929433313	0.01167357101645224299	0.01167396030996985072	0.00001630158018817404	0.00013735404627287405
0.23999999999999999112	0.99994390816064182559	0.97159514812666047945	0.97159547003185631198	0.01384055291611094654	0.01384115510787023093	0.00006514574666817614	0.00022800785684742126
0.26000000000000000888	0.99993447354337838817	0.96672607020098566544	0.96672245069798568018	0.01615646685650635322	0.01620787630505703472	0.00014690751207403511	0.00034414311779503771
0.28000000000000002665	0.99992427414999962565	0.96148891591444007876	0.96147195449120226307	0.01862973459166222118	0.01876077073302313825	0.00026183503811375329	0.00048688721353359844
0.29999999999999998890	0.99991302868476861221	0.95588866616198298054	0.95584595012848494466	0.02125580223206972874	0.02149938841611176085	0.00041030014603380370	0.00065699916208777009
0.32000000000000000666	0.99990127131730888177	0.94992961975188927592	0.94985431643662077139	0.02403014050739636642	0.02428797396439444714	0.00059270397456307432	0.00086303840597554962
0.34000000000000002442	0.99988853941599886710	0.94361715344341967615	0.94350954277739473852	0.02694819585287669059	0.02722002893274871188	0.00080985332235195375	0.00110089214513128526
0.35999999999999998668	0.99987467575655575303	0.93695643430251429606	0.93681680057948746310	0.03000492373843537813	0.03029170322345582991	0.00098883571477804640	0.00145710566092536000
0.38000000000000000444	0.99985948658864487459	0.92995275959095036189	0.92978138963663292671	0.03319596034346520425	0.03349840994815806577	0.00116601170458069305	0.00189366945063459123
0.40000000000000002220	0.99984266210819705556	0.92261163383632949220	0.92240881478053560194	0.03651671480069727804	0.03683585799728475441	0.00134024308021216793	0.00241662330171017216
0.41999999999999998446	0.99982646104765460215	0.91493605797058452644	0.91470208295011512512	0.03996652675402176391	0.04030010226112620830	0.00186212142039190055	0.00303224201966770593
0.44000000000000000222	0.99980899486321672676	0.90693324249183437935	0.90666843125775176127	0.04353911647471669227	0.04388677240059937756	0.00248715755699980678	0.00374840690770959903
0.46000000000000001998	0.99979015927842374012	0.89861061173954515091	0.89831148185905007608	0.04718767149591966692	0.04763482522946842213	0.00322607454691270631	0.00456326143350416474
0.47999999999999998224	0.99977093686103235548	0.88997529509960826566	0.88963310993700828178	0.05093075265434116039	0.05151775256330329289	0.00408195682356659890	0.00548455275306925557
0.50000000000000000000	0.99974822616541891840	0.88103734025097080185	0.88064058242984610825	0.05476300113892688948	0.05553305801576106232	0.00506002311995945239	0.00651573624667379277
0.52000000000000001776	0.99972881271307778572	0.87179693821758486028	0.87133967339994811141	0.05867990575304594253	0.05946908578550388902	0.00616399854907737944	0.00768834574770890268
0.54000000000000003553	0.99970828401046996081	0.86226549188519052702	0.86174880140319143340	0.06267437147566273792	0.06348224369537353029	0.00740439026298546788	0.00898346823370712103
0.56000000000000005329	0.99968802436180437265	0.85244871494379681476	0.85187365415661708834	0.06673892293935010378	0.06756980929992655038	0.00864442401738037269	0.01055861836659631285
0.57999999999999996003	0.99966744422754072463	0.84235430828551260962	0.84172195543858530087	0.07086930171242301901	0.07172441524121012102	0.00996252253395882130	0.01232179474152742503
0.59999999999999997780	0.99964535389615349903	0.83199055834096558026	0.83130205382041244544	0.07506037028186626769	0.07594294713032688493	0.01136002448690896609	0.01429333151420205880
0.61999999999999999556	0.99962335004560542995	0.82136305682112820126	0.82061938068466078189	0.07931874729902169130	0.08022183987949622896	0.01336932656576887701	0.01648023684683308510
0.64000000000000001332	0.99960122032384302049	0.81047911787492887825	0.80968120032483248405	0.08363365701908591354	0.08455680185431189988	0.01570967109725579514	0.01889727785469657445
0.66000000000000003109	0.99957854946163149368	0.79934802177167318948	0.79849312146972672988	0.08794434282894329769	0.08900213535114061270	0.01831316453332647309	0.02153433914776024805
0.68000000000000004885	0.99955533926869244432	0.78797930987207975839	0.78705964580995968483	0.09227842036075509236	0.09352077400044876698	0.02117708889625614585	0.02440629225846501632
0.70000000000000006661	0.99953063741888747984	0.77638226255844888790	0.77538740149772822363	0.09663239377384147399	0.09811011823191927161	0.02430960235010059742	0.02752697075627690351
0.71999999999999997335	0.99950560651272346568	0.76456398214299370331	0.76348886287808237494	0.10100283164653890700	0.10249882417887781760	0.02771242111962347529	0.03101674454157663310
0.73999999999999999112	0.99948088814220170661	0.75253196533231503373	0.75137844844420620394	0.10538348449350071201	0.10689256463508588213	0.03139816933078277278	0.03470836270529557843
0.76000000000000000888	0.99945567704435167578	0.74029516868208999902	0.73906517924059544900	0.10976470220007890355	0.11129815047459122590	0.03515491403649355362	0.03890274657185113089
0.78000000000000002665	0.99942995006282520087	0.72786168649686699972	0.72655714051547259924	0.11414542292198248674	0.11570756345036563306	0.03910854933835104796	0.04346905602918429284
0.80000000000000004441	0.99940364066869480375	0.71523942917806859754	0.71386243842992325170	0.11852805890190833138	0.12011971092259550453	0.04328226436039641495	0.04842060707981266782
0.82000000000000006217	0.99937691653949667359	0.70243607055819434759	0.70098857254570356989	0.12292761907138657906	0.12453307654562977003	0.04855630262770964378	0.05375303567370372931
0.83999999999999996891	0.99934966861385676751	0.68945959367548281804	0.68794340213141191853	0.12732657251079063099	0.12894523637744156885	0.05426539945833954576	0.05949308882598821485
0.85999999999999998668	0.99932188366646246269	0.67631941884962165634	0.67473276114417768401	0.13165438060479656146	0.13342473684391034650	0.06043541999348529814	0.06560798211838445027
0.88000000000000000444	0.99929459320428803970	0.66302442956742568825	0.66136224785113073565	0.13594941977394670030	0.13792763682455791430	0.06705302287882594636	0.07212138815334362407
0.90000000000000002220	0.99926762286416692671	0.64958510382517076209	0.64783679878486222226	0.14021122743836050839	0.14245388489260712994	0.07412506517889598523	0.07906545197662628865
0.92000000000000003997	0.99924059229681705396	0.63600880111133539785	0.63417054031313113693	0.14443901318367949327	0.14668187408041616360	0.08165077926658241558	0.08657331091972811365
0.94000000000000005773	0.99921327782306901266	0.62230400204540947673	0.62037860505349962104	0.14862905272440488091	0.15086603560157696435	0.08964190693399763654	0.09450432897603920634
0.95999999999999996447	0.99918569608956675498	0.60847886411132912077	0.60646920044641450254	0.15276868501180163040	0.15502270045847751923	0.09780796134702778033	0.10317901862391919143
0.97999999999999998224	0.99915785326238437669	0.59454138299818959368	0.59245028506023389436	0.15686293417820129648	0.15914334434926077910	0.10632213453072746068	0.11242259368550264198
1.00000000000000000000	0.99912973950626449149	0.58049922408254472916	0.57832965468681052368	0.16091773321660482465	0.16323017686469926124	0.11521178823786128176	0.12223959952056358269
1.02000000000000001776	0.99910138784267810141	0.56635998594929404248	0.56411480777015132748	0.16497803151407144928	0.16728471188002874692	0.12569307500971887981	0.13261824917011519331
1.04000000000000003553	0.99907281076026466238	0.55213124971487914650	0.54981307719864092043	0.16900794820929235240	0.17130770705554831945	0.13675283148001485256	0.14357538728576074716
1.06000000000000005329	0.99904400919265956560	0.53782190937455753854	0.53542994971843094199	0.17293085315802145252	0.17537963355679894728	0.14846997430637881576	0.15503271216306116487
1.08000000000000007105	0.99901498451268644363	0.52344127046583699414	0.52097014875186908878	0.17679508359121687278	0.17945226047833229277	0.16079866643953810712	0.16702066023898770597
1.10000000000000008882	0.99898378716935720689	0.50899925530834944087	0.50644125662956240852	0.18060360139683989678	0.18352727911845206910	0.17373197010332516732	0.17956914560061884578
1.12000000000000010658	0.99895434366923896441	0.49449971127147290817	0.49185222877806061836	0.18435922697514450785	0.18725197763595904932	0.18725375169598301728	0.19294153210059136749
1.14000000000000012434	0.99892469153002749760	0.47995204898239707259	0.47721882786588798453	0.18806142039421613887	0.19091682726435182937	0.20135901377490583730	0.20684861196702125641
1.15999999999999992006	0.99889484742446599252	0.46536357114133980462	0.46254835341711242336	0.19169252053953131365	0.19455039975056134804	0.21567760565390958760	0.22165348808917625933
1.17999999999999993783	0.99886480949143108266	0.45074136711695528268	0.44784780277347518984	0.19526574850931879834	0.19814252034447538131	0.23041161027483506030	0.23711724623907401432
1.19999999999999995559	0.99883456642077006471	0.43609213452002987266	0.43312395089908461987	0.19879053922938907939	0.20169870764904532234	0.24558663200514196934	0.25321911668238294979
1.21999999999999997335	0.99880411927613987899	0.42142243555272179689	0.41838325788036623276	0.20235346187536984441	0.20522357632360796464	0.26261318585168569317	0.26991755681459833616
1.23999999999999999112	0.99877347434074847943	0.40673873921634456918	0.40363194738227686775	0.20589068684254024921	0.20872110307052579858	0.28022098300742726007	0.28720121136511095328
1.26000000000000000888	0.99874262278586212194	0.39204873246826088540	0.38887444737351706259	0.20932239662180254780	0.21228008069244330702	0.29850204112921668864	0.30491506157058267945
1.28000000000000002665	0.99871155412861356560	0.37736042819402149107	0.37411443404726729689	0.21270469394333102464	0.21584996816669266284	0.31734642779322708162	0.32308556685089445670
1.30000000000000004441	0.99868129318480114431	0.36267948773863595280	0.35935540068147392434	0.21604358666062342675	0.21943339701850120282	0.33671081748757392127	0.34169470647260669072
1.32000000000000006217	0.99865207700353764153	0.34801208474561579065	0.34460840776676071595	0.21934473987607538970	0.22266182451571192580	0.35653641734596785984	0.36122138309164547598
1.34000000000000007994	0.99862287984961184417	0.33336533617011909758	0.32988658974947837610	0.22261033150367748323	0.22584869752860051162	0.37678884518476185583	0.38112907927704769984
1.36000000000000009770	0.99859373254610606097	0.31874513908662138739	0.31519578619917182349	0.22581457316278852332	0.22903612624498259631	0.39704209987526584147	0.40176255579799546869
1.38000000000000011546	0.99856464038734893407	0.30415716174680862416	0.30054151610207957557	0.22897983298248830719	0.23220988412888618480	0.41748701114721353811	0.42281770658994632939
1.40000000000000013323	0.99853560383097061948	0.28960665251846851032	0.28592906001141565886	0.23211787965415098256	0.23537759113432701885	0.43812464920687493874	0.44422838106086687260
1.41999999999999992895	0.99850664436341518559	0.27509867001329080249	0.27136336668285854223	0.23536674473908622551	0.23854571189330014969	0.46033700920861292394	0.46591240598970168341
1.43999999999999994671	0.99847776601184246026	0.26063818592187798506	0.25684916288903159032	0.23862387903305654069	0.24172031313365105465	0.48272497117322160642	0.48781026218095963065
1.45999999999999996447	0.99844898464665954307	0.24623130216309910279	0.24238944354068206466	0.24180796549198074752	0.24499388455796861086	0.50538612073676836278	0.50968539035542026472
1.47999999999999998224	0.99842030368686340847	0.23188440732242454612	0.22798650992236974000	0.24497948854772527705	0.24831431751401011887	0.52813445840220873961	0.53155442929247975758
1.50000000000000000000	0.99839169464327126580	0.21760265184672061833	0.21364349225352508022	0.24814580097199434583	0.25168367606953923055	0.55088332448943022612	0.55337402455639417287
1.52000000000000001776	0.99836325364230571466	0.20339078913466132614	0.19936980757805075615	0.25131374088958230439	0.25473032695855685192	0.57353044240222839090	0.57567798012261384155
1.54000000000000003553	0.99833490987526507521	0.18925342482488022311	0.18517569747258888491	0.25448661192781363294	0.25777713607770103010	0.59601058275791318763	0.59778297396736856939
1.56000000000000005329	0.99830672205668247177	0.17519488491026791177	0.17106540031584327455	0.25762669078342798068	0.26087972426227240552	0.61791793988316612296	0.61994827851648603989
1.58000000000000007105	0.99827868271463737759	0.16121931724196431057	0.15704286163471853355	0.26076534513164661977	0.26401652342194326106	0.63939923933496800590	0.64185529224249560087
1.60000000000000008882	0.99825077222647695674	0.14733044674455703094	0.14311181974259168381	0.26391469604010947547	0.26719509332846180794	0.66043893851501500603	0.66340736638670561032
1.62000000000000010658	0.99822303956666758040	0.13353181370057304322	0.12927567475729939694	0.26727137791728283744	0.27042163926727535994	0.68207785751355687331	0.68450671706411647666
1.64000000000000012434	0.99819547392738849911	0.11982690639921936282	0.11553765537711366274	0.27068367153161976280	0.27370234483722127861	0.70309689717451795410	0.70506826910927611340
1.66000000000000014211	0.99816808806333467974	0.10622029034246792401	0.10189937406257050523	0.27406932386765170406	0.27712839545868783730	0.72359523049598950539	0.72484468812658231496
1.67999999999999993783	0.99814088127951605678	0.09271680062856910154	0.08836182688573701594	0.27748924249544737464	0.28064603745819427516	0.74336837458851801053	0.74386382273118090147
1.69999999999999995559	0.99811367355321867212	0.07932019602539325254	0.07492685818617825233	0.28094977354934264069	0.28425458861671865085	0.76233102265436325506	0.76209744010434365968
1.71999999999999997335	0.99808688248580346158	0.06603358559715077902	0.06160207319494906408	0.28445672722660464427	0.28758966471189012504	0.78038125436234895282	0.77994652389336116549
1.73999999999999999112	0.99806015303506845360	0.05286037096352019793	0.04839601205371914239	0.28801238698551812067	0.29097066448586794696	0.79748840478460947256	0.79682916519064339589
1.76000000000000000888	0.99803366626730993794	0.03980337296018351262	0.03531146651409990816	0.29156342080871894273	0.29446573699044154004	0.81339280061590224502	0.81290078547206723325
1.78000000000000002665	0.99800737959575513969	0.02686541437083312528	0.02235100667611407410	0.29514940959952956634	0.29804257216016954990	0.82820508633434675172	0.82794199697630710411
1.80000000000000004441	0.99798121699202457791	0.01404885373306698909	0.00951706932129987165	0.29878066460468699628	0.30170623147849756629	0.84194279836979712961	0.84189382097431109120
1.82000000000000006217	0.99795532385299812184	0.00135599270806095740	-0.00318828802731191407	0.30271646991061829102	0.30546034872039795616	0.85509472745673642535	0.85471405982926096367
1.84000000000000007994	0.99792965943036249232	-0.01121088412945098201	-0.01576310601239178100	0.30674743606798438034	0.30930909682002272199	0.86697044726879435306	0.86636384377240593935
1.86000000000000009770	0.99790422458018168683	-0.02364848633410888967	-0.02820688525560584303	0.31079035866381360398	0.31333790454051946295	0.87768136406823848983	0.87671452667019666993
1.88000000000000011546	0.99787901282362800881	-0.03595325466043072793	-0.04051966319883119894	0.31490290706090501294	0.31749100939467100879	0.88711545599110430693	0.88583431947062762912
1.90000000000000013323	0.99785323318927887648	-0.04812230324441409829	-0.05270046508395849483	0.31908815081435337735	0.32176295591243242455	0.89525958544736050637	0.89376503435906462514
1.91999999999999992895	0.99782860059184863566	-0.06015436815451272873	-0.06474348112191274929	0.32334897376895149756	0.32580429095603263834	0.90207098327831225504	0.90055541013975093367
1.93999999999999994671	0.99780375438925228426	-0.07204648767499735595	-0.07664141734018892205	0.32768461821248817678	0.32992038054487271559	0.90762981594998104473	0.90605667256339805782
1.95999999999999996447	0.99777924066454826146	-0.08379726783687695135	-0.08839262046374421478	0.33202357049522873700	0.33419050608513645173	0.91189685887024030109	0.91034571400138608599
1.97999999999999998224	0.99775491881032751795	-0.09540484937949950117	-0.09999555215413002962	0.33641279402394741460	0.33856902920427478509	0.91496612714565395130	0.91338570391343132382
2.00000000000000000000	0.99773059145319398233	-0.10686806148198932376	-0.11144866362068053811	0.34085921299294952291	0.34305657748995410650	0.91691702685181386556	0.91520496595236400239
2.02000000000000001776	0.99770663326135600180	-0.11818534023027316149	-0.12275095682194206437	0.34568554556138841871	0.34765245957090029627	0.91767218329748800887	0.91585606196843549753
2.04000000000000003553	0.99768295209892654540	-0.12935522836567792115	-0.13390147942922195345	0.35061983439129268403	0.35235732774520811539	0.91720416629284529098	0.91538152530747463054
2.06000000000000005329	0.99765951401382579888	-0.14037539265338061512	-0.14490049318502856712	0.35557795156962468397	0.35724782780096053791	0.91561128470807384705	0.91383220901891037968
2.08000000000000007105	0.99763629944273934935	-0.15124321749752384081	-0.15574874537144556275	0.36061181721067125938	0.36226613434983062634	0.91292114008367142297	0.91128911512643084869
2.10000000000000008882	0.99761199964161306752	-0.16195634082694229661	-0.16644561975692781508	0.36571997666894706658	0.36740110979976425831	0.90919588463732736727	0.90785246674770558872
2.12000000000000010658	0.99758848816531542347	-0.17251474120785745270	-0.17698658690987323361	0.37090093909883670165	0.37232276938488945150	0.90444294232919442145	0.90308582620718358402
2.14000000000000012434	0.99756510915901530634	-0.18291593087580310106	-0.18736621668901204396	0.37615018708843628303	0.37731598627514384425	0.89884598015829175743	0.89742623861802739427
2.16000000000000014211	0.99754222559055771846	-0.19315974291987619837	-0.19758314619929123745	0.38137721895111365011	0.38246974301527114637	0.89252570464964142705	0.89086962206796627139
2.18000000000000015987	0.99751943015669797266	-0.20324485643981143879	-0.20763653628972850163	0.38663598940721999320	0.38772405742254756333	0.88554152968073096552	0.88352622008162895462
2.20000000000000017764	0.99749632440873248207	-0.21317132808638455943	-0.21752522922942743588	0.39192966216150770808	0.39307431267806303143	0.87799248865117485163	0.87547809592569592052
2.22000000000000019540	0.99747365990158609605	-0.22293762042291076497	-0.22724910095122308196	0.39764175838985726941	0.39851486027827853764	0.86935699651777265107	0.86682752952029507032
2.24000000000000021316	0.99745134292206749649	-0.23254283172355555420	-0.23680813404030512381	0.40343774758736583586	0.40404254344692924761	0.86011668360289506019	0.85765397022686606920
2.26000000000000023093	0.99742923563008356602	-0.24198535414385688447	-0.24620301891023435581	0.40923312026024821764	0.40972420095349204594	0.85030171823472333603	0.84812835228615901517
2.28000000000000024869	0.99740842472797208718	-0.25126355349501910963	-0.25543604316921164621	0.41507329902562661861	0.41550100222493846491	0.84002692810185941585	0.83827580652901412250
2.30000000000000026645	0.99738517090862788272	-0.26037446968283023407	-0.26450533341446941238	0.42095221894876178048	0.42135596643823736152	0.82937015879650011208	0.82819461042762754222
2.31999999999999984013	0.99736533355626066921	-0.26932169827048368926	-0.27340893624920359350	0.42686474900784615594	0.42698126772207195545	0.81832491447345490077	0.81702999608723803071
2.33999999999999985789	0.99734506986841686693	-0.27810188154776072089	-0.28214149872690919008	0.43280253318759026593	0.43263846433514541179	0.80711768571142017414	0.80567754990438877893
2.35999999999999987566	0.99732688833316052168	-0.28671591419377950860	-0.29070196356804500759	0.43865766747632489730	0.43842541485742081431	0.79590823626872642116	0.79412406785710087931
2.37999999999999989342	0.99730934815852956277	-0.29516252272222770481	-0.29909003699074976357	0.44449135870204892207	0.44426844236357332374	0.78469612034807401102	0.78240891302100279425
2.39999999999999991118	0.99729028167156175133	-0.30344007391252442174	-0.30730445675023376761	0.45030332696110009216	0.45015858819072651631	0.77354209118932482081	0.77065020564638397893
2.41999999999999992895	0.99727359642151192087	-0.31155102251062871677	-0.31534796184099478378	0.45653031843166158588	0.45608663903794322003	0.76180323028155172427	0.75883188278264812610
2.43999999999999994671	0.99725756621669292556	-0.31949308993382519173	-0.32321946004629964477	0.46278311546210959548	0.46204623774286440741	0.75014749873026109750	0.74711490305478400753
2.45999999999999996447	0.99724193563012686337	-0.32726503599737261085	-0.33092004546792941344	0.46897743130046765092	0.46809625683133737617	0.73818015780366108558	0.73571723543624178987
2.47999999999999998224	0.99722667175064216849	-0.33486560840809692641	-0.33845131607879841429	0.47515302518912505558	0.47417714466975846577	0.72629491146637958909	0.72458056310284202350
2.50000000000000000000	0.99721165291278290876	-0.34229426520367417508	-0.34581410673585372129	0.48130098363377549209	0.48026894780775036820	0.71459852118793720788	0.71376526655797745136
2.52000000000000001776	0.99719519958208580057	-0.34954964148220707409	-0.35300528257648089436	0.48741196959908705821	0.48608394788086262128	0.70313020475897636263	0.70200842124080875539
2.54000000000000003553	0.99717999256003575503	-0.35663357327946570985	-0.36002035383236524746	0.49347693768581651907	0.49185844988996108018	0.69193054521031227555	0.69048675471085763089
2.56000000000000005329	0.99716610901655788890	-0.36354601842653344601	-0.36685924254343371675	0.49937363287550307067	0.49770280607976497000	0.68117891440750288901	0.67912609408357271779
2.58000000000000007105	0.99715259090285690569	-0.37028659206456476793	-0.37352211475754976133	0.50517157332981033058	0.50353418326832000140	0.67080442850558141821	0.66805148036884642870
2.60000000000000008882	0.99713806967519280633	-0.37685535055003144267	-0.38000819206432018271	0.51086919966269639382	0.50934020049649786355	0.66085647473631359272	0.65732333364573491963
2.62000000000000010658	0.99712420079140851037	-0.38325245542016289635	-0.38631951816048887283	0.51694715031909688197	0.51510933241057677012	0.65070698344881494624	0.64701513322602333123
2.64000000000000012434	0.99711176463713269147	-0.38947689952347480657	-0.39245705272911396433	0.52297005967440657326	0.52083230133090352432	0.64056158223732184709	0.63710739184462417128
2.66000000000000014211	0.99709968601322163106	-0.39552806997383099796	-0.39842152681225911914	0.52885723585939636848	0.52656342762516683553	0.63060339709170809552	0.62785172460596394561
2.68000000000000015987	0.99708795988414711253	-0.40140526610470733671	-0.40421477944102085500	0.53464595966907180191	0.53224469606992685922	0.62104819978200143105	0.61912928923533172565
2.70000000000000017764	0.99707638032659984262	-0.40710840893269500951	-0.40983790827258498313	0.54032605471643524453	0.53785507310496660782	0.61193257057879379968	0.61097776212977372712
2.72000000000000019540	0.99706447202939130214	-0.41263761425657435877	-0.41528896490685945908	0.54588832529349984313	0.54313248277708048306	0.60328047849476007514	0.60201197538321715719
2.74000000000000021316	0.99705277154874205614	-0.41799360870149171454	-0.42056428140839041685	0.55132285485565435401	0.54828102170813997063	0.59503580052918436660	0.59329528396884489982
2.76000000000000023093	0.99704237214973967518	-0.42317772522114349698	-0.42566374978674098584	0.55649865971291889721	0.55343006225572821677	0.58739287087252878283	0.58494088860761384030
2.78000000000000024869	0.99703231353900667600	-0.42819021142844360117	-0.43058803901581921281	0.56149443791051267816	0.55849042828146666650	0.58026588576383852924	0.57707494843042528299
2.80000000000000026645	0.99702199043201944484	-0.43303152279411721848	-0.43533738005479793998	0.56630969439591283265	0.56344941148302307710	0.57370425827603277469	0.56972375394014729277
2.81999999999999984013	0.99701264548616175265	-0.43770222530803470917	-0.43991407700612961129	0.57145369462780237768	0.56829554896010425757	0.56711172206035986854	0.56291075327434425546
2.83999999999999985789	0.99700364739134583747	-0.44220093228763146520	-0.44431838993775873980	0.57646635898170739409	0.57301668706084152305	0.56049741646243200766	0.55656988165952392400
2.85999999999999987566	0.99699497669261005761	-0.44652778337953757948	-0.44855206900254301905	0.58126744403029695363	0.57766760629956293016	0.55418087471097821073	0.55094268377411304005
2.87999999999999989342	0.99698663008650345585	-0.45068266241415011475	-0.45261728709706683382	0.58589351368818287646	0.58219342964404507956	0.54834863794830612793	0.54589085970073036869
2.89999999999999991118	0.99697836949865703549	-0.45466586516430862464	-0.45651547396858260797	0.59033580927838757990	0.58657485571999967711	0.54302178467101203108	0.54145801753140554435
2.91999999999999992895	0.99696897371242598762	-0.45847777958389374087	-0.46024589007402016971	0.59458706052971888045	0.59057848922501809952	0.53821435405651563144	0.53648890403046600728
2.93999999999999994671	0.99696048632758960117	-0.46212017797244181461	-0.46380578705242236914	0.59864113645419081422	0.59436791185961934669	0.53382822745244595808	0.53165791557683905744
2.95999999999999996447	0.99695316919964815927	-0.46559473766812808915	-0.46719463058452392890	0.60236228176308959092	0.59809950379214815719	0.53005016703800267308	0.52723625537710439026
2.97999999999999998224	0.99694614893523003651	-0.46890226794305950309	-0.47041366816270258067	0.60583862333060911620	0.60168152325978541128	0.52679490044342058841	0.52331433065097077151
3.00000000000000000000	0.99693889753548625698	-0.47204385955717764745	-0.47346361121889096735	0.60907346474962142935	0.60510321006435141555	0.52412781401735675235	0.51991479518002980953
3.02000000000000001776	0.99693224599216256898	-0.47501949937722592887	-0.47634690233047755070	0.61259100338777916495	0.60835553966517030844	0.52151975478564704947	0.51705254555461943600
3.04000000000000003553	0.99692620156375810758	-0.47782854602122326604	-0.47906487664223362799	0.61592678250413745999	0.61142486707653054268	0.51881336492588014941	0.51464522342231167062
3.06000000000000005329	0.99692042248871926002	-0.48047161886237310657	-0.48161927587303060561	0.61899671274914658259	0.61437044036397059354	0.51642183667415519910	0.51292912603420437456
3.08000000000000007105	0.99691490399928750499	-0.48294919310569300874	-0.48401244491884093391	0.62183950863759696048	0.61714129863944466869	0.51450114115845735352	0.51176470867501555606
3.10000000000000008882	0.99690907540651374497	-0.48526167652009527531	-0.48624583287226913475	0.62444993163802564595	0.61972212821380601167	0.51307135369946976766	0.51121399745154072480
3.12000000000000010658	0.99690413402924560327	-0.48741147968741138641	-0.48832054463697638358	0.62682473829173013247	0.62190771781460696399	0.51214306350566551895	0.51023371962716090877
3.14000000000000012434	0.99689932979855000461	-0.48939932718899198383	-0.49023398667812984053	0.62896373653322712460	0.62382031027601403395	0.51160973504305029547	0.50932154196178469618
3.16000000000000014211	0.99689492827020298460	-0.49122734505076492972	-0.49198612171986311203	0.63073123805326647418	0.62564406973259867328	0.51165166627906200070	0.50879641128189956323
3.18000000000000015987	0.99689080920383843498	-0.49289743888033249464	-0.49357824369635916462	0.63222390052974097863	0.62728845512299935550	0.51218883497597433863	0.50874208688886635166
3.20000000000000017764	0.99688722872217583326	-0.49441161552310863847	-0.49501166398442142391	0.63345041920000899616	0.62874628211644489895	0.51331299972439425883	0.50918241305784772699
3.22000000000000019540	0.99688419451978038666	-0.49576945546774509044	-0.49628904561562714459	0.63493304110199744184	0.63001201573372522802	0.51444132829225985848	0.51012819471217285550
3.24000000000000021316	0.99688181324979174835	-0.49697035877767931078	-0.49741216894988332653	0.63622127219516311225	0.63107372364958247424	0.51550173451298397787	0.51149612558075918667
3.26000000000000023093	0.99687979689411909678	-0.49801576304162220588	-0.49838296297206163832	0.63722536906420490510	0.63199699646477069948	0.51685618440857394873	0.51351056909566850095
3.28000000000000024869	0.99687809583322395390	-0.49890655178958576155	-0.49920400213312521309	0.63798817373613203596	0.63273438129893888604	0.51864058796964995768	0.51603703178020854381
3.30000000000000026645	0.99687612600507768956	-0.49964358745047593446	-0.49987703347013401345	0.63850917405662610538	0.63327574466574354517	0.52087764950626003202	0.51915428114842421259
3.32000000000000028422	0.99687500624536284910	-0.50022974460264990615	-0.50040395804701609528	0.63878984547838424390	0.63342704231888768973	0.52357723046560344926	0.52186623680319832452
3.33999999999999985789	0.99687371651906941938	-0.50066597105566967851	-0.50078276362874163397	0.63883677221998480533	0.63329567788128704464	0.52664714329807882365	0.52461715603415981501
3.35999999999999987566	0.99687295173798828873	-0.50095538261199534791	-0.50101395378965218885	0.63851850843800417312	0.63308107751232078897	0.53025286621121103803	0.52771578990647138863
3.37999999999999989342	0.99687247284644753265	-0.50110034915804679834	-0.50109902547723383925	0.63793780293411406213	0.63269685722301161057	0.53431708349245110590	0.53124309375125278176
3.39999999999999991118	0.99687221650014723462	-0.50110336190453730332	-0.50104011594310093880	0.63710845711246677503	0.63213969989755547374	0.53895240705494351641	0.53522555628797641170
3.41999999999999992895	0.99687219874677968079	-0.50096358855926903519	-0.50083946396409972923	0.63653316688392291844	0.63140778432358968253	0.54348824668244666292	0.53967069898753583512
3.43999999999999994671	0.99687256759911035964	-0.50068054122519967120	-0.50049916514914916110	0.63579395147630091145	0.63049095909956920369	0.54797834692736291373	0.54449343870392541422
3.45999999999999996447	0.99687326203970794136	-0.50025647269221007463	-0.50002159518076627620	0.63479164750513106252	0.62946280043082747380	0.55273134636072707160	0.54990096966923773802
3.47999999999999998224	0.99687425059930478977	-0.49969283866488495294	-0.49940952492703521992	0.63357392547570268171	0.62827773658693963910	0.55786041757032633903	0.55576353338012374206
3.50000000000000000000	0.99687471406195404811	-0.49899074597808279474	-0.49866474334470145546	0.63214505157867684204	0.62693060349375906437	0.56338190096349050062	0.56217267566344497620
3.52000000000000001776	0.99687620137093213568	-0.49815396119139654374	-0.49779040205618085846	0.63051087279457940227	0.62523090338392539600	0.56930570657889012498	0.56816256111670326856
3.54000000000000003553	0.99687711319314087355	-0.49718334213086862183	-0.49678467065007214654	0.62868443787623140562	0.62327696297120094293	0.57555474408461326785	0.57413931821501351660
3.56000000000000005329	0.99687859510488485704	-0.49608302471639298403	-0.49564866237611188149	0.62654125209325073342	0.62127945712771737163	0.58227819970569738572	0.58038924800496904943
3.58000000000000007105	0.99688032097372780704	-0.49485586987517987678	-0.49438404720087941735	0.62418653327408846199	0.61915783798281354144	0.58939483086983202043	0.58698967824640702062
3.60000000000000008882	0.99688233084282051877	-0.49350495957153700521	-0.49299338540832376987	0.62163801507744231856	0.61691197580238221754	0.59702520083235377513	0.59396464948119476190
3.62000000000000010658	0.99688444637270356985	-0.49202918920881594245	-0.49147905482275672240	0.61936034296961106627	0.61454285050575874205	0.60436779758406955487	0.60132053871931023803
3.64000000000000012434	0.99688702032692955157	-0.49042825512235938001	-0.48984366297982850913	0.61698528563668375568	0.61204111403780236955	0.61164963220097434693	0.60896539003449312588
3.66000000000000014211	0.99688994686053966632	-0.48870495930126217621	-0.48808974271409005796	0.61439960128464732314	0.60948857499171704699	0.61912079460545643705	0.61707321579755347596
3.68000000000000015987	0.99689316307823205854	-0.48686127832845366159	-0.48622021809252330415	0.61165546928062997090	0.60683893772455632654	0.62686390834109417813	0.62551841439913880016
3.70000000000000017764	0.99689550927470393926	-0.48489847892196913381	-0.48423681827444942094	0.60876121985659992220	0.60409066111521003695	0.63487895683139605740	0.63439284085042790817
3.72000000000000019540	0.99689917677883732594	-0.48282143238219704662	-0.48214409854242062936	0.60572553716410293401	0.60104877811278756283	0.64317314129921654420	0.64277001729024818566
3.74000000000000021316	0.99690165799465058072	-0.48063056891617533806	-0.47994007284396805746	0.60256633349230415142	0.59780801378497072651	0.65168226081980651365	0.65103005058800489380
3.76000000000000023093	0.99690484213747243558	-0.47833134516797648494	-0.47762681673533424753	0.59916769336754494013	0.59458489951173387755	0.66052974320916912898	0.65940865424974581810
3.78000000000000024869	0.99690818983229489980	-0.47592697831062130698	-0.47520604457659582076	0.59563282511780635264	0.59130541046337414812	0.66962469492868803567	0.66797659169367396004
3.80000000000000026645	0.99691192136414263913	-0.47342119997976250811	-0.47268079083333391921	0.59198120681340204996	0.58797069286886616268	0.67907197770192695430	0.67674598356660298215
3.82000000000000028422	0.99691557471168379401	-0.47081257940478016266	-0.47005346826308358477	0.58862275371024364023	0.58458300591759360110	0.68793610110943459457	0.68572674367565134013
3.83999999999999985789	0.99691988285092225652	-0.46810116401515367013	-0.46732737469818852460	0.58525303939535178177	0.58113239011801431921	0.69664675078597393387	0.69481549267834852301
3.85999999999999987566	0.99692459537006117287	-0.46529015775277510203	-0.46450511873080668757	0.58174028634567975793	0.57770793732380698593	0.70538737948588925430	0.70412928981668376771
3.87999999999999989342	0.99692959414163473397	-0.46238201878705592618	-0.46158976668006357347	0.57814010142621841126	0.57425963417800529598	0.71420109142636223343	0.71355211789249861631
3.89999999999999991118	0.99693333937874306638	-0.45937813967495011447	-0.45858294847913971815	0.57446400289766863523	0.57078755664787805824	0.72306916053471870232	0.72315749235806070505
3.91999999999999992895	0.99693870386956373597	-0.45628454126144335490	-0.45549060859672335644	0.57072097770273721995	0.56708548440669259705	0.73198619002120479671	0.73211507058676117410
3.93999999999999994671	0.99694220563172386562	-0.45310111471698655272	-0.45231047669946600198	0.56693152375880528915	0.56324871508109108920	0.74090463861564603842	0.74077442386012537501
3.95999999999999996447	0.99694658447924355826	-0.44983470741454600894	-0.44904578092143349055	0.56298905064358950590	0.55949397400841738293	0.74990546096819699073	0.74929054863516164620
3.97999999999999998224	0.99695202329603327396	-0.44648977650161131292	-0.44569917152439936237	0.55899049135732259419	0.55575415326417121342	0.75889093633247595161	0.75772408113820577391
4.00000000000000000000	0.99695594082449179307	-0.44306765507073719856	-0.44227115661184440709	0.55495354584159295452	0.55202773988026687668	0.76792936390033217364	0.76607029209097676770
4.02000000000000046185	0.99696053892492475512	-0.43956953700452561229	-0.43876704614538869498	0.55122090470517770555	0.54831798162872480429	0.77601820512120678330	0.77435898091173172020
4.04000000000000003553	0.99696622987653904513	-0.43599507978523421858	-0.43519008022080918341	0.54756167310978265395	0.54461254862731589554	0.78377009160594424131	0.78246891524201456214
4.06000000000000049738	0.99697232676722113975	-0.43234745951560316080	-0.43154262949598976018	0.54382238270138660852	0.54100610470936305596	0.79130972096657359316	0.79044293185050074069
4.08000000000000007105	0.99697863490116989116	-0.42862951972220819652	-0.42782784094430548194	0.54006127407324666656	0.53744223475393448908	0.79863512698637328935	0.79819376665855124031
4.09999999999999964473	0.99698396483251039424	-0.42484343571215188451	-0.42404791621997883766	0.53629160160999744811	0.53392074658394705899	0.80572773348982984487	0.80576269335821948392
4.12000000000000010658	0.99698983992269407661	-0.42099426167443221303	-0.42020804215583240637	0.53251978434379521055	0.53021946489088767063	0.81255402042677471464	0.81253690261133271200
4.13999999999999968026	0.99699658623654119349	-0.41708600363490810903	-0.41631025718662117985	0.52876812065594092083	0.52643887108064968405	0.81909755052066302028	0.81879584789142600965
4.16000000000000014211	0.99700343383468303937	-0.41312237849550320634	-0.41235462981738368882	0.52493800508454346865	0.52278999271962867113	0.82538478770007495111	0.82472538508757931019
4.17999999999999971578	0.99701035681603267236	-0.40910800089311616379	-0.40834373732498963072	0.52111585264575621679	0.51921077010862903833	0.83133525520472406622	0.83033167902693139073
4.20000000000000017764	0.99701725554598985557	-0.40504691095911754539	-0.40428067059239342074	0.51731623593892839263	0.51569633996069130788	0.83696287134594926638	0.83558744740940438245
4.21999999999999975131	0.99702254621646591026	-0.40093635858886672585	-0.40016704792210017194	0.51380421834549760973	0.51224693622582451180	0.84118262791787878907	0.84031617455100859893
4.24000000000000021316	0.99702984122469484607	-0.39677906589467415444	-0.39600937552863624269	0.51043161549738225169	0.50884773212338019199	0.84507030744646949305	0.84455912108178066156
4.25999999999999978684	0.99703730420109870636	-0.39257721225510944230	-0.39180892702924979831	0.50702038494235102117	0.50559769704461565709	0.84855980054211710417	0.84829984393249446839
4.28000000000000024869	0.99704490866808048732	-0.38833405289744543643	-0.38756901399235121897	0.50362952662638194035	0.50243241852215303478	0.85159609942576208752	0.85151452274246719476
4.29999999999999982236	0.99705222885898703300	-0.38405268024353522716	-0.38329264299082954626	0.50027132355663594954	0.49934975620547594755	0.85416563180644988762	0.85420293028235805277
4.32000000000000028422	0.99706019300500758895	-0.37973769266660423183	-0.37898463938471677048	0.49695109553230032429	0.49610996252657768579	0.85621893153452466318	0.85608450479908815289
4.33999999999999985789	0.99706833845312414777	-0.37539237741003661508	-0.37464658282591678518	0.49368971777484310648	0.49281950292884901810	0.85779416134450547915	0.85736400785818844827
4.36000000000000031974	0.99707656067293082280	-0.37102122253340352742	-0.37027922362498233433	0.49039745688356944919	0.48967958606181838377	0.85885134982710076290	0.85816003885977032439
4.37999999999999989342	0.99708484307151823423	-0.36662893074661362380	-0.36588501083572833039	0.48714759703061838447	0.48663447953260541290	0.85936649519184149515	0.85846839577022859835
4.40000000000000035527	0.99709259775144143401	-0.36221901480135010321	-0.36146646705990265191	0.48394978000689053976	0.48367534791310484721	0.85930026862224329065	0.85826262282403176229
4.41999999999999992895	0.99710069001360579488	-0.35779079348755388201	-0.35702747644643217928	0.48098881445613095309	0.48079884096862968157	0.85774731691050232207	0.85741427907433698241
4.44000000000000039080	0.99710905815658901208	-0.35334288547928827118	-0.35257074925059428416	0.47820018520250084926	0.47798675557899295008	0.85602591297675645343	0.85598379038042693434
4.45999999999999996447	0.99711749123430004627	-0.34887888455051102587	-0.34809895916384064884	0.47538211522247708629	0.47534049249085830180	0.85389514896396878640	0.85389417514818088950
4.48000000000000042633	0.99712597455718021688	-0.34440196378800885801	-0.34361515595851732652	0.47259369974688542060	0.47278735761566881290	0.85127885112006318469	0.85120709428203999991
4.50000000000000000000	0.99713432147632208302	-0.33991526879100392167	-0.33912234005705271800	0.46984583809071062133	0.47032263287703202082	0.84817439802369165580	0.84788679958155710459
4.52000000000000046185	0.99714283384055502069	-0.33542256337068687699	-0.33462453344102405239	0.46714232693900770155	0.46769111480479558240	0.84456801233818168395	0.84409456795121062811
4.54000000000000003553	0.99715147551075844490	-0.33092725406360434803	-0.33012364973049235228	0.46450180971365684357	0.46500507869699903019	0.84053947248537541626	0.83985784985445999240
4.56000000000000049738	0.99716011890175404453	-0.32643353268073105333	-0.32562016349156053252	0.46184377203464083150	0.46245356834229800480	0.83597546485862894716	0.83524945895866620216
4.58000000000000007105	0.99716875100392232678	-0.32194580134822781137	-0.32111605080955907265	0.45922743995692649754	0.45998759865824700999	0.83093452903607589732	0.83025209897897811473
4.60000000000000053291	0.99717572153588196482	-0.31746610480274745081	-0.31661243664331889525	0.45665726162401487631	0.45759445568185663777	0.82532965414937187187	0.82484215151443274205
4.62000000000000010658	0.99718404100846347315	-0.31299524183206295369	-0.31211466547119248727	0.45424015600415168503	0.45526781209015110274	0.81860023005509807703	0.81895751183964571318
4.63999999999999968026	0.99719259365825729802	-0.30853002235873561165	-0.30762401621962309761	0.45199359517499848593	0.45298652628196706127	0.81215215852433386701	0.81267056205393106705
4.66000000000000014211	0.99720114586560881786	-0.30407339495620300251	-0.30314260949976179482	0.44969485678143350516	0.45085333087038081956	0.80553666689733072204	0.80585274717109200981
4.67999999999999971578	0.99720969357726696458	-0.29962807843612343506	-0.29867291498234632696	0.44740297962229025330	0.44878857056387522206	0.79865115407872599995	0.79864058520384650919
4.70000000000000017764	0.99721818128184447350	-0.29519680184031871217	-0.29421749249726925068	0.44512787358462624354	0.44678545774216560371	0.79150216355716784822	0.79096224502297385328
4.71999999999999975131	0.99722659437103178259	-0.29078243382147650475	-0.28977942176874738056	0.44287234814918396975	0.44457968098269606827	0.78410667248491316972	0.78349872939167697350
4.74000000000000021316	0.99723510606828202896	-0.28638790923941159772	-0.28536032724809534677	0.44065318175487755425	0.44228702501533323499	0.77658132408703284266	0.77593265097311647782
4.75999999999999978684	0.99724356421054993760	-0.28201675594996900021	-0.28096011910309270920	0.43839971535135402458	0.44008380565501609150	0.76872939036391041423	0.76831590650703962542
4.78000000000000024869	0.99725196008349892285	-0.27767271681455613086	-0.27657998132617628295	0.43615793940081665214	0.43792867120623429900	0.76068232096656451802	0.76060252934413041803
4.79999999999999982236	0.99726018083757028698	-0.27335855509705764277	-0.27222169904748239055	0.43392826139328344315	0.43580655045607225029	0.75230951355778385992	0.75275413347510911066
4.82000000000000028422	0.99726827387804528602	-0.26907135463766401751	-0.26788711352698468815	0.43174633858486799465	0.43370899658243700081	0.74342444987426037351	0.74474560670007738938
4.83999999999999985789	0.99727651292261465521	-0.26480820723420078755	-0.26357804381560534512	0.42970651766854572884	0.43161362608914122241	0.73538104675149162937	0.73665058182064901970
4.86000000000000031974	0.99728470096160015679	-0.26057114473274622934	-0.25929585029811497154	0.42757010590339650236	0.42962378380880750228	0.72749982454376194152	0.72829212194468584407
4.87999999999999989342	0.99729283252403033710	-0.25636213048866057784	-0.25504216270988527837	0.42539646606540987284	0.42765554811248257527	0.71964381702379953687	0.71984554222162244752
4.90000000000000035527	0.99730083020281334871	-0.25218306620973690579	-0.25081869191140082620	0.42319569876804397079	0.42570135520668173079	0.71182052267284123825	0.71120118609655613717
4.91999999999999992895	0.99730870404542548702	-0.24803597746474506658	-0.24662755290716198431	0.42097048771946160572	0.42349615898341724796	0.70405068193126940645	0.70355388642597682658
4.94000000000000039080	0.99731666589814149670	-0.24392291137109647914	-0.24246959449899954664	0.41873739718521629793	0.42115646397642370058	0.69648777627794045131	0.69615244670359666124
4.95999999999999996447	0.99732454345925725114	-0.23984649782863243228	-0.23834399179633400379	0.41643629946984817014	0.41884702781212934664	0.68884895293234893465	0.68902926253259211276
4.98000000000000042633	0.99733233072579674516	-0.23580959628887590562	-0.23425095074835197706	0.41410208792746683315	0.41653515877404978518	0.68130449266859505197	0.68209734669285904118
5.00000000000000000000	0.99733910714360363148	-0.23181321128389084651	-0.23019065829392218459	0.41173272599706789432	0.41420505382592043286	0.67368798034296406563	0.67529395527809488176
5.02000000000000046185	0.99734596655624274675	-0.22785450361936579466	-0.22616490107321821079	0.40930511593009955007	0.41184829078938806068	0.66619064600045607705	0.66860046337164291685
5.04000000000000003553	0.99735348946098423273	-0.22392973204794727748	-0.22217487487272913338	0.40698046848186464342	0.40944324640299473161	0.66000045609340118880	0.66208603183741965292
5.06000000000000049738	0.99736094586626289349	-0.22003929638762725896	-0.21822060393335229733	0.40451080572777364797	0.40709320008604293895	0.65423082306111013384	0.65552957251687782314
5.08000000000000007105	0.99736833192859253305	-0.21618429649410575433	-0.21430279403338425848	0.40195627976474856968	0.40471363247245212280	0.64870576028815518654	0.64912025607265111393
5.10000000000000053291	0.99737518058102647700	-0.21236541743849285391	-0.21042185370336291550	0.39932867197378391078	0.40229812377799278877	0.64343388290799619078	0.64272920698683000396
5.12000000000000010658	0.99738228409973117561	-0.20858441098950281090	-0.20657953783210425414	0.39663223467494268526	0.39959084134844041758	0.63843120541133779877	0.63804027867085344461
5.13999999999999968026	0.99738948108636449330	-0.20484203623281843631	-0.20277539162886576429	0.39388474678453366806	0.39670476614869620846	0.63387682924979871224	0.63382101938548662812
5.16000000000000014211	0.99739658511374185146	-0.20113999460406428721	-0.19900786821232407942	0.39103698064608949370	0.39379515236629880626	0.62941701883416267815	0.63009824370266787064
