0.00000000000000000000	1.00000000000000000000	0.00000000000000000000	1.00000000000000000000	0.00000000000000000000	nan	0.00000000000000000000	0.00000000000000000000
0.00500000000000000010	1.00000000031250002586	0.00002499999999218750	0.99997500000000771880	0.00000000015624999995	nan	0.00000000000000000000	0.00000000000000000000
0.01000000000000000021	1.00000000031247893162	0.00009999500003645918	0.99990000499996378736	0.00000000249986458389	nan	0.00000000000000000000	0.00000000000000000000
0.01499999999999999944	1.00000000031243807541	0.00022497000170304028	0.99977502999829692687	0.00000001265456648685	0.00000000000000000000	0.00000000000006249583	0.00000000000000031248
0.02000000000000000042	1.00000000031237634701	0.00039990001210294166	0.99960009998789733920	0.00000003999068844933	0.02778086436789242372	0.00000000000056240391	0.00000000000000312450
0.02500000000000000139	1.00000000031229174802	0.00062475005044751398	0.99937524994955284630	0.00000009762181566207	0.05575940231889579130	0.00000000000224927355	0.00000000000001437087
0.02999999999999999889	1.00000000031218383434	0.00089947515710363875	0.99910052484289635366	0.00000020240033686869	0.07292284420678253609	0.00000000000624675606	0.00000000000004560465
0.03500000000000000333	1.00000000031204949735	0.00122402040514159663	0.99877597959485853174	0.00000037491190561965	0.08349551694338701313	0.00000000001405184016	0.00000000000011586385
0.04000000000000000083	1.00000000031188673866	0.00159832091437191290	0.99840167908562849064	0.00000063946881352470	0.09033085796210059415	0.00000000002753385425	0.00000000000025353312
0.04499999999999999833	1.00000000031168534420	0.00202230186786673443	0.99797769813213299539	0.00000102410227770388	0.09496824536367294567	0.00000000004893323612	0.00000000000049819930
0.05000000000000000278	1.00000000031143598811	0.00249587853096055155	0.99750412146903988386	0.00000156055364498897	0.09824888693547009777	0.00000000008086007122	0.00000000000090249966
0.05500000000000000028	1.00000000031112445953	0.00301895627272433980	0.99698104372727591738	0.00000228426451577849	0.10065362947840499064	0.00000000012629240035	0.00000000000153396166
0.05999999999999999778	1.00000000031072633355	0.00359143058990648223	0.99640856941009370296	0.00000323436579079884	0.10247053904456726592	0.00000000018857429796	0.00000000000247683315
0.06500000000000000222	1.00000000031021518687	0.00421318713333303056	0.99578681286666703709	0.00000445366564437304	0.10387970938407306565	0.00000000027141372259	0.00000000000383390176
0.07000000000000000666	1.00000000030955660257	0.00488410173675924916	0.99511589826324087227	0.00000598863642814538	0.10499802490181422976	0.00000000037888014083	0.00000000000572830246
0.07499999999999999722	1.00000000030870461742	0.00560404044816353690	0.99439595955183701648	0.00000788940050955589	0.10590385730308056467	0.00000000051540192653	0.00000000000830531210
0.08000000000000000167	1.00000000030760216596	0.00637285956347416558	0.99362714043652533569	0.00001020971504970275	0.10665126791894781466	0.00000000068576353718	0.00000000001173412978
0.08500000000000000611	1.00000000030618019231	0.00719040566271865814	0.99280959433728199759	0.00001300695572557272	0.10727848650648916240	0.00000000089510246933	0.00000000001620964213
0.08999999999999999667	1.00000000030435476361	0.00805651564858453524	0.99194348435141543874	0.00001634209940195971	0.10781314506676246967	0.00000000114890599534	0.00000000002195417211
0.09500000000000000111	1.00000000030202174095	0.00897101678738005705	0.99102898321262022918	0.00002027970575873079	0.10827560617952797228	0.00000000145300768373	0.00000000002921921052
0.10000000000000000555	1.00000000029906499499	0.00993372675238225582	0.99006627324761786735	0.00002488789787943360	0.10868113653968493326	0.00000000181358370553	0.00000000003828712905
0.10499999999999999611	1.00000000029534086288	0.01094445366955931927	0.98905554633044057145	0.00003023834180757466	0.10904136050609086750	0.00000000223714892942	0.00000000004947287370
0.11000000000000000056	1.00000000029068947249	0.01200299616565339046	0.98799700383434663209	0.00003640622507722836	0.10936525315048292728	0.00000000273055280819	0.00000000006312563774
0.11500000000000000500	1.00000000028491875526	0.01310914341860938866	0.98689085658139052981	0.00004347023422496600	0.10965983190565799232	0.00000000330097505969	0.00000000007963051304
0.11999999999999999556	1.00000000027781599243	0.01426267521033453174	0.98573732478966580306	0.00005151253129042080	0.10993064678318954785	0.00000000395592114505	0.00000000009941011876
0.12500000000000000000	1.00000000026913160589	0.01546336198177282982	0.98453663801822766111	0.00006061872931312821	0.11018213339250559901	0.00000000470321754764	0.00000000012292620650
0.13000000000000000444	1.00000000025858604147	0.01671096489027783238	0.98328903510972165414	0.00007087786683360197	0.11041787087850130078	0.00000000555100685592	0.00000000015068124078
0.13500000000000000888	1.00000000024586555014	0.01800523586926667738	0.98199476413073316650	0.00008238238140692485	0.11064077291248691770	0.00000000650774265366	0.00000000018321995405
0.14000000000000001332	1.00000000023061708099	0.01934591769013708357	0.98065408230986261806	0.00009522808213744619	0.11085323085446117941	0.00000000758218422129	0.00000000022113087516
0.14499999999999999001	1.00000000021244872528	0.02073274402642949835	0.97926725597357111575	0.00010951412124349373	0.11105722228332950974	0.00000000878339105185	0.00000000026504783042
0.14999999999999999445	1.00000000019091439540	0.02216543952021430772	0.97783456047978545289	0.00012534296466131106	0.11125439413745359662	0.00000001012071718568	0.00000000031565141634
0.15499999999999999889	1.00000000016553380888	0.02364371985068536991	0.97635628014931508112	0.00014282036169774252	0.11144612702606725152	0.00000001160380536764	0.00000000037367044318
0.16000000000000000333	1.00000000013576961777	0.02516729180493800649	0.97483270819506218086	0.00016205531374148327	0.11163358542682425001	0.00000001324258103100	0.00000000043988334834
0.16500000000000000777	1.00000000010103051729	0.02673585335091207063	0.97326414664908733609	0.00018316004204301710	0.11181775719807729441	0.00000001504724611229	0.00000000051511957890
0.17000000000000001221	1.00000000006067191194	0.02834909371247671880	0.97165090628752359692	0.00020624995457365258	0.11199948492601641270	0.00000001702827270140	0.00000000060026094241
0.17500000000000001665	1.00000000001398858807	0.03000669344663576404	0.96999330655336402085	0.00023144361197436435	0.11217949097789431390	0.00000001919639653131	0.00000000069624292506
0.17999999999999999334	0.99999999996020727533	0.03170832452283018493	0.96829167547716976649	0.00025886269260543048	0.11235839766399918771	0.00000002156261031213	0.00000000080405597662
0.18499999999999999778	0.99999999989849386317	0.03345365040431417386	0.96654634959568597186	0.00028863195670813884	0.11253674356911992638	0.00000002413815691402	0.00000000092474676119
0.19000000000000000222	0.99999999982794107733	0.03524232613158096578	0.96475767386841881912	0.00032087920969011731	0.11271499686258833195	0.00000002693452240374	0.00000000105941937321
0.19500000000000000666	0.99999999974756836885	0.03707399840781353678	0.96292600159218688649	0.00035573526454611779	0.11289356620869343828	0.00000002996342893975	0.00000000120923651791
0.20000000000000001110	0.99999999965631802823	0.03894830568633462359	0.96105169431366510580	0.00039333390342634800	0.11307280975908522158	0.00000003323682753065	0.00000000137542065556
0.20500000000000001554	0.99999999955304919030	0.04086487826003117746	0.95913512173996862131	0.00043381183836472414	0.11325304260274962620	0.00000003676689066226	0.00000000155925510888
0.20999999999999999223	0.99999999943653927748	0.04282333835272536526	0.95717666164727499556	0.00047730867117966053	0.11343454296840972673	0.00000004056600479809	0.00000000176208513287
0.21499999999999999667	0.99999999930547944782	0.04482330021246688778	0.95517669978753327875	0.00052396685256029141	0.11361755741233529882	0.00000004464676275875	0.00000000198531894666
0.22000000000000000111	0.99999999915846160548	0.04686437020671768705	0.95313562979328270153	0.00057393164035125777	0.11380230517671638402	0.00000004902195598533	0.00000000223042872659
0.22500000000000000555	0.99999999899398672731	0.04894614691940200185	0.95105385308059842142	0.00062735105704944259	0.11398898186661995946	0.00000005370456669213	0.00000000249895156005
0.23000000000000000999	0.99999999881045598116	0.05106822124979270433	0.94893177875020762180	0.00068437584652628601	0.11417776256448700090	0.00000005870775991429	0.00000000279249035962
0.23500000000000001443	0.99999999860616806124	0.05323017651320507276	0.94676982348679539214	0.00074515942998955027	0.11436880447828487450	0.00000006404487545559	0.00000000311271473690
0.23999999999999999112	0.99999999837931141666	0.05543158854346852404	0.94456841145653158698	0.00080985786119862596	0.11456224920132110356	0.00000006972941974207	0.00000000346136183561
0.24499999999999999556	0.99999999812796414034	0.05767202579714633681	0.94232797420285308032	0.00087862978094772740	0.11475822464738467954	0.00000007577505758704	0.00000000384023712354
0.25000000000000000000	0.99999999785009352493	0.05995104945947270919	0.94004895054052761694	0.00095163637083151031	0.11495684671333132598	0.00000008219560387309	0.00000000425121514291
0.25500000000000000444	0.99999999754354318426	0.06226821355197566937	0.93773178644802435144	0.00102904130630789427	0.11515822071206319177	0.00000008900501515677	0.00000000469624021869
0.26000000000000000888	0.99999999720603893749	0.06462306504175611976	0.93537693495824458800	0.00111101070907308687	0.11536244261133028755	0.00000009621738120172	0.00000000517732712470
0.26500000000000001332	0.99999999683517837301	0.06701514395238850064	0.93298485604761149936	0.00119771309876397268	0.11556960010778018211	0.00000010384691644593	0.00000000569656170693
0.27000000000000001776	0.99999999642842729575	0.06944398347641357605	0.93055601652358610476	0.00128931934400329973	0.11577977356075615234	0.00000011190795140898	0.00000000625610146397
0.27500000000000002220	0.99999999598311961613	0.07190911008938802307	0.92809088991061206020	0.00138600261280322841	0.11599303680630933255	0.00000012041492404501	0.00000000685817608420
0.28000000000000002665	0.99999999549645213204	0.07441004366545941884	0.92558995633454033136	0.00148793832234304100	0.11620945786859453175	0.00000012938237104739	0.00000000750508793944
0.28500000000000003109	0.99999999496548108713	0.07694629759443265271	0.92305370240556738892	0.00159530408813700168	0.11642909958310647400	0.00000013882491911076	0.00000000819921253499
0.28999999999999998002	0.99999999438711772992	0.07951737890029247913	0.92048262109970757638	0.00170827967260846528	0.11665202014394578101	0.00000014875727615650	0.00000000894299891577
0.29499999999999998446	0.99999999375812265168	0.08212278836115026459	0.91787721163884994358	0.00182704693308663913	0.11687827358544634893	0.00000015919422252740	0.00000000973897002841
0.29999999999999998890	0.99999999307510467617	0.08476202063057777791	0.91523797936942197229	0.00195178976924242648	0.11710791020694918951	0.00000017015060215745	0.00000001058972303920
0.30499999999999999334	0.99999999233451941638	0.08743456436029439782	0.91256543563970538013	0.00208269406998006423	0.11734097694818794444	0.00000018164131372266	0.00000001149792960781
0.30999999999999999778	0.99999999153266194707	0.09013990232417155857	0.90986009767582876062	0.00221994765980133802	0.11757751772167387982	0.00000019368130177877	0.00000001246633611670
0.31500000000000000222	0.99999999066566291894	0.09287751154351869820	0.90712248845648146833	0.00236374024465935270	0.11781757370757584003	0.00000020628554789172	0.00000001349776385616
0.32000000000000000666	0.99999998972948933584	0.09564686341361526567	0.90435313658638460943	0.00251426335731901604	0.11806118361565791364	0.00000021946906176683	0.00000001459510916500
0.32500000000000001110	0.99999998871993900362	0.09844742383145153874	0.90155257616854855840	0.00267171030224143185	0.11830838391871330295	0.00000023324687238239	0.00000001576134352691
0.33000000000000001554	0.99999998763263031609	0.10127865332464071335	0.89872134667535896746	0.00283627610000962427	0.11855920906033134976	0.00000024763401913366	0.00000001699951362258
0.33500000000000001998	0.99999998646301468952	0.10414000718146773639	0.89585999281853234688	0.00300815743131313020	0.11881369164067424882	0.00000026264554299293	0.00000001831274133754
0.34000000000000002442	0.99999998520636279586	0.10703093558203445601	0.89296906441796530807	0.00318755258050907155	0.11907186258248980693	0.00000027829647769153	0.00000001970422372600
0.34500000000000002887	0.99999998385775856757	0.10995088373046620067	0.89004911626953386872	0.00337466137877747265	0.11933375127976608709	0.00000029460184092948	0.00000002117723293065
0.35000000000000003331	0.99999998241210119598	0.11289929198813918043	0.88710070801186113876	0.00356968514688870385	0.11959938573099489212	0.00000031157662561842	0.00000002273511605874
0.35499999999999998224	0.99999998086410402109	0.11587559600789322511	0.88412440399210678876	0.00377282663760100624	0.11986879265876709821	0.00000032923579116367	0.00000002438129501456
0.35999999999999998668	0.99999997920828842535	0.11887922686918965531	0.88112077313081038632	0.00398428997770618968	0.12014199761722425819	0.00000034759425479075	0.00000002611926628851
0.36499999999999999112	0.99999997743898205727	0.12190961121417584478	0.87809038878582357235	0.00420428060974160737	0.12041902508868108923	0.00000036666688292220	0.00000002795260070312
0.36999999999999999556	0.99999997555031672203	0.12496617138461886543	0.87503382861538114845	0.00443300523338673990	0.12069989857058438520	0.00000038646848261005	0.00000002988494311617
0.37500000000000000000	0.99999997353622238627	0.12804832555966713659	0.87195167444033316873	0.00467067174656261332	0.12098464065385070021	0.00000040701379302936	0.00000003192001208132
0.38000000000000000444	0.99999997139043150796	0.13115548789440356625	0.86884451210559676682	0.00491748918625253915	0.12127327309343970130	0.00000042831747703836	0.00000003406159946651
0.38500000000000000888	0.99999996910646649084	0.13428706865914760704	0.86571293134085280929	0.00517366766906253092	0.12156581687201706288	0.00000045039411281041	0.00000003631357003056
0.39000000000000001332	0.99999996667765078673	0.13744247437946965906	0.86255752562053067400	0.00543941833154003556	0.12186229225736217030	0.00000047325818554298	0.00000003867986095828
0.39500000000000001776	0.99999996409709623890	0.14062110797687563113	0.85937889202312411907	0.00571495327026944402	0.12216271885417057108	0.00000049692407924897	0.00000004116448135452
0.40000000000000002220	0.99999996135770297112	0.14382236891012392666	0.85617763108987643417	0.00600048548176307026	0.12246711565079490547	0.00000052140606863538	0.00000004377151169770
0.40500000000000002665	0.99999995845216116397	0.14704565331713245757	0.85295434668286818081	0.00629622880216620592	0.12277550106143209074	0.00000054671831107427	0.00000004650510325307
0.41000000000000003109	0.99999995537294783521	0.15029035415743843829	0.84970964584256092333	0.00660239784679498946	0.12308789296407215974	0.00000057287483867113	0.00000004936947744643
0.41500000000000003553	0.99999995211231762493	0.15355586135516854918	0.84644413864483147858	0.00691920794952580014	0.12340430873497050535	0.00000059988955043536	0.00000005236892519860
0.41999999999999998446	0.99999994866231611823	0.15684156194247905747	0.84315843805752033191	0.00724687510205480195	0.12372476527936650259	0.00000062777620455764	0.00000005550780622139
0.42499999999999998890	0.99999994501476852093	0.16014684020342820348	0.83985315979657237939	0.00758561589304663358	0.12404927905938478716	0.00000065654841079888	0.00000005879054827539
0.42999999999999999334	0.99999994116127666199	0.16347107781823630446	0.83652892218176388983	0.00793564744719072075	0.12437786611901605061	0.00000068621962299528	0.00000006222164639036
0.43499999999999999778	0.99999993709322010371	0.16681365400789754938	0.83318634599210184000	0.00829718736418419769	0.12471054210656334904	0.00000071680313168400	0.00000006580566204878
0.44000000000000000222	0.99999993280176313615	0.17017394567909907566	0.82982605432090095210	0.00867045365766004085	0.12504732229474363470	0.00000074831205685374	0.00000006954722233305
0.44500000000000000666	0.99999992827784345284	0.17355132756940847005	0.82644867243059161321	0.00905566469407922958	0.12538822159865448125	0.00000078075934082455	0.00000007345101903717
0.45000000000000001110	0.99999992351217137365	0.17694517239268964248	0.82305482760730996894	0.00945303913160567069	0.12573325459179113261	0.00000081415774126092	0.00000007752180774348
0.45500000000000001554	0.99999991849523905962	0.18035485098470646625	0.81964514901529361701	0.00986279585898253673	0.12608243552025652501	0.00000084851982432231	0.00000008176440686509
0.46000000000000001998	0.99999991321731029892	0.18377973244887019222	0.81622026755112908614	0.01028515393442863343	0.12643577831533669986	0.00000088385795795486	0.00000008618369665486
0.46500000000000002442	0.99999990766842505874	0.18721918430209735784	0.81278081569790305849	0.01072033252457367178	0.12679329660454899398	0.00000092018430532828	0.00000009078461818151
0.47000000000000002887	0.99999990183839926328	0.19067257262072853652	0.80932742737927165777	0.01116855084345063504	0.12715500372130203455	0.00000095751081842148	0.00000009557217227361
0.47500000000000003331	0.99999989571681635603	0.19413926218647573063	0.80586073781352385303	0.01163002809156415268	0.12752091271326246313	0.00000099584923176041	0.00000010055141843241
0.47999999999999998224	0.99999988929304506335	0.19761861663235277820	0.80238138336764741609	0.01210498339505310279	0.12789103634953061239	0.00000103521105631185	0.00000010572747371397
0.48499999999999998668	0.99999988255622163091	0.20110999858854922140	0.79889000141145094513	0.01259363574496592808	0.12826538712672838627	0.00000107560757353610	0.00000011110551158165
0.48999999999999999112	0.99999987549526359043	0.20461276982821152703	0.79538723017178902808	0.01309620393666713692	0.12864397727399021210	0.00000111704982960200	0.00000011669076072966
0.49499999999999999556	0.99999986809885799133	0.20812629141308389147	0.79187370858691641384	0.01361290650939292642	0.12902681875718982618	0.00000115954862976724	0.00000012248850387850
0.50000000000000000000	0.99999986035547816510	0.21164992383897723860	0.78835007616102259487	0.01414396168597457752	0.12941392328203199513	0.00000120311453292689	0.00000012850407654314
0.50500000000000000444	0.99999985225336374128	0.21518302718101853244	0.78481697281898188390	0.01468958731274716545	0.12980530229652678664	0.00000124775784633299	0.00000013474286577480
0.51000000000000000888	0.99999984378054396217	0.21872496123864668127	0.78127503876135329097	0.01525000079966202376	0.13020096699259511852	0.00000129348862048779	0.00000014121030887724
0.51500000000000001332	0.99999983492482136249	0.22227508568031298375	0.77772491431968659992	0.01582541906062075177	0.13060092830699254751	0.00000134031664421318	0.00000014791189209830
0.52000000000000001776	0.99999982567378398191	0.22583276018784534389	0.77416723981215429529	0.01641605845404832745	0.13100519692159581786	0.00000138825143989876	0.00000015485314929780
0.52500000000000002220	0.99999981601480181226	0.22939734460043956221	0.77060265539955996594	0.01702213472372319722	0.13141378326280064859	0.00000143730225893073	0.00000016203966059245
0.53000000000000002665	0.99999980593502701964	0.23296819905823717978	0.76703180094176226511	0.01764386293988199836	0.13182669750098707784	0.00000148747807730374	0.00000016947705097897
0.53500000000000003109	0.99999979542140327027	0.23654468414545104515	0.76345531585454906587	0.01828145744061597869	0.13224394954854629125	0.00000153878759141771	0.00000017717098893606
0.54000000000000003553	0.99999978446066040139	0.24012616103300032933	0.75987383896700000374	0.01893513177357674174	0.13266554905808550235	0.00000159123921406132	0.00000018512718500637
0.54500000000000003997	0.99999977303931442130	0.24371199162061657484	0.75628800837938336965	0.01960509863800835584	0.13309150541976874638	0.00000164484107058409	0.00000019335139035929
0.55000000000000004441	0.99999976114368427371	0.24730153867838208792	0.75269846132161755126	0.02029156982712279622	0.13352182775837936890	0.00000169960099525841	0.00000020184939533558
0.55500000000000004885	0.99999974875987862610	0.25089416598766201005	0.74910583401233810097	0.02099475617083556081	0.13395652492984119752	0.00000175552652783299	0.00000021062702797474
0.56000000000000005329	0.99999973587380430740	0.25448923848139543002	0.74551076151860473651	0.02171486747887816510	0.13439560551734525129	0.00000181262491027902	0.00000021969015252614
0.56500000000000005773	0.99999972247117030477	0.25808612238370415293	0.74191387761629623565	0.02245211248430425618	0.13483907782714615875	0.00000187090308373026	0.00000022904466794479
0.57000000000000006217	0.99999970853749176047	0.26168418534878362669	0.73831581465121653984	0.02320669878740543729	0.13528694988381578801	0.00000193036768561775	0.00000023869650637288
0.57500000000000006661	0.99999969405808519785	0.26528279659904213661	0.73471720340095791890	0.02397883280005309523	0.13573922942536328917	0.00000199102504700038	0.00000024865163160788
0.57999999999999996003	0.99999967901808461956	0.26888132706244410874	0.73111867293755605779	0.02476871969048234645	0.13619592389784493380	0.00000205288119009181	0.00000025891603755834
0.58499999999999996447	0.99999966340243462426	0.27247914950903123765	0.72752085049096870684	0.02557656332853386338	0.13665704044972060149	0.00000211594182598419	0.00000026949574668826
0.58999999999999996891	0.99999964719589684581	0.27607563868657769568	0.72392436131342297045	0.02640256623136904082	0.13712258592588594253	0.00000218021235256942	0.00000028039680845111
0.59499999999999997335	0.99999963038305461627	0.27967017145534456279	0.72032982854465543721	0.02724692950967434746	0.13759256686141221881	0.00000224569785265803	0.00000029162529771440
0.59999999999999997780	0.99999961294831640757	0.28326212692190644304	0.71673787307809355696	0.02810985281436996497	0.13806698947500359309	0.00000231240309229574	0.00000030318731317588
0.60499999999999998224	0.99999959487591971730	0.28685088657200241702	0.71314911342799691685	0.02899153428383730025	0.13854585966218030402	0.00000238033251927803	0.00000031508897577227
0.60999999999999998668	0.99999957614993562061	0.29043583440238951443	0.70956416559761137375	0.02989217049168110124	0.13902918298820726717	0.00000244949026186223	0.00000032733642708158
0.61499999999999999112	0.99999955675427543156	0.29401635705165313217	0.70598364294834703436	0.03081195639503981828	0.13951696468078708668	0.00000251988012767714	0.00000033993582771996
0.61999999999999999556	0.99999953667268326463	0.29759184392995247093	0.70240815607004769561	0.03175108528345954584	0.14000920962242083267	0.00000259150560282959	0.00000035289335573411
0.62500000000000000000	0.99999951588875934938	0.30116168734765741410	0.69883831265234230834	0.03270974872834481184	0.14050592234277642367	0.00000266436985120754	0.00000036621520499015
0.63000000000000000444	0.99999949438595236995	0.30472528264285020372	0.69527471735714996282	0.03368813653300097022	0.14100710701052421303	0.00000273847571397900	0.00000037990758356004
0.63500000000000000888	0.99999947214756668146	0.30828202830765671916	0.69171797169234316982	0.03468643668328122431	0.14151276742519411367	0.00000281382570928593	0.00000039397671210647
0.64000000000000001332	0.99999944915677019264	0.31183132611337677220	0.68816867388662306126	0.03570483529885230822	0.14202290700873790308	0.00000289042203213229	0.00000040842882226714
0.64500000000000001776	0.99999942539658936980	0.31537258123438133284	0.68462741876561894472	0.03674351658509167340	0.14253752879691453104	0.00000296826655446507	0.00000042327015503946
0.65000000000000002220	0.99999940084993144129	0.31890520237074587717	0.68109479762925362323	0.03780266278562926380	0.14305663543048019459	0.00000304736082544724	0.00000043850695916670
0.65500000000000002665	0.99999937549957373939	0.32242860186958793856	0.67757139813041156184	0.03888245413554682062	0.14358022914621160204	0.00000312770607192119	0.00000045414548952630
0.66000000000000003109	0.99999934932818257405	0.32594219584508110632	0.67405780415491878266	0.03998306881524656131	0.14410831176774099860	0.00000320930319906137	0.00000047019200552161
0.66500000000000003553	0.99999932231830435114	0.32944540429711438589	0.67055459570288578064	0.04110468290500250699	0.14464088469623978539	0.00000329215279121436	0.00000048665276947768
0.67000000000000003997	0.99999929445238722181	0.33293765122856688876	0.66706234877143366635	0.04224747034020506775	0.14517794890093174698	0.00000337625511292501	0.00000050353404504231
0.67500000000000004441	0.99999926571277131249	0.33641836476117009669	0.66358163523882984780	0.04341160286731188256	0.14571950490946250500	0.00000346161011014655	0.00000052084209559304
0.68000000000000004885	0.99999923608170560030	0.33988697724993349736	0.66011302275006633611	0.04459725000051531496	0.14626555279811506716	0.00000354821741163298	0.00000053858318265120
0.68500000000000005329	0.99999920554135379724	0.34334292539609706507	0.65665707460390265737	0.04580457897913818577	0.14681609218189028976	0.00000363607633051171	0.00000055676356430376
0.69000000000000005773	0.99999917407379124157	0.34678565035859010290	0.65321434964140978607	0.04703375472576853955	0.14737112220445408584	0.00000372518586603410	0.00000057538949363393
0.69500000000000006217	0.99999914166102321644	0.35021459786397135527	0.64978540213602853370	0.04828493980514396433	0.14793064152795240562	0.00000381554470550206	0.00000059446721716144
0.70000000000000006661	0.99999910828497606818	0.35362921831481863855	0.64637078168518102839	0.04955829438379585894	0.14849464832271322412	0.00000390715122636799	0.00000061400297329328
0.70499999999999996003	0.99999907392752573898	0.35702896689654645135	0.64297103310345404825	0.05085397619046352208	0.14906314025682448898	0.00000400000349850591	0.00000063400299078581
0.70999999999999996447	0.99999903857048311195	0.36041330368262552986	0.63958669631737463668	0.05217214047728764570	0.14963611448560742989	0.00000409409928665106	0.00000065447348721907
0.71499999999999996891	0.99999900219560589054	0.36378169373818031174	0.63621830626182029889	0.05351293998179296879	0.15021356764098703351	0.00000418943605300542	0.00000067542066748410
0.71999999999999997335	1.00000000023124768767	0.36713375238956258428	0.63286624761043697163	0.05487655249520043826	0.15079533968007827194	0.00000428601539794661	0.00000069685074447383
0.72499999999999997780	1.00000000045933967741	0.37046879637602331270	0.62953120385206839948	0.05626309876229108192	0.06827749584939897531	0.00000541925991470759	0.00000072394704404737
0.72999999999999998224	1.00000000068058758629	0.37378630545259738938	0.62621369499674273129	0.05767272365095111458	0.06846985783865928987	0.00000555676778151316	0.00000075173088295493
0.73499999999999998668	1.00000000089104168488	0.37708576482447625500	0.62291423583531679853	0.05910556937279660278	0.06866392863844056338	0.00000569657280031531	0.00000078021374695651
0.73999999999999999112	1.00000000108648046115	0.38036666515796624388	0.61963333569726608552	0.06056177543637555200	0.06885971566646785502	0.00000583868907102294	0.00000080940719231162
0.74499999999999999556	1.00000000126241195275	0.38362850267383719061	0.61637149835732563119	0.06204147861357266203	0.06905722636117692104	0.00000598313041853803	0.00000083932284440431
0.75000000000000000000	1.00000000141405798182	0.38687077923891977083	0.61312922194388952413	0.06354481290684849126	0.06925646818119614301	0.00000612991038942146	0.00000086997239635142
0.75500000000000000444	1.00000000153636103839	0.39009300245593608869	0.60990699884917609630	0.06507190951732053086	0.06945744860589123104	0.00000627904224855581	0.00000090136760759420
0.76000000000000000888	1.00000000162396474046	0.39329468575153703203	0.60670531564117868850	0.06662289681369205907	0.06966017513536111594	0.00000643053897590638	0.00000093352030247373
0.76500000000000001332	1.00000000167121538830	0.39647534846254045560	0.60352465297742696748	0.06819790030203730369	0.06986465529089570803	0.00000658441326336443	0.00000096644236879055
0.77000000000000001776	1.00000000167215152835	0.39963451592033699677	0.60036548552056512307	0.06979704259644596565	0.07007089661489404597	0.00000674067751167414	0.00000100014575634893
0.77500000000000002220	1.00000000162049595964	0.40277171953346935229	0.59722828185577714333	0.07142044339053583990	0.07027890667083515341	0.00000689934382744234	0.00000103464247548614
0.78000000000000002665	1.00000000150965884238	0.40588649686834799013	0.59411350441006216538	0.07306821942983855733	0.07048869304372597233	0.00000706042402023356	0.00000106994459558730
0.78500000000000003109	1.00000000133271460534	0.40897839172809219432	0.59102160937337311353	0.07474048448506015463	0.07070026333967487087	0.00000722392959974967	0.00000110606424358605
0.79000000000000003553	1.00000000108241504648	0.41204695422950277095	0.58795304662166392173	0.07643734932622846256	0.07091362518605194565	0.00000738987177309554	0.00000114301360245153
0.79500000000000003997	1.00000000075117134735	0.41509174087811712139	0.58490825964180526153	0.07815892169772423181	0.07112878623141763446	0.00000755826144213097	0.00000118080490966219
0.80000000000000004441	1.00000000033104563535	0.41811231464136128233	0.58188768545843527757	0.07990530629420587727	0.07134575414532266791	0.00000772910920090953	0.00000121945045566673
0.80500000000000004885	0.99999999981375020663	0.42110824501977706102	0.57889175456272357057	0.08167660473742931193	0.07156453661808845346	0.00000790242533320518	0.00000125896258233276
0.81000000000000005329	0.99999999919064053167	0.42407910811630966652	0.57592089084308051294	0.08347291555396643692	0.07178514136075868357	0.00000807821981012675	0.00000129935368138339
0.81500000000000005773	0.99999999845270248766	0.42702448670364484551	0.57297551151780723444	0.08529433415382738082	0.07200757610473794423	0.00000825650228782133	0.00000134063619282250
0.82000000000000006217	0.99999999759055480109	0.42994397028959235874	0.57005602706971136850	0.08714095280998859772	0.07223184860141049213	0.00000843728210526658	0.00000138282260334883
0.82500000000000006661	0.99999999659443594702	0.43283715518049431514	0.56716284118269100212	0.08901286063882864197	0.07245796662211029249	0.00000862056828215302	0.00000142592544475960
0.83000000000000007105	0.99999999545419882008	0.43570364454265447796	0.56429635068029360134	0.09091014358147563035	0.07268593795728493789	0.00000880636951685617	0.00000146995729234388
0.83499999999999996447	0.99999999415930962421	0.43854304846178399080	0.56145694546627444854	0.09283288438606851489	0.07291577041643272639	0.00000899469418449937	0.00000151493076326638
0.83999999999999996891	0.99999999269883077524	0.44135498400044448353	0.55864500846713538440	0.09478116259093265217	0.07314747182758733757	0.00000918555033510776	0.00000156085851494191
0.84499999999999997335	0.99999999106142112293	0.44413907525348761407	0.55586091557668193541	0.09675505450867172286	0.07338105003665047754	0.00000937894569185317	0.00000160775324340118
0.84999999999999997780	0.99999998923532618100	0.44689495340148821523	0.55310503560258672540	0.09875463321117915194	0.07361651290711292150	0.00000957488764939127	0.00000165562768164814
0.85499999999999998224	0.99999998720837735000	0.44962225676215766823	0.55037773021496816384	0.10077996851556703106	0.07385386831908821725	0.00000977338327229036	0.00000170449459800959
0.85999999999999998668	0.99999998496797648517	0.45232063083972756656	0.54767935389699740067	0.10283112697101526312	0.07409312416925870060	0.00000997443929355249	0.00000175436679447735
0.86499999999999999112	0.99999998250109578546	0.45498972837231421718	0.54501025389752988382	0.10490817184654011029	0.07433428836963940078	0.00001017806211322765	0.00000180525710504349
0.86999999999999999556	0.99999997979426658024	0.45762920937724255177	0.54237077018577206644	0.10701116311968256190	0.07457736884728580207	0.00001038425779712004	0.00000185717839402909
0.87500000000000000000	0.99999997683357499945	0.46023874119433766383	0.53976123540798570666	0.10914015746611738233	0.07482237354338920621	0.00001059303207558807	0.00000191014355440703
0.88000000000000000444	0.99999997360465464613	0.46281799852717431243	0.53718197484622809412	0.11129520825018013319	0.07506931041250967940	0.00001080439034243696	0.00000196416550611921
0.88500000000000000888	0.99999997009267982406	0.46536666348228339363	0.53463330637914419086	0.11347636551631261337	0.07531818742200752093	0.00001101833765390522	0.00000201925719438874
0.89000000000000001332	0.99999996628235676699	0.46788442560631249290	0.53211554044479236758	0.11568367598142566266	0.07556901255073290857	0.00001123487872774760	0.00000207543158802748
0.89500000000000001776	0.99999996215792041898	0.47037098192114501494	0.52962898000552338651	0.11791718302817701114	0.07582179378877165754	0.00001145401794239868	0.00000213270167773947
0.90000000000000002220	0.99999995770312388732	0.47282603695696534540	0.52717392051490596927	0.12017692669916346659	0.07607653913595578687	0.00001167575933624497	0.00000219108047442070
0.90500000000000002665	0.99999995290123389058	0.47524930278328519906	0.52475064988669706256	0.12246294369202476160	0.07633325660133556678	0.00001190010660699261	0.00000225058100745566
0.91000000000000003109	0.99999994773502132173	0.47764049903791372387	0.52235944846585546930	0.12477526735545578507	0.07659195420197180415	0.00001212706311111152	0.00000231121632301122
0.91500000000000003553	0.99999994218675991586	0.47999935295389395407	0.52000058900161294506	0.12711392768612805870	0.07685263996206709303	0.00001235663186338578	0.00000237299948232815
0.92000000000000003997	0.99999993623820693234	0.48232559938438268610	0.51767433662257156257	0.12947895132651188188	0.07711532191188559537	0.00001258881553655454	0.00000243594356001092
0.92500000000000004441	0.99999992987061092631	0.48461898082550364242	0.51538094881385509982	0.13187036156360074091	0.07738000808661681107	0.00001282361646104571	0.00000250006164231615
0.93000000000000004885	0.99999992306470075754	0.48687924743715155218	0.51312067539629602209	0.13428817832853537362	0.07764670652541937057	0.00001306103662480333	0.00000256536682544016
0.93500000000000005329	0.99999991580067038033	0.48910615706176335804	0.51089375850765417209	0.13673241819711492995	0.07791542527016159791	0.00001330107767319320	0.00000263187221380613
0.94000000000000005773	0.99999990805817684514	0.49129947524106148959	0.50870043258586239432	0.13920309439120365225	0.07818617236429685480	0.00001354374090905635	0.00000269959091835141
0.94500000000000006217	0.99999989981634007652	0.49345897523077458802	0.50654092435431186114	0.14170021678102037721	0.07845895585158119134	0.00001378902729279077	0.00000276853605481536
0.95000000000000006661	0.99999989105372455445	0.49558443801332890954	0.50441545280914146243	0.14422379188830719565	0.07873378377507388171	0.00001403693744251901	0.00000283872074202796
0.95500000000000007105	0.99999988174834353316	0.49767565230853733071	0.50232422920855301918	0.14677382289037582686	0.07901066417569521660	0.00001428747163441746	0.00000291015810020005
0.95999999999999996447	0.99999987187764394214	0.49973241458226652645	0.50026745706412290016	0.14935030962502221508	0.07928960509090483832	0.00001454062980308480	0.00000298286124921547
0.96499999999999996891	0.99999986141850305543	0.50175452905311856977	0.49824533213413002564	0.15195324859630907066	0.07957061455354430546	0.00001479641154201401	0.00000305684330692554
0.96999999999999997335	0.99999985034721883270	0.50374180769710441563	0.49625804241885979051	0.15458263298120414331	0.07985370059046405233	0.00001505481610415537	0.00000313211738744632
0.97499999999999997780	0.99999983863951047436	0.50569407025035073566	0.49430576815790500111	0.15723845263707572628	0.08013887122104801364	0.00001531584240256978	0.00000320869659945917
0.97999999999999998224	0.99999982627050076900	0.50761114420981012785	0.49238868182943573704	0.15992069411003229096	0.08042613445576297926	0.00001557948901117216	0.00000328659404451503
0.98499999999999998668	0.99999981321471964613	0.50949286483202416154	0.49050694815143996985	0.16262934064410511370	0.08071549829495598682	0.00001584575416556351	0.00000336582281534285
0.98999999999999999112	0.99999979944608863303	0.51133907512991572109	0.48866072408491839640	0.16536437219126454146	0.08100697072729008685	0.00001611463576395295	0.00000344639599416261
0.99499999999999999556	0.99999978493792385237	0.51314962586764534258	0.48685015883902404976	0.16812576542226240206	0.08130055972806650433	0.00001638613136816733	0.00000352832665100345
1.00000000000000000000	0.99999976966292691838	0.51492437555352876810	0.48507539387814285758	0.17091349373829745062	0.08159627325797798314	0.00001666023820474848	0.00000361162784202719
1.00500000000000011546	0.99999975359316783940	0.51666319043102670872	0.48333656293088583800	0.17372752728348792028	0.08189411926152473375	0.00001693695316613863	0.00000369631260785788
1.01000000000000000888	0.99999973670009345561	0.51836594446783079704	0.48163379200100747690	0.17656783295815750567	0.08219410566526531847	0.00001721627281195062	0.00000378239397191764
1.01500000000000012434	0.99999971895451200687	0.52003251934304772774	0.47996719938020837581	0.17943437443290932709	0.08249624037631915485	0.00001749819337032563	0.00000386988493876926
1.02000000000000001776	0.99999970032658824781	0.52166280443249601895	0.47833689566283610350	0.18232711216349659078	0.08280053128080162861	0.00001778271073937527	0.00000395879849246614
1.02499999999999991118	0.99999968078584466902	0.52325669679213793195	0.47674298376245100028	0.18524600340647084940	0.08310698624202383922	0.00001806982048870806	0.00000404914759490968
1.03000000000000002665	0.99999966030114439963	0.52481410113964210851	0.47518555893024622128	0.18819100223560053520	0.08341561309905598520	0.00001835951786103964	0.00000414094518421488
1.03499999999999992006	0.99999963884069753561	0.52633492983411789279	0.47366470877532407258	0.19116205955905812841	0.08372641966484299647	0.00001865179777388623	0.00000423420417308431
1.04000000000000003553	0.99999961637203771403	0.52781910285400124305	0.47218051328678056766	0.19415912313735489425	0.08403941372425123568	0.00001894665482134007	0.00000432893744719101
1.04499999999999992895	0.99999959286203543574	0.52926654777315584877	0.47073304485762323957	0.19718213760202907281	0.08435460303278199956	0.00001924408327592537	0.00000442515786357064
1.05000000000000004441	0.99999956827688285532	0.53067719973515392606	0.46932236831047263736	0.20023104447506412384	0.08467199531461358508	0.00001954407709053639	0.00000452287824902332
1.05499999999999993783	0.99999954258208867408	0.53205100142578864997	0.46794854092504284404	0.20330578218903425092	0.08499159826049186572	0.00001984662990045325	0.00000462211139852559
1.06000000000000005329	0.99999951574246892516	0.53338790304382033280	0.46661161246739174535	0.20640628610796923903	0.08531341952619087010	0.00002015173502543798	0.00000472287007365278
1.06499999999999994671	0.99999948772215707660	0.53468786226998488154	0.46531162522091540357	0.20953248854892428388	0.08563746673082243965	0.00002045938547190715	0.00000482516700101231
1.07000000000000006217	0.99999945848458338116	0.53595084423426453402	0.46404861401906144502	0.21268431880424457092	0.08596374745417535712	0.00002076957393518205	0.00000492901487068822
1.07499999999999995559	0.99999942799247087954	0.53717682148145229348	0.46282260627976101741	0.21586170316451860907	0.08629226923587257625	0.00002108229280181470	0.00000503442633469729
1.08000000000000007105	0.99999939620784128458	0.53836577393503659561	0.46163362204154739787	0.21906456494220688525	0.08662303957256675679	0.00002139753415198808	0.00000514141400545724
1.08499999999999996447	0.99999936309200354589	0.53951768885939999087	0.46048167400134609739	0.22229282449593562587	0.08695606591634355564	0.00002171528976199123	0.00000524999045426719
1.09000000000000007994	0.99999932860554396896	0.54063256082037491890	0.45936676755391131488	0.22554639925544134327	0.08729135567259817263	0.00002203555110676615	0.00000536016820980102
1.09499999999999997335	0.99999929270833365358	0.54171039164417056355	0.45828890083290624302	0.22882520374716436296	0.08762891619826496115	0.00002235830936252745	0.00000547195975661366
1.10000000000000008882	0.99999925535951705857	0.54275119037467878247	0.45724806475357970825	0.23212914962046918288	0.08796875479933750908	0.00002268355540945195	0.00000558537753366092
1.10499999999999998224	0.99999921651750434126	0.54375497322920252063	0.45624424305704480709	0.23545814567448847265	0.08831087872927324833	0.00002301127983443831	0.00000570043393283311
1.11000000000000009770	0.99999917613998523525	0.54472176355260704117	0.45527741235611901560	0.23881209788557503093	0.08865529518654058361	0.00002334147293393493	0.00000581714129750279
1.11499999999999999112	0.99999913418390096176	0.54565159176992572565	0.45434754218271755644	0.24219090943535079297	0.08900201131253618336	0.00002367412471683575	0.00000593551192108696
1.12000000000000010658	0.99999909060546088302	0.54654449533743743039	0.45345459503676671664	0.24559448073934270207	0.08935103418988098178	0.00002400922490744136	0.00000605555804562417
1.12500000000000000000	0.99999904536012629297	0.54740051869224493064	0.45259852643662290550	0.24902270947618990182	0.08970237083957471880	0.00002434676294848603	0.00000617729186036660
1.13000000000000011546	0.99999899840261241568	0.54821971320037499176	0.45177928497097963323	0.25247549061741791920	0.09005602821917059464	0.00002468672800422813	0.00000630072550038774
1.13500000000000000888	0.99999894968688884944	0.54900213710341116968	0.45099681235221933395	0.25595271645775652392	0.09041201322066232116	0.00002502910896360327	0.00000642587104520576
1.14000000000000012434	0.99999889916617246133	0.54974785546370230627	0.45025104347121258641	0.25945427664599873818	0.09077033266814298063	0.00002537389444343925	0.00000655274051742295
1.14500000000000001776	0.99999884679292749823	0.55045694010815027220	0.44954190645351832512	0.26298005821638303914	0.09113099331512901358	0.00002572107279173059	0.00000668134588138161
1.15000000000000013323	0.99999879251886181208	0.55112946957062169950	0.44886932271698098962	0.26652994562048892835	0.09149400184314648854	0.00002607063209097281	0.00000681169904183647
1.15500000000000002665	0.99999873629492630478	0.55176552903298392572	0.44823320703068297854	0.27010382075963146331	0.09185936485857508493	0.00002642256016155356	0.00000694381184264424
1.15999999999999992006	0.99999867807131237463	0.55236521026481300023	0.44763346757524058450	0.27370156301774350993	0.09222708889071742910	0.00002677684456520091	0.00000707769606547024
1.16500000000000003553	0.99999861779745369272	0.55292861156178074733	0.44707000600441332283	0.27732304929473183819	0.09259718038965485121	0.00002713347260848569	0.00000721336342851267
1.16999999999999992895	0.99999855542201765424	0.55345583768275741221	0.44654271750800117458	0.28096815404029484853	0.09296964572323375420	0.00002749243134637946	0.00000735082558524457
1.17500000000000004441	0.99999849089291170667	0.55394699978564498899	0.44605149087600731717	0.28463674928818766263	0.09334449117530352336	0.00002785370758586246	0.00000749009412317388
1.17999999999999993783	0.99999842415728568135	0.55440221536198341923	0.44559620856404175138	0.28832870469092625187	0.09372172294280688154	0.00002821728788958570	0.00000763118056262181
1.18500000000000005329	0.99999835516151569514	0.55482160817032466493	0.44517674675993040845	0.29204388755490612306	0.09410134713375355175	0.00002858315857957940	0.00000777409635551971
1.18999999999999994671	0.99999828385122113694	0.55520530816844060329	0.44479297545151968984	0.29578216287593805944	0.09448336976449503433	0.00002895130574101285	0.00000791885288422477
1.19500000000000006217	0.99999821017125345435	0.55555345144435708260	0.44444475849563680470	0.29954339337517355002	0.09486779675724256455	0.00002932171522599929	0.00000806546146035477
1.19999999999999995559	0.99999813406571513852	0.55586618014626376638	0.44413195368819041731	0.30332743953541896342	0.09525463393763437814	0.00002969437265744822	0.00000821393332364201
1.20500000000000007105	0.99999805547793074734	0.55614364241130231914	0.44385441283536769541	0.30713415963780832385	0.09564388703241817613	0.00003006926343296008	0.00000836427964080681
1.20999999999999996447	0.99999797435047621530	0.55638599229328744578	0.44361198182592664896	0.31096340979884190547	0.09603556166651996961	0.00003044637272876535	0.00000851651150445063
1.21500000000000007994	0.99999789062516020177	0.55659338968936433734	0.44340450070453446552	0.31481504400776144648	0.09642966336057713639	0.00003082568550370350	0.00000867063993196915
1.21999999999999997335	0.99999780424303874593	0.55676600026564515566	0.44323180374613202481	0.31868891416425187968	0.09682619752846541306	0.00003120718650324405	0.00000882667586448537
1.22500000000000008882	0.99999771514441393450	0.55690399538184442996	0.44309371953130766153	0.32258487011646369558	0.09722516947501666507	0.00003159086026354403	0.00000898463016580309
1.22999999999999998224	0.99999762326882801755	0.55700755201493479252	0.44299007102263188163	0.32650275969933006959	0.09762658439253031617	0.00003197669111554436	0.00000914451362138081
1.23500000000000009770	0.99999752855508283744	0.55707685268187312477	0.44292067564194781415	0.33044242877317725471	0.09803044735898887307	0.00003236466318910054	0.00000930633693732632
1.23999999999999999112	0.99999743094122395259	0.55711208536139156244	0.44288534534857060265	0.33440372126260198282	0.09843676333494458253	0.00003275476041714868	0.00000947011073941206
1.24500000000000010658	0.99999733036455895618	0.55711344341491253473	0.44288388671838396782	0.33838647919561598565	0.09884553716118039957	0.00003314696653990323	0.00000963584557211158
1.25000000000000000000	0.99999722676165403445	0.55708112550659727447	0.44291610102379447289	0.34239054274303298842	0.09925677355566364657	0.00003354126510908688	0.00000980355189765701
1.25500000000000011546	0.99999712006834040601	0.55701533552255910742	0.44298178431451995518	0.34641575025808718502	0.09967047711096646556	0.00003393763949219008	0.00000997324009511796
1.26000000000000000888	0.99999701021971620918	0.55691628248927060874	0.44308072749918375743	0.35046193831627336923	0.10008665229176051670	0.00003433607287675835	0.00001014492045950175
1.26500000000000012434	0.99999689715015249725	0.55678418049119937638	0.44321271642769061172	0.35452894175539140242	0.10050530343183616822	0.00003473654827470697	0.00001031860320087529
1.27000000000000001776	0.99999678079329579194	0.55661924858768596636	0.44337753197434720542	0.35861659371578230582	0.10092643473161187762	0.00003513904852666173	0.00001049429844350859
1.27500000000000013323	0.99999666108207929671	0.55642171072911017493	0.44357495012170716775	0.36272472568074037857	0.10135005025496995890	0.00003554355630632126	0.00001067201622504020
1.28000000000000002665	0.99999653794872656043	0.55619179567235588202	0.44380474204510800273	0.36685316751709401428	0.10177615392707636821	0.00003595005412484463	0.00001085176649566442
1.28499999999999992006	0.99999641132475525218	0.55592973689561875350	0.44406667419787376749	0.37100174751593201217	0.10220474953085842418	0.00003635852433525710	0.00001103355911734071
1.29000000000000003553	0.99999628114098448872	0.55563577251257101342	0.44436050839715057759	0.37517029243346838863	0.10263584070509389201	0.00003676894913687846	0.00001121740386302510
1.29499999999999992895	0.99999614732754038560	0.55531014518592114459	0.44468600191035567715	0.37935862753203197784	0.10306943094089007773	0.00003718131057976533	0.00001140331041592393
1.30000000000000004441	0.99999600981386771448	0.55495310204040282365	0.44504290754220210413	0.38356657662116550034	0.10350552357928961833	0.00003759559056917293	0.00001159128836876979
1.30499999999999993783	0.99999586852873689757	0.55456489457519830832	0.44543097372227569153	0.38779396209881872304	0.10394412180813743241	0.00003801177087003047	0.00001178134722311994
1.31000000000000005329	0.99999572340024411865	0.55414577857585034515	0.44584994459313104231	0.39204060499262455286	0.10438522865953572816	0.00003842983311142821	0.00001197349638867709
1.31499999999999994671	0.99999557435583164011	0.55369601402567703019	0.44629956009889137913	0.39630632500124962636	0.10482884700703590242	0.00003884975879112669	0.00001216774518263272
1.32000000000000006217	0.99999542132228491642	0.55321586501672026515	0.44677955607430269724	0.40059094053579308303	0.10527497956241402277	0.00003927152928005470	0.00001236410282903299
1.32499999999999995559	0.99999526422575224505	0.55270559966025678555	0.44728966433423333893	0.40489426876123274512	0.10572362887342132143	0.00003969512582683825	0.00001256257845816718
1.33000000000000007105	0.99999510299174498851	0.55216548999690395760	0.44782961276357918790	0.40921612563789994121	0.10617479732036695650	0.00004012052956232551	0.00001276318110597881
1.33499999999999996447	0.99999493754515567101	0.55159581190634077164	0.44839912540755283432	0.41355632596297181580	0.10662848711362396537	0.00004054772150412029	0.00001296591971349941
1.34000000000000007994	0.99999476781026319649	0.55099684501667789416	0.44899792256232257115	0.41791468341196291725	0.10708470029082869934	0.00004097668256112020	0.00001317080312630501
1.34499999999999997335	0.99999459371074705949	0.55036887261350586620	0.44962572086597896170	0.42229101058021201176	0.10754343871371938035	0.00004140739353805599	0.00001337784009399529
1.35000000000000008882	0.99999441516968756716	0.54971218154863610295	0.45028223338979073143	0.42668511902433664540	0.10800470406538069390	0.00004183983514003490	0.00001358703926969547
1.35499999999999998224	0.99999423210960014519	0.54902706214859497980	0.45096716972974387749	0.43109681930366711144	0.10846849784768089475	0.00004227398797708023	0.00001379840920958087
1.36000000000000009770	0.99999404445242190409	0.54831380812285313020	0.45168023609830765253	0.43552592102161835630	0.10893482137822599332	0.00004270983256867500	0.00001401195837242424
1.36499999999999999112	0.99999385211954217034	0.54757271647185823404	0.45242113541642164920	0.43997223286700648526	0.10940367578730329778	0.00004314734934829538	0.00001422769511916572
1.37000000000000010658	0.99999365503180193127	0.54680408739487618153	0.45318956740566324060	0.44443556265528971760	0.10987506201537716732	0.00004358651866794708	0.00001444562771250546
1.37500000000000000000	0.99999345310951526233	0.54600822419767536253	0.45398522868057827884	0.44891571736972385454	0.11034898081021748961	0.00004402732080268903	0.00001466576431651890
1.38000000000000011546	0.99999324627248431518	0.54518543320008361341	0.45480781284113974694	0.45341250320242210137	0.11082543272368772236	0.00004446973595515408	0.00001488811299629467
1.38500000000000000888	0.99999303444001108598	0.54433602364343880442	0.45565701056531127122	0.45792572559529670650	0.11130441810955570003	0.00004491374426006069	0.00001511268171759498
1.39000000000000012434	0.99999281753090285552	0.54346030759795938003	0.45653250970168196554	0.46245518928088164001	0.11178593712023296436	0.00004535932578871062	0.00001533947834653853
1.39500000000000001776	0.99999259546349883454	0.54255859987007704071	0.45743399536216056145	0.46700069832302326667	0.11226998970390431043	0.00004580646055347963	0.00001556851064930593
1.40000000000000013323	0.99999236815568337544	0.54163121790973844938	0.45836115001468247243	0.47156205615741747517	0.11275657560225900433	0.00004625512851229079	0.00001579978629186738
1.40500000000000002665	0.99999213552488808165	0.54067848171771037968	0.45931365357591585896	0.47613906563198965527	0.11324569434696471482	0.00004670530957307739	0.00001603331283973277
1.40999999999999992006	0.99999189748813244183	0.53970071375292549831	0.46029118350394587766	0.48073152904711130562	0.11373734525773532278	0.00004715698359822687	0.00001626909775772391
1.41500000000000003553	0.99999165396201905587	0.53869823883987166813	0.46129341489088665496	0.48533924819562018760	0.11423152743887789173	0.00004761013040900800	0.00001650714840976895
1.41999999999999992895	0.99999140486275917006	0.53767138407607428796	0.46232002055542348318	0.48996202440265951283	0.11472823977701354647	0.00004806472978997910	0.00001674747205871884
1.42500000000000004441	0.99999115010618644384	0.53662047873968299339	0.46337067113524227358	0.49459965856530696549	0.11522748093791825019	0.00004852076149337853	0.00001699007586618573
1.42999999999999993783	0.99999088960777948731	0.53554585419719369366	0.46444503517932472780	0.49925195119198795268	0.11572924936448729383	0.00004897820524349031	0.00001723496689240319
1.43500000000000005329	0.99999062328266818955	0.53444784381132681705	0.46554277924008014011	0.50391870244165604120	0.11623354327341135772	0.00004943704074098809	0.00001748215209610813
1.43999999999999994671	0.99999035104567202126	0.53332678284910406408	0.46666356796530628070	0.50859971216275412509	0.11674036065299206455	0.00004989724766725859	0.00001773163833444442
1.44500000000000006217	0.99999007281129415059	0.53218300839011167813	0.46780706418992051843	0.51329477993189775997	0.11724969926011320764	0.00005035880568869176	0.00001798343236288788
1.44999999999999995559	0.99998978849376185529	0.53101685923502506270	0.46897292902747600429	0.51800370509232940286	0.11776155661794891760	0.00005082169446095180	0.00001823754083519264
1.45500000000000007105	0.99998949800703540447	0.52982867581436865478	0.47016082196140562832	0.52272628679207833180	0.11827593001324347710	0.00005128589363321655	0.00001849397030335872
1.45999999999999996447	0.99998920126482637727	0.52861880009757511445	0.47137040093599058554	0.52746232402185766475	0.11879281649400467991	0.00005175138285238870	0.00001875272721762067
1.46500000000000007994	0.99998889818062575152	0.52738757550234771632	0.47260132244701597015	0.53221161565265895366	0.11931221286634341450	0.00005221814176727334	0.00001901381792645703
1.46999999999999997335	0.99998858866771100917	0.52613534680434770330	0.47385324163210212900	0.53697396047305689937	0.11983411569294931398	0.00005268615003272876	0.00001927724867662068
1.47500000000000008882	0.99998827263918466102	0.52486246004724579350	0.47512581236067746859	0.54174915722619576552	0.12035852128967891583	0.00005315538731377924	0.00001954302561318957
1.47999999999999998224	0.99998795000798434973	0.52356926245314483470	0.47641868732357639526	0.54653700464646581825	0.12088542572370848671	0.00005362583328969691	0.00001981115477963805
1.48500000000000009770	0.99998762068690205673	0.52225610233340380439	0.47773151812223552115	0.55133730149583803914	0.12141482481113984038	0.00005409746765804953	0.00002008164211792830
1.48999999999999999112	0.99998728458861230184	0.52092332899988524897	0.47906395535746387759	0.55614984659987076743	0.12194671411453893162	0.00005457027013870150	0.00002035449346862181
1.49500000000000010658	0.99998694162569390365	0.51957129267665347339	0.48041564871777786561	0.56097443888336839812	0.12248108894021185467	0.00005504422047779262	0.00002062971457101078
1.50000000000000000000	0.99998659171065051865	0.51820034441212980969	0.48178624706725753368	0.56581087740567703737	0.12301794433702083198	0.00005551929845166373	0.00002090731106326909
1.50500000000000011546	0.99998623475593773069	0.51681083599174848509	0.48317539853292718055	0.57065896139562877210	0.12355727509286530685	0.00005599548387074968	0.00002118728848262284
1.51000000000000000888	0.99998587067397604056	0.51540311985110798254	0.48458275059160571541	0.57551849028608847991	0.12409907573354815591	0.00005647275658343166	0.00002146965226554000
1.51500000000000012434	0.99998549937718339553	0.51397754898967218384	0.48600795015624881357	0.58038926374814792108	0.12464334052000822228	0.00005695109647984036	0.00002175440774793920
1.52000000000000001776	0.99998512077800139064	0.51253447688501430068	0.48745064366172463632	0.58527108172490882598	0.12519006344631355976	0.00005743048349562423	0.00002204156016541732
1.52500000000000013323	0.99998473478890903543	0.51107425740762901789	0.48891047715001823004	0.59016374446487651628	0.12573923823822630297	0.00005791089761566506	0.00002233111465349565
1.53000000000000002665	0.99998434132245850314	0.50959724473634726571	0.49038709635484922789	0.59506705255494418694	0.12629085835044204233	0.00005839231887775510	0.00002262307624788442
1.53500000000000014211	0.99998394029129200611	0.50810379327435972741	0.49188014678567115734	0.59998080695296918119	0.12684491696495028834	0.00005887472737622177	0.00002291744988476553
1.54000000000000003553	0.99998353160817254892	0.50659425756587006529	0.49338927381104019654	0.60490480901991816598	0.12740140698920068840	0.00005935810326550814	0.00002321424040109307
1.54499999999999992895	0.99998311518599813930	0.50506899221340129102	0.49491412274133494975	0.60983886055159430839	0.12796032105452001537	0.00005984242676370383	0.00002351345253491159
1.55000000000000004441	0.99998269093784764028	0.50352835179577848379	0.49645433891080725797	0.61478276380992813444	0.12852165151374980723	0.00006032767815602798	0.00002381509092569173
1.55499999999999993783	0.99998225877698454500	0.50197269078678674603	0.49800956775893712170	0.61973632155381330744	0.12908539044037634080	0.00006081383779825659	0.00002411916011468301
1.56000000000000005329	0.99998181861690293992	0.50040236347455024912	0.49957945491109079228	0.62469933706951519259	0.12965152962597750741	0.00006130088612010347	0.00002442566454528353
1.56499999999999994671	0.99998137037134005034	0.49881772388162631815	0.50116364625845266634	0.62967161420060757671	0.13022006057923921074	0.00006178880362854900	0.00002473460856342628
1.57000000000000006217	0.99998091395430921402	0.49721912568584197833	0.50276178803720517063	0.63465295737744820137	0.13079097452437912774	0.00006227757091111047	0.00002504599641798183
1.57499999999999995559	0.99998044928012042032	0.49560692214189250304	0.50437352690696590773	0.63964317164619621803	0.13136426239982171293	0.00006276716863906357	0.00002535983226117715
1.58000000000000007105	0.99997997626341561528	0.49398146600371495296	0.50599851002843909686	0.64464206269734880550	0.13193991485622072468	0.00006325757757060581	0.00002567612014903018
1.58499999999999996447	0.99997949481919312653	0.49234310944765102835	0.50763638514028108784	0.64964943689380372227	0.13251792225589986707	0.00006374877855396861	0.00002599486404180002
1.59000000000000007994	0.99997900486283719523	0.49069220399642149433	0.50928680063515396892	0.65466510129843069610	0.13309827467130980194	0.00006424075253046472	0.00002631606780445234
1.59499999999999997335	0.99997850631013762701	0.48902910044391706412	0.51094940563495871988	0.65968886370115764617	0.13368096188381353717	0.00006473348053748752	0.00002663973520713978
1.60000000000000008882	0.99997799907732376479	0.48735414878083377355	0.51262385006522936948	0.66472053264555852614	0.13426597338293208561	0.00006522694371144250	0.00002696586992569699
1.60499999999999998224	0.99997748308110201432	0.48566769812116228344	0.51430978472867816542	0.66975991745495022656	0.13485329836467832565	0.00006572112329063249	0.00002729447554215015
1.61000000000000009770	0.99997695823866550313	0.48397009662953777154	0.51600686137786688779	0.67480682825797033697	0.13544292573152263981	0.00006621600061807164	0.00002762555554524051
1.61499999999999999112	0.99997642446773382652	0.48226169144947295120	0.51771473278699997600	0.67986107601365497466	0.13603484409086832874	0.00006671155714424231	0.00002795911333096172
1.62000000000000010658	0.99997588168658169128	0.48054282863249619950	0.51943305282282425939	0.68492247253600546664	0.13662904175495355075	0.00006720777442979696	0.00002829515220311071
1.62500000000000000000	0.99997532981406000996	0.47881385306818180503	0.52116147651461752766	0.68999083051802989619	0.13722550673919392539	0.00006770463414819210	0.00002863367537385167
1.63000000000000011546	0.99997476876964008774	0.47707510841511779898	0.52289966012326094535	0.69506596355527328068	0.13782422676282185536	0.00006820211808826307	0.00002897468596429298
1.63500000000000000888	0.99997419847342383648	0.47532693703279493835	0.52464726120936855391	0.70014768616881040142	0.13842518924758812071	0.00006870020815673142	0.00002931818700507664
1.64000000000000012434	0.99997361884618918282	0.47356967991444687271	0.52640393870048085567	0.70523581382772249082	0.13902838131742842331	0.00006919888638066060	0.00002966418143697994
1.64500000000000001776	0.99997302980940927508	0.47180367662085004321	0.52816935295729783295	0.71033016297103745984	0.13963378979873422581	0.00006969813490983403	0.00003001267211152911
1.65000000000000013323	0.99997243128528146006	0.47002926521508620050	0.52994316583893419370	0.71543055102912855858	0.14024140121945441462	0.00007019793601907803	0.00003036366179162450
1.65500000000000002665	0.99997182319676258810	0.46824678219828924641	0.53172504076721260891	0.72053679644459056597	0.14085120180954607827	0.00007069827211051638	0.00003071715315217708
1.66000000000000014211	0.99997120546759588056	0.46645656244638333821	0.53351464278995275325	0.72564871869256586390	0.14146317750050110829	0.00007119912571576087	0.00003107314878075589
1.66500000000000003553	0.99997057802234279311	0.46465893914782008256	0.53531163864326269941	0.73076613830052850052	0.14207731392581413044	0.00007170047949803601	0.00003143165117824607
1.66999999999999992895	0.99996994078641066039	0.46285424374232431166	0.53711569681282589350	0.73588887686752946227	0.14269359642110390762	0.00007220231625424234	0.00003179266275951728
1.67500000000000004441	0.99996929368607145872	0.46104280586065610192	0.53892648759415595627	0.74101675708288106126	0.14331201002388152532	0.00007270461891693872	0.00003215618585410197
1.67999999999999993783	0.99996863664851542985	0.45922495326541362681	0.54074368315184095923	0.74614960274431640919	0.14393253947519216163	0.00007320737055627230	0.00003252222270688334
1.68500000000000005329	0.99996796960185641012	0.45740101179286085653	0.54256695757773532041	0.75128723877557779254	0.14455516921877542558	0.00007371055438184742	0.00003289077547879258
1.68999999999999994671	0.99996729247517912587	0.45557130529580608380	0.54439598694811219826	0.75642949124346181566	0.14517988340230769673	0.00007421415374449635	0.00003326184624751505
1.69500000000000006217	0.99996660519855617988	0.45373615558753083166	0.54623044937976450441	0.76157618737431209688	0.14580666587843288395	0.00007471815213802146	0.00003363543700820516
1.69999999999999995559	0.99996590770308946272	0.45189588238678357612	0.54807002508504498728	0.76672715556996351438	0.14643550020488294017	0.00007522253320083982	0.00003401154967420936
1.70500000000000007105	0.99996519992092147699	0.45005080326383345435	0.54991439642582795599	0.77188222542310891416	0.14706636964592237349	0.00007572728071757816	0.00003439018607779725
1.70999999999999996447	0.99996448178528796191	0.44820123358760699528	0.55176324796641973425	0.77704122773214590048	0.14769925717343879157	0.00007623237862058287	0.00003477134797090016
1.71500000000000007994	0.99996375323052966166	0.44634748647390026788	0.55361626652536821691	0.78220399451544475600	0.14833414546785028687	0.00007673781099137794	0.00003515503702585706
1.71999999999999997335	0.99996301419212640926	0.44448987273467394088	0.55547314122619173560	0.78737035902505780882	0.14897101691978734128	0.00007724356206204215	0.00003554125483616727
1.72500000000000008882	0.99996226460673298675	0.44262870082844685271	0.55733356354702456859	0.79254015575989011921	0.14960985363060189113	0.00007774961621652867	0.00003593000291724991
1.72999999999999998224	0.99996150441218900617	0.44076427681177832163	0.55919722736915034034	0.79771322047829673618	0.15025063741537381112	0.00007825595799190021	0.00003632128270720942
1.73500000000000009770	0.99996073354757564200	0.43889690429186145604	0.56106382902445361971	0.80288939021014205100	0.15089334980307000933	0.00007876257207951141	0.00003671509556760697
1.73999999999999999112	0.99995995195322207039	0.43702688438021336514	0.56293306734174797246	0.80806850326828816300	0.15153797203952823480	0.00007926944332611333	0.00003711144278423754
1.74500000000000010658	0.99995915957074066327	0.43515451564747714697	0.56480464369200311658	0.81325039925953634956	0.15218448508858414825	0.00007977655673488958	0.00003751032556791198
1.75000000000000000000	0.99995835634306018402	0.43328009407933881780	0.56667826203246129957	0.81843491909502130710	0.15283286963441028439	0.00008028389746642307	0.00003791174505524410
1.75500000000000011546	0.99995754221444854704	0.43140391303355862807	0.56855362894963001885	0.82362190500003906735	0.15348310608342924377	0.00008079145083960078	0.00003831570230944210
1.76000000000000000888	0.99995671713053813079	0.42952626319811787470	0.57043045370116041148	0.82881120052333268067	0.15413517456705380648	0.00008129920233243327	0.00003872219832110427
1.76500000000000012434	0.99995588103836163807	0.42764743255049658677	0.57230844825660687203	0.83400265054583555546	0.15478905494332187431	0.00008180713758283247	0.00003913123400901843
1.77000000000000001776	0.99995503388637585473	0.42576770631806176715	0.57418732733705435400	0.83919610128884658540	0.15544472680042339952	0.00008231524238928525	0.00003954281022096486
1.77500000000000013323	0.99995417562448429827	0.42388736693959266910	0.57606680845363367194	0.84439140032168369387	0.15610216945843144454	0.00008282350271149793	0.00003995692773452235
1.78000000000000002665	0.99995330620407552047	0.42200669402792112539	0.57794661194489560518	0.84958839656877405133	0.15676136197261369976	0.00008333190467092910	0.00004037358725787700
1.78500000000000014211	0.99995242557803787342	0.42012596433370508198	0.57982646101307300235	0.85478694031621038629	0.15742228313599937461	0.00008384043455128975	0.00004079278943063345
1.79000000000000003553	0.99995153370078782018	0.41824545171033133961	0.58170608175919724658	0.85998688321776550758	0.15808491148311770713	0.00008434907879897414	0.00004121453482462832
1.79499999999999992895	0.99995063052830668315	0.41636542707993956514	0.58358520321710827261	0.86518807830037769424	0.15874922529184065656	0.00008485782402338528	0.00004163882394474525
1.80000000000000004441	0.99994971601815174633	0.41448615840057773108	0.58546355738631583598	0.87039037996908374950	0.15941520258837973967	0.00008536665699723171	0.00004206565722973140
1.80499999999999993783	0.99994879012949455799	0.41260791063448698512	0.58734087926374900501	0.87559364401144301748	0.16008282114915675653	0.00008587556465674741	0.00004249503505301514
1.81000000000000005329	0.99994785282313769503	0.41073094571750845549	0.58921690687437233702	0.88079772760141528121	0.16075205850548016095	0.00008638453410183716	0.00004292695772352433
1.81499999999999994671	0.99994690406154806972	0.40885552252961437913	0.59109138130067484518	0.88600248930271907621	0.16142289194658948626	0.00008689355259615732	0.00004336142548650511
1.82000000000000006217	0.99994594380887091845	0.40698189686656932595	0.59296404671104341322	0.89120778907167341742	0.16209529852373993908	0.00008740260756713312	0.00004379843852434078
1.82499999999999995559	0.99994497203095811244	0.40511032141270053586	0.59483465038699967486	0.89641348825950306622	0.16276925505437148112	0.00008791168660590659	0.00004423799695737031
1.83000000000000007105	0.99994398869539469210	0.40324104571480173798	0.59670294274933521894	0.90161944961415096955	0.16344473812530166401	0.00008842077746722901	0.00004468010084470646
1.83499999999999996447	0.99994299377151973918	0.40137431615714247446	0.59856867738311936300	0.90682553728156500839	0.16412172409834804854	0.00008892986806927469	0.00004512475018505283
1.84000000000000007994	0.99994299396581043382	0.39951105144793491730	0.60043194228661656009	0.91203190838645198379	0.16479996618818129606	0.00008943911118520358	0.00004557194574097885
