0.00000000000000000000	1.00000000000000000000	1.00000000000000000000	0.00000000000000000000	4.99764078470405070931	1.99456208508931154277	0.99951171875000011102	0.00000000000000000000
0.01000000000000000021	0.99994245796063918608	0.99940020126477790985	0.00059979873522046612	4.99424154901560690689	1.99461599015686474878	0.99948470665996136386	0.00999484706659961412
0.02000000000000000042	0.99991613593599426579	0.99757717694752223725	0.00239649951311825433	4.99191127078702656661	1.99451462544254476406	1.00352039993122699180	0.02003005106591188370
0.02999999999999999889	0.99988950982759172703	0.99456341390673386194	0.00538363491329828508	4.99077077157479997993	1.99456917538641054222	1.00349239522668765012	0.03006497501817876131
0.04000000000000000083	0.99986250668434673017	0.99036850070938020618	0.00955154341350025922	4.99080855162721004348	1.99462306883907425359	1.00346321557682860437	0.04009960717394704666
0.05000000000000000278	0.99983508658078112941	0.98500521712859456791	0.01488740531282159267	4.99200998084408720246	1.99467593450880764649	1.00343582415341736613	0.05013396541548122143
0.05999999999999999778	0.99980847190586730200	0.97848999231998090576	0.02137601391496836423	4.99436774170802255668	1.99473085536599348266	1.00340827887686145914	0.06016804820424983408
0.07000000000000000666	0.99978172605658466310	0.97084158576251999850	0.02899767308405096569	4.99785426097357809994	1.99478463474535194777	1.00338488265248781950	0.07020189703077471532
0.08000000000000000167	0.99975483974503120965	0.96208211655171360643	0.03773025443612296886	5.00244625659689656771	1.99483828743462754396	1.00336080652938930413	0.08023550509606861003
0.08999999999999999667	0.99972780217100221112	0.95223666549991048402	0.04754866635801261593	5.00811749694519114939	1.99489058878227387694	1.00333865005064093445	0.09026889159657501549
0.10000000000000000555	0.99970060122715831419	0.94133319303786344712	0.05842493631092730844	5.01483888669092525703	1.99494464262030946067	1.00331653040994783765	0.10030205690067449387
0.11000000000000000056	0.99967422821749751805	0.92940323555251269649	0.07032851926897371042	5.02259042696769242298	1.99499902837287068635	1.00329528133257106504	0.11033500971400020396
0.11999999999999999556	0.99964675844177663944	0.91647870596245106789	0.08322557750255964171	5.03131502895418947219	1.99505377145989104548	1.00327485480710243415	0.12036775826207123108
0.13000000000000000444	0.99962016581962853667	0.90259714499312637681	0.09708054431945506435	5.04099900183063187598	1.99510684467180254842	1.00325836620127528676	0.13040034192408397895
0.14000000000000001332	0.99959343301197156606	0.88779625273801798802	0.11185470222856008782	5.05159100920751313879	1.99516008162937952264	1.00324075203564122560	0.14043274944444039676
0.14999999999999999445	0.99956654701430369681	0.87211686532456811349	0.12750720209717819609	5.06304921655123418844	1.99521250116779014228	1.00322453996801286280	0.15046499484412051428
0.16000000000000000333	0.99953949515988571584	0.85560204290556796103	0.14399497110505155018	5.07532960641402386415	1.99526614449399186668	1.00320849593485261764	0.16049707980346902825
0.17000000000000001221	0.99951226516054836324	0.83829693656040404903	0.16127284588391857523	5.08838611385202099768	1.99532011385758267785	1.00319310935123873207	0.17052901089698141446
0.17999999999999999334	0.99948484514583080252	0.82024864951550724435	0.17929371133620233825	5.10217076731899776831	1.99537443441577044823	1.00317832412730112424	0.18056079413825443236
0.19000000000000000222	0.99945823486007578929	0.80150640453302768318	0.19800934450163112932	5.11664031410846753545	1.99542913054494031044	1.00316408264211021084	0.19059243496467553891
0.20000000000000001110	0.99943154423175406542	0.78212053124780411828	0.21736852562261282928	5.13173783441150721529	1.99548238332306371312	1.00315278776422789342	0.20062396284231781562
0.20999999999999999223	0.99940476966666602632	0.76214311360895548031	0.23731916715562512143	5.14741060128319283251	1.99553562342700785415	1.00314076819345987523	0.21065537052425242770
0.22000000000000000111	0.99937790755886901639	0.74162758423138119834	0.25780783287961056560	5.16360459270474336790	1.99558745630232814428	1.00313015311575681743	0.22068667205540998255
0.23000000000000000999	0.99935095425927278345	0.72062856407916686674	0.27877989818119536247	5.18026465299335292514	1.99564089853059623003	1.00311915987248601034	0.23071786365413485265
0.23999999999999999112	0.99932390604350107566	0.69920169943441790039	0.30017971305367202595	5.19733465675608563572	1.99569451927422414350	1.00310855813996835373	0.24074894923553452619
0.25000000000000000000	0.99929675908002668638	0.67740349668549471041	0.32195076727693788810	5.21475767485696461989	1.99574832730185480756	1.00309828820345359190	0.25077993211756904879
0.26000000000000000888	0.99927057014171516425	0.65529160436674038781	0.34403646915032787268	5.23248667022335389731	1.99580233165740694723	1.00308828931035054488	0.26081081501067254758
0.27000000000000001776	0.99924432593183987183	0.63292326426921108329	0.36637856352775266533	5.25045373819630434298	1.99585450318148271975	1.00308112465816701153	0.27084162625725421991
0.28000000000000002665	0.99921802162441664130	0.61035655614012374048	0.38891896583572543866	5.26860055314119080094	1.99590674144908497567	1.00307266094717673077	0.28087235286672596057
0.28999999999999998002	0.99919165212624827532	0.58764974884130849464	0.41159940211893358830	5.28686865704566066881	1.99595910467121973042	1.00306433178653309213	0.29090299618459131148
0.29999999999999998890	0.99916521207681352479	0.56486113238334778597	0.43436157700595928732	5.30519962755630469786	1.99601160457610449228	1.00305607309406230598	0.30093355691553191900
0.30999999999999999778	0.99913869585173786803	0.54204885098459865134	0.45714734065374618144	5.32353524485331508487	1.99606425344917903786	1.00304782047983631621	0.31096403512033027328
0.32000000000000000666	0.99911209756976671059	0.51927073767625897549	0.47989885414950772535	5.34181765684148945894	1.99611706411595490884	1.00303950942504371824	0.32099443021458068381
0.33000000000000001554	0.99908541110325277401	0.49658415096613750528	0.50255875285743645264	5.35998954214605660695	1.99617004991823043802	1.00303107546302916475	0.33102474096921097324
0.34000000000000002442	0.99905863009196371749	0.47404581406329188153	0.52507030720787140066	5.37799427041117894532	1.99622322468338353474	1.00302245436193104844	0.34105496551283026596
0.35000000000000003331	0.99903174796013871628	0.45171165715371930371	0.54737758043867956737	5.39577605941256699396	1.99627543539290042141	1.00301423509729104033	0.35108510786380320301
0.35999999999999998668	0.99900475793645970857	0.42963666320345644811	0.56942558281211674842	5.41328012850709949788	1.99632893748534723244	1.00300509627835632287	0.36111515882658679066
0.36999999999999999556	0.99897765307672192758	0.40787471775029388033	0.59116042184578310170	5.43045284795955662815	1.99638266341157843975	1.00299558517408815561	0.37114511467832767000
0.38000000000000000444	0.99895042628874086699	0.38647846312847061734	0.61252944811284815163	5.44724188370174378093	1.99643662623656292787	1.00298564166648240814	0.38117497109499248742
0.39000000000000001332	0.99892307035907612622	0.36549915755260364847	0.63348139618484478053	5.46359633709816439051	1.99649083969766416580	1.00297520669333994903	0.39120472316192589357
0.40000000000000002220	0.99889557798111949793	0.34498653946768687018	0.65396652030974444791	5.47946687931214704292	1.99654531861875805809	1.00296422201729740209	0.40123436538209888980
0.41000000000000003109	0.99886794178396942634	0.32498869755127013370	0.67393672443867691513	5.49480587988689439527	1.99660007883041923371	1.00295263026428971287	0.41126389168474181135
0.41999999999999998446	0.99884119024185935576	0.30555247192452461569	0.69334619698388744169	5.50957571206555307697	1.99665513673067507305	1.00294037529151469634	0.42129329543765697830
0.42999999999999999334	0.99881436108240373439	0.28672183361376418764	0.71215000459129684796	5.52372475932898687745	1.99670683337914622868	1.00293072930741744564	0.43132260273073114165
0.44000000000000000222	0.99878745281680636481	0.26853920920153789842	0.73030571918948472554	5.53721122523758157996	1.99676023015553760764	1.00291824941691820605	0.44135178522490031705
0.45000000000000001110	0.99876046399096740647	0.25104491840003084757	0.74777301961207021108	5.54999546200076387947	1.99681380019156429206	1.00290504373127054016	0.45138083566221304244
0.46000000000000001998	0.99873339316773501739	0.23427707724545751566	0.76451378838561134810	5.56204006490486513314	1.99686754748954986560	1.00289107025671886397	0.46140974636478021553
0.47000000000000002887	0.99870623891242138459	0.21827150878445558679	0.78049220102869998339	5.57330995917151028607	1.99692147597976954465	1.00287628919117444148	0.47143850925669195107
0.47999999999999998224	0.99868004112341945966	0.20306195069017107802	0.79567555982642201862	5.58378244587044836322	1.99697558954532561337	1.00286066300425247277	0.48146711588673446469
0.48999999999999999112	0.99865378417913253095	0.18867914640700350626	0.81003210565433847457	5.59341766691633601738	1.99702784262124444226	1.00284698588335285940	0.49149558574556800883
0.50000000000000000000	0.99862746593971474240	0.17515158728846316749	0.82353334501896935382	5.60218796969485222093	1.99708023555347313760	1.00283067159670613577	0.50152389246153505908
0.51000000000000000888	0.99860108426321592123	0.16250519326723159019	0.83615335584556105264	5.61006829944174256752	1.99713277240103659338	1.00281343925439525577	0.51155202685407896723
0.52000000000000001776	0.99857463700675686002	0.15076326358934682981	0.84786883674507207420	5.61703624588019945207	1.99718545821465998102	1.00279526051639633621	0.52157997945924294836
0.53000000000000002665	0.99854812202836495949	0.13994643590929739529	0.85865914792091990737	5.62307208146166193075	1.99723829799151686437	1.00277610966997299258	0.53160774055594273158
0.54000000000000003553	0.99852153718897196377	0.13007265379434715391	0.86850634366664214436	5.62815879116419193195	1.99729129666858717940	1.00275596367375108287	0.54163530019268024684
0.55000000000000004441	0.99849488035424560639	0.12115714265816696082	0.87739519643411945093	5.63228209383457567583	1.99734445911653435424	1.00273480219282618009	0.55166264821460853085
0.56000000000000005329	0.99846814939626893359	0.11321239411585132251	0.88531321248021754844	5.63543045508908324592	1.99739779013444884725	1.00271260762495217911	0.56168977429085809039
0.57000000000000006217	0.99844134219497249205	0.10624815872474721590	0.89225063912739344119	5.63759509181680940060	1.99745129444535729490	1.00268936511793005373	0.57171666794203734874
0.57999999999999996003	0.99841445663911876363	0.10027144704812464282	0.89820046370102424316	5.63876996835540822417	1.99750497669264404088	1.00266506257809329128	0.58174331856781824612
0.58999999999999996891	0.99838749062711173998	0.09528653895195771106	0.90315840423341575693	5.63895178443862921114	1.99755884143753803528	1.00263969067017599812	0.59176971547451995281
0.59999999999999997780	0.99836044206733087769	0.09129500101876975027	0.90712289205030727235	5.63813995503857778857	1.99761197048964067591	1.00261375836384836191	0.60179585305815841423
0.60999999999999998668	0.99833330887820836974	0.08829571193693688813	0.91009504638162896928	5.63633658225330513858	1.99766615976935013599	1.00258625812029733559	0.61182171563936138536
0.61999999999999999556	0.99830608898793715689	0.08628489569897668243	0.91207864116294024015	5.63354641941427569662	1.99772054424721479116	1.00255767709909449081	0.62184729241035230363
0.63000000000000000444	0.99827878033388040002	0.08525616241834724218	0.91308006421802767605	5.62977682761181252857	1.99777512803053425294	1.00252801686377268631	0.63187257257898998830
0.64000000000000001332	0.99825138086170839280	0.08520055655117199367	0.91310826903631814311	5.62503772486033870592	1.99782991506969298534	1.00249728162892015604	0.64189754539527921207
0.65000000000000002220	0.99822388852427179629	0.08610661228718130555	0.91217471938081529093	5.61934152814679954702	1.99788490911071625611	1.00246547822315101861	0.65192220017751068006
0.66000000000000003109	0.99819630128028802307	0.08796041585309287425	0.91029332698340192920	5.61270308862659828009	1.99794011361909396030	1.00243261605791067481	0.66194652633808981346
0.67000000000000003997	0.99816861709281234916	0.09074567445169183511	0.90748038260423158352	5.60513962025071155182	1.99799553168784438384	1.00239870712237455486	0.67197051340931357455
0.68000000000000004885	0.99814083392763885971	0.09444379154111567920	0.90375448075084396926	5.59667062212696286849	1.99805116603728971647	1.00236376602857268914	0.68199415106959926369
0.69000000000000005773	0.99811294975158193488	0.09903394814128399504	0.89913643837001200332	5.58731779493503744050	1.99810701933616519099	1.00232781000827708695	0.69201742916968200792
0.70000000000000006661	0.99808572390160610333	0.10449367886252251825	0.89364948023208012895	5.57711058776161738848	1.99816167660663412953	1.00229161894255081044	0.70204034535910753156
0.70999999999999996447	0.99805767124459054962	0.11079700011585572050	0.88731810470743155417	5.56606369222306707201	1.99821791752854105439	1.00225372221897490732	0.71206288258129724067
0.71999999999999997335	0.99802951371333570307	0.11791746613657860809	0.88016947953512092440	5.55421041519938807340	1.99827439030262943298	1.00221487569873635159	0.72208503133828461085
0.72999999999999998224	0.99800124891701891272	0.12582629229404185267	0.87223238695483384930	5.54158030857280969883	1.99833109874019609897	1.00217510073260274162	0.73210678234561066269
0.73999999999999999112	0.99797287457718220072	0.13449295435717109615	0.86353734891905853388	5.52820463174076248691	1.99838804643673362271	1.00213442395271967733	0.74212812658513782615
0.75000000000000000000	0.99794438848091104877	0.14388529994377852184	0.85411651559693868574	5.51411624264391431183	1.99844523696654285949	1.00209287373165101265	0.75214905532245435182
0.76000000000000000888	0.99791578845580397594	0.15396966267938541617	0.84400355119042880236	5.49934948207646723262	1.99850267388511571021	1.00205048007948893662	0.76216956012324921232
0.77000000000000001776	0.99788809475887474409	0.16471143972546473111	0.83323407885377942517	5.48394704007159017323	1.99855830984716420495	1.00200964846987905510	0.77218965660794802730
0.78000000000000002665	0.99786032728196216723	0.17607382120095807498	0.82184392830348684811	5.46793915898747240334	1.99861411036780434181	1.00196679443054748049	0.78220932455225344881
0.79000000000000003553	0.99783248514432520970	0.18801930895780710751	0.80987059680682049745	5.45136391673965903237	1.99867007589669176681	1.00192324327428305963	0.79222855698499627941
0.80000000000000004441	0.99780556855476609801	0.20051008636673819940	0.79735290125940250228	5.43426909357446508153	1.99872620752068530514	1.00187903164155867053	0.80224734730141189498
0.81000000000000005329	0.99777760419286287696	0.21350531614868564767	0.78432970550633573925	5.41667747234241314658	1.99878250630544163080	1.00183419522358141407	0.81226568925364772689
0.82000000000000006217	0.99775057731627891933	0.22696620336392989148	0.77084178985923634819	5.39864698731013792354	1.99883690220520060521	1.00179148295082431908	0.82228360408315592789
0.83000000000000007105	0.99772348592241277832	0.24085114846660296561	0.75692975180371446786	5.38021023694249223013	1.99889147784538323549	1.00174657556842228168	0.83230106983884011296
0.83999999999999996891	0.99769632912783468015	0.25511873843423255037	0.74263500347875899266	5.36140901229712074638	1.99894619621686531197	1.00170117717008988478	0.84231808161054100292
0.84999999999999997780	0.99766910602962344257	0.26972715615575193482	0.72799936109246710103	5.34228546631304457293	1.99900105832482677393	1.00165532831717829509	0.85233463489371275035
0.85999999999999998668	0.99764181570466858862	0.28463430602070194375	0.71306491933213100864	5.32288198796500644505	1.99905606522102208267	1.00160906993135712106	0.86235072559302627937
0.86999999999999999556	0.99761445720982067087	0.29979793848604746609	0.69787392679758364356	5.30324107755466034320	1.99911121799663260568	1.00156244321264575881	0.87236635002515272586
0.88000000000000000444	0.99758702958233269609	0.31517577324258799765	0.68246866283522422680	5.28340522352026553676	1.99916523766163023446	1.00151616228330286873	0.88238151164798572790
0.89000000000000001332	0.99755953184029932945	0.33072562061143007117	0.66689131614198271514	5.26341678113406352679	1.99922062031531311277	1.00146895621928244680	0.89239620121017859677
0.90000000000000002220	0.99753196298298718592	0.34640550081181392672	0.65118386549782769634	5.24331785344432610430	1.99927615097082056472	1.00142150649758132630	0.90241041627515439227
0.91000000000000003109	0.99750432199111072062	0.36217376075391988222	0.63538796297323585360	5.22315017480662202587	1.99933183090600286036	1.00137385416656199411	0.91242415481682004330
0.92000000000000003997	0.99747660782691827119	0.37798918802349246171	0.61954481994465127048	5.20295499733379696039	1.99938766144848889539	1.00132603993802371534	0.92243741521620026269
0.93000000000000004885	0.99744881943402452507	0.39381112173941629218	0.60369509623674366683	5.18277298058048607743	1.99944364397772078590	1.00127810407251782721	0.93245019625692548981
0.94000000000000005773	0.99742095573709388390	0.40959955998059022209	0.58787879269521470249	5.16264408476259362146	1.99949977992804117655	1.00123008626740239713	0.94246249711959950712
0.95000000000000006661	0.99739301564120541599	0.42531526349437137613	0.57213514747772409308	5.14260746779501332071	1.99955607079115571523	1.00118202554822133266	0.95247431737508170269
0.95999999999999996447	0.99736499803100586714	0.44091985541571809826	0.55650253633389890062	5.12270138641509564792	1.99961251811960183389	1.00113396016345901351	0.96248565697671628616
0.96999999999999997335	0.99733690176956002471	0.45637591674353450433	0.54101837712782541168	5.10296310164071975635	1.99966912353012338244	1.00108592748307478892	0.97249651625154698298
0.97999999999999998224	0.99730872569697126551	0.47164707733885713470	0.52571903883851456296	5.08342878879460347008	1.99972588870735412669	1.00103796390108823466	0.98250689589055784090
0.98999999999999999112	0.99728150270876381178	0.48669843657165001716	0.51064045505096078426	5.06414171440969074212	1.99978281540805680194	1.00099010474232641421	0.99251679693798111614
1.00000000000000000000	0.99725422740957048173	0.50149565216908720267	0.49581596258476468009	5.04512757534175637630	1.99983781030886609287	1.00094481582909100581	1.00252624509627197291
1.01000000000000000888	0.99722689922953688946	0.51600600212469860395	0.48127828287650975536	5.02641879964254467694	1.99989295028631186568	1.00089836684395927513	1.01253522876471158121
1.02000000000000001776	0.99719951758002711717	0.53019812857873227507	0.46705877319728283936	5.00804641939378658577	1.99994819590436567758	1.00085215247894310231	1.02254375028950095228
1.03000000000000002665	0.99717208185248307206	0.54404210352658866068	0.45318736094308464946	4.99004000641111389314	2.00000354786609380042	1.00080620362938921275	1.03255181232579484885
1.04000000000000003553	0.99714459141773170714	0.55750948903998831518	0.43969248341298794447	4.97242761350046258428	2.00005900694562477327	1.00076054974103123563	1.04255941782320515898
1.05000000000000004441	0.99711704562558334253	0.57057339190336664458	0.42660103317232928033	4.95523572135738632483	2.00011318084304301479	1.00071596736343115808	1.05256657749683957270
1.06000000000000005329	0.99708944380468234048	0.58320851258841721609	0.41393830907802059427	4.93848919118028817365	2.00016878924183183486	1.00067102044961431240	1.06257328770133563367
1.07000000000000006217	0.99706178526255995198	0.59539118850996763932	0.40172797302272800213	4.92221122304870206676	2.00022450654186645380	1.00062644802303091218	1.07257955218156597610
1.08000000000000007105	0.99703406928598681258	0.60709943152659950893	0.38999201243459691302	4.90642332009753712185	2.00028033386221304468	1.00058227315497805243	1.08258537491311579437
1.09000000000000007994	0.99700629514146410504	0.61831295966918986551	0.37875070854921433217	4.89114525849800685364	2.00033627239614375526	1.00053851722147224557	1.09259076008533062563
1.10000000000000008882	0.99697846207597429213	0.62901322310030860496	0.36802261045094197822	4.87639506323665461451	2.00039232340992123582	1.00049519987223201056	1.10259571208405304787
1.11000000000000009770	0.99695056931785641652	0.63918342432659935870	0.35782451486143690422	4.86218898966473567214	2.00044848824049781300	1.00045233900574181973	1.11260023547411046607
1.12000000000000010658	0.99692261607792442835	0.64880853270523086707	0.34817145163429358279	4.84854151077097572653	2.00050476829307921633	1.00040995075024308214	1.12260433498161282806
1.13000000000000011546	0.99689460155076137227	0.65787529330379779235	0.33907667489645887393	4.83546531011326674587	2.00056116503783165683	1.00036804945067236972	1.13260801547611955620
1.14000000000000012434	0.99686753636115332800	0.66637254385182242977	0.33055235760134993317	4.82297878829125714617	2.00061768000643125376	1.00032664766139101076	1.14261128195273342634
1.15000000000000013323	0.99683943362593341320	0.67428995310051897949	0.32260684400025424479	4.81107631205836749899	2.00067431493038272450	1.00028575180183665339	1.15261413947075186393
1.15999999999999992006	0.99681230107888552094	0.68162019699436893205	0.31524946599800696134	4.79978014324626744980	2.00072897641485880627	1.00024826311728087802	1.16261662210192473488
1.16999999999999992895	0.99678512631382398812	0.68835679215872103143	0.30848569450481438947	4.78908831964466763509	2.00078373433263889680	1.00020952126229012435	1.17261871731454769829
1.17999999999999993783	0.99675790837128863675	0.69449530624321209604	0.30231996091152557593	4.77900465995567813593	2.00083857214947347103	1.00017133369046162805	1.18262043065145228127
1.18999999999999994671	0.99673064625261853511	0.70003302306522496856	0.29675498040203251993	4.76953126343813504917	2.00089349181240683251	1.00013370396331602308	1.19262176769108552143
1.19999999999999995559	0.99670333892212703564	0.70496891500759994997	0.29179177955775742470	4.76066853927571376204	2.00094849536685481795	1.00009663385375957567	1.20262273402962316382
1.20999999999999996447	0.99667598531009871099	0.70930361082674020512	0.28742972855251647246	4.75241524048134422742	2.00100358495061403374	1.00006012341547201316	1.21262333526377785731
1.21999999999999997335	0.99664858431605984901	0.71303935906580517834	0.28366657774261500036	4.74476850215575307601	2.00105876278727601303	1.00002417101694174306	1.22262357697394730138
1.22999999999999998224	0.99662113481231850987	0.71617998727872744791	0.28049849844636171037	4.73772388389487630889	2.00111403117909159022	0.99998877338112279745	1.23262346470775852048
1.23999999999999999112	0.99659363564771696886	0.71873085728060859267	0.27792012769743035250	4.73127541612734869858	2.00116838685592135505	0.99995447122109215599	1.24262300941996950421
1.25000000000000000000	0.99656608565147242196	0.72069881664926005449	0.27592461674716178832	4.72541565015320141896	2.00122379029008090612	0.99992019416194199977	1.25262221136158902191
1.26000000000000000888	0.99653848363713926073	0.72209214671069021918	0.27450368308302919296	4.72013571164743783726	2.00127929116367520024	0.99988645278557863882	1.26262107588944472170
1.27000000000000001776	0.99651082840663673945	0.72292050724856082855	0.27364766572322674065	4.71542535738490187214	2.00133489207321879633	0.99985323768475553585	1.27261960826629216825
1.28000000000000002665	0.99648311875419104400	0.72319487818360339570	0.27334558354117577395	4.71127303493568572179	2.00139059564917021206	0.99982053806751403080	1.28261781364696725305
1.29000000000000003553	0.99645535347025326889	0.72292749847443260602	0.27358519636864941926	4.70766594507759794652	2.00144640454717404054	0.99978834181928155633	1.29261569706516010747
1.30000000000000004441	0.99642753134528627701	0.72213180249522346266	0.27435306862186115140	4.70459010666603560935	2.00150232143991280154	0.99975663556732086157	1.30261326342083338936
1.31000000000000005329	0.99639965117331541489	0.72082235414892514846	0.27563463519181458095	4.70203042370005697137	2.00155834900851514746	0.99972540474772397801	1.31261051746831070020
1.32000000000000006217	0.99637171175526251243	0.71901477897707877229	0.27741426933782398212	4.69997075432071298451	2.00161448993506674299	0.99969463367410149601	1.32260746380505178621
1.33000000000000007105	0.99634371190197534851	0.71672569452848489124	0.27967535232187129557	4.69839398147736542199	2.00167074689526636178	0.99966430560807639782	1.33260410686113250911
1.34000000000000007994	0.99631565043692316141	0.71397263924934861734	0.28240034452114815000	4.69728208499708621559	2.00172712255194928943	0.99963440283100957195	1.34260045088944268699
1.35000000000000008882	0.99628752619845950544	0.71077400015695224589	0.28557085775666468663	4.69661621479327617834	2.00178361954938388578	0.99960490671674817609	1.35259649995661024313
1.36000000000000009770	0.99625933804167143837	0.70714893955740154574	0.28916772857733324953	4.69637676495171962898	2.00184024050803044403	0.99957579780515715129	1.36259225793466187682
1.37000000000000010658	0.99623108483975686411	0.70311732106568214373	0.29317109224130194489	4.69654344843476501126	2.00189698802094451224	0.99954705587595060745	1.37258772849342136624
1.38000000000000011546	0.99620364431683294804	0.69869987805122668600	0.29756109315375733892	4.69710150694424477535	2.00195281238778433064	0.99951919962278068521	1.38258292048964914756
1.39000000000000012434	0.99617528453487291795	0.69391718604796848169	0.30231542374308689736	4.69801741256841598471	2.00200977959902193248	0.99949114658954751889	1.39257783195554463163
1.40000000000000013323	0.99614685640351985363	0.68879099146032340961	0.30741318856347105148	4.69927524975322974399	2.00206687953741280239	0.99946339945466089461	1.40257246595009132939
1.40999999999999992006	0.99611835882974264500	0.68334321807824149886	0.31283246273187570452	4.70085275800488666675	2.00212411481743579600	0.99943593292571419884	1.41256682527934840365
1.41999999999999992895	0.99608979077760839704	0.67759611944330544464	0.31855099167071848631	4.70272736973181793019	2.00218148787638172692	0.99940872409445613567	1.42256091252029293059
1.42999999999999993783	0.99606115122954752561	0.67157220583733345798	0.32454626408055681219	4.70487628332883911497	2.00223900112821828756	0.99938174971578253025	1.43255473001745081696
1.43999999999999994671	0.99603243918450556915	0.66529417226264253582	0.33079558395796521131	4.70727653542291957223	2.00229665696392888918	0.99935498628979513303	1.44254827988034883823
1.44999999999999995559	0.99600467765891498306	0.65878521558813218917	0.33727677750933554579	4.70991210546606797749	2.00235235421892365792	0.99933127594830017948	1.45254159263983173567
1.45999999999999996447	0.99597685405838232153	0.65206783853068583934	0.34396632936513155121	4.71275291357434777950	2.00240821564007420719	0.99930592626952596813	1.46253465190252707195
1.46999999999999997335	0.99594896735432181245	0.64516487228734298309	0.35084140729966722949	4.71577592943065049269	2.00246420140764991302	0.99928072869129158651	1.47252745918943994674
1.47999999999999998224	0.99592101653621245561	0.63809905826100965509	0.35787926889945093079	4.71895823541661663114	2.00252031395827057025	0.99925565922451964340	1.48252001578168512985
1.48999999999999999112	0.99589300060851715379	0.63089298388949843766	0.36505732573108379269	4.72227709074900570130	2.00257655570320958205	0.99923069405098874363	1.49251232272219502839
1.50000000000000000000	0.99586491858919645725	0.62356902057518326377	0.37235320541008676276	4.72570999336078756414	2.00263292903080847296	0.99920580952908810701	1.50250438081748582952
1.51000000000000000888	0.99583676950826161001	0.61614926386437696149	0.37974481142011057289	4.72923473944519034973	2.00268943630862317207	0.99918098223909490585	1.51249619063987683631
1.52000000000000001776	0.99580855240617804913	0.60865547601524039312	0.38721038054340323198	4.73282948054280261374	2.00274607988523190016	0.99915618903749836566	1.52248775253025181442
1.53000000000000002665	0.99578026633225813491	0.60110903108190960609	0.39472853777508232209	4.73647277805342437063	2.00280286209179658741	0.99913140711165704388	1.53247906660136834489
1.54000000000000003553	0.99575191034291599124	0.59353086263049625870	0.40227834860540162554	4.74014365506133739103	2.00285978524398045053	0.99910661403271505687	1.54247013274169542107
1.55000000000000004441	0.99572443953414746520	0.58594178980051225825	0.40983994904579890139	4.74382981634142364413	2.00291570350497005748	0.99908238608413801884	1.55246095660253669024
1.56000000000000005329	0.99569597173390222977	0.57836097371689165758	0.41739229569098723616	4.74749523743346646398	2.00297287378795063617	0.99905752608417541794	1.56245153186337848439
1.57000000000000006217	0.99566743177111682872	0.57080811132977626876	0.42491661647297535032	4.75112856078973955221	2.00303019168443841025	0.99903259029342383890	1.57244185776631262286
1.58000000000000007105	0.99563982815453799802	0.56330227763156670573	0.43239484496614777331	4.75471967972252151924	2.00308556386237457403	0.99900975507004241560	1.58243195531701297263
1.59000000000000007994	0.99561217340424290612	0.55586114004419406864	0.43980832621182514020	4.75824219472949572207	2.00314110444404969158	0.99898567672560067976	1.59242181208426902828
1.60000000000000008882	0.99558446696706792700	0.54850205209941849116	0.44713970612504938540	4.76167882666653685675	2.00319675210418290945	0.99896148732846679064	1.60241142695755378611
1.61000000000000009770	0.99555670827529574307	0.54124164194138779660	0.45437235599392589158	4.76501303863561709306	2.00325250828314205265	0.99893716900987228335	1.61240079864765251116
1.62000000000000010658	0.99552889674428635125	0.53409578381691691362	0.46149040098696519907	4.76822906363060550206	2.00330837445752285575	0.99891270441852753059	1.62238992569183770875
1.63000000000000011546	0.99550103177188176140	0.52707957270405025874	0.46847874552392754222	4.77131192909594759044	2.00336435212746222234	0.99888807691227399221	1.63237880646096034098
1.64000000000000012434	0.99547311273825778155	0.52020730207610821338	0.47532309551163887118	4.77424747834776574962	2.00342044281596365352	0.99886327059842183740	1.64236743916694449830
1.65000000000000013323	0.99544513900606546031	0.51349244478866451491	0.48200997745713114462	4.77702238886094754378	2.00347664806804548476	0.99883827036050065740	1.65235582187054941272
1.66000000000000014211	0.99541710992074294850	0.50694763706657208768	0.48852675448095622679	4.77962418744449912822	2.00353296944950853842	0.99881306187970697597	1.66234395248934641032
1.66999999999999992895	0.99538902481100843822	0.50058466555813962984	0.49486163926348608610	4.78204126233905402188	2.00358940854573841506	0.99878763165259054624	1.67233182880587238905
1.67999999999999993783	0.99536088298955482934	0.49441445741377681999	0.50100370396696369824	4.78426287228235391780	2.00364596695989671815	0.99876196700564989772	1.68231944847592895798
1.68999999999999994671	0.99533268375375838488	0.48844707333711884223	0.50694288718509439295	4.78627915259584657548	2.00370264631137207090	0.99873605610668136912	1.69230680903699570727
1.69999999999999995559	0.99530442638657978804	0.48269170354780727150	0.51266999798114354370	4.78808111835690386471	2.00375944823359475322	0.99870988797338844378	1.70229390791672963168
1.70999999999999996447	0.99527611015732742050	0.47715666658657762689	0.51817671708365919958	4.78966066472719553815	2.00381637437259740864	0.99868345247878242965	1.71228074244151740047
1.71999999999999997335	0.99524773432261759432	0.47184941088547938115	0.52345559531715335488	4.79101056451778628542	2.00387342638479948320	0.99865674035390472607	1.72226730984505649324
1.72999999999999998224	0.99521929812713727515	0.46677651901842648341	0.52850004935235306291	4.79212446307745132401	2.00393060593550265125	0.99862974318755992620	1.73225360727693211693
1.73999999999999999112	0.99519080080442390290	0.46194371454050503489	0.53330435486767857611	4.79299687059817447476	2.00398791469736758941	0.99860245342329245766	1.74223963181116503485
1.75000000000000000000	0.99516324894036067850	0.45735634609790226657	0.53786416986073615210	4.79363036148729459995	2.00404437233617338521	0.99857537401715990022	1.75222538555133655613
1.76000000000000000888	0.99513465093101682868	0.45301751132676104650	0.54217440497684521450	4.79400688013782705355	2.00410191492191414042	0.99854749501802564371	1.76221086050151676261
1.77000000000000001776	0.99510700836297361072	0.44893136721663490230	0.54623290492823017850	4.79413779559857822221	2.00415746335173361459	0.99852192775398074254	1.77219607977905657670
1.78000000000000002665	0.99507931340986022217	0.44509984377932437782	0.55003673181871171050	4.79401372521203050781	2.00421319382276097443	0.99849448018631670188	1.78218102458091975926
1.79000000000000003553	0.99505156565498387167	0.44152455602864482120	0.55358427021776590582	4.79363330795700193221	2.00426903608628093068	0.99846672802781055722	1.79216569186119789592
1.80000000000000004441	0.99502376468679287758	0.43820634948781889140	0.55687467419058622742	4.79299595321683646887	2.00432499110759110295	0.99843866900247879581	1.80215007855122277824
1.81000000000000005329	0.99499591009671550790	0.43514532210573403370	0.55990784537969429113	4.79210181815625002599	2.00438105985242209783	0.99841030160007948613	1.81213418156722361196
1.82000000000000006217	0.99496800147772168632	0.43234084784384596567	0.56268440941657860144	4.79095178340720107002	2.00443724328345629360	0.99838162506676730867	1.82211799781789118846
1.83000000000000007105	0.99494003842280354100	0.42979160180286923865	0.56520569079349558539	4.78954742722583759473	2.00449354235573373728	0.99835263937793106148	1.83210152421167049575
1.84000000000000007994	0.99491202052339700046	0.42749558675765980675	0.56747368632699746183	4.78789099826164932239	2.00454995801346447237	0.99832334521215115863	1.84208475766379198291
1.85000000000000008882	0.99488394736757379544	0.42545016096780768899	0.56949103734554951117	4.78598538707469067788	2.00460649118887745956	0.99829374392364833568	1.85206769510302837745
1.86000000000000009770	0.99485581853817739439	0.42365206713114739179	0.57126100073413199620	4.78383409653629865232	2.00466314280405688564	0.99826383751288916280	1.86205033347815729350
1.87000000000000010658	0.99482763361089387999	0.42209746234739997650	0.57278741896868734518	4.78144121124833443304	2.00471991377394198608	0.99823362859583819606	1.87203266976411564215
1.88000000000000011546	0.99479939215216428572	0.42078194895969145417	0.57407468927250016044	4.77881136611330781250	2.00477680501135413493	0.99820312037181957443	1.88201470096783385344
1.89000000000000012434	0.99477109371721228470	0.41970060614283083433	0.57512773202596523259	4.77594971418947977781	2.00483381743180189005	0.99817231659067251481	1.89199642413374058414
1.90000000000000013323	0.99474273784792210940	0.41884802210855931470	0.57595195855920222616	4.77286189396006843566	2.00489095195977817809	0.99814122151890349866	1.90197783634892969573
1.91000000000000014211	0.99471432407090809580	0.41821832680007819949	0.57655323845558870133	4.76955399614670483288	2.00494820953412666853	0.99810983990556401135	1.91195893474798528366
1.91999999999999992895	0.99468585189563929472	0.41780522495040034459	0.57693786649155875956	4.76603253019291184245	2.00500559111379628163	0.99807817694771250316	1.92193971651746231544
1.92999999999999993783	0.99465819747703676512	0.41760249034374968824	0.57711294508822552629	4.76230967041385255811	2.00506194648893165677	0.99804682233097952171	1.93192018474077209511
1.93999999999999994671	0.99462963266109427618	0.41760215524902982720	0.57708471372323022486	4.75838225751322152490	2.00511955630370763970	0.99801462221396231023	1.94190033096291170267
1.94999999999999995559	0.99460100823052632890	0.41779730929352809632	0.57686093360096379890	4.75426298560102189583	2.00517729264825739222	0.99798216205462497719	1.95188015258345792802
1.95999999999999996447	0.99457232356497893289	0.41818029032006354129	0.57644926625821468757	4.74995970020205326989	2.00523515672539520693	0.99794944535718466128	1.96185964703702975243
1.96999999999999997335	0.99454357806200577308	0.41874317743960587368	0.57585763198153194775	4.74548049785887293694	2.00529314959491244963	0.99791647908959024704	1.97183881182792575260
1.97999999999999998224	0.99451477109494712536	0.41947782384999027228	0.57509417694638120810	4.74083369268330478974	2.00535127236569410414	0.99788327044566593749	1.98181764453238251633
1.98999999999999999112	0.99448590201280184786	0.42037588923168217603	0.57416724082126446849	4.73602778369979393602	2.00540952619354806430	0.99784982682956946398	1.99179614280067829313
2.00000000000000000000	0.99445799313826288568	0.42142930082433743832	0.57308591874804726274	4.73107772374896651257	2.00546579151571036093	0.99781885765464062299	2.00177433137722449175
2.01000000000000023093	0.99443003613590319478	0.42262897730914472660	0.57185828365208812851	4.72598610159132714870	2.00552221351698323204	0.99778603715216462877	2.01175219174874619910
2.02000000000000001776	0.99440203035015140021	0.42396618751061243557	0.57049306605326521868	4.72076178194361961715	2.00557873859141100326	0.99775302061750670291	2.02172972195492128833
2.03000000000000024869	0.99437397509832226028	0.42543213047455957776	0.56899906622303919601	4.71541369021190437394	2.00563536792738972281	0.99771981620578686911	2.03170692011697928692
2.04000000000000003553	0.99434586966869675795	0.42701796442011674682	0.56738512523051898295	4.70995078343278894550	2.00569210276919962510	0.99768643198690720730	2.04168378443684828127
2.04999999999999982236	0.99431771332092833138	0.42871483478278921142	0.56566009689981633368	4.70438202220369561246	2.00574894441993567540	0.99765287604255625808	2.05166031319727393267
2.06000000000000005329	0.99428950528722170876	0.43051390128570338200	0.56383282073995577566	4.69871634362734358348	2.00580589424221100714	0.99761915644609067133	2.06163650476173465620
2.06999999999999984013	0.99426124477384847378	0.43240636398211307334	0.56191209590391566486	4.69296263531847124284	2.00586295365765865384	0.99758528123839329549	2.07161235757411876790
2.08000000000000007105	0.99423293096305120908	0.43438348821796274324	0.55990665622794233425	4.68712971052085691781	2.00592012414535414422	0.99755125840406788651	2.08158787015815960331
2.08999999999999985789	0.99420456301530113485	0.43643662846893382934	0.55782514639677949209	4.68122628437862964290	2.00597740723895245907	0.99751709584891090632	2.09156304111664859136
2.10000000000000008882	0.99417614007181387414	0.43855725101199422022	0.55567609927462580099	4.67526095139927821975	2.00603480452327342931	0.99748280137867340045	2.10153786913043516549
2.10999999999999987566	0.99414766125732512148	0.44073695539714119462	0.55346791443616816242	4.66924216414156489918	2.00609231762965789514	0.99744838267949376132	2.11151235295722994323
2.12000000000000010658	0.99411912568298566040	0.44296749469039814473	0.55120883792648034394	4.66317821315454850151	2.00614994823076653319	0.99741384729973414647	2.12148649143022716146
2.12999999999999989342	0.99409053244951661732	0.44524079446481268363	0.54890694327319056178	4.65707720819033532678	2.00620769803429421785	0.99737920263346546701	2.13146028345656191050
2.14000000000000012434	0.99406277936239439974	0.44754952325154950810	0.54657045980227347837	4.65095535800830983675	2.00626435835321448309	0.99734507449595544148	2.14143373420152149933
2.14999999999999991118	0.99403409055300806507	0.44988489923165225770	0.54420639336187803803	4.64480386792586230627	2.00632231697927210234	0.99731024764353559675	2.15140683667795684642
2.16000000000000014211	0.99400534210230095944	0.45224001821845061233	0.54182252427003607664	4.63863840491656009846	2.00638039997776695955	0.99727533449457217429	2.16137959002290269694
2.16999999999999992895	0.99397653301140853621	0.45460766028130733529	0.53942607145846099836	4.63246619263105241515	2.00643860945612262370	0.99724033971350112271	2.17135199342003781808
2.18000000000000015987	0.99394766235815734667	0.45698085377638791860	0.53702400564875851785	4.62629420056104923020	2.00649694715114712551	0.99720526974343826065	2.18132404611747210410
2.18999999999999994671	0.99391872922740487351	0.45935288654875888747	0.53462303808066702349	4.62012913192843210908	2.00655541479048338260	0.99717013079798566544	2.19129574742545196742
2.20000000000000017764	0.99389073679058670407	0.46171785434387885294	0.53223007623789575504	4.61398612721106715640	2.00661189545858320571	0.99713756348916249284	2.20126712306034377775
2.20999999999999996447	0.99386269207300559358	0.46406904353990902079	0.52985084071044463716	4.60786265058768051972	2.00666857199616144314	0.99710334849066761809	2.21123815654525035512
2.22000000000000019540	0.99383459477637292601	0.46640057566883869056	0.52749120966801255062	4.60176455752762514351	2.00672535746837610304	0.99706909524185372007	2.22120884749766878130
2.22999999999999998224	0.99380644460727041167	0.46870686460142957364	0.52515676894641127870	4.59569740545411153931	2.00678225238454643886	0.99703480953236212070	2.23117919559299249244
2.24000000000000021316	0.99377824127778902064	0.47098262165135362789	0.52285280694403868385	4.58966644894703179602	2.00683925726023026925	0.99700049682560354380	2.24114920056124855563
2.25000000000000000000	0.99374998450659679516	0.47322285951981379881	0.52058431067833799144	4.58367663611155773395	2.00689637260405717711	0.99696616230805379377	2.25111886218432921680
2.26000000000000023093	0.99372167402003486192	0.47542289511339647090	0.51835596296906172320	4.57773260607512622045	2.00695359891513858130	0.99693181088016269431	2.26108818029313063391
2.27000000000000001776	0.99369330955294632446	0.47757835127112069351	0.51617214071200745451	4.57183868757433575780	2.00701093668158181416	0.99689744715184702706	2.27105715476464897762
2.28000000000000024869	0.99366489084924747299	0.47968515743932371720	0.51403691420473973661	4.56599889859259011615	2.00706838637903972611	0.99686307543990271274	2.28102578551904811022
2.29000000000000003553	0.99363641766226551422	0.48173954933533436051	0.51195404748325346045	4.56021694700592838956	2.00712594846991665420	0.99682869976640897658	2.29099407251671216557
2.30000000000000026645	0.99360788975477420948	0.48373806764297572203	0.50992699962647225487	4.55449623219305799182	2.00718362340339595562	0.99679432385781363557	2.30096201575529013539
2.31000000000000005329	0.99357930689875972874	0.48567755578478455369	0.50795892698383893205	4.54883984756407855343	2.00724141161553593093	0.99675995114496351857	2.31092961526673956740
2.31999999999999984013	0.99355066887491794159	0.48755515681729488797	0.50605268627950961147	4.54325058396063408139	2.00729931353015889073	0.99672558476369843561	2.32089687111437648070
2.33000000000000007105	0.99352197547196940963	0.48936830949720161454	0.50421083854548187642	4.53773093387907877627	2.00735732956018608775	0.99669122755614536491	2.33086378338993771564
2.33999999999999985789	0.99349322648562632398	0.49111474356708390010	0.50243565383488975051	4.53228309646727467452	2.00741546010931104504	0.99665688207268299248	2.34083035221066459997
2.35000000000000008882	0.99346541719134162651	0.49279294830020387019	0.50072963820719107453	4.52691855408965171392	2.00747262352528776930	0.99662310975303924909	2.35079658330819496470
2.35999999999999987566	0.99343657690633768720	0.49440026188497038229	0.49909348267779785058	4.52161998569450851448	2.00753095050115026865	0.99658880701289642712	2.36076247137832373468
2.37000000000000010658	0.99340768077128305258	0.49593573394787110464	0.49752911281700851198	4.51639813094620556910	2.00758939167875283260	0.99655452671751210136	2.37072801664549892564
2.37999999999999989342	0.99337974706778420231	0.49739862012596436358	0.49603829132796156687	4.51126396844664601105	2.00764578153232831070	0.99652297582943494270	2.38069324640379331726
2.39000000000000012434	0.99335175981734280537	0.49878754889166843078	0.49462137370128228531	4.50620848710124999315	2.00770238734097405953	0.99648977204819133568	2.39065814412427535274
2.39999999999999991118	0.99332371903368721355	0.50010186101673770320	0.49327901917894301231	4.50123226854819336040	2.00775910295668058581	0.99645659301438471722	2.40062271005441907334
2.41000000000000014211	0.99329562472731969258	0.50134113803349467098	0.49201164623912330143	4.49633565308615423817	2.00781592831530542043	0.99642343969958480088	2.41058694445141474816
2.41999999999999992895	0.99326747690260563939	0.50250519307020724558	0.49081944175792135976	4.49151874902618253316	2.00787286339783399569	0.99639031267384403634	2.42055084757815297536
2.43000000000000015987	0.99323927555592650407	0.50359406135304818353	0.48970237050554465963	4.48678144239413256855	2.00792990821267158807	0.99635721225269990864	2.43051441970068005105
2.43999999999999994671	0.99321102067421862536	0.50460799042143611448	0.48866018492951673879	4.48212340691843813545	2.00798706279807515074	0.99632413850566736713	2.44047766108573682686
2.45000000000000017764	0.99318271223372123213	0.50554743010288194505	0.48769243517855537240	4.47754411425227516474	2.00804432722407177891	0.99629109126512926942	2.45044057199838816175
2.45999999999999996447	0.99315435019892450708	0.50641302229251550227	0.48679847932202585659	4.47304284438459021089	2.00810170159386736088	0.99625807013567679871	2.46040315269974474433
2.47000000000000019540	0.99312593452170450092	0.50720559058094127902	0.48597749372119031230	4.46861869619455287506	2.00815918604448917506	0.99622507450414754526	2.47036540344478616760
2.47999999999999998224	0.99309746514061525424	0.50792612977281115239	0.48522848350995284594	4.46427059810774906623	2.00821678074695109117	0.99619210355005349822	2.48032732448028658823
2.49000000000000021316	0.99306894198039130650	0.50857579533682817363	0.48455029314433961662	4.45999731881240446540	2.00827448590585166954	0.99615915625639284148	2.49028891604285051997
2.50000000000000000000	0.99304036495164216269	0.50915589282624218459	0.48394161698169840813	4.45579747799710013112	2.00833230175851662480	0.99612623142073819515	2.50025017835705787306
2.51000000000000023093	0.99301173395069219918	0.50966786730728419474	0.48340100985212591800	4.45166955707177347534	2.00839022857408133760	0.99609332766648472912	2.51021111163372268038
2.52000000000000001776	0.99298304885955412935	0.51011329283091122466	0.48292689758667101119	4.44761190983656362619	2.00844826665205111738	0.99606044345418309760	2.52017171606826462238
2.53000000000000024869	0.99295520522609748149	0.51049442111611498252	0.48251792406573784655	4.44362803209707735164	2.00850520147711142371	0.99602821117878315160	2.53013199818005229957
2.54000000000000003553	0.99292643416505999010	0.51081194995304091133	0.48217162251213491198	4.43970569568682904560	2.00856343523948321916	0.99599537224377543421	2.54009195190249004170
2.55000000000000026645	0.99289760888612521583	0.51106832190287510009	0.48188642362460443191	4.43584803134171323791	2.00862178161446935931	0.99596254944694095901	2.55005157739695942354
2.56000000000000005329	0.99286872917207003031	0.51126552357291488171	0.48166034057861817352	4.43205298832745864246	2.00868024110031972995	0.99592973843004151124	2.56001087478125999297
2.56999999999999984013	0.99283979483580653280	0.51140561976531972999	0.48149130838491654982	4.42831843926997681393	2.00873881407835996882	0.99589693705087412035	2.56996984415176887850
2.58000000000000007105	0.99281080567866852871	0.51149074378805259311	0.48137719353685626267	4.42464218990967683709	2.00879750095837517065	0.99586414305219705945	2.57992848558229104228
2.58999999999999985789	0.99278276134851173307	0.51152372463254025536	0.48131616674839106107	4.42102799055709994036	2.00885421960669274810	0.99583389902224161983	2.58988682457251329083
2.60000000000000008882	0.99275467449854970514	0.51150618000861791668	0.48130562290608580600	4.41746761008368427071	2.00891108412215002588	0.99580214752965057201	2.59984484604780963224
2.60999999999999987566	0.99272654505152735371	0.51144039231442695037	0.48134327953453803772	4.41395871306036102766	2.00896803735182460926	0.99577041013792289004	2.60980255014918904877
2.62000000000000010658	0.99269837293634000108	0.51132867641961532446	0.48142682169299172434	4.41049893368772227831	2.00902507944261587980	0.99573868408161647636	2.61975993699000531123
2.62999999999999989342	0.99267015808087233353	0.51117337141393515143	0.48155391021957288933	4.40708588424392466720	2.00908221054981250830	0.99570696685566306705	2.62971700665856200629
2.64000000000000012434	0.99264190041139555021	0.51097683267281379660	0.48172218966511748395	4.40371716310307270703	2.00913943083217860774	0.99567525598187966995	2.63967375921838076636
2.64999999999999991118	0.99261359985267305639	0.51074142425093138620	0.48192929589971228443	4.40039036238322722738	2.00919674045140306262	0.99564354897530238375	2.64963019470813376799
2.66000000000000014211	0.99258525632814698092	0.51046951161279574549	0.48217286338228831921	4.39710307523569188248	2.00925413957163057077	0.99561184334098984383	2.65958631314154381187
2.66999999999999992895	0.99255686976004575683	0.51016345470720136923	0.48245053208626847985	4.39385290277618700827	2.00931162835919785437	0.99558013657758315240	2.66954211450731948574
2.68000000000000015987	0.99252844006928131471	0.50982560139075050465	0.48275995407596278275	4.39063746065491766757	2.00936920698305643285	0.99554842618254701936	2.67949759876914495038
2.68999999999999994671	0.99249996717522770417	0.50945828120395753036	0.48309879973021524480	4.38745438526370712395	2.00942687561508126493	0.99551670965786454026	2.68945276586572346034
2.70000000000000017764	0.99247145099529821000	0.50906379950200353335	0.48346476361126761168	4.38430133957916723375	2.00948463443126668082	0.99548498451537936749	2.69940761571087728399
2.70999999999999996447	0.99244289144427311200	0.50864443194059560938	0.48385556997818385261	4.38117601864102290676	2.00954248361294851577	0.99545324828194281519	2.70936214819369691753
2.72000000000000019540	0.99241428843346257693	0.50820241931628029608	0.48426897794571993616	4.37807615466800736925	2.00960042334889044113	0.99542149850388395027	2.71931636317873559605
2.72999999999999998224	0.99238564186969713266	0.50773996275906685405	0.48470278629069030174	4.37499952181363660486	2.00965845383714825090	0.99538973275124398299	2.72927026050624821352
2.74000000000000021316	0.99235695165406734297	0.50725921927415584811	0.48515483790898589200	4.37194394056491209000	2.00971657528819269700	0.99535794862123017079	2.73922383999246044084
2.75000000000000000000	0.99232821768058432355	0.50676229762846036753	0.48562302392769185477	4.36890728179011489374	2.00977478792739594482	0.99532614374152461600	2.74917710142987559152
2.76000000000000023093	0.99229943983459301116	0.50625125457657182970	0.48610528747755971102	4.36588747044048197665	2.00983309199860604721	0.99529431577290039534	2.75913004458760457993
2.77000000000000001776	0.99227154554447305479	0.50572857459986142459	0.48660007155896645159	4.36289189533329935244	2.00989034610126005020	0.99526304677124277642	2.76908267505531702213
2.78000000000000024869	0.99224269489663008414	0.50519526355573485255	0.48710453029502992495	4.35989989719348791652	2.00994880676094966887	0.99523117644763359202	2.77903498681979321816
2.79000000000000003553	0.99221380034542172588	0.50465365707718090604	0.48761724055963012736	4.35691887462273275133	2.01000735968444477209	0.99519927899418980655	2.78898697960973507293
2.80000000000000026645	0.99218486161685237601	0.50410557242156273094	0.48813638482138854702	4.35394699936244133909	2.01006600552208869459	0.99516734930267380932	2.79893865310276179770
2.81000000000000005329	0.99215587854155540271	0.50355276090205669526	0.48866021159776173999	4.35098251176167316601	2.01012474463033585792	0.99513538529927725307	2.80889000695575452582
2.81999999999999984013	0.99212685092924446373	0.50299690591807588724	0.48918703729902995869	4.34802372144470528070	2.01018357741374353864	0.99510338489640670634	2.81884104080471864506
2.83000000000000007105	0.99209777856788916583	0.50243962133929953584	0.48971524784347381098	4.34506900891753389260	2.01024250431833362285	0.99507134604975810976	2.82879175426521634051
2.83999999999999985789	0.99206966735240420530	0.50188312696755732478	0.49024362938206972329	4.34212668621762531984	2.01029942207767220452	0.99504192707448557709	2.83874217353596103308
2.85000000000000008882	0.99204151045262534137	0.50132825562247729234	0.49077034220707044243	4.33918534016069212811	2.01035650034870094771	0.99501081598445184628	2.84869228169580557264
2.85999999999999987566	0.99201330816680977076	0.50077640284672819693	0.49129399107409721381	4.33624357955215611327	2.01041367361056666496	0.99497966223260358998	2.85864207831813166294
2.87000000000000010658	0.99198506076154802091	0.50022889049095708991	0.49181325439909928665	4.33330008763456397958	2.01047094131064740807	0.99494846430724037667	2.86859156296120421104
2.87999999999999989342	0.99195676846516200875	0.49968696637279169659	0.49232688459279333459	4.33035362249960176229	2.01052830300976026479	0.99491722086743006326	2.87854073516987840620
2.89000000000000012434	0.99192843146615006233	0.49915180415935256342	0.49283370817656174667	4.32740301717334752141	2.01058575835330710646	0.99488593065207697741	2.88848959447639908049
2.89999999999999991118	0.99190004991247071597	0.49862450345838676968	0.49333262569062275027	4.32444717946361656402	2.01064330706990235242	0.99485459244934260070	2.89843814040089231554
2.91000000000000014211	0.99187162391143079976	0.49810609010641965222	0.49382261140576738656	4.32148509160280802632	2.01070094897123574640	0.99482320508905797141	2.90838637245178288637
2.91999999999999992895	0.99184315352991969661	0.49759751664255014170	0.49430271284979226953	4.31851580970398618575	2.01075868395122414611	0.99479176744089303774	2.91833429012619172127
2.93000000000000015987	0.99181463879522635541	0.49709966295705948491	0.49477205015970532331	4.31553846304517563226	2.01081651198440081174	0.99476027841437275612	2.92828189291033558206
2.93999999999999994671	0.99178607969602061711	0.49661333710376587280	0.49522981527035014881	4.31255225319204793522	2.01087443312387348371	0.99472873695957353402	2.93822918027993118528
2.95000000000000017764	0.99175747618381182580	0.49613927626563281148	0.49567527095027874573	4.30955645297182776687	2.01093244749847688269	0.99469714206831971737	2.94817615170061442242
2.95999999999999996447	0.99172882817473173578	0.49567814786303238117	0.49610774969523985245	4.30655040530808275179	2.01099055530905923561	0.99466549277559834774	2.95812280662837023826
2.97000000000000019540	0.99170013555153457840	0.49523055079449851412	0.49652665248945287990	4.30353352192691129829	2.01104875682457029384	0.99463378816111336356	2.96806914450998116095
2.97999999999999998224	0.99167139816595006874	0.49479701679996790364	0.49693144744469935903	4.30050528194461367804	2.01110705237721898442	0.99460202735099367821	2.97801516478349093120
2.99000000000000021316	0.99164261584128277072	0.49437801193679131728	0.49732166832692265013	4.29746523034659944074	2.01116544235730776435	0.99457020951954455690	2.98796086687868633902
3.00000000000000000000	0.99161465708618934389	0.49397422522476713835	0.49769749467495716377	4.29441858475046256416	2.01122266317209508202	0.99453899012558244497	2.99790625677994215792
3.01000000000000023093	0.99158579782861699936	0.49358541809233191788	0.49805744088910486322	4.29135391131037824408	2.01128120147789291039	0.99450707603653598632	3.00785132754030737345
3.02000000000000001776	0.99155689302396587959	0.49321216072530449370	0.49840179178814497662	4.28827644171220256908	2.01133983534816973560	0.99447510375237946345	3.01779607857783105374
3.03000000000000024869	0.99152794236391883498	0.49285467317048936575	0.49873032701694247626	4.28518596618442426660	2.01139856544351403045	0.99444307175876356375	3.02774050929541882482
3.04000000000000003553	0.99149894556950080027	0.49251311856118379362	0.49904288316319983521	4.28208233252609993258	2.01145739234222720171	0.99441097953048529501	3.03768461909072362559
3.05000000000000026645	0.99146990235005383330	0.49218760507073194832	0.49933935176290406011	4.27896544366133380066	2.01151631665122065939	0.99437882656738074694	3.04762840735639750633
3.06000000000000005329	0.99144081240803250132	0.49187818793157389585	0.49961967728605249928	4.27583525551647891660	2.01157533899271268041	0.99434661242870614473	3.05757187348068448784
3.07000000000000028422	0.99141167544242281284	0.49158487149974894326	0.49988385507557336895	4.27269177488637641460	2.01163445999731216318	0.99431433673409919116	3.06751501684802541092
3.08000000000000007105	0.99138249115178589399	0.49130761135891082292	0.50013192924635896386	4.26953505728293603028	2.01169368029759532135	0.99428199916425907823	3.07745783683966811495
3.08999999999999985789	0.99135325923723249808	0.49104631645774776683	0.50036399055080793552	4.26636520476340130870	2.01175300052224725889	0.99424959946136193256	3.08740033283428161326
3.10000000000000008882	0.99132397940518912627	0.49080085127472877771	0.50058017421686518134	4.26318236373898429292	2.01181242129024839826	0.99421713742931983049	3.09734250420857470942
3.10999999999999987566	0.99129465137001548936	0.49057103800436097085	0.50078065776436808676	4.25998672276642764700	2.01187194320540596593	0.99418461293379467580	3.10728435033791283715
3.12000000000000010658	0.99126628375362491052	0.49035693075508057781	0.50096639576483736889	4.25678527406466766791	2.01192945733147876552	0.99415475652516904770	3.11722589790316462199
3.12999999999999989342	0.99123787134891305772	0.49015800172053997086	0.50113691075966326771	4.25357155609782644490	2.01198712661347922648	0.99412313172568111952	3.12716712922042150424
3.14000000000000012434	0.99120941383866678631	0.48997396199590392829	0.50129249133645881198	4.25034586697106675501	2.01204489055802371311	0.99409144784128444794	3.13710804369883433651
3.14999999999999991118	0.99118091092860949320	0.48980448932770559445	0.50143345945439243838	4.24710853796074161437	2.01210274978679848346	0.99405970515031372159	3.14704864075033752258
3.16000000000000014211	0.99115236233707859625	0.48964923029885565331	0.50156016824887439398	4.24385993120062554596	2.01216070490122156400	0.99402790374933225337	3.15698891978783091616
3.16999999999999992895	0.99112376779450406250	0.48950780251914860486	0.50167299984052515782	4.24060043744992309911	2.01221875647692227673	0.99399604377302641645	3.16692888022556129357
3.18000000000000015987	0.99109613972239263280	0.48938034442920391731	0.50177282826849378683	4.23733916133453458741	2.01227690506374923274	0.99396412540066692021	3.17686852147956777515
3.18999999999999994671	0.99106747533880423795	0.48926532196797500873	0.50185918469663204355	4.23405938623244271213	2.01233515101562909777	0.99393214617808378630	3.18680784294134866741
3.20000000000000017764	0.99103978601928566228	0.48916334884926643278	0.50193346690243156871	4.23077884867562126203	2.01239135773968058629	0.99390277064947074592	3.19674687064784324164
3.20999999999999996447	0.99101205889453469755	0.48907340013288452818	0.50199568689849949354	4.22748933739767274176	2.01244770739093814527	0.99387172939250989501	3.20668558794176838944
3.22000000000000019540	0.99098429386926012441	0.48899498091841447911	0.50204633948995081028	4.22419135588301219997	2.01250413720026211095	0.99384064042811448569	3.21662399434604973081
3.22999999999999998224	0.99095649085816006618	0.48892758049448659108	0.50208593530284983952	4.22088542277471923114	2.01256064733311879067	0.99380950425360103928	3.22656208938858579671
3.24000000000000021316	0.99092864978465344805	0.48887067439708542516	0.50211499872461917704	4.21757206987421007227	2.01261723795609759335	0.99377832134774091166	3.23649987260206328799
3.25000000000000000000	0.99090077058016312606	0.48882372643281007951	0.50213406588008657749	4.21425184012518094789	2.01267390922010358523	0.99374709222781676399	3.24643734352434165658
3.26000000000000023093	0.99087285318359774600	0.48878619066557332795	0.50214368264425013333	4.21092528562247370161	2.01273066126095212525	0.99371581743572412471	3.25637450169869868688
3.27000000000000001776	0.99084489754082705204	0.48875751336450368179	0.50214440269383286974	4.20759296565714002725	2.01278749420044711371	0.99368449753216303577	3.26631134667402012184
3.28000000000000024869	0.99081690360422036701	0.48873713491085485350	0.50213678559995877926	4.20425544480348900578	2.01284440814698273314	0.99365313309303715528	3.27624787800495065326
3.29000000000000003553	0.99078887133221982264	0.48872449166164877443	0.50212139496403729311	4.20091329105086686013	2.01290038556863093433	0.99362225637006396095	3.28618410056865117852
3.30000000000000026645	0.99076080068898764175	0.48871901776789516969	0.50209879659922707074	4.19756707398341344373	2.01295742627837892513	0.99359082231890505366	3.29612000879184030566
3.31000000000000005329	0.99073269164400157294	0.48872014694521120903	0.50206955675938125250	4.19421736300929914876	2.01301454834804882665	0.99355934546096691395	3.30605560224644978717
3.32000000000000028422	0.99070454417175068951	0.48872731419480835990	0.50203424041778199616	4.19086472564260414941	2.01307175185886055857	0.99352782639659376063	3.31599088051041590575
3.33000000000000007105	0.99067635825150313078	0.48873995747281961943	0.50199340959755744951	4.18750972583923442016	2.01312903688050770512	0.99349626572889504494	3.32592584316770478736
3.33999999999999985789	0.99064813386705075082	0.48875751930590588534	0.50194762175583829134	4.18415292238922464918	2.01318640347205990437	0.99346466406147848627	3.33586048980831950672
3.35000000000000008882	0.99061987100658854821	0.48877944835129127910	0.50189742822359417751	4.18079486736724792451	2.01324385168226394072	0.99343302199645777684	3.34579482002828410003
3.35999999999999987566	0.99059156966264438893	0.48880520089929313521	0.50184337270304146816	4.17743610464345049849	2.01330138155028448566	0.99340134013245695588	3.35572883342960848196
3.37000000000000010658	0.99056322983205502553	0.48883424231645133951	0.50178598982447064625	4.17407716845584886300	2.01335899310569255150	0.99336961906294063418	3.36566252962023781947
3.37999999999999989342	0.99053485151603626324	0.48886604842756237188	0.50172580376430331306	4.17071858204674938975	2.01341668636863602160	0.99333785937463692228	3.37559590821398414207
3.39000000000000012434	0.99050643472035782011	0.48890010683481099907	0.50166332692612014554	4.16736085636423769785	2.01347446134971042042	0.99330606164615153908	3.38552896883044551757
3.39999999999999991118	0.99047797945557825017	0.48893591817235965147	0.50159905868632737036	4.16400448883076812479	2.01353231804943222372	0.99327422644683671660	3.39546171109491368156
3.41000000000000014211	0.99044948573734958863	0.48897299729471166430	0.50153348420606447267	4.16064996217971660997	2.01359025645795197690	0.99324235433567731324	3.40539413463827056461
3.41999999999999992895	0.99042095358673676309	0.48901087439737606077	0.50146707331089868109	4.15729774336164314974	2.01364827655430289610	0.99321044586043027991	3.41532623909687504948
3.43000000000000015987	0.99039238303072962832	0.48904909606836627356	0.50140027943979581515	4.15394828252173820005	2.01370637830544119140	0.99317850155695541758	3.42525802411244439938
3.43999999999999994671	0.99036377410264153642	0.48908722626908557318	0.50133353866468155502	4.15060201204877188275	2.01376456166554929084	0.99314652194850916445	3.43518948933192946882
3.45000000000000017764	0.99033512684267710480	0.48912484724337729203	0.50126726878190741576	4.14725934569757814785	2.01382282657467914788	0.99311450754539576380	3.44512063440738325326
3.45999999999999996447	0.99030644129838851786	0.48916156035349667164	0.50120186847678582787	4.14392067778489359142	2.01388117295796043038	0.99308245884443757667	3.45505145899582766233
3.47000000000000019540	0.99027771752526760896	0.48919698684194812266	0.50113771656229377793	4.14058638246036547770	2.01393960072427713470	0.99305037632875148290	3.46498196275911496400
3.47999999999999998224	0.99024895558718839528	0.48923076851817670629	0.50107517129287149071	4.13725681305257886322	2.01399810976515425409	0.99301826046748720156	3.47491214536378967281
3.49000000000000021316	0.99022015555689357758	0.48926256836927606297	0.50101456975417157924	4.13393230149102119952	2.01405669995386604754	0.99298611171552941812	3.48484200648094510910
3.50000000000000000000	0.99019131751635702798	0.48929207109395922437	0.50095622732946076816	4.13061315780420645893	2.01411537114432448448	0.99295393051333968870	3.49477154578607862589
3.51000000000000023093	0.99016244155715527064	0.48931898355921221722	0.50090043724332866670	4.12729966969440198454	2.01417412317024613344	0.99292171728674694098	3.50470076295894594764
3.52000000000000001776	0.99013352778059271486	0.48934303517913468884	0.50084747018299258237	4.12399210218883816026	2.01423295584477335396	0.99288947244655434421	3.51462965768341151218
3.53000000000000024869	0.99010457629785875167	0.48936397821570615241	0.50079757399766566817	4.12069069736760429379	2.01429186895991696460	0.99285719638832858891	3.52455822964729481583
3.54000000000000003553	0.99007558722990063327	0.48938158800125697301	0.50075097347597241626	4.11739567416783369680	2.01435086228652160401	0.99282488949192915229	3.53448647854221409403
3.55000000000000026645	0.99004748154032395924	0.48939592147209548534	0.50070853269820547737	4.11411622812352195666	2.01440867900627562648	0.99279318613991907050	3.54441441040361349124
3.56000000000000005329	0.99001843181276472095	0.48940630241706856163	0.50066910035400191692	4.11083467269245783626	2.01446780947853598676	0.99276082694938827533	3.55434201867310717304
3.57000000000000028422	0.98998934483655776084	0.48941281743631070977	0.50063349668473722254	4.10756001061282738362	2.01452701893102181785	0.99272844096888135379	3.56426930308279610315
3.58000000000000007105	0.98996022063713973171	0.48941533460352465434	0.50060185364214149217	4.10429236753578763341	2.01458630742141009407	0.99269602547049018426	3.57419626333750084513
3.58999999999999985789	0.98993105938082737172	0.48941374508205026661	0.50057428022921135469	4.10103184707125301145	2.01464567459155929896	0.99266358083261485579	3.58412289914582693484
3.60000000000000008882	0.98990186124003953783	0.48940796282407178497	0.50055086266618620261	4.09777852985565615995	2.01470512008281144034	0.99263110733767057070	3.59404921021920342739
3.60999999999999987566	0.98987262639299333777	0.48939792424423295136	0.50053166471665178072	4.09453247399180231270	2.01476464352511142053	0.99259860524594767384	3.60397519627166307288
3.62000000000000010658	0.98984335502232156934	0.48938358782629504118	0.50051672807948899280	4.09129371550544451708	2.01482424453980257795	0.99256607479453995424	3.61390085701960828146
3.62999999999999989342	0.98981504864278180289	0.48936537261313600711	0.50050663528420991089	4.08807192618579584575	2.01488181311390857076	0.99253619388847658112	3.62382621895849288407
3.64000000000000012434	0.98978670436322180315	0.48934288513999807391	0.50050077684670879474	4.08485737945531734994	2.01493953267536829443	0.99250461081326957213	3.63375126506662571302
3.64999999999999991118	0.98975832253995676968	0.48931614781822679872	0.50049913071197693615	4.08165004924662255803	2.01499733154345506136	0.99247299896512408690	3.64367599505627692835
3.66000000000000014211	0.98972990353556600240	0.48928520243027667780	0.50050165546015668028	4.07844989003664437632	2.01505520894109890762	0.99244135847955639029	3.65360040864107249448
3.66999999999999992895	0.98970144771069590295	0.48925010939708474256	0.50050829103098026795	4.07525683767045876493	2.01511316413203234177	0.99240968958105768571	3.66352450553688324675
3.68000000000000015987	0.98967295542123590035	0.48921094699787281979	0.50051895950113600708	4.07207081017546457247	2.01517119639537956033	0.99237799250380731575	3.67344828546192125884
3.68999999999999994671	0.98964442701630050969	0.48916781053955094016	0.50053356591284592358	4.06889170860481552694	2.01522930502757402493	0.99234626746383525209	3.68337174813655954253
3.70000000000000017764	0.98961586283629843219	0.48912081147770025691	0.50055199915096160179	4.06571941792017543804	2.01528748934561230399	0.99231451465109865584	3.69329489328307047913
3.70999999999999996447	0.98958726321125722869	0.48907007649238565250	0.50057413286546503794	4.06255380791633058379	2.01534574869036564593	0.99228273422642621071	3.70321772062533494108
3.72000000000000019540	0.98955862845920083970	0.48901574652234519602	0.50059982643565226201	4.05939473418507912328	2.01540408242997504118	0.99225092631999156634	3.71314022988853498219
3.72999999999999998224	0.98952995888452988105	0.48895797576131405648	0.50062892597221431146	4.05624203911558556257	2.01546248996306953671	0.99221909103053507195	3.72306242079884031071
3.74000000000000021316	0.98950125477658967821	0.48889693062061273521	0.50066126535319033231	4.05309555292753120881	2.01552097072162217373	0.99218722842499151859	3.73298429308309032137
3.75000000000000000000	0.98947251640829925190	0.48883278866213936142	0.50069666728961337299	4.04995509473363846098	2.01557952417394137257	0.99215533853832227340	3.74290584646847346306
3.76000000000000023093	0.98944374403485413350	0.48876573750607094082	0.50073494441652344200	4.04682047362648766864	2.01563814982700684197	0.99212342137363318528	3.75282708068220971498
3.77000000000000001776	0.98941493789258472269	0.48869597371778911166	0.50077590040488040302	4.04369148978646020254	2.01569684722898267992	0.99209147690241694661	3.76274799545123395106
3.78000000000000024869	0.98938609819791800692	0.48862370167856716829	0.50081933108984677538	4.04056793560543692223	2.01575561597110741729	0.99205950506508766562	3.77266859050188463343
3.79000000000000003553	0.98935722514657020721	0.48854913244472164546	0.50086502561084000895	4.03744959682287074543	2.01581445568924433331	0.99202750577172260638	3.78258886555960183173
3.80000000000000026645	0.98932831891274741754	0.48847248259980707852	0.50091276755851532609	4.03433625366822745661	2.01587336606544598183	0.99199547890287287366	3.79250882034863057157
3.81000000000000005329	0.98929937964865055644	0.48839397310475485270	0.50096233612415386194	4.03122768200668524230	2.01593234682878241770	0.99196342431071971024	3.80242845459173794964
3.82000000000000028422	0.98927040748408379134	0.48831382815058943514	0.50101350724654025726	4.02812365448248499433	2.01599139775596380986	0.99193134182036446500	3.81234776800994179524
3.83000000000000007105	0.98924140252628300907	0.48823227401852331564	0.50106605475170484798	4.02502394165574362006	2.01605051867152695877	0.99189923123134127181	3.82226676032225531898
3.83999999999999985789	0.98921336742120247187	0.48815001215582559668	0.50112027989603658007	4.02193394546382876342	2.01610970944767364799	0.99186709231927516761	3.83218543124544819278
3.85000000000000008882	0.98918431256686500941	0.48806632002095962086	0.50117491550459547511	4.01884227373008773299	2.01616897000866179823	0.99183492462721412064	3.84210378049172041059
3.85999999999999987566	0.98915623680655739847	0.48798235848523885405	0.50123079966438077726	4.01575994613692888180	2.01622617754281741043	0.99180536159160603837	3.85202183410763643323
3.87000000000000010658	0.98912813753914785586	0.48789787785564436851	0.50128717940958578136	4.01268109429299624225	2.01628349622858804580	0.99177417752012608787	3.86193957588283787175
3.87999999999999989342	0.98910001473326036869	0.48781309846253623208	0.50134383437847118703	4.00960549449697811752	2.01634086601844364495	0.99174297284893819793	3.87185700561132728481
3.89000000000000012434	0.98907186832606264204	0.48772823646842106138	0.50140054834569747211	4.00653292719207065886	2.01639828706472856723	0.99171174737747447292	3.88177412308510216832
3.89999999999999991118	0.98904369822200233209	0.48764350290439922864	0.50145711018460437103	4.00346317787786265541	2.01645448848981967416	0.99168115111332633127	3.89169093459623560705
3.91000000000000014211	0.98901550429345563842	0.48755910274989910924	0.50151331478812966047	4.00039603801800858207	2.01651198519688668043	0.99164989643526957330	3.90160743356058814513
3.91999999999999992895	0.98898728638179911332	0.48747523405713977240	0.50156896394542149764	3.99733130591292740164	2.01656953376251824039	0.99161861986275190439	3.91152361975921580850
3.93000000000000015987	0.98895904429887560028	0.48739208712332332540	0.50162386717112317225	3.99426878752955794027	2.01662713455783482175	0.99158732095646917593	3.92143949296878036037
3.93999999999999994671	0.98893077782870197900	0.48730984371342012107	0.50167784248424662774	3.99120829728277515258	2.01668478801312733850	0.99155599926023652024	3.93135505296138276776
3.95000000000000017764	0.98890248672932989926	0.48722867633637134688	0.50173071713390315907	3.98814965876547944390	2.01674249461403842787	0.99152465430436942384	3.94127029950442642203
3.95999999999999996447	0.98887417073502215104	0.48714874757718312770	0.50178232826933344413	3.98509270542393112535	2.01680025489752612344	0.99149328560887561856	3.95118523236051499836
3.97000000000000019540	0.98884582955844280150	0.48707020948713530828	0.50183252355190233196	3.98203728117582178569	2.01685806944740342317	0.99146189268666662375	3.96109985128738184557
3.97999999999999998224	0.98881746289302818731	0.48699320303415993827	0.50188116170709506925	3.97898324096898781121	2.01691593888944220581	0.99143047504679970849	3.97101415603785001807
3.99000000000000021316	0.98878907041551111767	0.48691785761505196328	0.50192811301483308828	3.97593045127906430380	2.01697386388651311862	0.99139903219760716624	3.98092814635982605864
4.00000000000000000000	0.98876065178836725078	0.48684429063087880651	0.50197325973650330777	3.97287879054359294173	2.01703184513352962171	0.99136756364974276678	3.99084182199632353516
4.00999999999999978684	0.98873220666246564026	0.48677260712680564536	0.50201649647779256203	3.96982814953246476719	2.01708988335194616681	0.99133606891932901650	4.00075518268551721945
4.02000000000000046185	0.98870373467960881442	0.48670289949706574406	0.50205773048624735555	3.96677843165264443215	2.01714797928473243971	0.99130454753074637164	4.01066822816082435565
4.03000000000000024869	0.98867523547511604320	0.48663524725568041429	0.50209688188314660628	3.96372955318709596639	2.01720613369097412360	0.99127299901950560734	4.02058095815101967929
4.04000000000000003553	0.98864670868032000772	0.48656971687313604891	0.50213388382931412046	3.96068144346718176152	2.01726434734062731735	0.99124142293486106059	4.03049337238036819997
4.04999999999999982236	0.98861815392507590428	0.48650636167903044127	0.50216868262498381981	3.95763404497880033617	2.01732262100954695683	0.99120981884224923508	4.04040547056879084664
4.06000000000000049738	0.98858957084011001015	0.48644522183030747264	0.50220123774391889349	3.95458731340199021176	2.01738095547442775057	0.99117818632560183989	4.05031725243204654419
4.07000000000000028422	0.98856095905932850343	0.48638632434449208253	0.50223152180247621068	3.95154121758495646688	2.01743935150803999079	0.99114652498944344483	4.06022871768194093534
4.08000000000000007105	0.98853231822191034439	0.48632968319706598725	0.50225952046434285680	3.94849573945288989663	2.01749780987479798711	0.99111483446069914560	4.07013986602654753710
4.08999999999999985789	0.98850364797444933984	0.48627529948185060915	0.50228523228225874231	3.94545087385338444363	2.01755633132641154504	0.99108311439040175372	4.08005069717045198985
4.09999999999999964473	0.98847494797277446477	0.48622316163291923186	0.50230866847796495911	3.94240662833900135098	2.01761491659786385000	0.99105136445510977339	4.08996121081500341177
4.11000000000000031974	0.98844621788373288052	0.48617324570644016024	0.50232985266211815922	3.93936302288921424974	2.01767356640365225218	0.99101958435813952697	4.09987140665858440514
4.12000000000000010658	0.98841745738672759369	0.48612551572048828818	0.50234882049603590826	3.93632008957331258614	2.01773228143459215644	0.99098777383046354750	4.10978128439688905615
4.12999999999999989342	0.98838866617526177638	0.48607992405074101905	0.50236561929751721856	3.93327787215710422686	2.01779106235447258655	0.99095593263159065245	4.11969084372320537568
4.13999999999999968026	0.98835984395814469039	0.48603641187957230541	0.50238030759298635264	3.93023642565483077860	2.01784990979738765304	0.99092406055005100018	4.12960008432870573358
4.15000000000000035527	0.98833199495522372491	0.48599536081953326194	0.50239350804752580526	3.92720486466038432027	2.01790882436518792531	0.99089215740379399389	4.13950900590274351032
4.16000000000000014211	0.98830312682893883824	0.48595577597966715944	0.50240422309988375105	3.92416536355062239849	2.01796780668422526261	0.99086022072430013363	4.14941760810998694353
4.16999999999999992895	0.98827523648366844000	0.48591844721027049880	0.50241365991905440058	3.92113598887050596176	2.01802472942836352843	0.99083091238518250510	4.15932591723383904281
4.17999999999999971578	0.98824731918961594701	0.48588282520041858881	0.50242136302834561334	3.91810779910601691967	2.01808177676421429680	0.99079994449915698151	4.16923391667883080913
4.19000000000000039080	0.98821937478671928456	0.48584880488574389013	0.50242743733205519341	3.91508089664813008213	2.01813888266363727908	0.99076895040727308572	4.17914160618290342342
4.20000000000000017764	0.98819140312311148922	0.48581627407385169493	0.50243199487070433484	3.91205539085026021695	2.01819604741935343384	0.99073793013504873883	4.18904898548425386196
4.20999999999999996447	0.98816340405376634770	0.48578511417277286943	0.50243515409122341264	3.90903139733912441400	2.01825327133406418056	0.99070688366342629649	4.19895605432088814268
4.21999999999999975131	0.98813537744026436194	0.48575520094600777021	0.50243703909168735411	3.90600903727014037159	2.01831055469901254895	0.99067581099752977103	4.20886281243086379789
4.23000000000000042633	0.98810732315077265397	0.48572640528840593799	0.50243777884540741230	3.90298843655463034708	2.01836789779249103916	0.99064471215773264312	4.21876925955244086452
4.24000000000000021316	0.98807924106018674149	0.48569859401855369763	0.50243750640868223289	3.89996972506910166700	2.01842530087935534411	0.99061358717684311337	4.22867539542420889376
4.25000000000000000000	0.98805113105029640508	0.48567163068348845334	0.50243635811625730891	3.89695303585238495003	2.01848276421046390894	0.99058243609874430113	4.23858121978519619688
4.25999999999999978684	0.98802299301009444132	0.48564537637168769812	0.50243447276864727780	3.89393850429564158944	2.01854028802195006875	0.99055125897760554210	4.24848673237497198585
4.27000000000000046185	0.98799482683613326639	0.48561969053016079689	0.50243199081538203465	3.89092626732935276124	2.01859787253458433653	0.99052005587725366897	4.25839193293374496108
4.28000000000000024869	0.98796663243288074252	0.48559443178163785859	0.50242905353819700132	3.88791646261132450846	2.01865551795295683490	0.99048882687066752695	4.26829682120245124111
4.29000000000000003553	0.98793840971322033351	0.48556945873778517564	0.50242580223830457520	3.88490922772027547083	2.01871322446441459064	0.99045757203962847548	4.27820139692284762134
4.29999999999999982236	0.98791015859893882567	0.48554463080447785028	0.50242237743161255459	3.88190469935834503445	2.01877002997680410346	0.99042678349866886123	4.28810566475783438989
4.31000000000000049738	0.98788187902125101925	0.48551980897520130576	0.50241891805584038000	3.87890301256648584172	2.01882783101175800056	0.99039549163092932549	4.29800961967414352216
4.32000000000000028422	0.98785357092136327761	0.48549485660877039761	0.50241556069339099455	3.87590429995698837473	2.01888569316098598350	0.99036417435630508255	4.30791326141770625213
4.33000000000000007105	0.98782523425112045423	0.48546964018766125548	0.50241243881361441481	3.87290869096619738698	2.01894361664447341553	0.99033283174500530421	4.31781658973515636291
4.33999999999999985789	0.98779686897356477893	0.48544403005330544199	0.50240968203812763626	3.86991631113106304696	2.01900160164277586716	0.99030146388291873105	4.32771960437398561794
4.35000000000000053291	0.98776847506361664664	0.48541790111496574411	0.50240741543258415902	3.86692728139315500258	2.01905964829755690815	0.99027007086952567594	4.33762230508268054052
4.36000000000000031974	0.98774005250866003802	0.48539113352880353114	0.50240575882820626141	3.86394171743278347364	2.01911775671256821241	0.99023865281631351376	4.34752469161084409421
4.37000000000000010658	0.98771160130919788411	0.48536361334403260726	0.50240482617628212658	3.86095972903679252042	2.01917592695459902075	0.99020720984562249356	4.35742676370930048790
4.37999999999999989342	0.98768312147943848611	0.48533523311323767402	0.50240472493843679747	3.85798141950254924737	2.01923415905424663563	0.99017574208976422145	4.36732852113019820450
4.38999999999999968026	0.98765461304790780339	0.48530589246400884784	0.50240555551560783787	3.85500688508077615779	2.01929245300615400893	0.99014424969050740533	4.37722996362710325968
4.40000000000000035527	0.98762607605794960897	0.48527549862934887814	0.50240741071813810326	3.85203621445955812774	2.01935080876914740955	0.99011273279857803242	4.38713109095508890789
4.41000000000000014211	0.98759751056821554194	0.48524396693455790208	0.50241037527938736673	3.84906948829189277106	2.01940922626629815184	0.99008119157327090232	4.39703190287082179566
4.41999999999999992895	0.98756891665307433570	0.48521122123834986573	0.50241452541501041562	3.84610677876859341495	2.01946770538454911659	0.99004962618221092896	4.40693239913264367402
4.42999999999999971578	0.98754029440299362363	0.48517719432642258948	0.50241992842977911682	3.84314814923850578410	2.01952624597456020794	0.99001803680105193717	4.41683257950065399910
4.44000000000000039080	0.98751164392473478326	0.48514182825570834057	0.50242664237353695800	3.84019365387713085269	2.01958484785052094779	0.98998642361318256455	4.42673244373678542729
4.45000000000000017764	0.98748296534152879556	0.48510507464794500043	0.50243471574777887056	3.83724333740526857284	2.01964351079006476652	0.98995478680938608917	4.43663199160487931039
4.45999999999999996447	0.98745425879310366746	0.48506689493136184721	0.50244418726400907893	3.83429723485865858734	2.01970223453428676663	0.98992312658748793375	4.44653122287075408536
