9.801986733067553637e-01 0.000000000000000000e+00 1.386210257610528129e-01 0.000000000000000000e+00 1.386210257610528095e-02 0.000000000000000000e+00 1.131835935785938411e-03 0.000000000000000000e+00 8.003288653848590129e-05 0.000000000000000000e+00 5.061724183588890675e-06 0.000000000000000000e+00 2.922387819958684947e-07 0.000000000000000000e+00 1.562081996223801083e-08 0.000000000000000000e+00 7.810409981119005209e-10 0.000000000000000000e+00 3.681862574330896043e-11 0.000000000000000000e+00 1.646579000003250830e-12 0.000000000000000000e+00
1.386210257610528129e-01 0.000000000000000000e+00 1.960397346613510991e-02 0.000000000000000000e+00 1.960397346613510904e-03 0.000000000000000000e+00 1.600657730769717755e-04 0.000000000000000000e+00 1.131835935785938669e-05 0.000000000000000000e+00 7.158358989423292152e-07 0.000000000000000000e+00 4.132880489499515169e-08 0.000000000000000000e+00 2.209117544598537031e-09 0.000000000000000000e+00 1.104558772299268748e-10 0.000000000000000000e+00 5.206939987412670667e-12 0.000000000000000000e+00 2.328614353323325639e-13 0.000000000000000000e+00
1.386210257610528095e-02 0.000000000000000000e+00 1.960397346613510904e-03 0.000000000000000000e+00 1.960397346613510525e-04 0.000000000000000000e+00 1.600657730769717687e-05 0.000000000000000000e+00 1.131835935785938499e-06 0.000000000000000000e+00 7.158358989423291093e-08 0.000000000000000000e+00 4.132880489499514176e-09 0.000000000000000000e+00 2.209117544598536980e-10 0.000000000000000000e+00 1.104558772299268457e-11 0.000000000000000000e+00 5.206939987412670465e-13 0.000000000000000000e+00 2.328614353323325639e-14 0.000000000000000000e+00
1.131835935785938411e-03 0.000000000000000000e+00 1.600657730769717755e-04 0.000000000000000000e+00 1.600657730769717687e-05 0.000000000000000000e+00 1.306931564409007090e-06 0.000000000000000000e+00 9.241401717403521919e-08 0.000000000000000000e+00 5.844775639917369795e-09 0.000000000000000000e+00 3.374482789059260449e-10 0.000000000000000000e+00 1.803736922032158830e-11 0.000000000000000000e+00 9.018684610160794756e-13 0.000000000000000000e+00 4.251448696818302463e-14 0.000000000000000000e+00 1.901305657787723327e-15 0.000000000000000000e+00
8.003288653848590129e-05 0.000000000000000000e+00 1.131835935785938669e-05 0.000000000000000000e+00 1.131835935785938499e-06 0.000000000000000000e+00 9.241401717403521919e-08 0.000000000000000000e+00 6.534657822045037865e-09 0.000000000000000000e+00 4.132880489499515210e-10 0.000000000000000000e+00 2.386119663141097349e-11 0.000000000000000000e+00 1.275434609045490587e-12 0.000000000000000000e+00 6.377173045227453695e-14 0.000000000000000000e+00 3.006228203386932358e-15 0.000000000000000000e+00 1.344426123730048519e-16 0.000000000000000000e+00
5.061724183588890675e-06 0.000000000000000000e+00 7.158358989423292152e-07 0.000000000000000000e+00 7.158358989423291093e-08 0.000000000000000000e+00 5.844775639917369795e-09 0.000000000000000000e+00 4.132880489499515210e-10 0.000000000000000000e+00 2.613863128818014603e-11 0.000000000000000000e+00 1.509114581047918159e-12 0.000000000000000000e+00 8.066556742380290738e-14 0.000000000000000000e+00 4.033278371190146000e-15 0.000000000000000000e+00 1.901305657787723770e-16 0.000000000000000000e+00 8.502897393636603886e-18 0.000000000000000000e+00
2.922387819958684947e-07 0.000000000000000000e+00 4.132880489499515169e-08 0.000000000000000000e+00 4.132880489499514176e-09 0.000000000000000000e+00 3.374482789059260449e-10 0.000000000000000000e+00 2.386119663141097349e-11 0.000000000000000000e+00 1.509114581047918159e-12 0.000000000000000000e+00 8.712877096060047836e-14 0.000000000000000000e+00 4.657228706646651277e-15 0.000000000000000000e+00 2.328614353323325934e-16 0.000000000000000000e+00 1.097719333335500705e-17 0.000000000000000000e+00 4.909150099107860157e-19 0.000000000000000000e+00
1.562081996223801083e-08 0.000000000000000000e+00 2.209117544598537031e-09 0.000000000000000000e+00 2.209117544598536980e-10 0.000000000000000000e+00 1.803736922032158830e-11 0.000000000000000000e+00 1.275434609045490587e-12 0.000000000000000000e+00 8.066556742380290738e-14 0.000000000000000000e+00 4.657228706646651277e-15 0.000000000000000000e+00 2.489393456017155651e-16 0.000000000000000000e+00 1.244696728008578010e-17 0.000000000000000000e+00 5.867556645970488075e-19 0.000000000000000000e+00 2.624051104444135513e-20 0.000000000000000000e+00
7.810409981119005209e-10 0.000000000000000000e+00 1.104558772299268748e-10 0.000000000000000000e+00 1.104558772299268457e-11 0.000000000000000000e+00 9.018684610160794756e-13 0.000000000000000000e+00 6.377173045227453695e-14 0.000000000000000000e+00 4.033278371190146000e-15 0.000000000000000000e+00 2.328614353323325934e-16 0.000000000000000000e+00 1.244696728008578010e-17 0.000000000000000000e+00 6.223483640042890630e-19 0.000000000000000000e+00 2.933778322985244399e-20 0.000000000000000000e+00 1.312025552222067869e-21 0.000000000000000000e+00
3.681862574330896043e-11 0.000000000000000000e+00 5.206939987412670667e-12 0.000000000000000000e+00 5.206939987412670465e-13 0.000000000000000000e+00 4.251448696818302463e-14 0.000000000000000000e+00 3.006228203386932358e-15 0.000000000000000000e+00 1.901305657787723770e-16 0.000000000000000000e+00 1.097719333335500705e-17 0.000000000000000000e+00 5.867556645970488075e-19 0.000000000000000000e+00 2.933778322985244399e-20 0.000000000000000000e+00 1.382996364453975935e-21 0.000000000000000000e+00 6.184947767108327050e-23 0.000000000000000000e+00
1.646579000003250830e-12 0.000000000000000000e+00 2.328614353323325639e-13 0.000000000000000000e+00 2.328614353323325639e-14 0.000000000000000000e+00 1.901305657787723327e-15 0.000000000000000000e+00 1.344426123730048519e-16 0.000000000000000000e+00 8.502897393636603886e-18 0.000000000000000000e+00 4.909150099107860157e-19 0.000000000000000000e+00 2.624051104444135513e-20 0.000000000000000000e+00 1.312025552222067869e-21 0.000000000000000000e+00 6.184947767108327050e-23 0.000000000000000000e+00 2.765992728907950982e-24 0.000000000000000000e+00

