9.796215683740489011e-01 -2.143459945302751805e-34 1.394541612982417578e-01 -1.717275869908232897e-18 1.319907710357747822e-02 2.075201297075030053e-20 9.743406137329496328e-04 3.217219078372645378e-20 6.012127085205806959e-05 4.568744922023869646e-21 3.232407446114224376e-06 4.366848420445964471e-22 1.562241834276379096e-07 3.497785481845269093e-23 6.980899861196419099e-09 1.752599825623955223e-24 2.964123061902087736e-10 7.108156467721100146e-26 1.224472992373449487e-11 -4.912392547367246989e-29 4.981771485119838413e-13 -2.141413820105412617e-28
1.394541612982417578e-01 1.717275869908232512e-18 2.035270621920555814e-02 -1.054711369703594747e-36 1.962462859146550231e-03 3.023940298761886715e-20 1.470203060273798544e-04 7.305235614981224203e-21 9.185947571793971720e-06 9.342854853699975998e-22 5.000643120246622283e-07 8.546056470736988719e-23 2.458307415759667667e-08 6.196627188988213477e-24 1.132997174099761188e-09 3.613276048158561082e-25 5.108029390556364070e-11 1.817981984385196449e-26 2.345297635016163587e-12 7.812984882095520251e-28 1.117282850147278251e-13 3.481481154062679948e-29
1.319907710357747822e-02 -2.075201297075030053e-20 1.962462859146550231e-03 -3.023940298761886715e-20 1.917997345925190409e-04 -3.931613057100983184e-39 1.452097016342001637e-05 5.149540611817243276e-22 9.152741718791056965e-07 8.470346669970104630e-23 5.025586904174906094e-08 8.414772949365817063e-24 2.499283927591189681e-09 6.047496782541926277e-25 1.175558747776571173e-10 3.880639749269706908e-26 5.498900670376916547e-12 2.125033525867865038e-27 2.673655169550175546e-13 1.210590381422237114e-28 1.367201520648936241e-14 7.423074031905005553e-30
9.743406137329496328e-04 -3.217219078372644776e-20 1.470203060273798544e-04 -7.305235614981222699e-21 1.452097016342001637e-05 -5.149540611817243276e-22 1.108292265383907986e-06 1.358120769048023858e-39 7.032334544721127527e-08 4.208562636424516609e-24 3.886304265178210258e-09 5.362188627032691455e-25 1.949335909930472151e-10 4.021945675930759422e-26 9.305203524984046873e-12 2.853221733940087078e-27 4.465456320012991637e-13 1.653478853832796519e-28 2.252763120856615239e-14 1.082001022385109092e-29 1.200590593980559531e-15 7.360519379930499207e-31
6.012127085205806959e-05 -4.568744922023869646e-21 9.185947571793971720e-06 -9.342854853699975998e-22 9.152741718791056965e-07 -8.470346669970103454e-23 7.032334544721127527e-08 -4.208562636424516609e-24 4.486412658954094097e-09 -1.257546847530286272e-41 2.492293796410574900e-10 1.962263604065770463e-26 1.258710315865560355e-11 1.759759712527954366e-27 6.078653434651451815e-13 1.492811059325340932e-28 2.974433298171419529e-14 9.174451872175304977e-30 1.541102691747610544e-15 6.779109394950422514e-31 8.446858221132229657e-17 4.979541906141221142e-32
3.232407446114224376e-06 -4.366848420445964471e-22 5.000643120246622283e-07 -8.546056470736988719e-23 5.025586904174906094e-08 -8.414772949365818532e-24 3.886304265178210258e-09 -5.362188627032691455e-25 2.492293796410574900e-10 -1.962263604065770750e-26 1.391417270341919652e-11 1.547432514215314867e-43 7.072943309326699945e-13 3.783554680851703341e-29 3.452908488676380039e-14 5.618642495137561457e-30 1.719725959186519317e-15 3.821247998031853512e-31 9.119470507176899941e-17 3.351462076057268911e-32 5.116283388085565867e-18 2.685498814907546084e-33
1.562241834276379096e-07 -3.497785481845269093e-23 2.458307415759667667e-08 -6.196627188988213477e-24 2.499283927591189681e-09 -6.047496782541927196e-25 1.949335909930472151e-10 -4.021945675930758848e-26 1.258710315865560355e-11 -1.759759712527954725e-27 7.072943309326699945e-13 -3.783554680851702780e-29 3.625664475565167221e-14 -1.505731424423435886e-46 1.794606928671710040e-15 2.310091402931830348e-31 9.136020132162400492e-17 1.896100090415316686e-32 4.980145080519069354e-18 1.973899704405040176e-33 2.868858191465316037e-19 1.681555168790824702e-34
6.980899861196419099e-09 -1.752599825623955223e-24 1.132997174099761188e-09 -3.613276048158561082e-25 1.175558747776571173e-10 -3.880639749269707482e-26 9.305203524984046873e-12 -2.853221733940087437e-27 6.078653434651451815e-13 -1.492811059325340932e-28 3.452908488676380039e-14 -5.618642495137560757e-30 1.794606928671710040e-15 -2.310091402931829910e-31 9.082026485517959981e-17 2.453954907121420300e-48 4.782121947884528497e-18 2.981968473436811949e-34 2.713270819906191177e-19 6.992977032052549066e-35 1.620531195195769363e-20 7.134245517815450032e-36
2.964123061902087736e-10 -7.108156467721100146e-26 5.108029390556364070e-11 -1.817981984385196449e-26 5.498900670376916547e-12 -2.125033525867865038e-27 4.465456320012991637e-13 -1.653478853832796743e-28 2.974433298171419529e-14 -9.174451872175304977e-30 1.719725959186519317e-15 -3.821247998031853950e-31 9.136020132162400492e-17 -1.896100090415316413e-32 4.782121947884528497e-18 -2.981968473436811949e-34 2.641920726730891164e-19 4.660392689702660509e-51 1.579570870052997155e-20 3.580365705532827374e-36 9.854199114551292760e-22 4.107677529032342602e-37
1.224472992373449487e-11 4.912392547367246989e-29 2.345297635016163587e-12 -7.812984882095521148e-28 2.673655169550175546e-13 -1.210590381422237114e-28 2.252763120856615239e-14 -1.082001022385108952e-29 1.541102691747610544e-15 -6.779109394950421638e-31 9.119470507176899941e-17 -3.351462076057268363e-32 4.980145080519069354e-18 -1.973899704405040518e-33 2.713270819906191177e-19 -6.992977032052550136e-35 1.579570870052997155e-20 -3.580365705532825370e-36 9.944781870202901390e-22 -1.459287672578353434e-53 6.452575287628797166e-23 1.127221755196557141e-38
4.981771485119838413e-13 2.141413820105412617e-28 1.117282850147278251e-13 -3.481481154062679948e-29 1.367201520648936241e-14 -7.423074031905005553e-30 1.200590593980559531e-15 -7.360519379930500083e-31 8.446858221132229657e-17 -4.979541906141221142e-32 5.116283388085565867e-18 -2.685498814907546084e-33 2.868858191465316037e-19 -1.681555168790824916e-34 1.620531195195769363e-20 -7.134245517815450032e-36 9.854199114551292760e-22 -4.107677529032343438e-37 6.452575287628797166e-23 -1.127221755196557141e-38 4.304612878673044226e-24 -6.845817544534256135e-55

