9.799071381129552671e-01 4.842545039410610082e-29 1.400189918424349922e-01 -2.711666636323662803e-16 1.369473740765787990e-02 -7.299706167419137857e-17 1.058676655230250847e-03 -6.119181047019131916e-18 6.864112106982797308e-05 -7.757665853918000978e-20 3.863244940867314823e-06 3.221407943068094178e-20 1.939286453334474088e-07 3.454634897462635245e-21 8.957624450398198234e-09 1.173510768635106046e-22 3.987739552106101086e-10 -1.368782516849621682e-23 1.825891379189254106e-11 -2.836883751012778788e-24 9.102361936585866376e-13 -2.987766863248024439e-25
1.400189918424349922e-01 2.711666636323661324e-16 2.025203570457688104e-02 1.542300277367681455e-31 2.003449615257551965e-03 5.328486090740488247e-17 1.563898106487160108e-04 1.065330271270745271e-17 1.021648894075074949e-05 1.254811223570915346e-18 5.778922041153549782e-07 1.163521717223597338e-19 2.907934248781679443e-08 9.658744989571106457e-21 1.343894929175789626e-09 7.647091799855842274e-22 5.990825100705958090e-11 5.869781694273593553e-23 2.763442200037978257e-12 4.332804947480380953e-24 1.401074743227464058e-13 3.046241387014685861e-25
1.369473740765787990e-02 7.299706167419305489e-17 2.003449615257551965e-03 -5.328486090740507969e-17 2.006628328752218583e-04 -2.162391044857448417e-32 1.585419166309246519e-05 1.005164996765376774e-18 1.046767931471674646e-06 1.681807867873317902e-19 5.965428307220353049e-08 1.833606653328579220e-20 3.005417331658930618e-09 1.635073322249989548e-21 1.374204585287348766e-10 1.300204512306841943e-22 5.943901664707224733e-12 9.586403968946929970e-24 2.603861189627142052e-13 6.680112944088309882e-25 1.249796920638404618e-14 4.445470175167415401e-26
1.058676655230250847e-03 6.119181047019037930e-18 1.563898106487160108e-04 -1.065330271270745117e-17 1.585419166309246519e-05 -1.005164996765381204e-18 1.269338207740281455e-06 -2.597114747479829731e-34 8.490962138414422389e-08 1.299004870088356105e-20 4.889812591540826809e-09 2.413977912446975599e-21 2.470436012269837483e-10 3.060215293597715580e-22 1.112189038328784506e-11 3.151225711793721438e-23 4.558605722436025309e-13 2.790273234859126316e-24 1.776922869595389737e-14 2.190687429552834945e-25 7.179977106105882506e-16 1.554060476636290473e-26
6.864112106982797308e-05 7.757665853918000978e-20 1.021648894075074949e-05 -1.254811223570913805e-18 1.046767931471674646e-06 -1.681807867873320550e-19 8.490962138414422389e-08 -1.299004870088361823e-20 5.762684682973954971e-09 -1.418890895887331549e-37 3.364973278911635914e-10 1.963087103011959837e-22 1.714983993790978269e-11 3.821176174437293895e-23 7.668166263986292597e-13 4.861223588881660466e-24 2.998504030004795659e-14 4.879978946200164689e-25 1.013085149756771056e-15 4.148475019961102412e-26 2.910828223093780098e-17 3.094115248330068779e-27
3.863244940867314823e-06 -3.221407943068136307e-20 5.778922041153549782e-07 -1.163521717223596134e-19 5.965428307220353049e-08 -1.833606653328577415e-20 4.889812591540826809e-09 -2.413977912446979361e-21 3.364973278911635914e-10 -1.963087103011960072e-22 1.999888692525557787e-11 -3.643326223487209898e-39 1.041668243532359147e-12 2.622814579708617037e-24 4.778766787792996679e-14 4.637428619609516219e-25 1.921017591805771484e-15 5.375102618426490116e-26 6.625267730128395631e-17 4.955112033707938287e-27 1.851575776840076065e-18 3.886151418452040381e-28
1.939286453334474088e-07 -3.454634897462588601e-21 2.907934248781679443e-08 -9.658744989571106457e-21 3.005417331658930618e-09 -1.635073322249991053e-21 2.470436012269837483e-10 -3.060215293597716050e-22 1.714983993790978269e-11 -3.821176174437296834e-23 1.041668243532359147e-12 -2.622814579708617772e-24 5.684977702990390050e-14 -9.631966874161173953e-42 2.859315768638140568e-15 2.563532143509887643e-26 1.364335185023834769e-16 4.015121705935911725e-27 6.391553259554362084e-18 4.199610359687708116e-28 3.034526815806440110e-19 3.528429718701362297e-29
8.957624450398198234e-09 -1.173510768635106046e-22 1.343894929175789626e-09 -7.647091799855830989e-22 1.374204585287348766e-10 -1.300204512306843353e-22 1.112189038328784506e-11 -3.151225711793722614e-23 7.668166263986292597e-13 -4.861223588881658262e-24 4.778766787792996679e-14 -4.637428619609515301e-25 2.859315768638140568e-15 -2.563532143509887643e-26 1.734696008705636331e-16 6.096963863724975354e-43 1.094495793351267862e-17 1.850231486912507181e-28 7.081808326759469007e-19 2.592675947123086745e-29 4.531088743047225788e-20 2.453989308589238552e-30
3.987739552106101086e-10 1.368782516849605225e-23 5.990825100705958090e-11 -5.869781694273578272e-23 5.943901664707224733e-12 -9.586403968946950541e-24 4.558605722436025309e-13 -2.790273234859125581e-24 2.998504030004795659e-14 -4.879978946200165608e-25 1.921017591805771484e-15 -5.375102618426487820e-26 1.364335185023834769e-16 -4.015121705935912443e-27 1.094495793351267862e-17 -1.850231486912508078e-28 9.055483670313238693e-19 1.100137682553666169e-44 7.128230288625057510e-20 1.030549894084823203e-30 5.149778105058805524e-21 1.298748500359774562e-31
1.825891379189254106e-11 2.836883751012778788e-24 2.763442200037978257e-12 -4.332804947480394177e-24 2.603861189627142052e-13 -6.680112944088313555e-25 1.776922869595389737e-14 -2.190687429552838619e-25 1.013085149756771056e-15 -4.148475019961101264e-26 6.625267730128395631e-17 -4.955112033707940439e-27 6.391553259554362084e-18 -4.199610359687709013e-28 7.081808326759469007e-19 -2.592675947123085063e-29 7.128230288625057510e-20 -1.030549894084823554e-30 6.218484772933472257e-21 1.316698459309918969e-46 4.741904092595021075e-22 4.532411693076405185e-33
9.102361936585866376e-13 2.987766863247992296e-25 1.401074743227464058e-13 -3.046241387014700554e-25 1.249796920638404618e-14 -4.445470175167399330e-26 7.179977106105882506e-16 -1.554060476636292481e-26 2.910828223093780098e-17 -3.094115248330069497e-27 1.851575776840076065e-18 -3.886151418452040381e-28 3.034526815806440110e-19 -3.528429718701363418e-29 4.531088743047225788e-20 -2.453989308589237501e-30 5.149778105058805524e-21 -1.298748500359774781e-31 4.741904092595021075e-22 -4.532411693076401080e-33 3.716698932573885994e-23 6.793147869016154362e-49

