9.810477540000028807e-01 3.506128477326421094e-28 1.363635887004138736e-01 -1.534618948879425952e-14 1.320097758625925731e-02 -1.840721669888013854e-15 1.031319784910696060e-03 -4.430875290753543713e-17 6.914451215854798072e-05 6.414907384277938428e-18 4.116184033878804804e-06 9.055209910480024466e-20 2.222700816088101392e-07 -1.608248483948431253e-19 1.104023994689532926e-08 -3.227288959196803006e-20 5.088235766654356317e-10 -3.973829775559381694e-21 2.184916769111980109e-11 -3.789486047840259056e-22 8.709480845768075777e-13 -3.031589492921944214e-23
1.363635887004138736e-01 1.534618948879497265e-14 1.913989168804223345e-02 3.395883616178962163e-29 1.868806620986068322e-03 -1.015106430042568565e-14 1.468290059257951056e-04 -2.192703084295277174e-15 9.861286545021915001e-06 -2.371372498946684776e-16 5.856651961740296092e-07 -1.391592424888523876e-17 3.145549032299854119e-08 5.032828926232149580e-20 1.553816060003873006e-09 1.199329339696924939e-19 7.161181866490565259e-11 1.722335867787332330e-20 3.121649318074656247e-12 1.693155519079829385e-21 1.302115791187554309e-13 1.353122769207977342e-22
1.320097758625925731e-02 1.840721669888014249e-15 1.868806620986068322e-03 1.015106430042568881e-14 1.842427923822897897e-04 7.557442603385000758e-31 1.460124109798437041e-05 -4.530478187458848420e-16 9.861500493013331805e-07 -8.168029136311794511e-17 5.859393814947737513e-08 -7.412479304951792737e-18 3.124641652780923508e-09 -3.056199890135143802e-19 1.516519759705836135e-10 1.891334810251951462e-20 6.772460947108184804e-12 5.131585759062873848e-21 2.811237543479539345e-13 6.106798081326947040e-22 1.095670619021709097e-14 5.434027311328545416e-23
1.031319784910696060e-03 4.430875290752597080e-17 1.468290059257951056e-04 2.192703084295274808e-15 1.460124109798437041e-05 4.530478187458848420e-16 1.168444243812996396e-06 -1.114516977179411999e-32 7.958601910388127029e-08 -6.778558742555132140e-18 4.747614253502130530e-09 -8.893739959828641629e-19 2.517944924947551281e-10 -5.235499380554100829e-20 1.193977739627563257e-11 7.343486567462177232e-22 5.040843491787629262e-13 5.412507199553743364e-22 1.856597611159452485e-14 7.352840944805946125e-23 5.611752246162865693e-16 6.977387047528768780e-24
6.914451215854798072e-05 -6.414907384277939968e-18 9.861286545021915001e-06 2.371372498946684776e-16 9.861500493013331805e-07 8.168029136311798209e-17 7.958601910388127029e-08 6.778558742555132140e-18 5.472452823912386668e-09 -2.923498452493047087e-35 3.289017660725085018e-10 -4.822038040061027305e-20 1.745033061851925112e-11 -4.527790468246156967e-21 8.141105252594602157e-13 -9.771174752857948968e-23 3.254558656430745527e-14 2.685335664778205695e-23 1.023191087490984669e-15 4.681439278121302220e-24 1.629802118435203382e-17 4.894497779996372513e-25
4.116184033878804804e-06 -9.055209910480029281e-20 5.856651961740296092e-07 1.391592424888522027e-17 5.859393814947737513e-08 7.412479304951794278e-18 4.747614253502130530e-09 8.893739959828639703e-19 3.289017660725085018e-10 4.822038040061026703e-20 1.997145432611537082e-11 -5.446347378790062962e-37 1.072102381980334653e-12 -2.164121074952969801e-22 5.056084751416221476e-14 -1.674176923144764654e-23 2.031095742720809058e-15 -1.408506789912859777e-25 6.268058419073235581e-17 1.109146518359269838e-25 7.898856069768643906e-19 1.630091806716267185e-26
2.222700816088101392e-07 1.608248483948411993e-19 3.145549032299854119e-08 -5.032828926232129117e-20 3.124641652780923508e-09 3.056199890135144765e-19 2.517944924947551281e-10 5.235499380554099625e-20 1.745033061851925112e-11 4.527790468246156967e-21 1.072102381980334653e-12 2.164121074952969801e-22 5.937174884222806923e-14 -5.614089417438457944e-40 2.987128889858770517e-15 -1.109725024001518614e-24 1.365611403334052194e-16 -1.283092890984287365e-25 5.617783318094771821e-18 -9.875972317401385725e-27 2.014208153034566601e-19 -5.936776994454137018e-28
1.104023994689532926e-08 3.227288959196809024e-20 1.553816060003873006e-09 -1.199329339696925902e-19 1.516519759705836135e-10 -1.891334810251951462e-20 1.193977739627563257e-11 -7.343486567462161246e-22 8.141105252594602157e-13 9.771174752857956021e-23 5.056084751416221476e-14 1.674176923144765241e-23 2.987128889858770517e-15 1.109725024001518430e-24 1.739526893525931509e-16 -1.899215222222869199e-41 1.018557918870711664e-17 -9.100179461276870026e-27 5.997319486811499798e-19 -1.310916099762698951e-27 3.488809779106238149e-20 -1.266671123859638656e-28
5.088235766654356317e-10 3.973829775559432099e-21 7.161181866490565259e-11 -1.722335867787333232e-20 6.772460947108184804e-12 -5.131585759062873096e-21 5.040843491787629262e-13 -5.412507199553744305e-22 3.254558656430745527e-14 -2.685335664778205695e-23 2.031095742720809058e-15 1.408506789912862073e-25 1.365611403334052194e-16 1.283092890984286905e-25 1.018557918870711664e-17 9.100179461276871461e-27 7.904828022373417536e-19 -7.175130974642395990e-43 5.939478142532713456e-20 -7.033136671260782723e-29 4.149632370181564440e-21 -9.715284204807436549e-30
2.184916769111980109e-11 3.789486047840311719e-22 3.121649318074656247e-12 -1.693155519079831642e-21 2.811237543479539345e-13 -6.106798081326946100e-22 1.856597611159452485e-14 -7.352840944805946125e-23 1.023191087490984669e-15 -4.681439278121301485e-24 6.268058419073235581e-17 -1.109146518359269378e-25 5.617783318094771821e-18 9.875972317401382855e-27 5.997319486811499798e-19 1.310916099762699131e-27 5.939478142532713456e-20 7.033136671260784965e-29 5.132411889847349658e-21 2.531129780973994726e-45 3.882909216194791924e-22 -4.198725334905092887e-31
8.709480845768075777e-13 3.031589492921941863e-23 1.302115791187554309e-13 -1.353122769207977812e-22 1.095670619021709097e-14 -5.434027311328546591e-23 5.611752246162865693e-16 -6.977387047528767310e-24 1.629802118435203382e-17 -4.894497779996372513e-25 7.898856069768643906e-19 -1.630091806716266324e-26 2.014208153034566601e-19 5.936776994454140606e-28 3.488809779106238149e-20 1.266671123859638880e-28 4.149632370181564440e-21 9.715284204807436549e-30 3.882909216194791924e-22 4.198725334905096390e-31 3.058757236552002258e-23 -7.781085958624190049e-48

