9.804396005966483640e-01 1.468851090544084008e-23 1.383286515310748477e-01 -1.037508494704542703e-07 1.352487390561945418e-02 -2.232088736302073090e-08 1.058675265929590005e-03 -2.463619135102060223e-09 7.041954567738942781e-05 -1.650784944145089000e-10 4.116802631779628639e-06 -4.588136243335105843e-12 2.165236087566038368e-07 4.763983609830602464e-13 1.045123301015958968e-08 9.156862756926667564e-14 4.727691168293286388e-10 9.435174381041020134e-15 2.055838444840337747e-11 7.567186494471813097e-16 8.851072010201152914e-13 5.173843257281524731e-17
1.383286515310748477e-01 1.037508494704543497e-07 1.962418477703660458e-02 6.904307075587888532e-24 1.928409546069095827e-03 -3.000273203773707770e-09 1.515328566676253858e-04 -5.203759143472517367e-10 1.010179966457507020e-05 -4.838318624132599124e-11 5.907267571764223366e-07 -2.447870225576682896e-12 3.101790964883899116e-08 3.271663167184408601e-14 1.492666431946659758e-09 2.238091786618447426e-14 6.733953220206659928e-11 2.945460153326353801e-15 2.931243557981778718e-12 2.747107099912104144e-16 1.273858283186364639e-13 2.108266983452613789e-17
1.352487390561945418e-02 2.232088736302073090e-08 1.928409546069095827e-03 3.000273203773706116e-09 1.905560909974132820e-04 -4.240562230998251162e-26 1.505179995813650327e-05 -3.911648049450700095e-11 1.007427960755925528e-06 -5.478238801494189094e-12 5.901654474347500209e-08 -4.155369098195572721e-13 3.093190063954842744e-09 -1.459135929687330152e-14 1.477572597029688613e-10 9.309075118895567799e-16 6.564116487586189651e-12 2.218283657578443696e-16 2.786097182618282346e-13 2.455218241701039477e-17 1.170910561492574834e-14 2.055328868216137217e-18
1.058675265929590005e-03 2.463619135102060223e-09 1.515328566676253858e-04 5.203759143472518401e-10 1.505179995813650327e-05 3.911648049450701388e-11 1.195745188734882673e-06 1.171745364599236768e-29 8.045486555857614319e-08 -3.564990585684100029e-13 4.729101971322435590e-09 -5.218684524969586063e-14 2.476389209499532737e-10 -5.073729106294953706e-15 1.172004838273330730e-11 -3.972260979181593496e-16 5.080934245039487804e-13 -2.683596887288098396e-17 2.052742445434873474e-14 -1.620938669507000521e-18 7.937981862309663957e-16 -8.994803205856246949e-20
7.041954567738942781e-05 1.650784944145089000e-10 1.010179966457507020e-05 4.838318624132601709e-11 1.007427960755925528e-06 5.478238801494191517e-12 8.045486555857614319e-08 3.564990585684102553e-13 5.444405795453956931e-09 -1.061738129322634229e-30 3.215452272226871100e-10 -3.920482115801794054e-15 1.685832272763826425e-11 -6.867253645976453062e-16 7.921966725912178415e-13 -8.097390600751962589e-17 3.350593011918785320e-14 -7.693382595020954873e-18 1.274847944988018360e-15 -6.273820689991116713e-19 4.338961490286698611e-17 -4.529166279038020333e-20
4.116802631779628639e-06 4.588136243335119576e-12 5.907267571764223366e-07 2.447870225576681281e-12 5.901654474347500209e-08 4.155369098195572721e-13 4.729101971322435590e-09 5.218684524969587325e-14 3.215452272226871100e-10 3.920482115801794054e-15 1.909523205085685206e-11 -1.681552991769606350e-32 1.006107171026671679e-12 -4.705077660469354788e-17 4.735889084000387227e-14 -8.055832150090915775e-18 1.988550131768856808e-15 -9.117594761638578180e-19 7.346047225329066997e-17 -8.250056123199766942e-20 2.290185422569858690e-18 -6.376858376156098519e-21
2.165236087566038368e-07 -4.763983609830608523e-13 3.101790964883899116e-08 -3.271663167184412387e-14 3.093190063954842744e-09 1.459135929687328575e-14 2.476389209499532737e-10 5.073729106294953706e-15 1.685832272763826425e-11 6.867253645976450104e-16 1.006107171026671679e-12 4.705077660469354788e-17 5.360079207816393200e-14 3.605029022754630176e-34 2.577270910536934627e-15 -4.453459748490327300e-19 1.125185434250483415e-16 -6.874303757826332168e-20 4.468489707662013697e-18 -7.101238290450469596e-21 1.606377684574212491e-19 -5.914720807536039372e-22
1.045123301015958968e-08 -9.156862756926667564e-14 1.492666431946659758e-09 -2.238091786618447426e-14 1.477572597029688613e-10 -9.309075118895561882e-16 1.172004838273330730e-11 3.972260979181594482e-16 7.921966725912178415e-13 8.097390600751961356e-17 4.735889084000387227e-14 8.055832150090915775e-18 2.577270910536934627e-15 4.453459748490327300e-19 1.312304987159583578e-16 7.094874505049183670e-37 6.435879556615725726e-18 -3.148957077942980434e-21 3.128938433626271735e-19 -4.368651026474500875e-22 1.536083794502194071e-20 -4.116062626984818275e-23
4.727691168293286388e-10 -9.435174381041016979e-15 6.733953220206659928e-11 -2.945460153326353801e-15 6.564116487586189651e-12 -2.218283657578443203e-16 5.080934245039487804e-13 2.683596887288095006e-17 3.350593011918785320e-14 7.693382595020953332e-18 1.988550131768856808e-15 9.117594761638580106e-19 1.125185434250483415e-16 6.874303757826332168e-20 6.435879556615725726e-18 3.148957077942980434e-21 3.858805831021143346e-19 4.614754095029093426e-39 2.410907799932601179e-20 -1.723428909083031439e-23 1.511393734101646210e-21 -2.174170329465706996e-24
2.055838444840337747e-11 -7.567186494471813097e-16 2.931243557981778718e-12 -2.747107099912104637e-16 2.786097182618282346e-13 -2.455218241701038244e-17 2.052742445434873474e-14 1.620938669506999366e-18 1.274847944988018360e-15 6.273820689991117676e-19 7.346047225329066997e-17 8.250056123199766942e-20 4.468489707662013697e-18 7.101238290450469596e-21 3.128938433626271735e-19 4.368651026474499934e-22 2.410907799932601179e-20 1.723428909083031733e-23 1.852100156177203587e-21 -3.826028090475975320e-40 1.332324364767961813e-22 -7.638975242148418495e-26
8.851072010201152914e-13 -5.173843257281523498e-17 1.273858283186364639e-13 -2.108266983452613789e-17 1.170910561492574834e-14 -2.055328868216137987e-18 7.937981862309663957e-16 8.994803205856255375e-20 4.338961490286698611e-17 4.529166279038018528e-20 2.290185422569858690e-18 6.376858376156099271e-21 1.606377684574212491e-19 5.914720807536039372e-22 1.536083794502194071e-20 4.116062626984816512e-23 1.511393734101646210e-21 2.174170329465706996e-24 1.332324364767961813e-22 7.638975242148415051e-26 1.030482772811131296e-23 -9.604211704839088223e-44

