9.802507631168283497e-01 2.563769993672732960e-23 1.382985651224715451e-01 -6.443636761301774510e-08 1.352217246627616422e-02 -1.193948059677756530e-08 1.058525845956727676e-03 -1.250562598610366838e-09 7.041594118826170886e-05 -8.985563052322627030e-11 4.116998643794050170e-06 -4.320387320769274091e-12 2.165473381648609560e-07 -7.237545186219065880e-14 1.045175743722394844e-08 1.144940884135439235e-14 4.726412531938718538e-10 1.651701074776085778e-15 2.053699762778342609e-11 1.440506892707917632e-16 8.830053119340161162e-13 1.011459461657898670e-17
1.382985651224715451e-01 6.443636761301775833e-08 1.961571621787853992e-02 -7.147438801450436290e-24 1.927271459345082953e-03 -1.203812721733814943e-09 1.514324921733276291e-04 -1.909028153153775084e-10 1.009543681127475860e-05 -1.720095960039316365e-11 5.904381525338929184e-07 -9.649421682840121296e-13 3.100990679083933981e-08 -1.648051779001898890e-14 1.492658422452864608e-09 3.618326371026050505e-15 6.734730594560735693e-11 5.636898094351516594e-16 2.930751406840183685e-12 5.399494304248527322e-17 1.272383522915586385e-13 4.126634669181091295e-18
1.352217246627616422e-02 1.193948059677756530e-08 1.927271459345082953e-03 1.203812721733815770e-09 1.903745022255235288e-04 -3.809101041220855926e-28 1.503344962544985988e-05 -9.454824911658888083e-12 1.006085802609311188e-06 -1.143764794340301315e-12 5.894353553764286955e-08 -9.698747602658004216e-14 3.090484292307225254e-09 -8.107880329759212298e-15 1.477292662422186131e-10 -7.537784174372710453e-16 6.569604940362692588e-12 -7.212075362854634772e-17 2.791920780188610072e-13 -6.445468538091974661e-18 1.174655795471308743e-14 -5.202744316242010328e-19
1.058525845956727676e-03 1.250562598610365598e-09 1.514324921733276291e-04 1.909028153153773016e-10 1.503344962544985988e-05 9.454824911658904238e-12 1.193702648987136404e-06 1.458818688424069543e-28 8.029139135693152104e-08 -7.922496941453166089e-14 4.719298467598442016e-09 -1.892504435127537861e-14 2.472270200706529026e-10 -3.164470451343885928e-15 1.171370711451134916e-11 -4.056775619638062257e-16 5.089567248748784431e-13 -4.218134264511396558e-17 2.064276706629535743e-14 -3.715185258552918485e-18 8.030847273416042862e-16 -2.856211630910385750e-19
7.041594118826170886e-05 8.985563052322606350e-11 1.009543681127475860e-05 1.720095960039317011e-11 1.006085802609311188e-06 1.143764794340299497e-12 8.029139135693152104e-08 7.922496941453147156e-14 5.430271698869390751e-09 -1.129013640066747899e-29 3.206286326252958563e-10 -2.043048517589465314e-15 1.681580213911701564e-11 -4.695199036934644123e-16 7.913007095086408389e-13 -6.661277878190538494e-17 3.358087910320787136e-14 -7.202542993622385258e-18 1.286894364730663457e-15 -6.447912230220279211e-19 4.445430141599172552e-17 -4.987587762103190430e-20
4.116998643794050170e-06 4.320387320769277323e-12 5.904381525338929184e-07 9.649421682840117257e-13 5.894353553764286955e-08 9.698747602658000430e-14 4.719298467598442016e-09 1.892504435127537229e-14 3.206286326252958563e-10 2.043048517589466103e-15 1.903091743690776573e-11 -3.510323964844270890e-32 1.002785319936496819e-12 -3.392643061297546011e-17 4.726110536224350954e-14 -6.276256232696063766e-18 1.991604541309012742e-15 -7.489707077711581745e-19 7.421749643214482333e-17 -7.040248387530029182e-20 2.364389931909710726e-18 -5.599729665972325764e-21
2.165473381648609560e-07 7.237545186219058307e-14 3.100990679083933981e-08 1.648051779001898574e-14 3.090484292307225254e-09 8.107880329759213876e-15 2.472270200706529026e-10 3.164470451343888294e-15 1.681580213911701564e-11 4.695199036934643137e-16 1.002785319936496819e-12 3.392643061297545395e-17 5.339930700758806892e-14 -8.596946255461714347e-35 2.568319421014225052e-15 -3.398159776476812868e-19 1.123304123126560789e-16 -5.333073606806567653e-20 4.482540398627850093e-18 -5.578323692595802716e-21 1.629009265456635143e-19 -4.692223857246181281e-22
1.045175743722394844e-08 -1.144940884135439235e-14 1.492658422452864608e-09 -3.618326371026049716e-15 1.477292662422186131e-10 7.537784174372711439e-16 1.171370711451134916e-11 4.056775619638064229e-16 7.913007095086408389e-13 6.661277878190536029e-17 4.726110536224350954e-14 6.276256232696063766e-18 2.568319421014225052e-15 3.398159776476812868e-19 1.305131410116212239e-16 2.018973521614215148e-36 6.384235117621777293e-18 -2.367906835965595081e-21 3.094958279531252064e-19 -3.275965489717264090e-22 1.515511861943815503e-20 -3.081784078460258814e-23
4.726412531938718538e-10 -1.651701074776084989e-15 6.734730594560735693e-11 -5.636898094351513636e-16 6.569604940362692588e-12 7.212075362854634772e-17 5.089567248748784431e-13 4.218134264511394093e-17 3.358087910320787136e-14 7.202542993622385258e-18 1.991604541309012742e-15 7.489707077711579819e-19 1.123304123126560789e-16 5.333073606806567051e-20 6.384235117621777293e-18 2.367906835965596586e-21 3.796491428244977474e-19 -2.016029256855584668e-38 2.354395613582943769e-20 -1.254670576976279919e-23 1.468435438457404342e-21 -1.567938901226965527e-24
2.053699762778342609e-11 -1.440506892707922316e-16 2.930751406840183685e-12 -5.399494304248522392e-17 2.791920780188610072e-13 6.445468538091967728e-18 2.064276706629535743e-14 3.715185258552916945e-18 1.286894364730663457e-15 6.447912230220279211e-19 7.421749643214482333e-17 7.040248387530029182e-20 4.482540398627850093e-18 5.578323692595802716e-21 3.094958279531252064e-19 3.275965489717263149e-22 2.354395613582943769e-20 1.254670576976280507e-23 1.794703361214900793e-21 -4.073795382458743484e-41 1.285982689173236436e-22 -5.363886639926975413e-26
8.830053119340161162e-13 -1.011459461657897900e-17 1.272383522915586385e-13 -4.126634669181091295e-18 1.174655795471308743e-14 5.202744316242004551e-19 8.030847273416042862e-16 2.856211630910383824e-19 4.445430141599172552e-17 4.987587762103190430e-20 2.364389931909710726e-18 5.599729665972327269e-21 1.629009265456635143e-19 4.692223857246181281e-22 1.515511861943815503e-20 3.081784078460258814e-23 1.468435438457404342e-21 1.567938901226965160e-24 1.285982689173236436e-22 5.363886639926976561e-26 9.919150776366736633e-24 1.648967835732371455e-42

