9.798558159135923873e-01 -1.380777470395440703e-23 1.382441861453826970e-01 -3.772800875237682480e-08 1.351713045454555617e-02 -6.928690269697689216e-09 1.058160454832689570e-03 -7.170989645787034475e-10 7.039377132850410776e-05 -5.064139256981037792e-11 4.115806581550820118e-06 -2.356413028222471284e-12 2.164861461822425240e-07 -3.180675388188944461e-14 1.044845257542643997e-08 7.054675112971480250e-15 4.724407048650968836e-10 9.539177389075802318e-16 2.052368573824602576e-11 8.089052256790312386e-17 8.821146503887403779e-13 5.564434024170600869e-18
1.382441861453826970e-01 3.772800875237682480e-08 1.960772831974271629e-02 8.836385445019389840e-25 1.926484792106561992e-03 -7.031435758171084642e-10 1.513726576683519474e-04 -1.122078741724089773e-10 1.009170513752892525e-05 -1.024169245889481646e-11 5.902390436486758761e-07 -5.933095639656610247e-13 3.100028047817414279e-08 -1.290162947881083070e-14 1.492189333983530094e-09 1.822814404965897274e-15 6.732087347953035278e-11 3.073304987910495756e-16 2.928974523544047391e-12 3.008602227748768136e-17 1.271108628631430868e-13 2.325672933987601727e-18
1.351713045454555617e-02 6.928690269697689216e-09 1.926484792106561992e-03 7.031435758171086710e-10 1.902912844337968938e-04 -4.431103960400308991e-26 1.502665386118455141e-05 -4.995668387706775499e-12 1.005635898460739489e-06 -5.803168873345816648e-13 5.891889905347310123e-08 -5.269549611751232592e-14 3.089367426068876231e-09 -5.438106515040183947e-15 1.476881230766674595e-10 -6.151045214903068032e-16 6.568417284038557759e-12 -6.487825040121089764e-17 2.791638216141964545e-13 -5.995584205523785928e-18 1.174534618749177784e-14 -4.857704196107206778e-19
1.058160454832689570e-03 7.170989645787036543e-10 1.513726576683519474e-04 1.122078741724089126e-10 1.502665386118455141e-05 4.995668387706779538e-12 1.193104070798681345e-06 9.065556783395543183e-28 8.024895328819902395e-08 -3.902102850699768376e-14 4.716870344134295368e-09 -1.088110944064521163e-14 2.471203723746683083e-10 -2.006294025833578444e-15 1.171095506904703356e-11 -2.709378548477716005e-16 5.090300243156841595e-13 -2.899987968599350972e-17 2.065933301867027775e-14 -2.599147124751471270e-18 8.045482034556120551e-16 -2.020946446748932831e-19
7.039377132850410776e-05 5.064139256981027452e-11 1.009170513752892525e-05 1.024169245889481646e-11 1.005635898460739489e-06 5.803168873345814628e-13 8.024895328819902395e-08 3.902102850699760803e-14 5.427060348721128088e-09 8.897104152885040301e-32 3.204350076321194305e-10 -1.234413461332617840e-15 1.680715172599514121e-11 -2.951720104110870584e-16 7.911177932755771879e-13 -4.283194790012715465e-17 3.359498495052470507e-14 -4.696996545269064136e-18 1.289196712841667220e-15 -4.245152735986538528e-19 4.465856335102482819e-17 -3.306941971978888359e-20
4.115806581550820118e-06 2.356413028222472092e-12 5.902390436486758761e-07 5.933095639656618325e-13 5.891889905347310123e-08 5.269549611751233854e-14 4.716870344134295368e-09 1.088110944064521794e-14 3.204350076321194305e-10 1.234413461332618432e-15 1.901851345921081029e-11 -1.806398220086599026e-32 1.002182552352321660e-12 -2.128329099766887711e-17 4.724468099865280128e-14 -3.970354782465517608e-18 1.992240702384887915e-15 -4.764931586420115839e-19 7.435720383794132616e-17 -4.497411581622802537e-20 2.377786759764956017e-18 -3.589177464077564540e-21
2.164861461822425240e-07 3.180675388188969705e-14 3.100028047817414279e-08 1.290162947881074235e-14 3.089367426068876231e-09 5.438106515040182369e-15 2.471203723746683083e-10 2.006294025833578444e-15 1.680715172599514121e-11 2.951720104110869598e-16 1.002182552352321660e-12 2.128329099766888327e-17 5.336324224379027720e-14 -1.410032491936378960e-35 2.566499466388167893e-15 -2.130190773549616377e-19 1.122577072539177914e-16 -3.343235131247673789e-20 4.480806178574164462e-18 -3.497354816513934986e-21 1.629473055187468403e-19 -2.942802877205970644e-22
1.044845257542643997e-08 -7.054675112971486560e-15 1.492189333983530094e-09 -1.822814404965897274e-15 1.476881230766674595e-10 6.151045214903073948e-16 1.171095506904703356e-11 2.709378548477716498e-16 7.911177932755771879e-13 4.283194790012715465e-17 4.724468099865280128e-14 3.970354782465518378e-18 2.566499466388167893e-15 2.130190773549616377e-19 1.303201346893734864e-16 9.164661659307705012e-37 6.366306828398030554e-18 -1.469799974996315376e-21 3.080395962578159689e-19 -2.027430687529317043e-22 1.505040232150739221e-20 -1.903173556151630759e-23
4.724407048650968836e-10 -9.539177389075802318e-16 6.732087347953035278e-11 -3.073304987910495756e-16 6.568417284038557759e-12 6.487825040121097159e-17 5.090300243156841595e-13 2.899987968599350972e-17 3.359498495052470507e-14 4.696996545269064136e-18 1.992240702384887915e-15 4.764931586420115839e-19 1.122577072539177914e-16 3.343235131247674391e-20 6.366306828398030554e-18 1.469799974996315564e-21 3.774540998402000206e-19 -1.500882178902208383e-38 2.334090899495970219e-20 -7.690989265731963211e-24 1.452731528814733709e-21 -9.570222893714561110e-25
2.052368573824602576e-11 -8.089052256790312386e-17 2.928974523544047391e-12 -3.008602227748768752e-17 2.791638216141964545e-13 5.995584205523792091e-18 2.065933301867027775e-14 2.599147124751471270e-18 1.289196712841667220e-15 4.245152735986537565e-19 7.435720383794132616e-17 4.497411581622802537e-20 4.480806178574164462e-18 3.497354816513934986e-21 3.080395962578159689e-19 2.027430687529317278e-22 2.334090899495970219e-20 7.690989265731961741e-24 1.774961793340015995e-21 -5.124762310911205678e-41 1.270301875982471517e-22 -3.242878272786325611e-26
8.821146503887403779e-13 -5.564434024170600098e-18 1.271108628631430868e-13 -2.325672933987595564e-18 1.174534618749177784e-14 4.857704196107216408e-19 8.045482034556120551e-16 2.020946446748932831e-19 4.465856335102482819e-17 3.306941971978888359e-20 2.377786759764956017e-18 3.589177464077563788e-21 1.629473055187468403e-19 2.942802877205971114e-22 1.505040232150739221e-20 1.903173556151630759e-23 1.452731528814733709e-21 9.570222893714562947e-25 1.270301875982471517e-22 3.242878272786325611e-26 9.792750734996907495e-24 -9.855268428631613898e-43

