9.794599421816965190e-01 -5.125860815022655676e-24 1.381883401186555227e-01 -3.755877174268709296e-08 1.351167232659835835e-02 -6.905159420639797390e-09 1.057733471704577462e-03 -7.154996965609480767e-10 7.036539083291465109e-05 -5.058775772827926102e-11 4.114148641203729077e-06 -2.355949440145934242e-12 2.163989869490773952e-07 -3.162568854245090566e-14 1.044424440671436820e-08 7.109600751975222570e-15 4.722500137184943263e-10 9.620118004333170533e-16 2.051535899979789668e-11 8.173972345490874119e-17 8.817535681509029246e-13 5.636562293846618651e-18
1.381883401186555227e-01 3.755877174268709296e-08 1.959981056751003772e-02 5.054126890868892276e-25 1.925707412697291081e-03 -6.333279813125231719e-10 1.513116359771716709e-04 -9.606028243074124707e-11 1.008764131819829629e-05 -8.237880823648961326e-12 5.900015254029899955e-07 -4.277343652032953385e-13 3.098779813590293021e-08 -3.939352543259229260e-15 1.491586386107295960e-09 1.983746084598684226e-15 6.729342763104894382e-11 2.768912052179550489e-16 2.927759741264958488e-12 2.530936640491779131e-17 1.270567357699797446e-13 1.872698602590215201e-18
1.351167232659835835e-02 6.905159420639794082e-09 1.925707412697291081e-03 6.333279813125230685e-10 1.902149820600441174e-04 -1.044827100741381143e-26 1.502069025748596032e-05 -3.270985210186835504e-12 1.005241615720986612e-06 -3.283499665686545391e-13 5.889604325466345718e-08 -3.752172046147970442e-14 3.088172853467241870e-09 -5.952418614373390477e-15 1.476301889890582722e-10 -8.480575045885032069e-16 6.565716544613374451e-12 -9.706195652340226499e-17 2.790376221614564538e-13 -9.174757391623613956e-18 1.173922924205873348e-14 -7.434444567845106371e-19
1.057733471704577462e-03 7.154996965609489038e-10 1.513116359771716709e-04 9.606028243074123414e-11 1.502069025748596032e-05 3.270985210186839139e-12 1.192642697383505185e-06 1.259275467576583729e-28 8.021887635231148143e-08 -2.921444052788422750e-14 4.715152480674605165e-09 -1.113777121618635067e-14 2.470314352930485909e-10 -2.290716637748015591e-15 1.170661345330842913e-11 -3.218350395466851485e-16 5.088200694931881420e-13 -3.499722736418265781e-17 2.064877054089550185e-14 -3.157612067909368719e-18 8.039849849019663723e-16 -2.461337268703299037e-19
7.036539083291465109e-05 5.058775772827925456e-11 1.008764131819829629e-05 8.237880823648974250e-12 1.005241615720986612e-06 3.283499665686542362e-13 8.021887635231148143e-08 2.921444052788424643e-14 5.425135883227818803e-09 7.566023379511570466e-30 3.203271949251551828e-10 -1.350335258494129449e-15 1.680163587432860190e-11 -3.316210367348820955e-16 7.908458196252027459e-13 -4.860312689769594235e-17 3.358119953476714083e-14 -5.351290052666463746e-18 1.288444429992841165e-15 -4.844160417086737989e-19 4.461482728597914494e-17 -3.775201363590888654e-20
4.114148641203729077e-06 2.355949440145934242e-12 5.900015254029899955e-07 4.277343652032936219e-13 5.889604325466345718e-08 3.752172046147966024e-14 4.715152480674605165e-09 1.113777121618633647e-14 3.203271949251551828e-10 1.350335258494128857e-15 1.901259083317975920e-11 2.714674399701350946e-32 1.001882576835410826e-12 -2.360306714592463303e-17 4.722964478747695180e-14 -4.398892892438754037e-18 1.991435308821593199e-15 -5.271084425406334966e-19 7.430965302612091454e-17 -4.967331010988397851e-20 2.374825763757301638e-18 -3.958274703086237930e-21
2.163989869490773952e-07 3.162568854245132218e-14 3.098779813590293021e-08 3.939352543259238726e-15 3.088172853467241870e-09 5.952418614373395210e-15 2.470314352930485909e-10 2.290716637748015197e-15 1.680163587432860190e-11 3.316210367348821448e-16 1.001882576835410826e-12 2.360306714592463303e-17 5.334802655861786192e-14 5.023741234199291768e-35 2.565715619287539689e-15 -2.325150063720642724e-19 1.122133033518992240e-16 -3.630910127875372206e-20 4.478018331522204364e-18 -3.783534723029303592e-21 1.627660035887045760e-19 -3.173474815199931047e-22
1.044424440671436820e-08 -7.109600751975228880e-15 1.491586386107295960e-09 -1.983746084598685804e-15 1.476301889890582722e-10 8.480575045885030097e-16 1.170661345330842913e-11 3.218350395466851485e-16 7.908458196252027459e-13 4.860312689769594235e-17 4.722964478747695180e-14 4.398892892438754037e-18 2.565715619287539689e-15 2.325150063720642242e-19 1.302781476813826963e-16 -1.232899937398413456e-36 6.363832863675792237e-18 -1.576083496255170692e-21 3.078803263436055249e-19 -2.161667146264874330e-22 1.503993435236879494e-20 -2.019698316118393676e-23
4.722500137184943263e-10 -9.620118004333182366e-16 6.729342763104894382e-11 -2.768912052179549996e-16 6.565716544613374451e-12 9.706195652340224034e-17 5.088200694931881420e-13 3.499722736418267014e-17 3.358119953476714083e-14 5.351290052666462976e-18 1.991435308821593199e-15 5.271084425406334966e-19 1.122133033518992240e-16 3.630910127875372206e-20 6.363832863675792237e-18 1.576083496255170880e-21 3.773073808474000367e-19 -3.444530348189945498e-39 2.333164619615114904e-20 -8.111965268843840617e-24 1.452136558862101355e-21 -1.003270450121404185e-24
2.051535899979789668e-11 -8.173972345490860560e-17 2.927759741264958488e-12 -2.530936640491789608e-17 2.790376221614564538e-13 9.174757391623607793e-18 2.064877054089550185e-14 3.157612067909368719e-18 1.288444429992841165e-15 4.844160417086738952e-19 7.430965302612091454e-17 4.967331010988397851e-20 4.478018331522204364e-18 3.783534723029302840e-21 3.078803263436055249e-19 2.161667146264874330e-22 2.333164619615114904e-20 8.111965268843842086e-24 1.774403563482469746e-21 -1.166821919226849773e-40 1.269958360036021906e-22 -3.365456272617198979e-26
8.817535681509029246e-13 -5.636562293846631747e-18 1.270567357699797446e-13 -1.872698602590212889e-18 1.173922924205873348e-14 7.434444567845112149e-19 8.039849849019663723e-16 2.461337268703298556e-19 4.461482728597914494e-17 3.775201363590888053e-20 2.374825763757301638e-18 3.958274703086237930e-21 1.627660035887045760e-19 3.173474815199931047e-22 1.503993435236879494e-20 2.019698316118393676e-23 1.452136558862101355e-21 1.003270450121404185e-24 1.269958360036021906e-22 3.365456272617198405e-26 9.790717103991977163e-24 3.639142231037677885e-43

