9.790642233114883464e-01 -9.920792782465402097e-24 1.381325106156223725e-01 -3.754975952943801119e-08 1.350621359475588992e-02 -6.895127865001951167e-09 1.057306155984222762e-03 -7.134706599003955239e-10 7.033696423345341619e-05 -5.035838643316092779e-11 4.112486573299404452e-06 -2.339172481709938711e-12 2.163115594096546736e-07 -3.095752314915397588e-14 1.044002419431541692e-08 7.089401998537010928e-15 4.720591336015996771e-10 9.551999182428924377e-16 2.050706246642644448e-11 8.094741358634260714e-17 8.813967035497483343e-13 5.568508092099886640e-18
1.381325106156223725e-01 3.754975952943798472e-08 1.959188553610533706e-02 -5.281499108464511613e-25 1.924928163175774554e-03 -7.002236946292088526e-10 1.512503659850703377e-04 -1.116896551560634089e-10 1.008355502581435539e-05 -1.018347252573137899e-11 5.897625905408059530e-07 -5.883328331872187223e-13 3.097526812272343777e-08 -1.256061033122322462e-14 1.490985579486749934e-09 1.841533906278862108e-15 6.726653052112155412e-11 3.080920615784521150e-16 2.926604933453252399e-12 3.009983291990400171e-17 1.270075737791507040e-13 2.324399949359615888e-18
1.350621359475588992e-02 6.895127865001947858e-09 1.924928163175774554e-03 7.002236946292099900e-10 1.901374756413111401e-04 1.185349204205005449e-26 1.501450673142323097e-05 -4.958165964776921828e-12 1.004823089218895868e-06 -5.741077924239416336e-13 5.887129789719780876e-08 -5.204938619171870209e-14 3.086873207171460177e-09 -5.387639720190555829e-15 1.475689861172116836e-10 -6.120251838138355976e-16 6.563122386444771360e-12 -6.473742940002429463e-17 2.789387750534887281e-13 -5.992708127061833359e-18 1.173586199070632179e-14 -4.860030055618093408e-19
1.057306155984222762e-03 7.134706599003955239e-10 1.512503659850703377e-04 1.116896551560634089e-10 1.501450673142323097e-05 4.958165964776925867e-12 1.192139193991904345e-06 6.938098665139264343e-29 8.018404641359393924e-08 -3.868278702161571230e-14 4.713056268476660862e-09 -1.083521043120059298e-14 2.469207127251625239e-10 -2.002534353376800187e-15 1.170150802416028683e-11 -2.707316288119939318e-16 5.086204487182266560e-13 -2.899450256746759431e-17 2.064277320801939290e-14 -2.599663403108651803e-18 8.039064161283089716e-16 -2.021811127818444746e-19
7.033696423345341619e-05 5.035838643316094071e-11 1.008355502581435539e-05 1.018347252573140807e-11 1.004823089218895868e-06 5.741077924239430472e-13 8.018404641359393924e-08 3.868278702161573755e-14 5.422668903850181139e-09 -6.613344779500323694e-30 3.201757242297013998e-10 -1.232791211730861642e-15 1.679356279274276905e-11 -2.950452813223922306e-16 7.904795022003086026e-13 -4.283180217841395555e-17 3.356799936403377681e-14 -4.698079425725512962e-18 1.288170176547136641e-15 -4.246910168037318352e-19 4.462360120331453691e-17 -3.308653026441313344e-20
4.112486573299404452e-06 2.339172481709932248e-12 5.897625905408059530e-07 5.883328331872183184e-13 5.887129789719780876e-08 5.204938619171885356e-14 4.713056268476660862e-09 1.083521043120059613e-14 3.201757242297013998e-10 1.232791211730862037e-15 1.900312023928878539e-11 2.095788594927553022e-32 1.001371853847084007e-12 -2.128495067524126609e-17 4.720654418572355401e-14 -3.971525628638865156e-18 1.990640851719376562e-15 -4.766942823761498668e-19 7.429819172777586252e-17 -4.499832773283326034e-20 2.375951428442002908e-18 -3.591317151206367846e-21
2.163115594096546736e-07 3.095752314915344577e-14 3.097526812272343777e-08 1.256061033122326248e-14 3.086873207171460177e-09 5.387639720190553463e-15 2.469207127251625239e-10 2.002534353376799793e-15 1.679356279274276905e-11 2.950452813223922306e-16 1.001371853847084007e-12 2.128495067524126609e-17 5.332007551264110085e-14 2.313400911237392451e-34 2.564425647318590130e-15 -2.131150552314125662e-19 1.121672909894312075e-16 -3.345022497969938066e-20 4.477223863171826563e-18 -3.499534092668239464e-21 1.628190099212810686e-19 -2.944746038685454385e-22
1.044002419431541692e-08 -7.089401998537007772e-15 1.490985579486749934e-09 -1.841533906278862503e-15 1.475689861172116836e-10 6.120251838138347101e-16 1.170150802416028683e-11 2.707316288119938825e-16 7.904795022003086026e-13 4.283180217841394322e-17 4.720654418572355401e-14 3.971525628638865156e-18 2.564425647318590130e-15 2.131150552314125181e-19 1.302146501730365909e-16 1.560403629527031682e-37 6.361140798202860025e-18 -1.470696750395145926e-21 3.077888799335860803e-19 -2.028825266474195540e-22 1.503811448105714418e-20 -1.904533381138991946e-23
4.720591336015996771e-10 -9.551999182428914516e-16 6.726653052112155412e-11 -3.080920615784520164e-16 6.563122386444771360e-12 6.473742940002426998e-17 5.086204487182266560e-13 2.899450256746759431e-17 3.356799936403377681e-14 4.698079425725512962e-18 1.990640851719376562e-15 4.766942823761500594e-19 1.121672909894312075e-16 3.345022497969938066e-20 6.361140798202860025e-18 1.470696750395145737e-21 3.771445715143132352e-19 5.825155712349605644e-39 2.332157593461029450e-20 -7.696726768101056334e-24 1.451519519431317943e-21 -9.577531281163018180e-25
2.050706246642644448e-11 -8.094741358634260714e-17 2.926604933453252399e-12 -3.009983291990404485e-17 2.789387750534887281e-13 5.992708127061832589e-18 2.064277320801939290e-14 2.599663403108650647e-18 1.288170176547136641e-15 4.246910168037319315e-19 7.429819172777586252e-17 4.499832773283326034e-20 4.477223863171826563e-18 3.499534092668239464e-21 3.077888799335860803e-19 2.028825266474195540e-22 2.332157593461029450e-20 7.696726768101056334e-24 1.773475162252538320e-21 -3.450768145210216565e-41 1.269231735338699731e-22 -3.245515379353517585e-26
8.813967035497483343e-13 -5.568508092099874314e-18 1.270075737791507040e-13 -2.324399949359613962e-18 1.173586199070632179e-14 4.860030055618090519e-19 8.039064161283089716e-16 2.021811127818444987e-19 4.462360120331453691e-17 3.308653026441313946e-20 2.375951428442002908e-18 3.591317151206368598e-21 1.628190099212810686e-19 2.944746038685453444e-22 1.503811448105714418e-20 1.904533381138991946e-23 1.451519519431317943e-21 9.577531281163020017e-25 1.269231735338699731e-22 3.245515379353518159e-26 9.784466954746523765e-24 -4.142766090705983602e-43

