0.00000000000000000000	1.00000000000000000000	0.00000000000000000000	1.00000000000000000000	0.00000000000000000000	nan	0.00000000000000000000	0.00000000000000000000
0.00500000000000000010	1.00000000031250002586	0.00002499999999218750	0.99997500000000771880	0.00000000015624999995	nan	0.00000000000000000000	0.00000000000000000000
0.01000000000000000021	1.00000000031247937571	0.00009999500003645918	0.99990000499996378736	0.00000000249986458389	0.00000000000000000000	0.00000000000001562396	0.00000000000000007812
0.01499999999999999944	1.00000000031243851950	0.00022497000170304017	0.99977502999829692687	0.00000001265456648685	0.02778086436789522010	0.00000000000014060098	0.00000000000000078112
0.02000000000000000042	1.00000000031237568088	0.00039990001210294177	0.99960009998789733920	0.00000003999068844933	0.05575940231890964133	0.00000000000056231839	0.00000000000000359272
0.02500000000000000139	1.00000000031229263620	0.00062475005044751453	0.99937524994955284630	0.00000009762181566207	0.07292284420682668133	0.00000000000156168901	0.00000000000001140116
0.02999999999999999889	1.00000000031218450047	0.00089947515710363940	0.99910052484289635366	0.00000020240033686869	0.08349551694350348940	0.00000000000351296004	0.00000000000002896596
0.03500000000000000333	1.00000000031205105167	0.00122402040514159706	0.99877597959485853174	0.00000037491190561965	0.09033085796236103859	0.00000000000688346356	0.00000000000006338328
0.04000000000000000083	1.00000000031188918115	0.00159832091437191333	0.99840167908562849064	0.00000063946881352470	0.09496824536418778384	0.00000000001223330903	0.00000000000012454982
0.04499999999999999833	1.00000000031168712056	0.00202230186786673269	0.99797769813213299539	0.00000102410227770388	0.09824888693639603765	0.00000000002021501781	0.00000000000022562491
0.05000000000000000278	1.00000000031143843060	0.00249587853096054938	0.99750412146903988386	0.00000156055364498897	0.10065362947997744114	0.00000000003157310009	0.00000000000038349041
0.05500000000000000028	1.00000000031112512566	0.00301895627272433546	0.99698104372727591738	0.00000228426451577849	0.10247053904700705040	0.00000000004714357449	0.00000000000061920829
0.05999999999999999778	1.00000000031072788786	0.00359143058990647572	0.99640856941009370296	0.00000323436579079884	0.10387970938774536422	0.00000000006785343064	0.00000000000095847544
0.06500000000000000222	1.00000000031021851754	0.00421318713333302536	0.99578681286666703709	0.00000445366564437305	0.10499802490713507075	0.00000000009472003519	0.00000000000143207562
0.07000000000000000666	1.00000000030956126551	0.00488410173675924136	0.99511589826324087227	0.00000598863642814538	0.10590385731054913210	0.00000000012885048161	0.00000000000207632802
0.07499999999999999722	1.00000000030870950241	0.00560404044816352996	0.99439595955183701648	0.00000788940050955589	0.10665126792915380349	0.00000000017144088426	0.00000000000293353245
0.08000000000000000167	1.00000000030760727299	0.00637285956347417078	0.99362714043652577978	0.00001020971504970277	0.10727848652011919006	0.00000000022377561727	0.00000000000405241053
0.08500000000000000611	1.00000000030618507729	0.00719040566271866247	0.99280959433728166452	0.00001300695572557273	0.10781314508457971735	0.00000000028722649872	0.00000000000548854303
0.08999999999999999667	1.00000000030435898246	0.00805651564858455085	0.99194348435141588283	0.00001634209940195976	0.10827560620249172818	0.00000000036325192075	0.00000000000730480263
0.09500000000000000111	1.00000000030202640389	0.00897101678738007266	0.99102898321262022918	0.00002027970575873085	0.10868113656878811146	0.00000000045339592611	0.00000000000957178226
0.10000000000000000555	1.00000000029906899179	0.00993372675238227663	0.99006627324761786735	0.00002488789787943366	0.10904136054247966225	0.00000000055928723194	0.00000000001236821842
0.10499999999999999611	1.00000000029534485968	0.01094445366955932968	0.98905554633044057145	0.00003023834180757472	0.10936525319543498325	0.00000000068263820143	0.00000000001578140943
0.11000000000000000056	1.00000000029069457952	0.01200299616565340260	0.98799700383434663209	0.00003640622507722838	0.10965983196058935734	0.00000000082524376401	0.00000000001990762825
0.11500000000000000500	1.00000000028492430637	0.01310914341860940427	0.98689085658139052981	0.00004347023422496603	0.10993064684966018241	0.00000000098898028496	0.00000000002485252967
0.11999999999999999556	1.00000000027782132150	0.01426267521033455603	0.98573732478966580306	0.00005151253129042082	0.11018213347222766130	0.00000000117580438507	0.00000000003073155160
0.12500000000000000000	1.00000000026913715701	0.01546336198177287145	0.98453663801822766111	0.00006061872931312829	0.11041787097334213041	0.00000000138775171142	0.00000000003767031015
0.13000000000000000444	1.00000000025859225872	0.01671096489027788096	0.98328903510972165414	0.00007087786683360208	0.11064077302447779261	0.00000000162693565990	0.00000000004580498845
0.13500000000000000888	1.00000000024587243352	0.01800523586926670860	0.98199476413073316650	0.00008238238140692492	0.11085323098580274204	0.00000000189554605055	0.00000000005528271871
0.14000000000000001332	1.00000000023062374233	0.01934591769013711479	0.98065408230986261806	0.00009522808213744636	0.11105722243639641611	0.00000000219584775657	0.00000000006626195749
0.14499999999999999001	1.00000000021245294413	0.02073274402642951916	0.97926725597357111575	0.00010951412124349399	0.11125439431480142749	0.00000000253017928794	0.00000000007891285393
0.14999999999999999445	1.00000000019092105674	0.02216543952021437711	0.97783456047978545289	0.00012534296466131152	0.11144612723043621771	0.00000000290095133078	0.00000000009341761058
0.15499999999999999889	1.00000000016553936000	0.02364371985068543236	0.97635628014931508112	0.00014282036169774315	0.11163358566114678361	0.00000000331064524327	0.00000000010997083680
0.16000000000000000333	1.00000000013577516889	0.02516729180493807588	0.97483270819506218086	0.00016205531374148392	0.11181775746548233696	0.00000000376181150940	0.00000000012877989435
0.16500000000000000777	1.00000000010103540227	0.02673585335091212614	0.97326414664908733609	0.00018316004204301761	0.11199948522983388388	0.00000000425706815145	0.00000000015006523510
0.17000000000000001221	1.00000000006067790714	0.02834909371247677431	0.97165090628752359692	0.00020624995457365329	0.11217949132166318837	0.00000000479909910249	0.00000000017406073062
0.17500000000000001665	1.00000000001399391714	0.03000669344663580221	0.96999330655336402085	0.00023144361197436513	0.11235839805146184689	0.00000000539065253979	0.00000000020101399331
0.17999999999999999334	0.99999999996021382564	0.03170832452283017105	0.96829167547716932241	0.00025886269260543140	0.11253674400424078239	0.00000000603453918063	0.00000000023118668922
0.18499999999999999778	0.99999999989850163473	0.03345365040431419468	0.96654634959568597186	0.00028863195670813954	0.11271499734955028882	0.00000000673363054139	0.00000000026485484192
0.19000000000000000222	0.99999999982794907094	0.03524232613158102823	0.96475767386841881912	0.00032087920969011780	0.11289356675190333201	0.00000000749085716132	0.00000000030230912773
0.19500000000000000666	0.99999999974757569632	0.03707399840781357842	0.96292600159218644240	0.00035573526454611855	0.11307281036317755329	0.00000000830920679217	0.00000000034385516169
0.20000000000000001110	0.99999999965632524468	0.03894830568633467910	0.96105169431366510580	0.00039333390342634908	0.11325304327259012871	0.00000000919172255494	0.00000000038981377447
0.20500000000000001554	0.99999999955305718391	0.04086487826003121909	0.95913512173996862131	0.00043381183836472550	0.11343454370910061035	0.00000001014150106499	0.00000000044052127979
0.20999999999999999223	0.99999999943654882539	0.04282333835272542077	0.95717666164727455147	0.00047730867117966178	0.11361755822921747183	0.00000001116169052690	0.00000000049632973243
0.21499999999999999667	0.99999999930548733040	0.04482330021246695717	0.95517669978753294568	0.00052396685256029315	0.11380230607537304699	0.00000001225548880027	0.00000000055760717643
0.22000000000000000111	0.99999999915846848886	0.04686437020671782583	0.95313562979328236846	0.00057393164035126037	0.11398898285287827059	0.00000001342614143797	0.00000000062473788362
0.22500000000000000555	0.99999999899399361070	0.04894614691940218226	0.95105385308059842142	0.00062735105704944520	0.11417776364442400183	0.00000001467693969797	0.00000000069812258211
0.23000000000000000999	0.99999999881046408579	0.05106822124979288474	0.94893177875020717771	0.00068437584652628882	0.11436880565822721278	0.00000001601121853031	0.00000000077817867476
0.23500000000000001443	0.99999999860617438951	0.05323017651320521848	0.94676982348679494805	0.00074515942998955287	0.11456225048785023679	0.00000001743235454051	0.00000000086534044746
0.23999999999999999112	0.99999999837931641267	0.05543158854346862813	0.94456841145653114289	0.00080985786119862878	0.11475822604733361409	0.00000001894376393079	0.00000000096005926712
0.24499999999999999556	0.99999999812796946941	0.05767202579714652416	0.94232797420285308032	0.00087862978094773066	0.11495684823379419270	0.00000002054890042059	0.00000000106280376922
0.25000000000000000000	0.99999999785009885400	0.05995104945947288266	0.94004895054052717285	0.00095163637083151389	0.11515822236039205406	0.00000002225125314772	0.00000000117406003496
0.25500000000000000444	0.99999999754355040071	0.06226821355197591917	0.93773178644802390735	0.00102904130630789990	0.11536244439513754223	0.00000002405434455162	0.00000000129433175771
0.26000000000000000888	0.99999999720604582087	0.06462306504175636956	0.93537693495824414391	0.00111101070907309424	0.11556960203494072437	0.00000002596172824019	0.00000000142414039892
0.26500000000000001332	0.99999999683518403515	0.06701514395238876431	0.93298485604761105527	0.00119771309876397984	0.11577977563940805572	0.00000002797698684160	0.00000000156402533312
0.27000000000000001776	0.99999999642843218073	0.06944398347641389524	0.93055601652358610476	0.00128931934400330689	0.11599303904485443184	0.00000003010372984246	0.00000000171454398234
0.27500000000000002220	0.99999999598312538929	0.07190911008938834226	0.92809088991061117202	0.00138600261280323492	0.11620946027570064341	0.00000003234559141407	0.00000000187627193941
0.28000000000000002665	0.99999999549645768315	0.07441004366545980742	0.92558995633453988727	0.00148793832234305054	0.11642910216770632759	0.00000003470622822785	0.00000000204980308055
0.28500000000000003109	0.99999999496548852562	0.07694629759443299966	0.92305370240556738892	0.00159530408813700971	0.11665202291523601996	0.00000003718931726171	0.00000000223574966685
0.28999999999999998002	0.99999999438712516842	0.07951737890029285383	0.92048262109970713230	0.00170827967260847331	0.11687827655289129147	0.00000003979855359875	0.00000000243474243485
0.29499999999999998446	0.99999999375812720359	0.08212278836115063929	0.91787721163884872233	0.00182704693308664715	0.11710791338027767838	0.00000004253764821964	0.00000000264743067595
0.29999999999999998890	0.99999999307511044933	0.08476202063057826364	0.91523797936942197229	0.00195178976924243884	0.11734098033739256972	0.00000004541032579033	0.00000000287448230490
0.30499999999999999334	0.99999999233452507852	0.08743456436029492518	0.91256543563970493604	0.00208269406998007854	0.11757752133701133979	0.00000004842032244652	0.00000000311658391713
0.30999999999999999778	0.99999999153266538876	0.09013990232572127725	0.90986009767427844519	0.00221994755992356704	0.11867692417307558472	0.00000005166976023767	0.00000000337493271832
0.31500000000000000222	0.99999999066566536143	0.09287751155293959282	0.90712248844706044881	0.00236373983271467598	0.12056086923152151136	0.00000005517193464444	0.00000000365079239154
0.32000000000000000666	0.99999998972949200038	0.09564686344543064933	0.90435313655456972537	0.00251426229597973006	0.12315783061529943232	0.00000005894065975287	0.00000000394549569031
0.32500000000000001110	0.99999998871993878158	0.09844742391201169451	0.90155257608798833324	0.00267170811582898970	0.12640174368902626356	0.00000006299026160726	0.00000000426044699834
0.33000000000000001554	0.99999998763262887280	0.10127865349594215860	0.89872134650405777201	0.00283627216090800776	0.13023110733812454098	0.00000006733556953139	0.00000000459712484600
0.33500000000000001998	0.99999998646301346827	0.10414000750515696458	0.89585999249484227214	0.00300815094601874968	0.13458823889210899671	0.00000007199190715442	0.00000000495708438177
0.34000000000000002442	0.99999998520635946520	0.10703093614359097951	0.89296906385640906212	0.00318754257532826530	0.13941869914425403243	0.00000007697508314742	0.00000000534195979751
0.34500000000000002887	0.99999998385775357157	0.10995088464355684543	0.89004911535644337661	0.00337464668518297007	0.14467088040648498626	0.00000008230138167708	0.00000000575346670589
0.35000000000000003331	0.99999998241209520078	0.11289929339913853945	0.88710070660086126626	0.00356966438654660522	0.15029573619930938766	0.00000008798755258276	0.00000000619340446881
0.35499999999999998224	0.99999998086409758180	0.11587559810056137499	0.88412440189943874991	0.00377279820707999850	0.15624662447913584273	0.00000009405080128397	0.00000000666365847523
0.35999999999999998668	0.99999997920827998765	0.11887922986950015536	0.88112077013050016383	0.00398425203288093558	0.16247923493012408902	0.00000010050877842476	0.00000000716620236735
0.36499999999999999112	0.99999997743897139912	0.12190961539528777369	0.87809038460471222631	0.00420423104990246595	0.16895157285262277225	0.00000010737956926228	0.00000000770310021366
0.36999999999999999556	0.99999997555030062379	0.12496617707198443004	0.87503382292801534792	0.00443294168506811349	0.17562397605851090554	0.00000011468168280666	0.00000000827650862770
0.37500000000000000000	0.99999997353620451168	0.12804833313626778901	0.87195166686373182241	0.00467059154710231829	0.18245914584592817786	0.00000012243404071953	0.00000000888867883129
0.38000000000000000444	0.99999997139040974758	0.13115549780610599728	0.86884450219389453007	0.00491738936709485656	0.18942217784140036319	0.00000013065596597867	0.00000000954195866119
0.38500000000000000888	0.99999996910644506354	0.13428708142017309335	0.86571291857982679563	0.00517354493881770367	0.19648058282076352743	0.00000013936717131657	0.00000001023879451777
0.39000000000000001332	0.99999996667762658387	0.13744249057796809055	0.86255750942203202047	0.00543926905881306731	0.20360429131845367290	0.00000014858774744050	0.00000001098173325497
0.39500000000000001776	0.99999996409706970457	0.14062112828059661340	0.85937887171940374742	0.00571477346627117123	0.21076563882204235600	0.00000015833815104230	0.00000001177342401018
0.40000000000000002220	0.99999996135767277305	0.14382239407217634053	0.85617760592782399254	0.00600027078271669640	0.21793933063547399342	0.00000016863919260569	0.00000001261661997321
0.40500000000000002665	0.99999995845212896750	0.14704568418182664691	0.85295431581817360289	0.00629597445152246631	0.22510238714628580392	0.00000017951202401945	0.00000001351418009331
0.41000000000000003109	0.99999995537291042069	0.15029039166619909129	0.84970960833380082544	0.00660209867726922403	0.23223407134256399131	0.00000019097812600479	0.00000001446907072333
0.41500000000000003553	0.99999995211227687975	0.15355590655251297183	0.84644409344748705593	0.00691885836497034556	0.23931580109652822452	0.00000020305929536523	0.00000001548436720016
0.41999999999999998446	0.99999994866227159829	0.15684161598205301202	0.84315838401794696022	0.00724646905918016788	0.24633104906161423786	0.00000021577763206761	0.00000001656325536050
0.42499999999999998890	0.99999994501471756170	0.16014690435408862612	0.83985309564591148490	0.00758514688300488630	0.25326523310719262216	0.00000022915552616288	0.00000001770903299131
0.42999999999999999334	0.99999994116121881937	0.16347115347017521225	0.83652884652982495428	0.00793510847703473264	0.26010560011417399595	0.00000024321564455523	0.00000001892511121409
0.43499999999999999778	0.99999993709315804225	0.16681374267879703344	0.83318625732120332739	0.00829657093821623524	0.26684110573700314806	0.00000025798091762862	0.00000002021501580223
0.44000000000000000222	0.99999993280169252596	0.17017404902030977554	0.82982595097969025222	0.00866975175868336251	0.27346229245042730227	0.00000027347452573931	0.00000002158238843093
0.44500000000000000666	0.99999992827776540416	0.17355144737214503459	0.82644855262785543726	0.00905486876456630674	0.27996116787902736167	0.00000028971988558363	0.00000002303098785885
0.45000000000000001110	0.99999992351208544239	0.17694531059423185271	0.82305468940576809178	0.00945214005479663374	0.28633108507987203861	0.00000030674063644980	0.00000002456469104109
0.45500000000000001554	0.99999991849514313635	0.18035500967459988653	0.81964499032540050205	0.00986178393992743346	0.29256662613179151844	0.00000032456062636292	0.00000002618749417291
0.46000000000000001998	0.99999991321720316240	0.18377991387511857790	0.81622008612488161639	0.01028401888098721614	0.29866349009027670647	0.00000034320389813242	0.00000002790351366357
0.46500000000000002442	0.99999990766830593181	0.18721939087733688312	0.81278060912266314464	0.01071906342838610006	0.30461838610170327568	0.00000036269467531090	0.00000002971698704013
0.47000000000000002887	0.99999990183826437118	0.19067280692837818012	0.80932719307162204192	0.01116713616089275336	0.31042893223763090571	0.00000038305734807376	0.00000003163227378049
0.47500000000000003331	0.99999989571666647592	0.19413952698685310594	0.80586047301314633895	0.01162845562470075922	0.31609356041001140936	0.00000040431645902885	0.00000003365385607564
0.47999999999999998224	0.99999988929287497719	0.19761891486875016177	0.80238108513124961618	0.01210324027260262919	0.32161142756022659261	0.00000042649668896522	0.00000003578633952046
0.48499999999999998668	0.99999988255603233789	0.20111033339326095382	0.79888966660673887965	0.01259170840328992236	0.32698233317669894715	0.00000044962284255060	0.00000003803445373322
0.48999999999999999112	0.99999987549505175988	0.20461314452850368206	0.79538685547149601263	0.01309407810079770210	0.33220664308472741544	0.00000047371983398653	0.00000004040305290315
0.49499999999999999556	0.99999986809862362325	0.20812670953710177280	0.79187329046289833823	0.01361056717411145318	0.33728521936495786671	0.00000049881267263073	0.00000004289711626630
0.50000000000000000000	0.99999986035521593042	0.21165038912157835282	0.78834961087842136962	0.01414139309695454025	0.34221935619046567334	0.00000052492644859585	0.00000004552174850928
0.50500000000000000444	0.99999985225307230774	0.21518354356952962281	0.78481645643047093230	0.01468677294777439961	0.34701072132368698808	0.00000055208631833392	0.00000004828218010095
0.51000000000000000888	0.99999984378022044318	0.21872553289853266523	0.78127446710146741804	0.01524692334994487419	0.35166130298060893633	0.00000058031749021580	0.00000005118376755203
0.51500000000000001332	0.99999983492445998490	0.22227571700075218764	0.77772428299924767359	0.01582206041220308307	0.35617336174806557558	0.00000060964521011485	0.00000005423199360261
0.52000000000000001776	0.99999982567338163708	0.22583345578720487312	0.77416654421279507137	0.01641239966933773220	0.36054938722848517418	0.00000064009474700402	0.00000005743246733763
0.52500000000000002220	0.99999981601435317113	0.22939810933164236917	0.77060189066835782512	0.01701815602314716430	0.36479205908287071214	0.00000067169137857553	0.00000006079092423050
0.53000000000000002665	0.99999980593452830746	0.23296903801401513956	0.76703096198598463840	0.01763954368368389133	0.36890421214553598128	0.00000070446037689232	0.00000006431322611497
0.53500000000000003109	0.99999979542084571627	0.23654560266347762765	0.76345439733652209480	0.01827677611080325698	0.37288880529170675970	0.00000073842699408033	0.00000006800536108537
0.54000000000000003553	0.99999978446003934263	0.24012716470089459642	0.75987283529910598645	0.01893006595603314093	0.37674889375017028836	0.00000077361644807056	0.00000007187344332572
0.54500000000000003997	0.99999977303862541689	0.24371308628081392311	0.75628691371918632669	0.01959962500478179548	0.38048760456692259924	0.00000081005390839998	0.00000007592371286772
0.55000000000000004441	0.99999976114291921903	0.24730273043286499224	0.75269726956713478572	0.02028566411890068283	0.38410811494112812037	0.00000084776448208011	0.00000008016253527812
0.55500000000000004885	0.99999974875902664095	0.25089546120254579975	0.74910453879745408923	0.02098839317961861961	0.38761363317125668848	0.00000088677319954208	0.00000008459640127583
0.56000000000000005329	0.99999973587285828636	0.25449064379136060454	0.74550935620863933995	0.02170802103086423226	0.39100738196625223209	0.00000092710500066698	0.00000008923192627917
0.56500000000000005773	0.99999972247011992277	0.25808764469627237803	0.74191235530372756646	0.02244475542299249546	0.39429258389375970717	0.00000096878472090999	0.00000009407584988372
0.57000000000000006217	0.99999970853632569323	0.26168583184843191569	0.73831416815156802880	0.02319880295693221503	0.39747244875434872835	0.00000101183707752698	0.00000009913503527135
0.57500000000000006661	0.99999969405679522971	0.26528457475114691766	0.73471542524885324887	0.02397036902876950940	0.40055016268714399574	0.00000105628665591193	0.00000010441646855091
0.57999999999999996003	0.99999967901665554049	0.26888324461705476187	0.73111675538294518262	0.02475965777478400867	0.40352887882816412812	0.00000110215789605361	0.00000010992725803118
0.58499999999999996447	0.99999966340085444383	0.27248121450446427527	0.72751878549553561371	0.02556687201695247158	0.40641170935773945905	0.00000114947507911957	0.00000011567463342678
0.58999999999999996891	0.99999964719414979886	0.27607785945282797835	0.72392214054717241023	0.02639221320893605019	0.40920171878770067453	0.00000119826231417576	0.00000012166594499765
0.59499999999999997335	0.99999963038112604785	0.27967255661731277305	0.72032744338268672735	0.02723588138256576724	0.41190191835238842977	0.00000124854352504961	0.00000012790866262290
0.59999999999999997780	0.99999961294618844310	0.28326468540243204819	0.71673531459756800732	0.02809807509484149590	0.41451526138009814337	0.00000130034243734445	0.00000013441037480963
0.60499999999999998224	0.99999959487357603649	0.28685362759470423022	0.71314637240529532569	0.02897899137545911080	0.41704463953316400771	0.00000135368256561308	0.00000014117878763769
0.60999999999999998668	0.99999957614735346390	0.29043876749430569406	0.70956123250569425043	0.02987882567488794536	0.41949287626684489405	0.00000140858718957177	0.00000014822172358555
0.61499999999999999112	0.99999955675143337164	0.29401949204568156304	0.70598050795431854798	0.03079777181300589334	0.42186272479347569631	0.00000146507934051246	0.00000015554712028811
0.61999999999999999556	0.99999953666956198362	0.29759519096708325625	0.70240480903291713233	0.03173602192829883678	0.42415687022404147122	0.00000152318179944070	0.00000016316302928532
0.62500000000000000000	0.99999951588533231295	0.30116525687899697861	0.69883474312100291037	0.03269376642764491164	0.42637792831900428459	0.00000158291708492701	0.00000017107761470995
0.63000000000000000444	0.99999949438219326581	0.30472908543143611970	0.69527091456856415785	0.03367119393669781163	0.42852844469754414192	0.00000164430744115486	0.00000017929915191572
0.63500000000000000888	0.99999947214344808710	0.30828607543005553948	0.69171392456994462705	0.03466849125088185962	0.43061089444576333696	0.00000170737482617232	0.00000018783602604659
0.64000000000000001332	0.99999944915225869035	0.31183562896106842288	0.68816437103893157712	0.03568584328701297770	0.43262768207063706516	0.00000177214090035401	0.00000019669673054836
0.64500000000000001776	0.99999942539165587174	0.31537715151492418109	0.68462284848507615198	0.03672343303555739707	0.43458114175222184450	0.00000183862701507991	0.00000020588986562376
0.65000000000000002220	0.99999940084454008726	0.31891005210872047648	0.68108994789127985658	0.03778144151354130564	0.43647353785178610863	0.00000190685420163730	0.00000021542413663194
0.65500000000000002665	0.99999937549368711487	0.32243374340732128269	0.67756625659267877282	0.03886004771812419378	0.43830706563820820421	0.00000197684316035183	0.00000022530835243370
0.66000000000000003109	0.99999934932175904567	0.32594764184314684030	0.67405235815685304868	0.03995942858084733373	0.44008385219920675979	0.00000204861424995401	0.00000023555142368347
0.66500000000000003553	0.99999932231130406191	0.32945116773460869641	0.67054883226539141461	0.04107975892256972988	0.44180595750775780717	0.00000212218747718643	0.00000024616236106940
0.67000000000000003997	0.99999929444476443052	0.33294374540316035160	0.66705625459683992595	0.04222121140910285730	0.44347537561747929491	0.00000219758248665768	0.00000025715027350269
0.67500000000000004441	0.99999926570447883467	0.33642480328893370478	0.66357519671106679482	0.04338395650755608873	0.44509403596381008628	0.00000227481855094805	0.00000026852436625743
0.68000000000000004885	0.99999923607269292081	0.33989377406493864742	0.66010622593506107503	0.04456816244340334326	0.44666380475060057931	0.00000235391456097243	0.00000028029393906229
0.68500000000000005329	0.99999920553156596004	0.34335009474979033550	0.65664990525020960899	0.04577399515828176751	0.44818648640414504580	0.00000243488901660515	0.00000029246838414532
0.69000000000000005773	0.99999917406317140323	0.34679320681894260092	0.65320679318105778766	0.04700161826853346131	0.44966382507895841236	0.00000251776001757173	0.00000030505718423318
0.69500000000000006217	0.99999914164950776119	0.35022255631440218915	0.64977744368559786636	0.04825119302449992070	0.45109750620148730826	0.00000260254525461204	0.00000031806991050624
0.70000000000000006661	0.99999910827250448886	0.35363759395289512399	0.64636240604710448743	0.04952287827057965525	0.45248915803980244155	0.00000268926200091915	0.00000033151622051083
0.70499999999999996003	0.99999907391402820256	0.35703777523245971981	0.64296222476754083530	0.05081683040605811108	0.45384035328880173443	0.00000277792710385826	0.00000034540585603013
0.70999999999999996447	0.99999903855588578860	0.36042256053744375910	0.63957743946255629641	0.05213320334671955880	0.45515261066190587647	0.00000286855697696932	0.00000035974864091497
0.71499999999999996891	0.99999900217983384021	0.36379141524188224333	0.63620858475811836730	0.05347214848725041769	0.45642739648144015074	0.00000296116759225741	0.00000037455447887626
0.71999999999999997335	0.99999896476758765029	0.36714380981315780650	0.63285619018684247106	0.05483381466474020888	0.45766600910863364238	0.00000305577256110019	0.00000038983334168176
0.72499999999999997780	0.99999814970543798864	0.37047921990638099654	0.62952078009361900346	0.05621834812182650160	0.45887003989370084289	0.00000315239066433726	0.00000040559529500345
0.72999999999999998224	0.99999730472089665145	0.37379712646835344669	0.62620287353164694188	0.05762589247236171719	0.46004069908089839647	0.00000325103469891157	0.00000042185046849800
0.73499999999999998668	0.99999642899098983850	0.37709701583240079481	0.62290298416759948275	0.05905658866679381475	0.46117925908127888057	0.00000335171879931467	0.00000043860906249458
0.73999999999999999112	0.99999552167895255916	0.38037837981330585579	0.61962162018669397767	0.06051057495865022617	0.46228694764484096202	0.00000345445662438379	0.00000045588134561650
0.74499999999999999556	0.99999458193422108288	0.38364071580048875187	0.61635928419951169221	0.06198798687186061335	0.46336494933313215894	0.00000355926135138428	0.00000047367765237342
0.75000000000000000000	0.99999360889243771311	0.38688352684941212933	0.61311647315058759311	0.06348895716892628827	0.46441440696071722982	0.00000366614567039972	0.00000049200838072542
0.75500000000000000444	0.99999260167544867794	0.39010632177119874964	0.60989367822880136139	0.06501361581994205552	0.46543642300370063891	0.00000377512177903179	0.00000051088398962058
0.76000000000000000888	0.99999259008506813373	0.86086350304038217196	1.13913649695961693986	0.15262258487362292958	0.46643206097388489884	0.00000388620137741149	0.00000053031499650763
0.76500000000000001332	0.99999257818265974151	0.85782485452878109999	1.14217514547121723467	0.15609831609165891741	0.46740262167807700155	0.00000399938853015169	0.00000055031193915839
0.77000000000000001776	0.99999256595974406192	0.85477336424430538919	1.14522663575568994787	0.15960534742090976001	0.46834878091295867319	0.00000411470026883043	0.00000057088544050254
0.77500000000000002220	0.99999255341029602562	0.85170986007344373636	1.14829013992655881715	0.16314326858191793845	0.46927152619806500322	0.00000423214706604653	0.00000059204617583278
0.78000000000000002665	0.99999254052814579019	0.84863517206366601009	1.15136482793633265764	0.16671166822799901586	0.47017177819878780420	0.00000435173856544714	0.00000061380486866001
0.78500000000000003109	0.99999252730704357717	0.84555013217243224499	1.15444986782756342514	0.17031013406555398082	0.47105042509958899855	0.00000447348389201562	0.00000063617228812009
0.79000000000000003553	0.99999251374069153542	0.84245557401589765689	1.15754442598410256515	0.17393825297436024679	0.47190832356641937428	0.00000459739164894195	0.00000065915924636480
0.79500000000000003997	0.99999249982272719883	0.83935233261764441437	1.16064766738236180288	0.17759561112784172376	0.47274630022393615558	0.00000472346991481664	0.00000068277659593888
0.80000000000000004441	0.99999248554669906142	0.83624124415726086568	1.16375875584274113272	0.18128179411323244730	0.47356515182765168692	0.00000485172624113894	0.00000070703522714458
0.80500000000000004885	0.99999247090611675937	0.83312314571909695804	1.16687685428090359707	0.18499638705163212737	0.47436564740342967994	0.00000498216765014492	0.00000073194606539530
0.81000000000000005329	0.99999245589442498083	0.82999887504109637337	1.17000112495890040698	0.18873897471788506075	0.47514852838049831396	0.00000511480063295182	0.00000075752006856006
0.81500000000000005773	0.99999244050499136449	0.82686927026387080364	1.17313072973613063965	0.19250914166025037688	0.47591451012471563953	0.00000524963114801939	0.00000078376822430016
0.82000000000000006217	0.99999242473113481022	0.82373516968007620687	1.17626483031992679074	0.19630647231982054080	0.47666428272504618446	0.00000538666461992696	0.00000081070154739979
0.82500000000000006661	0.99999240856608340167	0.82059741148420795032	1.17940258851577528532	0.20013055114965308534	0.47739851171176184153	0.00000552590593846658	0.00000083833107709213
0.83000000000000007105	0.99999239200303446928	0.81745683352288567303	1.18254316647710777666	0.20398096273357896324	0.47811783928816553590	0.00000566735945804988	0.00000086666787438238
0.83499999999999996447	0.99999237503512461434	0.81431427304562442604	1.18568572695436902364	0.20785729190461083027	0.47882288488529145543	0.00000581102899742644	0.00000089572301936951
0.83999999999999996891	0.99999235765539107312	0.81117056645632856782	1.18882943354367043298	0.21175912386297146561	0.47951424590224772659	0.00000595691783971529	0.00000092550760856808
0.84499999999999997335	0.99999233985684177206	0.80802654906545268165	1.19197345093454898368	0.21568604429364468533	0.48019249911158923272	0.00000610502873274231	0.00000095603275223180
0.84999999999999997780	0.99999232163241913440	0.80488305484302336001	1.19511694515697541874	0.21963763948345418897	0.48085820038834126144	0.00000625536388968591	0.00000098730957168023
0.85499999999999998224	0.99999230297498797881	0.80174091617249343411	1.19825908382750534464	0.22361349643759170780	0.48151188645168657709	0.00000640792499003489	0.00000101934919663040
0.85999999999999998668	0.99999228387738403612	0.79860096360556553918	1.20139903639443712535	0.22761320299557999403	0.48215407510701058236	0.00000656271318083495	0.00000105216276253457
0.86499999999999999112	0.99999226433236443334	0.79546402561811713205	1.20453597438189308200	0.23163634794663301442	0.48278526547973699135	0.00000671972907824785	0.00000108576140792581
0.86999999999999999556	0.99999224433260858191	0.79233092836714758000	1.20766907163283998550	0.23568252114434407041	0.48340593989235314254	0.00000687897276940420	0.00000112015627177284
0.87500000000000000000	0.99999222387078956498	0.78920249544912246531	1.21079750455088186456	0.23975131362073692776	0.48401656325616820853	0.00000704044381454955	0.00000115535849084558
0.88000000000000000444	0.99999220293947821414	0.78607954765926912888	1.21392045234072054605	0.24384231769949596402	0.48461758397307247437	0.00000720414124947866	0.00000119137919709298
0.88500000000000000888	0.99999218153120761343	0.78296290275263547009	1.21703709724736075515	0.24795512710854869520	0.48520943518569986663	0.00000737006358826905	0.00000122822951503432
0.89000000000000001332	0.99999215963846477262	0.77985337520624675722	1.22014662479373825477	0.25208933709174807802	0.48579253462103538785	0.00000753820882629225	0.00000126592055916578
0.89500000000000001776	0.99999213725367119832	0.77675177598299782744	1.22324822401700550323	0.25624454451978112557	0.48636728512776800093	0.00000770857444350005	0.00000130446343138328
0.90000000000000002220	0.99999211436919654972	0.77365891229697381082	1.22634108770302940883	0.26042034800015184670	0.48693407572455166266	0.00000788115740800333	0.00000134386921842330
0.90500000000000002665	0.99999209097733232632	0.77057558738057896353	1.22942441261940804687	0.26461634798629735110	0.48749328167668720679	0.00000805595417991143	0.00000138414898932286
0.91000000000000003109	0.99999206707036991659	0.76750260025331573654	1.23249739974667393838	0.26883214688572537598	0.48804526493088457029	0.00000823296071545039	0.00000142531379290011
0.91500000000000003553	0.99999204264053109803	0.76444074549236573635	1.23555925450761905360	0.27306734916717095851	0.48859037520826992251	0.00000841217247133996	0.00000146737465525681
0.92000000000000003997	0.99999201767998668888	0.76139081300514344086	1.23860918699486766137	0.27732156146675601693	0.48912894912742493903	0.00000859358440943935	0.00000151034257730401
0.92500000000000004441	0.99999199218084267038	0.75835358780365613729	1.24164641219633353764	0.28159439269304664677	0.48966131224369696673	0.00000877719100164418	0.00000155422853231223
0.93000000000000004885	0.99999196613516339038	0.75532984978111905594	1.24467015021886706627	0.28588545413109917037	0.49018777827479842468	0.00000896298623503117	0.00000159904346348738
0.93500000000000005329	0.99999193953501386289	0.75232037349042335528	1.24767962650957775494	0.29019435954530276023	0.49070864986297380028	0.00000915096361726401	0.00000164479828157370
0.94000000000000005773	0.99999191237236373375	0.74932592792492669354	1.25067407207507952371	0.29452072528111666871	0.49122421926286324867	0.00000934111618222418	0.00000169150386248482
0.94500000000000006217	0.99999187574375636434	0.49350496012635397536	0.50648793666327118768	0.14149223502939076158	0.27051213945884666767	0.00001054548761605534	0.00000174423130056510
0.95000000000000006661	0.99999183823895587686	0.49563207812668735874	0.50436078115810234479	0.14400950655378874643	0.27114618474083862498	0.00001076630065207524	0.00000179806280382548
0.95500000000000007105	0.99999180179450974926	0.49772497232138440681	0.50226785051892020029	0.14655310840533541938	0.27177761138704914501	0.00001098964615828132	0.00000185301103461688
0.95999999999999996447	0.99999176622973273698	0.49978343913813672028	0.50020934813735373758	0.14912303913296531821	0.27240674146971149971	0.00001121554862908734	0.00000190908877776232
0.96499999999999996891	0.99999173138588204335	0.50180728275707320307	0.49818546967453319896	0.15171929397862105038	0.27303378825177138101	0.00001144400662381312	0.00000196630881088139
0.96999999999999997335	0.99999169712233293428	0.50379631511439193492	0.49619640305362811006	0.15434186488150086758	0.27365894216181652077	0.00001167501732544270	0.00000202468389750860
0.97499999999999997780	0.99999166331348454673	0.50575035590424255449	0.49424232845489329824	0.15699074048362443579	0.27428237479932143783	0.00001190857672721402	0.00000208422678114467
0.97999999999999998224	0.99999162984636880136	0.50766923257885954168	0.49232341831312820268	0.15966590613662531850	0.27490424191568796353	0.00001214467976978568	0.00000214495017999360
0.98499999999999998668	0.99999159661850800518	0.50955278034678219701	0.49043983731730761422	0.16236734390964355224	0.27552468572297822424	0.00001238332044831179	0.00000220686678223516
0.98999999999999999112	0.99999156353633467109	0.51140084216934911243	0.48859174241253333637	0.16509503259832386535	0.27614383673987968892	0.00001262449189822249	0.00000226998924172627
0.99499999999999999556	0.99999153051379285895	0.51321326875526307454	0.48677928280404331174	0.16784894773480177332	0.27676181528158178002	0.00001286818646516856	0.00000233433017405211
1.00000000000000000000	0.99999149747117077602	0.51498991855332043599	0.48500259996333261459	0.17062906159866306210	0.27737873267092916230	0.00001311439576286345	0.00000239990215286643
1.00500000000000011546	0.99999146433415364577	0.51673065774327564537	0.48326182763632341555	0.17343534322883999432	0.27799469224228234854	0.00001336311072151946	0.00000246671770647403
1.01000000000000000888	0.99999143103297982726	0.51843536022484681958	0.48155709185354661495	0.17626775843640740682	0.27860979017185799611	0.00001361432162890370	0.00000253478931461854
1.01500000000000012434	0.99999139750181365027	0.52010390760487512640	0.47988851094231527172	0.17912626981825899297	0.27922411617205766809	0.00001386801816557944	0.00000260412940544644
1.02000000000000001776	0.99999136367811736203	0.52173618918262321120	0.47825619554083509399	0.18201083677163237828	0.27983775408451699862	0.00001412418943549804	0.00000267475035262393
1.02499999999999991118	0.99999132950212210602	0.52333210193320778281	0.47666024861422223724	0.18492141550945795370	0.28045078237512049979	0.00001438282399293560	0.00000274666447258861
1.03000000000000002665	0.99999129491646110424	0.52489155048925639768	0.47510076547247803713	0.18785795907654179171	0.28106327456529289766	0.00001464390986632075	0.00000281988402192021
1.03499999999999992006	0.99999125986577630520	0.52641444712070750711	0.47357783379030499171	0.19082041736653318487	0.28167529959980669441	0.00001490743457983418	0.00000289442119481938
1.04000000000000003553	0.99999122429639020204	0.52790071171280605888	0.47209153362878492066	0.19380873713967505800	0.28228692216977185891	0.00001517338517296137	0.00000297028812068419
1.04499999999999992895	0.99999118815604370880	0.52935027174230664393	0.47064193745889765230	0.19682286204132154461	0.28289820299073981102	0.00001544174821849108	0.00000304749686177665
1.05000000000000004441	0.99999115139363281557	0.53076306225189806565	0.46922911018685964368	0.19986273262121184713	0.28350919905111743313	0.00001571250983923205	0.00000312605941097281
1.05499999999999993783	0.99999111395262219038	0.53213902582229621885	0.46785310917541983455	0.20292828635339921206	0.28411996383185095238	0.00001598565572367831	0.00000320598768959120
1.06000000000000005329	0.99999107633018036179	0.53347812671856265077	0.46651397065667460362	0.20601677394137468680	0.10280927059376691879	0.00001996258221810729	0.00000330580060068173
1.06499999999999994671	0.99999103839948133565	0.53478033680664038840	0.46521172263785792733	0.20913070813353257238	0.10301191978483602296	0.00002035103118231609	0.00000340755575659332
1.07000000000000006217	0.99999100006870744739	0.53604562175518566391	0.46394639935849857348	0.21227001546828447309	0.10320054080835279475	0.00002074389469420528	0.00000351127523006434
1.07499999999999995559	0.99999096125193198681	0.53727395463780613927	0.46271802765906305810	0.21543461937592991995	0.10337583421000526296	0.00002114141047802092	0.00000361698228245445
1.08000000000000007105	0.99999092186756932676	0.53846531589684931696	0.46152662701561586456	0.21862444031826719359	0.10353952351422923694	0.00002154358642445185	0.00000372470021457671
1.08499999999999996447	0.99999088183761719595	0.53961969330520920263	0.46037220957726443515	0.22183939581299785826	0.10369313341514695137	0.00002195042940458331	0.00000383445236159962
1.09000000000000007994	0.99999084108705538210	0.54073708192652680804	0.45925478020534060697	0.22507940045885321823	0.10383801706604850468	0.00002236194531861727	0.00000394626208819271
1.09499999999999997335	0.99999079954324909814	0.54181748407376084664	0.45817433651425837349	0.22834436596139839892	0.10397537892519118086	0.00002277813913251436	0.00000406015278385528
1.10000000000000008882	0.99999075713554497202	0.54286090926620889086	0.45713086891406590206	0.23163420115952634837	0.10410629417086461612	0.00002319901490650724	0.00000417614785838782
1.10499999999999998224	0.99999071379489079536	0.54386737418495212371	0.45612436065462319545	0.23494881205260603751	0.10423172501888096353	0.00002362457581769646	0.00000429427073747630
1.11000000000000009770	0.99999066945347969693	0.54483690262674189242	0.45515478787137686467	0.23828810182826029584	0.10435253477505757047	0.00002405482417817027	0.00000441454485836715
1.11499999999999999112	0.99999062404448568753	0.54576952545636336911	0.45422211963271269530	0.24165197089076936865	0.10446949980451977757	0.00002448976144966502	0.00000453699366561547
1.12000000000000010658	0.99999057750181474802	0.54666528055749585846	0.45332631798886385832	0.24504031689008043404	0.10458331975874422815	0.00002492938825551219	0.00000466164060689304
1.12500000000000000000	0.99999052975990654346	0.54752421278206986344	0.45246733802233168875	0.24845303475140481653	0.10469462649604902027	0.00002537370439045766	0.00000478850912884532
1.13000000000000011546	0.99999048075358043519	0.54834637389819851361	0.45164512789982680374	0.25189001670540089872	0.10480399172920218387	0.00002582270882878012	0.00000491762267298923
1.13500000000000000888	0.99999043041777002649	0.54913182253655956622	0.45085962892560538240	0.25535115231887817178	0.10491193368105394823	0.00002627639973107023	0.00000504900467164458
1.14000000000000012434	0.99999037868751416980	0.54988062413549587681	0.45011077559635609413	0.25883632852610555242	0.10501892289045580697	0.00002673477444993785	0.00000518267854389427
1.14500000000000001776	0.99999032549778310575	0.55059285088462994739	0.44939849565743716919	0.26234542966061341618	0.10512538728158318801	0.00002719782953488690	0.00000531866769156870
1.15000000000000013323	0.99999027078333524443	0.55126858166707859432	0.44872271016048947967	0.26587833748750289153	0.10523171661365633700	0.00002766556073651848	0.00000545699549525129
1.15500000000000002665	0.99999021447868341461	0.55190790200038641888	0.44808333352247003978	0.26943493123629236319	0.10533826639622681509	0.00002813796301022538	0.00000559768531030242
1.15999999999999992006	0.99999015651799205706	0.55251090397609992078	0.44748027358600428460	0.27301508763423804060	0.10544536130108543570	0.00002861503051949136	0.00000574076046289988
1.16500000000000003553	0.99999009683496398182	0.55307768619799702048	0.44691343168102060091	0.27661868094011177188	0.10555329823956534352	0.00002909675663890247	0.00000588624424609439
1.16999999999999992895	0.99999003536284569726	0.55360835371910688263	0.44638270268772939353	0.28024558297847645960	0.10566234903969060066	0.00002958313395694122	0.00000603415991587910
1.17500000000000004441	0.99998997203430728398	0.55410301797741567942	0.44588797510081862319	0.28389566317437736620	0.10577276284768007131	0.00003007415427864316	0.00000618453068727231
1.17999999999999993783	0.99998990678144550337	0.55456179673038374922	0.44542913109492038304	0.28756878858849382885	0.10588476824924698827	0.00003056980862817600	0.00000633737973041319
1.18500000000000005329	0.99998983953566789040	0.55498481398821286614	0.44500604659124715079	0.29126482395268155079	0.10599857518520298949	0.00003107008725137157	0.00000649273016667005
1.18999999999999994671	0.99998977022772739254	0.55537219994599029693	0.44461859132545894502	0.29498363170595698346	0.10611437663926460984	0.00003157497961827790	0.00000665060506476144
1.19500000000000006217	0.99998969878764676356	0.55572409091463770281	0.44426662891665563704	0.29872507203084769367	0.10623235015529058911	0.00003208447442574720	0.00000681102743689018
1.19999999999999995559	0.99998962514468614504	0.55604062925074848600	0.44395001693750929528	0.30248900289013497256	0.10635265921820501178	0.00003259855960009036	0.00000697402023489063
1.20500000000000007105	0.99998954922731153605	0.55632196328531491325	0.44366860698548837849	0.30627528006394999505	0.10647545447230356841	0.00003311722229983749	0.00000713960634638981
1.20999999999999996447	0.99998947096320178751	0.55656824725141562649	0.44342224475519598226	0.31008375718724784376	0.10660087482268734704	0.00003364044891860638	0.00000730780859098285
1.21500000000000007994	0.99998939027917255196	0.55677964121080214532	0.44321077011169995874	0.31391428578758112655	0.10672904844361619237	0.00003416822508811631	0.00000747864971642343
1.21999999999999997335	0.99998930710120570442	0.55695631097951547872	0.44303401716493590046	0.31776671532323153002	0.10686009367149812421	0.00003470053568134607	0.00000765215239483016
1.22500000000000008882	0.99998922135441070669	0.55709842805248788178	0.44289181434508295698	0.32164089322163685880	0.10699411982725531844	0.00003523736481586156	0.00000782833921890947
1.22999999999999998224	0.99998913296298919118	0.55720616952716328640	0.44278398447889300016	0.32553666491810434591	0.10713122794438348362	0.00003577869585732040	0.00000800723269819607
1.23500000000000009770	0.99998904185028436586	0.55727971802624720610	0.44271034486701266175	0.32945387389484542817	0.10727151145437917312	0.00003632451142316270	0.00000818885525531188
1.23999999999999999112	0.99998894793868908781	0.55731926161943512454	0.44267070736212965620	0.33339236172021430304	0.10741505678995925954	0.00003687479338650094	0.00000837322922224439
1.24500000000000010658	0.99998885114987390299	0.55732499374440491735	0.44266487844825114228	0.33735196808827710990	0.10756194393506808560	0.00003742952288020465	0.00000856037683664541
1.25000000000000000000	0.99998875140535548045	0.55729711314021523894	0.44269265930781764862	0.34133252748711701008	0.10764903727906809106	0.00003799521699742378	0.00000875035292163253
1.25500000000000011546	0.99998864862465586256	0.55723582376553304485	0.44275384590169558630	0.34533387603968407342	0.10774322161008750842	0.00003856518067984566	0.00000894317882503176
1.26000000000000000888	0.99998854272680115507	0.55714133470389204383	0.44284822906537474330	0.34935584805511826767	0.10784368047218027831	0.00003913951453552251	0.00000913887639770937
1.26500000000000012434	0.99998843362987499539	0.55701386008159536889	0.44297559459062613163	0.35339827610735480290	0.10794996196717547565	0.00003971823908378521	0.00000933746759312830
1.27000000000000001776	0.99998832125099146317	0.55685361898478524800	0.44313572330844275271	0.35746099107857071120	0.10806169793018981229	0.00004030136864205148	0.00000953897443633856
1.27500000000000013323	0.99998820550630751480	0.55666083537574440054	0.44332839117268191265	0.36154382220220732114	0.10817858682831446582	0.00004088891241380051	0.00000974341899840756
1.28000000000000002665	0.99998808631100755129	0.55643573800853596278	0.44355336934446720765	0.36564659710575692086	0.10830038049266135780	0.00004148087534260103	0.00000995082337512056
1.28499999999999992006	0.99998796357934582879	0.55617856034396628839	0.44381042427725131416	0.36976914185333142893	0.10842687374833932801	0.00004207725878817465	0.00001016120966906144
1.29000000000000003553	0.99998783722459461121	0.55588954046385230523	0.44409931780248668165	0.37391128098806064584	0.10855789624544351368	0.00004267806106561808	0.00001037459997438953
1.29499999999999992895	0.99998770715909335305	0.55556892098474497388	0.44441980721596074932	0.37807283757442805561	0.10869330598578595681	0.00004328327787874442	0.00001059101636378325
1.30000000000000004441	0.99998757329421794626	0.55521694897101669941	0.44477164536467633793	0.38225363324050420921	0.10883298416266080910	0.00004389290267081507	0.00001081048087713733
1.30499999999999993783	0.99998743554042535120	0.55483387584744603416	0.44515458073431213304	0.38645348822014613521	0.10897683101722437093	0.00004450692691036014	0.00001103301551168913
1.31000000000000005329	0.99998729380722883864	0.55441995731123372426	0.44556835753718487814	0.39067222139514257151	0.10912476250295248537	0.00004512534032565433	0.00001125864221331740
1.31499999999999994671	0.99998714800320376295	0.55397545324353858476	0.44601271580070367406	0.39490965033732106093	0.10927670757734492257	0.00004574813109830330	0.00001148738286880892
1.32000000000000006217	0.99998699803599744307	0.55350062762056839727	0.44648739145631288761	0.39916559135064966224	0.10943260600110608916	0.00004637528602409329	0.00001171925929892938
1.32499999999999995559	0.99998684381236724317	0.55299574842423482313	0.44699211642886360618	0.40343985951330246786	0.10959240653471970239	0.00004700679064747173	0.00001195429325216674
1.33000000000000007105	0.99998668523814981945	0.55246108755235379117	0.44752661872635918217	0.40773226871966627982	0.10975606545831061156	0.00004764262937466531	0.00001219250639904007
1.33499999999999996447	0.99998652221827466491	0.55189692072854246163	0.44809062253013270949	0.41204263172235688906	0.10992354535603253429	0.00004828278556941385	0.00001243392032688714
1.34000000000000007994	0.99998635465680729695	0.55130352741170407516	0.44868384828533225406	0.41637076017416019269	0.11009481410338067819	0.00004892724163448509	0.00001267855653505956
1.34499999999999997335	0.99998618245691572870	0.55068119070522347780	0.44930601279174403606	0.42071646466993883884	0.11026984403022302428	0.00004957597908151049	0.00001292643643046712
1.35000000000000008882	0.99998600552091898575	0.55003019726587132343	0.44995682929491775948	0.42507955478849107633	0.11044861122797031139	0.00005022897859116868	0.00001317758132342296
1.35499999999999998224	0.99998582375111122467	0.54935083721257638167	0.45063600757822325216	0.42945983913437324464	0.11063109496199848014	0.00005088622006539753	0.00001343201242374995
1.36000000000000009770	0.99998563704781961992	0.54864340403538192081	0.45134325405193370662	0.43385712511404572744	0.11081535368993189472	0.00005154821949749761	0.00001368975352123744
1.36499999999999999112	0.99998544531081234865	0.54790819450336769592	0.45207827184674242993	0.43827121964262838461	0.11100660213601207249	0.00005221414311027849	0.00001395082423678883
1.37000000000000010658	0.99998524843907588000	0.54714550857164256925	0.45284076090653052615	0.44270192868831237387	0.11120201036372841241	0.00005288416820088861	0.00001421524507779327
1.37500000000000000000	0.99998504633076112924	0.54635564928949864605	0.45363041808015436285	0.44714905740787641575	0.11140149854391626083	0.00005355827896101984	0.00001448303647259837
1.38000000000000011546	0.99998483888327216462	0.54553892270820703025	0.45444693721374351814	0.45161241018859471508	0.11160499912827656632	0.00005423645783287612	0.00001475421876176275
1.38500000000000000888	0.99998462599320481203	0.54469563778863083758	0.45529000924303736353	0.45609179068985572503	0.11181245465166822495	0.00005491868574219549	0.00001502881219047373
1.39000000000000012434	0.99998440755640694011	0.54382610630880956482	0.45615932228583960795	0.46058700188460260927	0.11202381597474384001	0.00005560494228188229	0.00001530683690188314
1.39500000000000001776	0.99998418346797757206	0.54293064277148528340	0.45705456173450209612	0.46509784610054710763	0.11223904086956693060	0.00005629520586300891	0.00001558831293119818
1.40000000000000013323	0.99998395362229997030	0.54200956431161906313	0.45797541034845679064	0.46962412506119360911	0.11245809286336533317	0.00005698945383995372	0.00001587326020039795
1.40500000000000002665	0.99998371791306950307	0.54106319060389385101	0.45892154834670928487	0.47416563992662225102	0.11268094030184924725	0.00005768766261487114	0.00001616169851347231
1.40999999999999992006	0.99998347623323990963	0.54009184377023478074	0.45989265350029601143	0.47872219133404991798	0.11290755557206293147	0.00005838980772557798	0.00001645364755210020
1.41500000000000003553	0.99998322847515275225	0.53909584828745416019	0.46088840122473367922	0.48329357943822348620	0.11313791446968007870	0.00005909586392002099	0.00001674912687170030
1.41999999999999992895	0.99998297453047313432	0.53807553089491511056	0.46190846467233176442	0.48787960395153084914	0.11337199566957059660	0.00005980580521986783	0.00001704815589779964
1.42500000000000004441	0.99998271429023455337	0.53703122050233231821	0.46295251482441479585	0.49248006418390172234	0.11360978028796683836	0.00006051960497518908	0.00001735075392267559
1.42999999999999993783	0.99998244764488031233	0.53596324809771012099	0.46402022058340580690	0.49709475908246270048	0.11385125151610686611	0.00006123723591184695	0.00001765694010223482
1.43500000000000005329	0.99998217448426718335	0.53487194665546067274	0.46511124886476667983	0.50172348727096593990	0.11409639431520356145	0.00006195867017287355	0.00001796673345309919
1.43999999999999994671	0.99998189469767084780	0.53375765104464956146	0.46622526468869734950	0.50636604708890053939	0.11434519515718623295	0.00006268387935485012	0.00001828015284987344
1.44500000000000006217	0.99998160817382075738	0.53262069793751976032	0.46736193127168235151	0.51102223663040224899	0.11459764180717307847	0.00006341283454015650	0.00001859721702257422
1.44999999999999995559	0.99998131480095953094	0.53146142571824717127	0.46852091011779334329	0.51569185378287762944	0.11485372313850475412	0.00006414550632574643	0.00001891794455420295
1.45500000000000007105	0.99998101446680209836	0.53028017439189789606	0.46970186110968059623	0.52037469626529719857	0.11511342898075982433	0.00006488186484904014	0.00001924235387844815
1.45999999999999996447	0.99998070705861130669	0.52907728549373511662	0.47090444259933561533	0.52507056166624921367	0.11537674998018021544	0.00006562187981135475	0.00001957046327750492
1.46500000000000007994	0.99998039246319081474	0.52785310199881096960	0.47212831149852163559	0.52977924748167193325	0.11564367749203198488	0.00006636552049929942	0.00001990229088000142
1.46999999999999997335	0.99998007056691551320	0.52660796823187472349	0.47337312336885439823	0.53450055115225392210	0.11591420347833117366	0.00006711275580440396	0.00002023785465902344
1.47500000000000008882	0.99997974125578759086	0.52534222977768663121	0.47463853251157611668	0.53923427010056945718	0.11618832042983992525	0.00006786355424128016	0.00002057717243022984
1.47999999999999998224	0.99997940441540078549	0.52405623339164508767	0.47592419205688663020	0.54398020176781602952	0.11646602128477434590	0.00006861788396451885	0.00002092026185005243
1.48500000000000009770	0.99997905993104496680	0.52275032691088763048	0.47722975405293949214	0.54873814365028494855	0.11674729937851408001	0.00006937571278449716	0.00002126714041397492
1.48999999999999999112	0.99997870768766605742	0.52142485916574388138	0.47855486955434273222	0.55350789333541283721	0.11703214837840240914	0.00007013700818226953	0.00002161782545488627
1.49500000000000010658	0.99997834756991044181	0.52008017989168930928	0.47989918871027198444	0.55828924853753703061	0.11732056224479694984	0.00007090173732365389	0.00002197233414150454
1.50000000000000000000	0.99997797946218691667	0.51871663964176406569	0.48126236085209944671	0.56308200713327616338	0.11761253518574976695	0.00007166986707264171	0.00002233068347686774
1.50500000000000011546	0.99997760324864537473	0.51733458969943568739	0.48264403458050059159	0.56788596719649719891	0.11790806162341802010	0.00007244136400419971	0.00002269289029688874
1.51000000000000000888	0.99997721881323620163	0.51593438199203589534	0.48404385785209991244	0.57270092703296593406	0.11820713616140048063	0.00007321619441656091	0.00002305897126897155
1.51500000000000012434	0.99997682603974646920	0.51451636900469355229	0.48546147806555189907	0.57752668521456718143	0.11850975355688248003	0.00007399432434308303	0.00002342894289068697
1.52000000000000001776	0.99997642481181203689	0.51308090369482262094	0.48689654214707672741	0.58236304061313859393	0.11881590869761041174	0.00007477571956367728	0.00002380282148850535
1.52500000000000013323	0.99997601501292721071	0.51162833940718477344	0.48834869663541191631	0.58720979243389193059	0.11912559657952921655	0.00007556034561592745	0.00002418062321658499
1.53000000000000002665	0.99997559652652212581	0.51015902978956351177	0.48981758776619993556	0.59206674024845140636	0.11943881228792044280	0.00007634816780589373	0.00002456236405561446
1.53500000000000014211	0.99997516923596829752	0.50867332870903569919	0.49130286155573871243	0.59693368402744984014	0.11975555097781155622	0.00007713915121864666	0.00002494805981170769
1.54000000000000003553	0.99997473302460360145	0.50717159016886526057	0.49280416388409536976	0.60181042417269281497	0.12007580786247833149	0.00007793326072856782	0.00002533772611535053
1.54499999999999992895	0.99997428777576657932	0.50565416822607933689	0.49432114057759463099	0.60669676154891516440	0.12039957819593517796	0.00007873046100944625	0.00002573137842039776
1.55000000000000004441	0.99997383337284884153	0.50412141690968437224	0.49585343749060611929	0.61159249751492505975	0.12072685732416774118	0.00007953071687587247	0.00002612903200477712
1.55499999999999993783	0.99997336969929240258	0.50257369013958952397	0.49740070058667007480	0.61649743395483935782	0.12105764433013511960	0.00008033399217536322	0.00002653070196565394
1.56000000000000005329	0.99997289663865018827	0.50101134164622673772	0.49896257601890692257	0.62141137330827633800	0.12139193455007105116	0.00008114025100358861	0.00002693640322067188
1.56499999999999994671	0.99997241407461612273	0.49943472489090312560	0.50053871020970497341	0.62633411860030530072	0.12172972332911269344	0.00008194945729361083	0.00002734615050713994
1.57000000000000006217	0.99997192189104444626	0.49784419298688109556	0.50212874992965428333	0.63126547347090922191	0.12207100600540227164	0.00008276157482713446	0.00002775995838127561
1.57499999999999995559	0.99997141997201410835	0.49624009862123957815	0.50373234237574993077	0.63620524220401120097	0.12241577789982380220	0.00008357656724341984	0.00002817784121749271
1.58000000000000007105	0.99997090820181400161	0.49462279397747943577	0.50534913524879043756	0.64115322975598487698	0.12276403431085997076	0.00008439439804812900	0.00002859981320773335
1.58499999999999996447	0.99997038646501401615	0.49299263065894055602	0.50697877682999847870	0.64610924178369955051	0.12311577050545956247	0.00008521503062211855	0.00002902588836084394
1.59000000000000007994	0.99996985464650911535	0.49134995961303518097	0.50862091605685555429	0.65107308467210289749	0.12347098171037947101	0.00008603842823016726	0.00002945608050199478
1.59499999999999997335	0.99996931263152766256	0.48969513105627249239	0.51027520259808023528	0.65604456556126344857	0.12382966310496593132	0.00008686455402964699	0.00002989040327214301
1.60000000000000008882	0.99996876030565096105	0.48802849440013351678	0.51194128692778051448	0.66102349237293145379	0.12419180982012471837	0.00008769337107912030	0.00003032887012753862
1.60499999999999998224	0.99996819755489418924	0.48635039817781056115	0.51361882039877082562	0.66600967383661624499	0.12455741692478956850	0.00008852484234688880	0.00003077149433927306
1.61000000000000009770	0.99996762426573237992	0.48466118997181001360	0.51530745531502220036	0.67100291951515400601	0.12492647942403263539	0.00008935893071946764	0.00003121828899287040
1.61499999999999999112	0.99996704032510874693	0.48296121634241168108	0.51700684500320548409	0.67600303982973042327	0.12529899225400026319	0.00009019559901001004	0.00003166926698792044
1.62000000000000010658	0.99996644562048464522	0.48125082275702868451	0.51871664388335303464	0.68100984608439885104	0.12567495027533964747	0.00009103480996664127	0.00003212444103775365
1.62500000000000000000	0.99996584003988264744	0.47953035352050932261	0.52043650753864911795	0.68602315049012385639	0.12605434826697542450	0.00009187652628076951	0.00003258382366915750
1.63000000000000011546	0.99996522347192384750	0.47780015170631634502	0.52216609278425818452	0.69104276618825088985	0.12643718092298142364	0.00009272071059529291	0.00003304742722213396
1.63500000000000000888	0.99996459580585983495	0.47606055908864297610	0.52390505773522699773	0.69606850727344737884	0.12682344284705482362	0.00009356732551276939	0.00003351526384969781
1.64000000000000012434	0.99996395693159434437	0.47431191607548811584	0.52565306187346350075	0.70110018881614299957	0.12721312854703742401	0.00009441633360351151	0.00003398734551771536
1.64500000000000001776	0.99996330673976918657	0.47255456164269593611	0.52740976611376821914	0.70613762688444592364	0.12760623243048532793	0.00009526769741360681	0.00003446368400478339
1.65000000000000013323	0.99996264512174060091	0.47078883326891207695	0.52917483286884547944	0.71118063856545177259	0.12800274880068243655	0.00009612137947289044	0.00003494429090214785
1.65500000000000002665	0.99996197196963276799	0.46901506687156752085	0.53094792611339347577	0.71622904198609205206	0.12840267185272249972	0.00009697734230284073	0.00003542917761366205
1.66000000000000014211	0.99996128717640886396	0.46723359674383946327	0.53272871144719846637	0.72128265633349708530	0.12880599718060822823	0.00009783554827248403	0.00003591835535502447
1.66500000000000003553	0.99996059063587694471	0.46544475549258579328	0.53451685615720900824	0.72634130187465872908	0.12921271900032463287	0.00009869595985220420	0.00003641183515428549
1.66999999999999992895	0.99995988224272669420	0.46364887397730658591	0.53631202927861720831	0.73140479997559237901	0.12962283121132095465	0.00009955853956898693	0.00003690962785213043
1.67500000000000004441	0.99995916189260170004	0.46184628125012594513	0.53811390165493599991	0.73647297312000137293	0.13003632762696343272	0.00010042324996548209	0.00003741174410195784
1.67999999999999993783	0.99995842948208313317	0.46003730449677615599	0.53992214599702037514	0.74154564492733388015	0.13045320193118686847	0.00010129005361380167	0.00003791819437002685
1.68500000000000005329	0.99995768490878855772	0.45822226897864593020	0.54173643694109374636	0.74662264017034996044	0.13087344767992326044	0.00010215891312295417	0.00003842898893564162
1.68999999999999994671	0.99995692807136304925	0.45640149797584333990	0.54355645110570161016	0.75170378479209021272	0.13129705829245916227	0.00010302979114619758	0.00003894413789137261
1.69500000000000006217	0.99995615886952893270	0.45457531273130785676	0.54538186714761238694	0.75678890592228398315	0.13172402704623489833	0.00010390265038832468	0.00003946365114331423
1.69999999999999995559	0.99995537720413740779	0.45274403239601673787	0.54721236581671406363	0.76187783189327640265	0.13215434707639331369	0.00010477745361287349	0.00003998753841137860
1.70500000000000007105	0.99995458297719308494	0.45090797397520265832	0.54904763000977829801	0.76697039225530638795	0.13258801137058906505	0.00010565416364925212	0.00004051580922962486
1.70999999999999996447	0.99995377609190694290	0.44906745227567096412	0.55088734482319667851	0.77206641779128004632	0.13302501276311204381	0.00010653274339979596	0.00004104847294662384
1.71500000000000007994	0.99995295645269866025	0.44722277985419078838	0.55273119760463251815	0.77716574053098508301	0.13346534393295356180	0.00010741315584674473	0.00004158553872585756
1.71999999999999997335	0.99995212396527577425	0.44537426696696108541	0.55457887800358951491	0.78226819376473677448	0.13390899739905595678	0.00010829536405912548	0.00004212701554615319
1.72500000000000008882	0.99995127853665799478	0.44352222152017090062	0.55643007802089761160	0.78737361205648304097	0.13435596551791895159	0.00010917933119957305	0.00004267291220215106
1.72999999999999998224	0.99995042007519785443	0.44166694902163772252	0.55828449205709296255	0.79248183125632709611	0.13480624047843639546	0.00011006502053102046	0.00004322323730480616
1.73500000000000009770	0.99994954849063666380	0.43980875253355883325	0.56014181695972276032	0.79759268851252485000	0.13525981429809111334	0.00011095239542336735	0.00004377799928192299
1.73999999999999999112	0.99994866369413881735	0.43794793262635112185	0.56200175206952918128	0.80270602228290466318	0.13571667882011986817	0.00011184141935999823	0.00004433720637872298
1.74500000000000010658	0.99994776559831488605	0.43608478733360028778	0.56386399926554053863	0.80782167234574042691	0.13617682571094466559	0.00011273205594426058	0.00004490086665844428
1.75000000000000000000	0.99994685411729655744	0.43421961210812504151	0.56572826300906342567	0.81293947981009173631	0.13664024645271116709	0.00011362426890580207	0.00004546898800297329
1.75500000000000011546	0.99994592916672608851	0.43235269977913526329	0.56759425038653887885	0.81805928712555275872	0.13710693234590562439	0.00011451802210685909	0.00004604157811350759
1.76000000000000000888	0.99994499066380726493	0.43048434051050221694	0.56946167115128909497	0.82318093809145531647	0.13757687450335889801	0.00011541327954840871	0.00004661864451124963
1.76500000000000012434	0.99994403852735691540	0.42861482176018300683	0.57133023776418945250	0.82830427786558524783	0.13805006384190954272	0.00011631000537627781	0.00004720019453813102
1.77000000000000001776	0.99994307267784221516	0.42674442824070957236	0.57319966543316114294	0.83342915297226149995	0.13852649108702083658	0.00011720816388707044	0.00004778623535756638
1.77500000000000013323	0.99994209303739101102	0.42487344188083192575	0.57506967215158999451	0.83855541130993249688	0.13900614676653236246	0.00011810771953410364	0.00004837677395523689
1.78000000000000002665	0.99994109952985910095	0.42300214178827111322	0.57693997873560198819	0.84368290215820285205	0.13948902120614276035	0.00011900863693314445	0.00004897181713990261
1.78500000000000014211	0.99994009208068879158	0.42113080429182142561	0.57881030878185246724	0.84881147627610331607	0.13997087908676705825	0.00011990408065731307	0.00004957133754318918
1.79000000000000003553	0.99993907061678877213	0.41925970267617923559	0.58068038893255125021	0.85394098561421560856	0.14046000699330360439	0.00012080760009894446	0.00005017537554368390
1.79499999999999992895	0.99993803506733824893	0.41738910737379741889	0.58254994868442466771	0.85907128363217177824	0.14095232358288320440	0.00012171237692802787	0.00005078393742832404
1.80000000000000004441	0.99993698536337627392	0.41551928585832864638	0.58441872049486465190	0.86420222519343736778	0.14144781795894165177	0.00012261837666829173	0.00005139702931166550
1.80499999999999993783	0.99993592143783516235	0.41365050261297742207	0.58628643981358363746	0.86933366656972088649	0.14194647939945373438	0.00012352556483988128	0.00005201465713586490
1.81000000000000005329	0.99993484322554848642	0.41178301909998904495	0.58815284511318310923	0.87446546544481773555	0.14244829696886526782	0.00012443390715764324	0.00005263682667165312
1.81499999999999994671	0.99993375066331946499	0.40991709373124624038	0.59001767791858561463	0.87959748091790879165	0.14295325950812054483	0.00012534336953618660	0.00005326354351933405
1.82000000000000006217	0.99993264368991729985	0.40805298183997390504	0.59188068283532746516	0.88472957350630732076	0.14346135563498782495	0.00012625391809476495	0.00005389481310980787
1.82499999999999995559	0.99993152224615444723	0.40619093565358971309	0.59374160757679605993	0.88986160514776857511	0.14397257374276586916	0.00012716551916209948	0.00005453064070561837
1.83000000000000007105	0.99993038627486718894	0.40433120426764068700	0.59560020299029925450	0.89499343920221596793	0.14448690199718408622	0.00012807813928107539	0.00005517103140202375
1.83499999999999996447	0.99992923572098513230	0.40247403362084949174	0.59745622308203372164	0.90012494045296309597	0.14500432833173879099	0.00012899174521332067	0.00005581599012809035
1.84000000000000007994	0.99992807053153087704	0.40061966647127777996	0.59930942504095674472	0.90525597510744937324	0.14552484044988128753	0.00012990630394367494	0.00005646552164780873
1.84499999999999997335	0.99992689065569706486	0.39876834237361463709	0.60115956926158098383	0.91038641079751614349	0.14604842582090804548	0.00013082178268452785	0.00005711963056123136
1.85000000000000008882	0.99992569604481529311	0.39692029765750674875	0.60300641936558740941	0.91551611657906373232	0.14657507167478742161	0.00013173814888020632	0.00005777832130563240
1.85499999999999998224	0.99992448665243405248	0.39507576540704675283	0.60484974222243081954	0.92064496293134367999	0.14710476499663280303	0.00013265537021230159	0.00005844159815669391
1.86000000000000009770	0.99992326243433438115	0.39323497544132163251	0.60668930796880415901	0.92577282175569985956	0.14763749252941774093	0.00013357341460232711	0.00005910946522970554
1.86499999999999999112	0.99992202334854451973	0.39139815429605412378	0.60852489002701848353	0.93089956637382376137	0.14817324077489882339	0.00013449225021564329	0.00005978192648078376
1.87000000000000010658	0.99992076935536899907	0.38956552520631998471	0.61035626512229901319	0.93602507152553049430	0.14871199599197759689	0.00013541184546514982	0.00006045898570810951
1.87500000000000000000	0.99991950041747013067	0.38773730809037793010	0.61218321329904479278	0.94114921336613110991	0.14925374419404061066	0.00013633216901497741	0.00006114064655318439
1.88000000000000011546	0.99991821649979550912	0.38591371953451070187	0.61400551793593149963	0.94627186946319885585	0.14979847114784614059	0.00013725318978394395	0.00006182691250210411
1.88500000000000000888	0.99991691756968581473	0.38409497277898418943	0.61582296576001771538	0.95139291879298459875	0.15034616237304251896	0.00013817487694898261	0.00006251778688684903
1.89000000000000012434	0.99991560359687847725	0.38228127770506231675	0.61763534685978693783	0.95651224173637094950	0.15089680314006881368	0.00013909719994841023	0.00006321327288659108
1.89500000000000001776	0.99991427455349846110	0.38047284082303717279	0.61944245469707648333	0.96162972007427494070	0.15145037846826231442	0.00014002012848502243	0.00006391337352901620
1.90000000000000013323	0.99991393596201705307	0.37867054314663456394	0.62124441378165240479	0.96674550294448946541	0.15200687312862251610	0.00014094363252919919	0.00006461809169166219
1.90500000000000002665	0.99991259294234402510	0.37687324015966822133	0.62304037374757470502	0.97185894966363828296	0.15249540700917355029	0.00014185965235372007	0.00006532738995343080
1.91000000000000014211	0.99991224813398071891	0.37508247838025876586	0.62483079071826919115	0.97697047435837125473	0.15299445338278638840	0.00014278408402192271	0.00006604131037354041
1.91500000000000003553	0.99991189125860757692	0.37329776976864803562	0.62661514245414096091	0.98207969148207163723	0.15355451176489548493	0.00014370100385759403	0.00006675981539282839
1.91999999999999992895	0.99991053528081519364	0.37151863677297919386	0.62839291947063102839	0.98718624266403975920	0.15405549315743005678	0.00014461823763757748	0.00006748290658101627
1.92500000000000004441	0.99991017205917043231	0.36974661074617148904	0.63016458227542360149	0.99229053012077172991	0.15456702078324874305	0.00014554390915668948	0.00006821062612679973
1.92999999999999993783	0.99990880196903741961	0.36798052289424693084	0.63192930003581537779	0.99739193058140673820	0.15513628654186567557	0.00014646187932800510	0.00006894293552343975
1.93500000000000005329	0.99990842745096386590	0.36622190646673286052	0.63368754194487009190	1.00249084805870070092	0.15565567451184353365	0.00014738826122109462	0.00006967987682954523
1.93999999999999994671	0.99990704324548951298	0.36446958054694839069	0.63543848365776800513	1.00758666890347536871	0.15623083387707756287	0.00014830681443050520	0.00007042141090169775
1.94500000000000006217	0.99990665733565442519	0.36272507656430624801	0.63718260173018026471	1.01267979295631116443	0.15675795817633961238	0.00014923379782762506	0.00007116757989083588
1.94999999999999995559	0.99990525901223192839	0.36098720185367577651	0.63891907811595993749	1.01776961601536752866	0.15733892691543821529	0.00015015282946101628	0.00007191834403814095
1.95500000000000007105	0.99990486162242453450	0.35925748567000093114	0.64064839690942188000	1.02285653381258567762	0.15787366395324894941	0.00015108030798993726	0.00007267374557809064
1.95999999999999996447	0.99990445167057195874	0.35753540357261215377	0.64237006905454396843	1.02794019112103196534	0.15846035734093394387	0.00015199971591016773	0.00007343374415764147
1.96500000000000007994	0.99990304033492949376	0.35582044371864596233	0.64408361757142107429	1.03302025949506326441	0.15899594674930311866	0.00015291920689348629	0.00007419834019210891
1.96999999999999997335	0.99990262381065464492	0.35411411422757593792	0.64578953053779475368	1.03809711726085796002	0.15954226268520865784	0.00015384720183178079	0.00007496757620126781
1.97500000000000008882	0.99990119832728174831	0.35241520832633321803	0.64748701095420846396	1.04317018836171437890	0.16013757008300943951	0.00015476696935279630	0.00007574141104803180
1.97999999999999998224	0.99990077010484534892	0.35072523470517219524	0.64917655635249660317	1.04823985329804836297	0.16069118021387981954	0.00015569520503176193	0.00007651988707319061
1.98500000000000009770	0.99989933047914325570	0.34904297595617428396	0.65085737547432320760	1.05330554507562879074	0.16129199417550779683	0.00015661510547944137	0.00007730296260058782
1.98999999999999999112	0.99989889049982771940	0.34736993757955786366	0.65252997387117661621	1.05836764019141971183	0.16185277130691336223	0.00015754348434449057	0.00007809068002231028
1.99500000000000010658	0.99989843766585273510	0.34570557085155162458	0.65419388776474052261	1.06342580632105709881	0.16245900029778304052	0.00015846342433844079	0.00007888299714400248
2.00000000000000000000	0.99989698507113133896	0.34404934112305191052	0.65584866489704085613	1.06847973747903313146	0.16301976250249775036	0.00015938328574630482	0.00007967991357273400
2.00499999999999989342	0.99989652556819619278	0.34240273106763263744	0.65749481544905419295	1.07352979316296437418	0.16359140081052872540	0.00016031167103759808	0.00008048147192792200
2.01000000000000023093	0.99989505884869944730	0.34076451213676778318	0.65913156765892699784	1.07857543306205116984	0.16420574638551177493	0.00016123148615017729	0.00008128762935867288
2.01500000000000012434	0.99989458744594406081	0.33913616673780272448	0.66075944165465450020	1.08361701913213703818	0.16478422415072169205	0.00016215978228728618	0.00008209842827010932
2.02000000000000001776	0.99989310664105712778	0.33751645684637254785	0.66237767073968323306	1.08865401958632701529	0.16540374893291390213	0.00016307941554385475	0.00008291382534782858
2.02499999999999991118	0.99989262330925066102	0.33590686078415865623	0.66398678346959527641	1.09368679254918022004	0.16598893585977111953	0.00016400753371858946	0.00008373386301642153
2.03000000000000024869	0.99989112844943084379	0.33430613139805365197	0.66558601799435734847	1.09871481457117470271	0.16661354169002001724	0.00016492690052538983	0.00008455849751904847
2.03500000000000014211	0.99989063316728787889	0.33271574269659398571	0.66717591141316978653	1.10373844001626575384	0.16720530682584755500	0.00016585475452647128	0.00008538777129168083
2.04000000000000003553	0.99989012477914196442	0.33113511618226904032	0.66875602953882640200	1.10875736335680774580	0.16783489437940421474	0.00016677377278717626	0.00008622164015561672
2.04499999999999992895	0.99988861714469379205	0.32956368914131572989	0.67032594894379093908	1.11377130467781104706	0.16842548606664087263	0.00016769252722506693	0.00008706010279174206
2.04999999999999982236	0.99988810209306822063	0.32800291104568052303	0.67188621198727060957	1.11878060196056128284	0.16902717271143377631	0.00016861980009756359	0.00008790320179222987
2.05500000000000015987	0.99988658049458134514	0.32645152739997573832	0.67343607403293992419	1.12378475621852746968	0.16966419190429637975	0.00016953813745840122	0.00008875089247952187
2.06000000000000005329	0.99988605344588332713	0.32491098651155808641	0.67497608787211915704	1.12878410823406771790	0.17027211952226345426	0.00017046494202830039	0.00008960321718966338
2.06499999999999994671	0.99988451793406496471	0.32338002590196079922	0.67650551296832772685	1.13377816674952458520	0.17091386470149391719	0.00017138273741478685	0.00009046013087673732
2.06999999999999984013	0.99988397889675906249	0.32186008888999506627	0.67802491094244143888	1.13876726896939950429	0.17152789934428558372	0.00017230899615856935	0.00009132167585753017
2.07500000000000017764	0.99988242954117056982	0.32034990535150120738	0.67953354512376185070	1.14375093116562842610	0.17217426537619301419	0.00017322617605701747	0.00009218780673781525
2.08000000000000007105	0.99988187853160837015	0.31885091343168719957	0.68103198603345160844	1.14872948702841459756	0.17279427236620362174	0.00017415181380859082	0.00009305856580685821
2.08499999999999996447	0.99988031539402855152	0.31736183569466630550	0.68251950063129640522	1.15370246016782007636	0.17344518675032497002	0.00017506829042282686	0.00009393390725897235
2.08999999999999985789	0.99987975243647031487	0.31588410495866459105	0.68399666840916617527	1.15867018084650230669	0.17407111964857485686	0.00017599316530104474	0.00009481387308547757
2.09500000000000019540	0.99987917625021704993	0.31441711036138930702	0.68546308681960443909	1.16363237234473460013	0.17472649436840906323	0.00017690883354294824	0.00009569841725319232
2.10000000000000008882	0.99987760079543941405	0.31296025859768167310	0.68691836312692555744	1.16858878250804054666	0.17534978391601022119	0.00017782404482336530	0.00009658753747730915
2.10499999999999998224	0.99987701814064711137	0.31151495655796390682	0.68836308251126010482	1.17353972599219091855	0.17598446422092245411	0.00017874772093433397	0.00009748127608198081
2.10999999999999987566	0.99987542905378479219	0.31007992389169358738	0.68979652608904495903	1.17848474787948132025	0.17664637045601494503	0.00017966212701743504	0.00009837958671706798
2.11500000000000021316	0.99987483451933212297	0.30865656556897536067	0.69121928987669678524	1.18342416601818323230	0.17728654006711608293	0.00018058493769984807	0.00009928251140556723
2.12000000000000010658	0.99987323189533117151	0.30724359502115572429	0.69263065779888377538	1.18835753213325823197	0.17795257592727919960	0.00018149842671580529	0.00010019000353914626
2.12500000000000000000	0.99987262553399314235	0.30584241146398161160	0.69403123499410168673	1.19328516082538205190	0.17859809720918237708	0.00018242030740782102	0.00010110210507618536
2.12999999999999989342	0.99987100947240792337	0.30445172244358720270	0.69542030795125797660	1.19820661025040098302	0.17926814989403633271	0.00018333281864570686	0.00010201876916941390
2.13500000000000023093	0.99987039134440736099	0.30307292130295931942	0.69679849096325352509	1.20312219182772794923	0.17991888475743500475	0.00018425370702770309	0.00010294003770455241
2.14000000000000012434	0.99986876193667806323	0.30170471002327753363	0.69816507283354489743	1.20803146992917076474	0.18059284044032156147	0.00018516518196704239	0.00010386586361438763
2.14500000000000001776	0.99986813210961911214	0.30034847598560104887	0.69952067704351850175	1.21293475286318819251	0.18124865044503143952	0.00018608501798659258	0.00010479628870432059
2.14999999999999991118	0.99986648946545797489	0.29900291592308864130	0.70086459446019522268	1.21783161100144332600	0.18192639453667711069	0.00018699540024959320	0.00010573126570556856
2.15500000000000024869	0.99986584801410116619	0.29766941115891532021	0.70219745777235620388	1.22272234960683467975	0.18258714084085139739	0.00018791412592484839	0.00010667083633519280
2.16000000000000014211	0.99986519343621738098	0.29634731950901566089	0.70351889484370366823	1.22760672020672845228	0.18326855764543001359	0.00018882336122384437	0.00010761495314131201
2.16500000000000003553	0.99986353929543336783	0.29503601798827538971	0.70482854222196911209	1.23248449747285504507	0.18392486828492507489	0.00018973195654268342	0.00010856361292402543
2.16999999999999992895	0.99986287872742551919	0.29373686126154208154	0.70612703838002222057	1.23735597210110292998	0.18459295159152666610	0.00019064889106045591	0.00010951685737932770
2.17500000000000026645	0.99986121157901652889	0.29244854800946601392	0.70741368448198405083	1.24222073213475869835	0.18527976915687049964	0.00019155631076147252	0.00011047463893313506
2.18000000000000015987	0.99986053958015774779	0.29117243044167534505	0.70868913005023126406	1.24707907188882050065	0.18595243552772997009	0.00019247199985530721	0.00011143699893241160
2.18500000000000005329	0.99985885953748532273	0.28990720301046618568	0.70995267743705225971	1.25193058464816386888	0.18664263351227478038	0.00019337814650938553	0.00011240388966495853
2.18999999999999994671	0.99985817620780570447	0.28865421171586586047	0.71120498540128129772	1.25677556191958883502	0.18731974345124424719	0.00019429253935422330	0.00011337535236172964
2.19499999999999984013	0.99985648340605481899	0.28741214708558437962	0.71244535722807811329	1.26161360200111594132	0.18801320372805760406	0.00019519736553386713	0.00011435133918939898
2.20000000000000017764	0.99985578886297610257	0.28618234886358523417	0.71367446090628960942	1.26644498821878093153	0.18868057928839190862	0.00019612413282039549	0.00011533195985350096
2.20500000000000007105	0.99985408343147641475	0.28496350395974401337	0.71489160037688836979	1.27126931810120824551	0.18934925945907862821	0.00019705531002583716	0.00011631723640363014
2.20999999999999996447	0.99985337778269434139	0.28375694583640281854	0.71609745285072901044	1.27608688318711571696	0.19002106900656093313	0.00019798102956749774	0.00011730714155146763
2.21499999999999985789	0.99985165985927360044	0.28256135806984061798	0.71729132269211404171	1.28089729105523719710	0.19070705704619039800	0.00019889727826570767	0.00011830162794279617
2.22000000000000019540	0.99985094322437872982	0.28137806779394519685	0.71847389633238534223	1.28570082520117079383	0.19138314552207549846	0.00019982183146782307	0.00011930073710013528
2.22500000000000008882	0.99985021380135519209	0.28020641044821087418	0.71964482425434916912	1.29049725334339449034	0.19205848068397360362	0.00020075120671538224	0.00012030449313371219
2.22999999999999998224	0.99984848549105698190	0.27904574185840624878	0.72080376453209094034	1.29528637608392616087	0.19272867588637077052	0.00020166564770823569	0.00012131282137225337
2.23499999999999987566	0.99984775079165688627	0.27789736258902097976	0.72195140910132449275	1.30006846347029059174	0.19341117757175801950	0.00020258835008169784	0.00012232576312266186
2.24000000000000021316	0.99984601028733666173	0.27675996253758256005	0.72308706864666960623	1.30484313102439664078	0.19409154151677313060	0.00020351611307690688	0.00012334334368804638
2.24500000000000010658	0.99984526489329128562	0.27563483964363616474	0.72421144614580823529	1.30961065858141867402	0.19477814697272249900	0.00020443750223782503	0.00012436553119923551
2.25000000000000000000	0.99984351234601642755	0.27452068141784818911	0.72532385182252867573	1.31437067116739614292	0.19547513026804619329	0.00020534934142894934	0.00012539227790638025
2.25499999999999989342	0.99984275639593345186	0.27341877950177639889	0.72642499778774105579	1.31912344059345110203	0.19616564342219489081	0.00020626930166501523	0.00012642362441470532
2.26000000000000023093	0.99984099194955811107	0.27232781930555433059	0.72751419353579249716	1.32386858958985653700	0.19685237375507619317	0.00020719452150854079	0.00012745959702224803
2.26500000000000012434	0.99984022558336838049	0.27124908619486065575	0.72859216027951212435	1.32860639356798948540	0.19754684288609394849	0.00020811300204259223	0.00012850016203246100
2.27000000000000001776	0.99983844939515809092	0.27018126374713719029	0.72965820653721247258	1.33333648435830087742	0.19824961629669379803	0.00020902189346783299	0.00012954527149980016
2.27499999999999991118	0.99983767275886847870	0.26912563105161646515	0.73071306259564861030	1.33805912944481586457	0.19894778652996225610	0.00020993880352579645	0.00013059496551742915
2.28000000000000024869	0.99983588497708075771	0.26808087012733639032	0.73175603573631919918	1.34277396370111623547	0.19965326127055921246	0.00021084611124101523	0.00013164919607363423
2.28500000000000014211	0.99983509822237592868	0.26704825382449481896	0.73278786528364892039	1.34748124672857816364	0.20034255649330073856	0.00021177638837680915	0.00013270807801551827
2.29000000000000003553	0.99983429920942834546	0.26602710394540263206	0.73380821614897873140	1.35218077309456141677	0.20105078571243720220	0.00021268204588250914	0.00013377148824493082
2.29499999999999992895	0.99983250231036169264	0.26501676342483843074	0.73481675976864657684	1.35687235145450491025	0.20174514706044749390	0.00021358681936666773	0.00013483942234176417
2.30000000000000026645	0.99983169889201450875	0.26401847932204286495	0.73581424045227050712	1.36155623504089939857	0.20245236311844835853	0.00021449949750436355	0.00013591191982928599
2.30500000000000015987	0.99982989073355554854	0.26303094378207203530	0.73679996783193646426	1.36623206831653387638	0.20316444048005627421	0.00021540257425459966	0.00013698893270055898
2.31000000000000005329	0.99982907756842642755	0.26205540134050353540	0.73777469710754228771	1.37090010904937731340	0.20387497341499088988	0.00021631345584826600	0.00013807049997980030
2.31499999999999994671	0.99982725831837282460	0.26109054340998105737	0.73873773578615542501	1.37555999808012630048	0.20457789809572554662	0.00021722976878770327	0.00013915664882373883
2.31999999999999984013	0.99982643556952810471	0.26013760848563816097	0.73968984796081171940	1.38021199732491450796	0.20529179895448965154	0.00021813876587556467	0.00014024734265311666
2.32500000000000017764	0.99982460538264350536	0.25919528748941872420	0.74063033876828365809	1.38485575543665362375	0.20600870014349312309	0.00021903815425525344	0.00014134253342439293
2.33000000000000007105	0.99982377321599213982	0.25826481292677877510	0.74155998116341870219	1.38949152689020216656	0.20672569613784988474	0.00021994523029676761	0.00014244225957587677
2.33499999999999996447	0.99982193226107651807	0.25734487547598644541	0.74247807765741724584	1.39411896206691321431	0.20744482069334876928	0.00022084270065693491	0.00014354647307916144
2.33999999999999985789	0.99982109084524173337	0.25643670170045307355	0.74338541001625502158	1.39873831395477377093	0.20816488212831968374	0.00022174779959011388	0.00014465521207711202
2.34500000000000019540	0.99981923929234461923	0.25553898228413840510	0.74428127787778441959	1.40334922866581668366	0.20887583067362183731	0.00022265819629576887	0.00014576850305859085
2.35000000000000008882	0.99981838879795303932	0.25465293790011889197	0.74516647176654238205	1.40795196358380625412	0.20959905984756824204	0.00022356121376387484	0.00014688630912741024
2.35499999999999998224	0.99981652680347599116	0.25377725946500184762	0.74604028820527934496	1.41254617181822972327	0.21032269253703134160	0.00022445463183721299	0.00014800858228659631
2.35999999999999987566	0.99981566740222505008	0.25291316182670575685	0.74690352644144908378	1.41713210371648146157	0.21104877143254599514	0.00022535555725910046	0.00014913536007289181
2.36500000000000021316	0.99981479654498006671	0.25205996024892002305	0.74775585716109860268	1.42170955717689051490	0.21177438798066702819	0.00022624689399719123	0.00015026659454287777
2.37000000000000010658	0.99981292701303847714	0.25121699150992837790	0.74859695636624445925	1.42627834806558606573	0.21249111984799615160	0.00022713714646392175	0.00015140228027519736
2.37500000000000000000	0.99981205287066199361	0.25038544619867797447	0.74942762753422231814	1.43083871047677146926	0.21321221775624704664	0.00022804944616658393	0.00015254252750603029
2.37999999999999989342	0.99981017324025500681	0.24956402903312327468	0.75024716506745414701	1.43539030800583344849	0.21394086656654179301	0.00022893751658788441	0.00015368721508896970
2.38500000000000023093	0.99980929060827039567	0.24875392841743892980	0.75105638305025046453	1.43993338553431104998	0.21467384094797625771	0.00022983290255336149	0.00015483637960173651
2.39000000000000012434	0.99980740104661669498	0.24795384998683825395	0.75185457191726956516	1.44446760142204211341	0.21540421592490752167	0.00023071876352739613	0.00015598997341937350
2.39500000000000001776	0.99980651010042131954	0.24716497665390907423	0.75264255430309223716	1.44899319968424977745	0.21613962179123424878	0.00023161187252809410	0.00015714803278201397
2.39999999999999991118	0.99980461075971083229	0.24638601518291874948	0.75341961643143351424	1.45350983884480244868	0.21687164727718194479	0.00023249547100887271	0.00015831051013705832
2.40500000000000024869	0.99980371167441406399	0.24561814308148272046	0.75418658944665073474	1.45801776218174738986	0.21760936892824120359	0.00023338625491369928	0.00015947744141162681
2.41000000000000014211	0.99980180271929175451	0.24486006844969079865	0.75494275512137143380	1.46251662272781279839	0.21833523221628509114	0.00023428169702962358	0.00016064884989677492
2.41500000000000003553	0.99980089567048102683	0.24411296346443775440	0.75568895305689087749	1.46700666859752071325	0.21907533854646990545	0.00023517002135419647	0.00016182470000354591
2.41999999999999992895	0.99979997783666607614	0.24337614652101222101	0.75642485216556076821	1.47148769928333744694	0.21981045458994305508	0.00023604887607898083	0.00016300494438394080
2.42500000000000026645	0.99979806242002300376	0.24264895746554487888	0.75715012580243157281	1.47595953075734764859	0.22053979612145860334	0.00023692651684524462	0.00016418957696816703
2.43000000000000015987	0.99979714210562076193	0.24193254568976133023	0.75786561726287449137	1.48042239636538797143	0.22128300138699377730	0.00023781117608863832	0.00016537863284861023
2.43500000000000005329	0.99979621129190743289	0.24122623558803638066	0.75857099654993564997	1.48487609101918671684	0.22201339858609409061	0.00023870013404778167	0.00016657213351884914
