0.00000000000000000000	1.00000000000000000000	1.00000000000000000000	0.00000000000000000000	5.00000000000000000000	1.99999999999504485260	0.09999999999999639733	0.00000000000000000000
0.00500000000000000010	0.99999942691687693230	0.99984945708386652186	0.00014996983300923536	4.99647377748838650291	1.99964033396111462437	0.10122316209091170025	0.00050611581045455851
0.01000000000000000021	0.99999932336177776993	0.99939973832167017243	0.00059958504010394309	4.99325020959611709515	1.99981759131412850650	0.10122393557341848036	0.00101223548832165091
0.01499999999999999944	0.99999888489815869086	0.99865061567476887117	0.00134826922338920083	4.99032609873000687628	1.99981828639249625823	0.10122307068046149103	0.00151835084172395824
0.02000000000000000042	0.99999807032512488814	0.99760280355546215869	0.00239526676966128876	4.98770037226178786227	1.99981858879652629746	0.10122228809175563835	0.00202446228218273669
0.02500000000000000139	0.99999683841324449318	0.99625719478272134477	0.00373964363052286869	4.98537177898165140277	1.99982054846554757610	0.10122147561871927546	0.00253056966027633305
0.02999999999999999889	0.99999514803546540875	0.99461485982557718000	0.00538028820988850805	4.98333889084080716714	1.99982341726483059396	0.10122067536145064326	0.00303667303708358635
0.03500000000000000333	0.99999397338288531500	0.99267805113127771666	0.00731592225160728696	4.98160722042350734284	1.99982727683248495687	0.10121988295811111536	0.00354277245187414186
0.04000000000000000083	0.99999245689543825311	0.99044737609771016373	0.00954508079772933143	4.98016926472994825303	1.99982904117257009879	0.10121933462217622135	0.00404886912498502328
0.04499999999999999833	0.99999055652135504513	0.98792442738445096495	0.01206612913690428140	4.97902306548607764825	1.99983223417262556687	0.10121870540333782751	0.00455496265200171224
0.05000000000000000278	0.99998924954043288960	0.98511196939499168224	0.01487728014544199839	4.97816855229761134893	1.99983622510524683413	0.10121809308418043549	0.00506105311742261442
0.05500000000000000028	0.99998776419350843270	0.98201121490476483977	0.01797654928874455743	4.97760196171939917065	1.99983916484418777770	0.10121768151118480661	0.00556714152497853835
0.05999999999999999778	0.99998608899759844348	0.97862429533578487728	0.02136179366181457234	4.97732089426203305749	1.99984246675868626575	0.10121731761980046205	0.00607322811307754035
0.06500000000000000222	0.99998421257486802549	0.97495350924304791107	0.02503070333182050647	4.97732278588421284127	1.99984615367174378697	0.10121699968822306381	0.00657931311151865525
0.07000000000000000666	0.99998212366834959841	0.97100132056330434871	0.02898080310504746321	4.97760490996962357002	1.99985024817364820393	0.10121672597181488595	0.00708539674137772992
0.07499999999999999722	0.99997981114357414878	0.96677035665050659041	0.03320945449306848124	4.97816437940504652460	1.99985351561068291915	0.10121652662804402067	0.00759147937451794957
0.08000000000000000167	0.99997726405258435811	0.96226340669492027580	0.03771385735766678154	4.97899814864579859375	1.99985832206864455607	0.10121634260491763069	0.00809756108754253710
0.08500000000000000611	0.99997447160394492549	0.95748341936448844169	0.04249105223945818383	4.98010301600115834475	1.99986359363055221650	0.10121619791715104342	0.00860364207712829149
0.08999999999999999667	0.99997142319295118096	0.95243350079941424546	0.04753792239353708121	4.98147562592226211819	1.99986935207363480949	0.10121609072627403558	0.00910972253075966257
0.09500000000000000111	0.99996911287905854149	0.94711696572427672702	0.05285214715478313979	4.98311744039311754761	1.99987561878911601632	0.10121601918005372622	0.00961580262665993196
0.10000000000000000555	0.99996471613817539126	0.94153545457098808402	0.05842926156718782071	4.98501219176332721617	1.99988051791603527185	0.10121603611666529776	0.01012188280724325880
0.10499999999999999611	0.99996092883785547833	0.93569411984395234327	0.06426680899390342649	4.99062640571627191832	2.00005277449246277044	0.10020371594578242336	0.01062290138697217015
0.11000000000000000056	0.99995718796806154494	0.92959508029679760455	0.07036210767126467591	4.99649487236216405250	2.00006053743739986572	0.10020230979400443494	0.01112391293594219149
0.11500000000000000500	0.99995460977951899917	0.92324214584307284781	0.07671246393644694239	5.00261942860413366674	2.00006583538649040932	0.10020233343446824370	0.01162492460311453230
0.11999999999999999556	0.99995214331054727008	0.91663889835386314076	0.08331324495668378238	5.00899111947409192425	2.00007096833694086868	0.10020126238037144195	0.01212593091501638909
0.12500000000000000000	0.99994895656298254938	0.90978853372556267587	0.09016042283742020658	5.01560421682970147828	2.00007589963986465165	0.10020024815315664579	0.01262693215578217232
0.13000000000000000444	0.99994522944054742286	0.90269532534019958359	0.09724990410035061483	5.02245309708121290271	2.00008431392739183252	0.10019911156693950272	0.01312792771361686976
0.13500000000000000888	0.99994192392206537878	0.89536435548197745860	0.10457756844008736508	5.02953794802832732103	2.00010407996941452780	0.10019958376421086998	0.01362892563243792501
0.14000000000000001332	0.99993915090329954509	0.88780008618344918858	0.11213906471984938507	5.03685730784219654055	2.00009673543304700161	0.10019677837160337330	0.01412990952429594126
0.14499999999999999001	0.99993636987038669872	0.88000654949363255053	0.11992982037675603557	5.04440163897726012721	2.00011646060273351466	0.10019743985856530144	0.01463089672358876790
0.14999999999999999445	0.99993344909165160495	0.87198828262354655116	0.12794516646810705218	5.05216615846459138339	2.00012223925419041493	0.10019642280495351383	0.01513187883761353547
0.15499999999999999889	0.99993043442458184877	0.86375010551076214504	0.13618032891382425564	5.06014634645770033927	2.00012828132483111432	0.10019546851726718328	0.01563285618019987291
0.16000000000000000333	0.99992732584377597149	0.85529692681427815781	0.14463039902950095006	5.06833730896130241206	2.00013451084218552012	0.10019452342178140902	0.01613382879730878086
0.16500000000000000777	0.99992412385637641226	0.84663378160875213396	0.15329034224762819183	5.07673404914595138848	2.00014095374370759473	0.10019359920594941848	0.01663479679333852712
0.17000000000000001221	0.99992082514323454845	0.83776582247270103831	0.16215500267053739591	5.08533139527126909485	2.00014655619660031149	0.10019273567480389830	0.01713576047171254738
0.17500000000000001665	0.99991743245826569808	0.82869833141511806129	0.17121910104315099521	5.09412409175844516085	2.00015320265138907274	0.10019182505472908062	0.01763671959698619174
0.17999999999999999334	0.99991412290282988273	0.81943684522522197700	0.18047727767761267970	5.10310715455070251778	2.00015812655287383848	0.10019101049309957208	0.01813767464945168981
0.18499999999999999778	0.99991075583562993856	0.80998675480787674097	0.18992400102775744419	5.11227498533039348416	2.00016484247374259908	0.10019022543046002260	0.01863862577660398839
0.19000000000000000222	0.99990729173108039429	0.80035364830072752707	0.19955364343035739139	5.12162172888619338096	2.00017161975462842705	0.10018937871524857819	0.01913957267018023128
0.19500000000000000666	0.99990374971598461329	0.79054319774729686632	0.20936055196869196582	5.13114546383668024276	2.00017902351505894032	0.10018564512877872752	0.01964050089582412492
0.20000000000000001110	0.99990100461117858988	0.78056183161712533458	0.21933917299405616963	5.14083912296153577870	2.00018618282375770789	0.10018449735678060242	0.02014142338260802717
0.20500000000000001554	0.99989731872504550303	0.77041414181750300649	0.22948317690754926890	5.15069357477278622071	2.00019350931737172061	0.10018367468868909220	0.02064234175605147298
0.20999999999999999223	0.99989355885504260790	0.76010681270202895554	0.23978674615301776019	5.16070536463781426306	2.00020095957993060409	0.10018310894578624781	0.02114325730078040269
0.21499999999999999667	0.99988972560212208140	0.74964595683723478370	0.25024376876489051735	5.17086840716087614567	2.00020855501186645142	0.10018254382249769385	0.02164417001989289019
0.22000000000000000111	0.99988582005457282698	0.73903777738737719272	0.26084804266719963106	5.18117653241431685984	2.00021629246049492679	0.10018198157160775053	0.02214507992775092970
0.22500000000000000555	0.99988184384150979866	0.72828856441380829256	0.27159327942770622455	5.19162348574880017082	2.00022416901921440413	0.10018142383532123441	0.02264598704692753761
0.23000000000000000999	0.99987779691089795353	0.71740468957907710390	0.28247310733182562359	5.20220292802288852840	2.00023218483583864469	0.10018087164668926237	0.02314689140516098392
0.23500000000000001443	0.99987388467102245038	0.70639274337540391979	0.29348114129562596908	5.21290894188572728751	2.00023843311941673662	0.10018039818160344445	0.02364779339606900080
0.23999999999999999112	0.99986994893133973594	0.69525913905773462087	0.30461080987361194294	5.22373485890990885139	2.00024636212750284159	0.10017998111156148355	0.02414869330162680919
0.24499999999999999556	0.99986594593015787336	0.68401044348886852475	0.31585550244129362296	5.23467384146241165865	2.00025426818208362789	0.10017947587047425217	0.02464959068097918177
0.25000000000000000000	0.99986187655148861531	0.67265332178506975769	0.32720855476642402015	5.24571926845385139160	2.00026230650014680279	0.10017898557991840314	0.02515048560887877399
0.25500000000000000444	0.99985860869361709025	0.66119504868484768600	0.33866356000877478882	5.25686653280694127233	2.00027050213407742163	0.10017851927705900827	0.02565137820526406862
0.26000000000000000888	0.99985442324022688609	0.64964132112549222153	0.35021310211474354634	5.26810480998592201018	2.00027881732726831032	0.10017806394745382148	0.02615226852500133689
0.26500000000000001332	0.99985017457122893347	0.63799952712280982858	0.36185064744842421192	5.27942931444476926117	2.00028725245419636281	0.10017762021807914696	0.02665315662609173131
0.27000000000000001776	0.99984586458696445010	0.62627656198513248498	0.37356930260183873749	5.29083319713935207318	2.00029580663591799450	0.10017718915326784268	0.02715404257185807108
0.27500000000000002220	0.99984149429538404785	0.61447936772272560013	0.38536212657266372128	5.30230955849824958648	2.00030447633453212219	0.10017677082083074891	0.02765492642596222364
0.28000000000000002665	0.99983706501162239455	0.60261492966814678152	0.39722213534348316255	5.31385145922069490609	2.00031326036142687030	0.10017636570940328944	0.02815580825450924099
0.28500000000000003109	0.99983279525080759331	0.59069039274003065643	0.40914240251078209942	5.32545245026199598470	2.00032027238296095106	0.10017605745773183745	0.02865668854179790129
0.28999999999999998002	0.99982851132843453268	0.57871271343061125858	0.42111579789782815908	5.33710530860455723001	2.00032891584570471366	0.10017579158567350983	0.02915756749972626960
0.29499999999999998446	0.99982417227378117541	0.56668895744759539834	0.43313521482619132819	5.34880270419050063424	2.00033748651515663752	0.10017546015328188114	0.02965844480049267817
0.29999999999999998890	0.99981977847094238854	0.55462624026301954316	0.44519353820792673115	5.36053759269952045940	2.00034619496833565577	0.10017515708810605102	0.03015932058593320808
0.30499999999999999334	0.99981618383694403907	0.54253212936681760592	0.45728405447012998586	5.37230501276011196410	2.00035500262289733797	0.10017486562064396860	0.03066019491403642813
0.30999999999999999778	0.99981169673087288974	0.53041292098585324233	0.46939877574502431035	5.38409363214054170754	2.00036390980810052653	0.10017458664820091951	0.03116106784727743287
0.31500000000000000222	0.99980716593277785265	0.51827622208017898320	0.48153094385260503119	5.39589844050964106970	2.00037291704354869282	0.10017432062692128991	0.03166193945041204105
0.32000000000000000666	0.99980258037653513270	0.50612920264366390022	0.49367337773287889302	5.40771227803810994317	2.00038201330179044035	0.10017407432604565065	0.03216280982204226813
0.32500000000000001110	0.99979794429291524160	0.49397904888160160120	0.50581889541131919152	5.41952802196609617624	2.00039120797550573627	0.10017383598513757148	0.03266367900196795460
0.33000000000000001554	0.99979325911047289832	0.48183294656950020896	0.51796031254098062746	5.43133854042286134955	2.00040049885267645635	0.10017361159304173646	0.03316454705993316515
0.33500000000000001998	0.99978852544685814507	0.46969807785653827636	0.53009044759032553085	5.44313670363933610474	2.00040988517907614153	0.10017340127035422037	0.03366541406628493355
0.34000000000000002442	0.99978397758085024716	0.45758171483364051824	0.54220226274721505799	5.45491599090201351174	2.00041748643022820886	0.10017328977583180027	0.03416628051516409220
0.34500000000000002887	0.99977942369463690397	0.44549093464281164234	0.55428848905183292217	5.46666902179133540329	2.00042669699876851652	0.10017322753003721214	0.03466714665281427771
0.35000000000000003331	0.99977482422884977886	0.43343286690563181951	0.56634195732322523131	5.47838842085325783415	2.00043582119653606810	0.10017310543489052477	0.03516801217998873075
0.35499999999999998224	0.99977101320611305724	0.42141495607084206165	0.57835605713527837857	5.49006929327976411770	2.00044502671569945917	0.10017299391990618085	0.03566887714958826006
0.35999999999999998668	0.99976633773352641121	0.40944366681845506539	0.59032267091507639734	5.50170025807089757564	2.00045431442048959880	0.10017289394082830312	0.03616974161929240039
0.36499999999999999112	0.99976161842835054028	0.39752639219513569158	0.60223522623322156555	5.51327643653338572705	2.00046368566018895052	0.10017280596025801565	0.03667060564909369047
0.36999999999999999556	0.99975685576236761332	0.38567017296286487671	0.61408668279950995306	5.52479084025913547151	2.00047314025335509768	0.10017273018931549533	0.03717146930004026906
0.37500000000000000000	0.99975205016055024299	0.37388201288385641829	0.62587003727670176279	5.53623651880682121629	2.00048267841062132888	0.10017266684518080777	0.03767233263426617018
0.38000000000000000444	0.99974720200358413447	0.36216887457805185813	0.63757832742553988137	5.54760656348722491771	2.00049229999009137160	0.10017261596593986239	0.03817319571409587275
0.38500000000000000888	0.99974231233152688336	0.35053767562526633172	0.64920463670626971098	5.55889411319102944020	2.00050200335613448388	0.10017257757644153215	0.03867405860197808271
0.39000000000000001332	0.99973818060389263440	0.33899552595234455632	0.66074265465155457289	5.57009451258162080478	2.00050995029038869433	0.10017263682851530737	0.03917492178612065612
0.39500000000000001776	0.99973430389534734264	0.32754906472313655152	0.67218523917221728592	5.58120124938876394083	2.00051887387799220974	0.10017343111170144698	0.03967578894167916176
0.40000000000000002220	0.99973106598475380835	0.31620515332803517117	0.68352591265672546506	5.59220560430857815959	2.00052521992628706826	0.10017289998243733562	0.04017665344159134649
0.40500000000000002665	0.99972800175586584714	0.30497034192540822817	0.69475765983046489094	5.60310278523277549567	2.00053315467525028026	0.10017380103695713855	0.04067752244677613066
0.41000000000000003109	0.99972492315386052297	0.29385120526729813228	0.70587371788656938509	5.61388421343452748147	2.00053937124247172008	0.10017408188951795744	0.04117839285622371809
0.41500000000000003553	0.99972183021667393454	0.28285430426210828037	0.71686752595457403636	5.62454337339054344369	2.00054559661985420504	0.10017437200963651145	0.04167926471627190349
0.41999999999999998446	0.99971872320016597069	0.27198612678217737315	0.72773259641799481479	5.63507381393117512403	2.00055183737957253953	0.10017466667117495838	0.04218013804962778002
0.42499999999999998890	0.99971560229538991571	0.26125308375300754227	0.73846251854238842416	5.64546917012953208825	2.00055809609030621488	0.10017497006504487433	0.04268101289995300529
0.42999999999999999334	0.99971246766291033126	0.25066150536981124386	0.74905096229310741407	5.65572315969369388000	2.00056437513437179732	0.10017528288800163494	0.04318188931439301270
0.43499999999999999778	0.99970931941794805020	0.24021763735643858473	0.75949168206151773663	5.66582958606846620597	2.00057067619621609111	0.10017560555338612949	0.04368276734215994356
0.44000000000000000222	0.99970615765040382605	0.22992763728471804496	0.76977852036569494043	5.67578233981120305884	2.00057699894559082310	0.10017593729019025339	0.04418364702861089788
0.44500000000000000666	0.99970298244319177883	0.21979757094617535795	0.77990541149702397039	5.68557540363721436449	2.00058334571192242279	0.10017627786812108304	0.04468452841795150093
0.45000000000000001110	0.99969979383202478562	0.20983340876458170254	0.78986638506745310284	5.69520285822248872876	2.00058971738413093888	0.10017662852290024067	0.04518541156056600505
0.45500000000000001554	0.99969659181910519585	0.20004102227842962547	0.79965556954068095497	5.70465888326479486636	2.00059611455062791308	0.10017698911076745871	0.04568629650611984172
0.46000000000000001998	0.99969337637329158675	0.19042618068065586545	0.80926719569264726761	5.71393776081062920724	2.00060253769151241698	0.10017735942191689780	0.04618718330322942739
0.46500000000000002442	0.99969014743038120407	0.18099454741982762274	0.81869560001056174148	5.72303387857115186677	2.00060898731510050652	0.10017773920840472579	0.04668807199927144796
0.47000000000000002887	0.99968690489359712803	0.17175167686484504870	0.82793522802875918476	5.73194173314572985589	2.00061546387967092997	0.10017812817060572916	0.04718896264012447522
0.47500000000000003331	0.99968364863416836474	0.16270301103504450357	0.83698063759913232662	5.74065593321198885945	2.00062196784605594857	0.10017852597248697033	0.04768985526998691105
0.47999999999999998224	0.99968037849195667821	0.15385387639764003254	0.84582650209432519439	5.74917120265990710948	2.00062849968987110927	0.10017893224741830638	0.04819074993122400563
0.48499999999999998668	0.99967709423828465809	0.14520948072889791614	0.85446761350939626212	5.75748238354477592793	2.00063505991071721724	0.10017934660276409109	0.04869164666423782262
0.48999999999999999112	0.99967379569478287404	0.13677491007250208721	0.86289888562228866942	5.76558443314523216827	2.00064164446974590561	0.10017976546989662556	0.04919254549158730283
0.49499999999999999556	0.99967048277421333147	0.12855512475446281839	0.87111535801975559234	5.77347243799529685759	2.00064823527026858230	0.10018019105512987466	0.04969344644686295165
0.50000000000000000000	0.99966715499371316955	0.12055495934186352680	0.87911219565185871883	5.78114161472023280197	2.00065484191903308897	0.10018062603388984411	0.05019434957703240024
0.50500000000000000444	0.99966381219385380685	0.11277911702413874473	0.88688469516972667783	5.78858729812610040000	2.00066147695398655060	0.10018106162813543436	0.05069525488517307582
0.51000000000000000888	0.99966045404005654529	0.10523216772418647613	0.89442828631588033872	5.79580496610105466715	2.00066814264989911720	0.10018150328638771029	0.05119616240160501652
0.51500000000000001332	0.99965708017571630606	0.09791854543165387503	0.90173853474407184017	5.80279023153567408144	2.00067483974143733860	0.10018195037684982096	0.05169707215348926660
0.52000000000000001776	0.99965369021876715472	0.09084254560258368805	0.90881114461619150191	5.80953884511737417284	2.00068156898865412430	0.10018240236833990398	0.05219798416533096702
0.52500000000000002220	0.99965028376304843061	0.08400832264214827538	0.91564196112090967539	5.81604669782196825878	2.00068833119595979042	0.10018285871970426804	0.05269889845892948566
0.53000000000000002665	0.99964686037960670539	0.07741988747146172356	0.92222697290815380811	5.82230982332558166803	2.00069512721069475703	0.10018331888337397850	0.05319981505334635263
0.53500000000000003109	0.99964341961793323765	0.07108110517991202137	0.92856231443803161074	5.82832440033056453643	2.00070195792174709837	0.10018378230554279840	0.05370073396487407003
0.54000000000000003553	0.99963996100725693861	0.06499569276438271759	0.93464426824288515672	5.83408675480486227372	2.00070882425705676155	0.10018424842669437780	0.05420165520700754441
0.54500000000000003997	0.99963648405795002549	0.05916721695668382408	0.94046926710127465299	5.83959336213400703741	2.00071572718170820337	0.10018471668201689440	0.05470257879041762888
0.55000000000000004441	0.99963298826284896492	0.05359909214044418502	0.94603389612241639561	5.84484084918464663616	2.00072266769527651320	0.10018518650217120292	0.05520350472292848143
0.55500000000000004885	0.99962947309873873003	0.04829457835867828619	0.95133489474007215669	5.84982599627925203833	2.00072964682959097971	0.10018565731406456343	0.05570443300949880217
0.56000000000000005329	0.99962593802775290275	0.04325677941317585679	0.95636915861458871024	5.85454573907900410745	2.00073666564545904478	0.10018612854133039647	0.05620536365220545755
0.56500000000000005773	0.99962238249878654361	0.03848864105681426562	0.96113374144198426841	5.85899717037419875965	2.00074372523035792781	0.10018659960487223681	0.05670629665022981769
0.57000000000000006217	0.99961880594902430275	0.03399294927983781411	0.96562585666919664718	5.86317754178209771254	2.00075082669598147689	0.10018706992342696349	0.05720723199984695251
0.57500000000000006661	0.99961520780537205244	0.02977232869108428423	0.96984287911429700735	5.86708426534993332524	2.00075797117469189601	0.10018753891413013923	0.05770816969441760341
0.57999999999999996003	0.99961158748597789270	0.02582924099509312579	0.97378234649089612240	5.87071491506308618114	2.00076515981729263771	0.10018800599304746035	0.05820910972438284037
0.58499999999999996447	0.99960794440173783570	0.02216598356595891536	0.97744196083578904766	5.87406722825766802742	2.00077239378944726766	0.10018847057588552152	0.05871005207726226471
0.58999999999999996891	0.99960427795798889594	0.01878468811870486962	0.98081958983929340423	5.87713910693536867313	2.00077967426997860301	0.10018893207789766886	0.05921099673765175403
0.59499999999999997335	0.99960058755476755010	0.01568731947874550323	0.98391326807603185500	5.87992861798137678164	2.00078700245494722765	0.10018939013015054629	0.05971194368830250870
0.59999999999999997780	0.99959687258981233526	0.01287567445087085816	0.98672119813895231566	5.88243399715229653424	2.00079437949102301175	0.10018984381294705754	0.06021289290736724087
0.60499999999999998224	0.99959313245988246077	0.01035138078805195039	0.98924175167184258406	5.88465364734772666822	2.00080180661600026681	0.10019029267024320839	0.06071384437071845885
0.60999999999999998668	0.99958936656218821959	0.00811589625975495110	0.99147347030244603605	5.88658614040858463312	2.00080928502935551094	0.10019073612217356539	0.06121479805132932356
0.61499999999999999112	0.99958557429580918718	0.00617050782131340313	0.99341506647450916745	5.88823021793902778853	2.00081681592764892841	0.10019117359225668262	0.06171575391929060711
0.61999999999999999556	0.99958175506322666237	0.00451633088450449985	0.99506542417873233841	5.88958479202653784057	2.00082440050189047653	0.10019160450711810106	0.06221671194182619435
0.62500000000000000000	0.99957790827178250037	0.00315430868972605078	0.99642359958206971893	5.89064894586083109829	2.00083203993552949385	0.10019202829697509971	0.06271767208331106846
0.63000000000000000444	0.99957403333512928612	0.00208521178011229205	0.99748882155502727187	5.89142193425108384730	2.00083973540030957139	0.10019244439614349851	0.06321863430529178762
0.63500000000000000888	0.99957013517609161202	0.00130963722960059591	0.99826049794650417724	5.89190321820814144615	2.00084748805453127574	0.10019285224349193386	0.06371959856650924459
0.64000000000000001332	0.99956620008530427945	0.00082800919657274972	0.99873819088874171701	5.89209231723598758634	2.00085530490784080371	0.10019324879752240787	0.06422056481049685794
0.64500000000000001776	0.99956223523776555062	0.00064057800440716598	0.99892165723337056349	5.89198904926179611863	2.00086317975705130223	0.10019363845403014834	0.06472153300276700660
0.65000000000000002220	0.99955824005148319333	0.00074742019097712577	0.99881081986051956090	5.89159335846361287281	2.00087111489408719933	0.10019401827494531232	0.06522250309414173719
0.65500000000000002665	0.99955421396224664043	0.00114843850437837099	0.99840577545788145031	5.89090536173140932874	2.00087911150336905663	0.10019438768218029423	0.06572347503255264456
0.66000000000000003109	0.99955015642470457227	0.00184336199228376791	0.99770679443243470708	5.88992534857239125046	2.00088717071030508521	0.10019474612670596636	0.06622444876318617224
0.66500000000000003553	0.99954606691277014807	0.00283174619392918738	0.99671432071885335269	5.88865378090801794286	2.00089529359355999816	0.10019509307498705719	0.06672542422856110600
0.67000000000000003997	0.99954194492015180362	0.00411297343457201880	0.99542897148559350562	5.88709129277004006298	2.00090348118891236950	0.10019542800484305956	0.06722640136858532012
0.67500000000000004441	0.99953778996100295373	0.00568625322220951083	0.99385153673880866076	5.88523868989578691213	2.00091173449028181253	0.10019575040404325728	0.06772738012060554313
0.68000000000000004885	0.99953461273661770026	0.00755161433540687752	0.99198299840122405868	5.88310303579559068510	2.00092005444922005353	0.10019605976988510410	0.06822836041945497254
0.68500000000000005329	0.99953139145703073787	0.00970690668385199365	0.98982448477319229241	5.88067937597415202333	2.00092650674358907281	0.10019640954484448914	0.06872934246717919693
0.69000000000000005773	0.99952811544961361889	0.01215081846406436406	0.98737729698556375713	5.87796897028511367012	2.00093307237821038669	0.10019673847652926790	0.06923032615956184466
0.69500000000000006217	0.99952478338605943442	0.01488187192833653402	0.98464291145773896741	5.87497330367285286457	2.00093975314264760357	0.10019704811435850567	0.06973131140013363871
0.70000000000000006661	0.99952139315632326788	0.01789841940553650590	0.98162297375080120876	5.87169402436806819878	2.00094655326986270438	0.10019733785104480150	0.07023229808938885599
0.70499999999999996003	0.99951794249482539545	0.02119864461070326833	0.97831929788413785065	5.86813294660535333946	2.00095347734907313964	0.10019760703678859404	0.07073328612457280284
0.70999999999999996447	0.99951442907120235937	0.02478056397789515572	0.97473386509332293759	5.86429205004703302251	2.00096053012426500217	0.10019785500936669032	0.07123427539961964261
0.71499999999999996891	0.99951085050244925512	0.02864202796766510475	0.97086882253479966920	5.86017347864542070823	2.00096771646301663239	0.10019808110154808378	0.07173526580512738782
0.71999999999999997335	0.99950720435375406403	0.03278072240479017185	0.96672648194897981000	5.85577953934232819933	2.00097504135075787701	0.10019828464321085815	0.07223625722834343954
0.72499999999999997780	0.99950348813786160651	0.03719416988656273904	0.96230931825131449386	5.85111270066388566846	2.00098250988984327492	0.10019846496194589891	0.07273724955315316598
0.72999999999999998224	0.99950077941042914098	0.04188062236667679239	0.95762015704376624026	5.84618215620500425445	2.00098794715048722281	0.10019883550291248941	0.07323824373066772919
0.73499999999999998668	0.99949804767258187965	0.04683641944384331346	0.95266162822875521954	5.84098444264775018553	2.00099345549693996560	0.10019911228651440238	0.07373923929210030037
0.73999999999999999112	0.99949529275106130388	0.05205860340429898508	0.94743668934677693905	5.83552249098547903827	2.00099899243620882316	0.10019940341056850219	0.07424023630915314864
0.74499999999999999556	0.99949251395112714835	0.05754406001806579990	0.94194845393307535808	5.82979940867723733788	2.00100457296022637976	0.10019968115261602970	0.07474123471491622706
0.75000000000000000000	0.99948971100475747509	0.06328952134924960282	0.93620018965552642687	5.82381845757429328359	2.00100938909275871680	0.10019998531986674950	0.07524223464151555407
0.75500000000000000444	0.99948688234248295181	0.06929156456245356976	0.93019531778004360678	5.81758304632539413603	2.00101503163337346436	0.10020023452881687831	0.07574323581415963458
0.76000000000000000888	0.99948402623462173633	0.07554661689391062307	0.92393740934072154936	5.81109673176313812348	2.00102072455992496813	0.10020046697038738348	0.07624423814901157281
0.76500000000000001332	0.99948114102906482348	0.08205095687416370798	0.91743018415491650597	5.80436321812016409183	2.00102647116683751705	0.10020068192057376977	0.07674524155861443819
0.77000000000000001776	0.99947822479277370622	0.08880071652700538554	0.91067750826578330869	5.79738635322579565212	2.00103227529230132120	0.10020087850134257179	0.07724624595112114522
0.77500000000000002220	0.99947524598779635685	0.09579188037926558708	0.90368336560854589656	5.79016994726434397478	2.00103814135416824271	0.10020105583811708683	0.07774725123031173135
0.78000000000000002665	0.99947225392374128283	0.10302032311485949390	0.89645193080889751247	5.78271609956528287455	2.00104276904105971013	0.10020362989557136946	0.07824826937978958397
0.78500000000000003109	0.99946922311237740288	0.11048176872682843874	0.88898745438556459053	5.77503123960556585814	2.00104874794755716039	0.10020377686653231253	0.07874928826412225247
0.79000000000000003553	0.99946615319838372216	0.11817178643624366707	0.88129436676215777702	5.76711978541879233262	2.00105480473899532967	0.10020389675134942775	0.07925030774787900079
0.79500000000000003997	0.99946304513726447194	0.12608581139594743359	0.87337723374133335863	5.75898629274014250967	2.00106093786228900200	0.10020398910515215807	0.07975132769340476102
0.80000000000000004441	0.99945989959403946923	0.13421914725588929285	0.86524075233816610808	5.75063544513111501999	2.00106714623151704657	0.10020405453540093266	0.08025234796608177179
0.80500000000000004885	0.99945671679519809683	0.14256696892847858793	0.85688974786673499651	5.74207205111095042582	2.00107342942816890385	0.10020409409187930327	0.08075336843654117025
0.81000000000000005329	0.99945349674228267656	0.15112432547869342203	0.84832917126360796178	5.73330104269596585453	2.00107978743324910198	0.10020410870424632799	0.08125438898006240307
0.81500000000000005773	0.99945023937300137007	0.15988614309158560856	0.83956409628143335855	5.72432747337650926767	2.00108622035270489192	0.10020409909111475943	0.08175540947551797333
0.82000000000000006217	0.99944694464632799491	0.16884722810775512625	0.83059971653858910567	5.71515651553836612209	2.00109272825900985637	0.10020406579149945814	0.08225642980447546437
0.82500000000000006661	0.99944361258142710991	0.17800227012534791671	0.82144134245609568001	5.70579345754506750410	2.00109931111538363879	0.10020400921489049095	0.08275744985054991898
0.83000000000000007105	0.99944024339086967590	0.18734584519398495006	0.81209439819690032447	5.69624370131847879151	2.00110596874468749107	0.10020392968663838218	0.08325846949898310645
0.83499999999999996447	0.99943683732509236428	0.19687241902464483467	0.80256441830046487684	5.68651275829653801708	2.00111270041656297280	0.10020382817839104672	0.08375948863987506265
0.83999999999999996891	0.99943339450336798890	0.20657635024463535944	0.79285704425875136447	5.67660624563698412715	2.00111950586924169926	0.10020370501282835352	0.08426050716493919956
0.84499999999999997335	0.99942991506792722145	0.21645189377862683600	0.78297802128931781596	5.66652988325631579158	2.00112638484343241529	0.10020356006500370782	0.08476152496526422053
0.84999999999999997780	0.99942639918085607320	0.22649320426511768134	0.77293319491576017999	5.65628949125796598452	2.00113333742085064415	0.10020339393099482461	0.08526254193491919486
0.85499999999999998224	0.99942284704477712953	0.23669433953278956606	0.76272850751200527153	5.64589098393407606835	2.00114036257287786214	0.10020320498254929598	0.08576355795983194030
0.85999999999999998668	0.99941925886581861604	0.24704926412058506036	0.75236999474525367848	5.63534036868091448014	2.00114746026326351114	0.10020299388384297512	0.08626457292925115983
0.86499999999999999112	0.99941563486539075623	0.25755185286510806630	0.74186378200030045349	5.62464374160203028907	2.00115463011128502657	0.10020276056612192894	0.08676558673208177586
0.86999999999999999556	0.99941197528286551677	0.26819589453723147177	0.73121608074565214164	5.61380728390034366981	2.00116187170792025896	0.10020250499326215088	0.08726659925704809140
0.87500000000000000000	0.99940828097972944644	0.27897509573478024292	0.72043318524496668953	5.60283726114724078826	2.00116918414455957631	0.10020222692867011838	0.08776761039169143908
0.88000000000000000444	0.99940455211298218074	0.28988308423074082842	0.70952146788225833873	5.59174001502576345501	2.00117656189313786186	0.10020193014610041804	0.08826862004242194693
0.88500000000000000888	0.99940078751353511599	0.30091341251864739403	0.69848737499490554104	5.58052195392467087487	2.00118401097568510139	0.10020161280987896490	0.08876962810647133495
0.89000000000000001332	0.99939698677722332842	0.31205956224974895630	0.68733742452749502228	5.56918955775700563748	2.00119153236146329888	0.10020127189686585389	0.08927063446595566443
0.89500000000000001776	0.99939314949478386119	0.32331494786739278791	0.67607820162740883685	5.55774937320548279018	2.00119912721434589642	0.10020090687648175454	0.08977163900033807709
0.90000000000000002220	0.99938927525306109345	0.33467292050420993643	0.66471635474886847650	5.54620800966482629946	2.00120679661347722345	0.10020051741260860290	0.09027264158740111455
0.90500000000000002665	0.99938536363477248337	0.34612677191752977413	0.65325859171726019525	5.53457213519610125019	2.00121454157775646721	0.10020010330665941878	0.09077364210393441823
0.91000000000000003109	0.99938141750427134102	0.35766973923210659825	0.64171167827218222879	5.52284848821170104571	2.00122236309418433109	0.10019966444472409861	0.09127464042615804352
0.91500000000000003553	0.99937743166207315682	0.36929500550919730495	0.63008242615289411503	5.51104382007190185533	2.00123025849301905410	0.10019920360290457406	0.09177563644417256750
0.92000000000000003997	0.99937340702174859430	0.38099570936445148472	0.61837769765731420701	5.49916495616849854144	2.00123823250131005480	0.10019871521563895878	0.09227663002025075778
0.92500000000000004441	0.99936934313904113303	0.39276494507889431196	0.60660439806016519526	5.48721875882121157275	2.00124628625148348604	0.10019820195999661061	0.09277762103005074423
0.93000000000000004885	0.99936523955744593906	0.40459576771331773326	0.59476947184414663550	5.47521212873721641046	2.00125442073605830373	0.10019766384367877199	0.09327860934926913983
0.93500000000000005329	0.99936109580656584672	0.41648119721697052231	0.58287989858961342104	5.46315200089694741337	2.00126263695797179665	0.10019710090475666964	0.09377959485379291915
0.94000000000000005773	0.99935691139932802951	0.42841422255599209690	0.57094268884335408476	5.45104534041726740412	2.00127093593646510072	0.10019651320776830350	0.09428057741983175699
0.94500000000000006217	0.99935268582964842388	0.44038780585958947622	0.55896487997007726634	5.43889913841558314544	2.00127931872437692107	0.10019590082335282089	0.09478155692394851783
0.95000000000000006661	0.99934841856987077779	0.45239488658116949749	0.54695353198872087575	5.42672040786005993596	2.00128778641357429890	0.10019526382753971006	0.09528253324308622041
0.95500000000000007105	0.99934410906850690282	0.46442838567213057255	0.53491572339639426037	5.41451617940768503701	2.00129634013869228681	0.10019460230144858204	0.09578350625459346179
0.95999999999999996447	0.99934076785543157762	0.47648172864330207155	0.52285903921214693657	5.40229904395456550503	2.00130498105705045830	0.10019391634481755737	0.09628447583631755125
0.96499999999999996891	0.99933740122382286319	0.48854728739684577521	0.51079011382699468502	5.39007061915268259611	2.00131166023727224967	0.10019330865505639283	0.09678544237959282870
0.96999999999999997335	0.99933400744123179749	0.50061795247952189936	0.49871605496172682903	5.37783795906017658695	2.00131839603167449582	0.10019268276343872015	0.09728640579341002459
0.97499999999999997780	0.99933062167756470107	0.51268680542147837542	0.48664381625610436677	5.36560614294948745595	2.00132518925165792112	0.10019203592921391288	0.09778736597305609513
0.97999999999999998224	0.99932722536459672735	0.52474654687753641280	0.47458067848707813363	5.35338430615029725601	2.00133189881572848279	0.10019137756787717397	0.09828832286089547732
0.98499999999999998668	0.99932385978420201766	0.53678992220475885144	0.46253393757945898690	5.34118177477853972590	2.00133866479939026561	0.10019069043832846966	0.09878927631308712098
0.98999999999999999112	0.99931950733212782101	0.54880957279387854175	0.45050993453826743140	5.32899786190114621576	2.00134537123146527549	0.10018998913740792545	0.09929022625877416408
0.99499999999999999556	0.99931708896556736832	0.56079986195838715801	0.43851722700719980574	5.31685374912764263655	2.00135408134925851797	0.10018917719227299346	0.09979117214473552655
1.00000000000000000000	0.99931269922775511905	0.57275170162556532372	0.42656099760220889117	5.30473890510419288091	2.00135897748644486782	0.10018852264485460235	0.10029211475795979380
1.00500000000000011546	0.99930930244415450137	0.58465949000472028363	0.41464981243945431277	5.29267471666100863814	2.00136769769486422277	0.10018767979380589772	0.10079305315692882461
1.01000000000000000888	0.99930585932425441964	0.59651596790751570953	0.40278989141675791696	5.28066026382212339030	2.00137454538446579733	0.10018689639916267264	0.10129398763892463742
1.01500000000000012434	0.99930242443591466017	0.60831380630372855478	0.39098861813220531225	5.26870696090953050117	2.00138146054751064895	0.10018610149115070307	0.10179491814638039204
1.02000000000000001776	0.99929800908259891479	0.62004589996811820818	0.37925210911450180085	5.25681403619765497126	2.00138831491113755590	0.10018528863116756000	0.10229584458953623616
1.02499999999999991118	0.99929551572346253518	0.63170658559632364426	0.36758893012716020721	5.24500257640498990241	2.00139717073708123252	0.10018436636160228670	0.10279676642134424891
1.03000000000000002665	0.99929106511420318082	0.64328724441072093754	0.35600382070349778640	5.23326171953309504659	2.00140223039057563170	0.10018360177369105279	0.10329768443021269952
1.03499999999999992006	0.99928760171306474369	0.65478229560228762285	0.34450530611079482890	5.22161272501508832988	2.00141108886985241710	0.10018265320243049943	0.10379859769622484800
1.04000000000000003553	0.99928409000452789179	0.66618481062906165224	0.33309927937548522436	5.21005437878012589437	2.00141808307773905184	0.10018176250938330696	0.10429950650877176099
1.04499999999999992895	0.99928059197317342655	0.67748772322589290162	0.32179286874730117507	5.19859783008002285243	2.00142515646634944204	0.10018086314714101659	0.10480041082450747281
1.05000000000000004441	0.99927611620410616844	0.68868429908879158496	0.31059181711533362380	5.18724196166007089914	2.00143214833214866388	0.10017994868662502550	0.10530131056794059252
1.05499999999999993783	0.99927354973685111883	0.69976900150752985308	0.29950454822933997301	5.17600763534711827418	2.00144114661347005679	0.10017892531772826237	0.10580220519452923633
1.06000000000000005329	0.99926904213370826291	0.71073382171512688998	0.28853522041860352187	5.16488351744002383015	2.00144636711301782128	0.10017806467627850264	0.10630309551791063127
1.06499999999999994671	0.99926551820955111793	0.72157334989810228976	0.27769216831146764646	5.15389060628859052571	2.00145535724573653269	0.10017702224450024395	0.10680398062913312729
1.07000000000000006217	0.99926291423408830639	0.73228136918737096739	0.26698154504673643483	5.14303280467229573247	2.00146248865010534246	0.10017603694631857514	0.10730486081386471364
1.07499999999999995559	0.99925839749352629582	0.74285049223383203820	0.25640790525971451919	5.13230421194011121599	2.00146776221309163901	0.10017514069505251140	0.10780573651733997564
1.08000000000000007105	0.99925485232971578142	0.75327544450585881552	0.24597940782387761605	5.12172547558672430768	2.00147678152427488385	0.10017405608364632341	0.10830660679775820643
1.08499999999999996447	0.99925124765365758162	0.76355004209706855978	0.23570120555661025485	5.11129470117758710757	2.00148395636395237673	0.10017302725419457987	0.10880747193402917627
1.09000000000000007994	0.99924767986767715211	0.77366790124682371932	0.22557977862087424947	5.10102242889382750946	2.00149124847143777828	0.10017199249623887081	0.10930833189651037451
1.09499999999999997335	0.99924411452503181241	0.78362328046357032640	0.21562083406148241371	5.09091237440708965778	2.00149839223870351645	0.10017095063923377174	0.10980918664970654164
1.10000000000000008882	0.99924051328863527921	0.79341032779650910722	0.20583018549214818216	5.08097011312868040989	2.00150559987683918095	0.10016989896176065056	0.11031003614451534434
1.10499999999999998224	0.99923783404299004740	0.80302368194232065512	0.19621415210069470536	5.07120478414306052883	2.00151287684833523173	0.10016883139120169588	0.11081088030147134837
1.11000000000000009770	0.99923422963209695968	0.81245698961217682754	0.18677724001994303049	5.06161529407361676647	2.00151833128576495113	0.10016784549967848450	0.11131171952896974642
1.11499999999999999112	0.99923065165696955958	0.82170509594710494650	0.17752555570988762246	5.05221067653597621927	2.00152447167786329274	0.10016705136102305174	0.11181255478577485640
1.12000000000000010658	0.99922852678196205645	0.83076299959977428777	0.16846552718221155520	5.04300171284985410125	2.00153377598998094555	0.10016707104129773942	0.11231339014098135065
1.12500000000000000000	0.99922549681153816081	0.83962464963633154369	0.15960084717522862729	5.03398470415887988594	2.00153809832335971564	0.10016610962591243617	0.11281422068911091394
1.13000000000000011546	0.99922246450667007167	0.84828519561375503866	0.15093726889293684890	5.02516816323998583016	2.00154413283715237881	0.10016506428641964999	0.11331504601054301351
1.13500000000000000888	0.99921938463021897636	0.85673955988433170283	0.14247982474590983881	5.01655683714424860398	2.00155025597700131357	0.10016398652172230077	0.11381586594315162841
1.14000000000000012434	0.99921719411522980092	0.86498310231960440220	0.13423409179564657623	5.00815906394649612565	2.00155648175229217145	0.10016289292272771705	0.11431668040776526984
1.14500000000000001776	0.99921411686885330816	0.87301043452895721320	0.12620368233992071416	4.99997307668592760876	2.00156094426973174549	0.10016187643695437237	0.11481748978995004462
1.15000000000000013323	0.99921103544183320633	0.88081715956001216394	0.11839387588184568934	4.99200686711437846554	2.00156707670993672110	0.10016078568092527667	0.11531829371835466969
1.15500000000000002665	0.99920790399587611219	0.88839870848725577268	0.11080919550863964351	4.98426465608148205888	2.00157330940706090772	0.10015966285470177810	0.11581909203262817643
1.15999999999999992006	0.99920564729189909059	0.89575092065140593522	0.10345472664051354184	4.97675426199653525572	2.00157963539725969326	0.10015852753148897503	0.11631988467028561707
1.16500000000000003553	0.99920253505750034062	0.90286901737618108221	0.09633351768134025550	4.96947348430822799514	2.00158424172371507410	0.10015746963887334209	0.11682067201847998184
1.16999999999999992895	0.99919941627398378703	0.90974909746954846224	0.08945031880445665495	4.96242971718736125553	2.00159043678488712814	0.10015634857926138113	0.11732145376137628756
1.17500000000000004441	0.99919624547786989321	0.91638714351042749318	0.08280910196746539553	4.95562661483717192823	2.00159674464310688435	0.10015519347781672022	0.11782222972876536804
1.17999999999999993783	0.99919302128057629897	0.92277929451115670023	0.07641372676944087339	4.94906798084213672695	2.00160315736960292554	0.10015402554720535810	0.11832299985650139573
1.18500000000000005329	0.99919066611349671714	0.92892205220553769607	0.07026861390798104512	4.94276096936439834906	2.00160966662062511645	0.10015284791004841480	0.11882376409605163725
1.18999999999999994671	0.99918748587640093817	0.93481144262245985388	0.06437604325396305283	4.93670272547534061403	2.00161447241359224947	0.10015175067481288385	0.11932452284942569876
1.19500000000000006217	0.99918429587291701655	0.94044424486008226793	0.05874005101285752900	4.93089984601352959714	2.00162081109416289948	0.10015060011778888216	0.11982527585001463699
1.19999999999999995559	0.99918105089791575679	0.94581718236980716341	0.05336386852813209541	4.92535523617950410369	2.00162725092134685667	0.10014941346155757651	0.12032602291732243105
1.20500000000000007105	0.99917774993245278559	0.95092714346033091477	0.04825060647214488713	4.92007195870324220976	2.00163381043592858433	0.10014821739084234231	0.12082676400427663777
1.20999999999999996447	0.99917529817446948393	0.95577134593892665304	0.04340395223556657578	4.91505637666051331536	2.00164048235043301460	0.10014701191576463879	0.12132749906385545402
1.21500000000000007994	0.99917207510620786870	0.96034667154405728429	0.03882540356217505095	4.91030507261694371124	2.00164548509141804189	0.10014588688783722381	0.12182822849829463840
1.21999999999999997335	0.99916883892045993409	0.96465062981250770946	0.03451820910797949449	4.90582374234801932289	2.00165189494427542272	0.10014472848307530428	0.12232895214071001777
1.22500000000000008882	0.99916554649622157935	0.96868073231128515310	0.03048481418496368223	4.90161446885593399259	2.00165843589629188770	0.10014352725352870799	0.12282966977697766520
1.22999999999999998224	0.99916219686488949581	0.97243466143707102400	0.02672753542784301120	4.89767951928412337281	2.00166508931278785965	0.10014231789844467435	0.12333038136646988503
1.23500000000000009770	0.99915965742262857763	0.97591039504732590704	0.02324926237532687345	4.89402434939927033497	2.00167185700444605345	0.10014110200888409752	0.12383108687651431246
1.23999999999999999112	0.99915553835244463876	0.97910557813311438480	0.02004996021935390518	4.89064173210599673070	2.00167701710047118979	0.10013997172071784081	0.12433178673511789680
1.24500000000000010658	0.99915295753235955356	0.98201884590132981767	0.01713411163105167667	4.88754570639847418789	2.00168519974883762913	0.10013873543409217148	0.12483248041228835190
1.25000000000000000000	0.99914962166155474321	0.98464820904699235093	0.01450141261458603656	4.88472857088678225068	2.00169054905395649158	0.10013754894599075085	0.12533316815701830982
1.25500000000000011546	0.99914626636357228850	0.98699228162366536843	0.01215398473993397309	4.88219509714148180990	2.00169719311038507570	0.10013639697488797842	0.12583385014189274465
1.26000000000000000888	0.99914285245130185498	0.98904973552707808881	0.01009311692424946956	4.87994622042270620454	2.00170394683150520976	0.10013519658924956157	0.12633452612483900279
1.26500000000000012434	0.99913937895709703518	0.99081941754798286137	0.00831996140913655868	4.87798300683476249162	2.00171085692846340010	0.10013398495149648804	0.12683519604959647697
1.27000000000000001776	0.99913669147939909720	0.99230043159208580761	0.00683625988733674566	4.87630974856060994682	2.00171784515741846278	0.10013277570509368508	0.12733585992812193610
1.27500000000000013323	0.99913254378023363955	0.99349173236655774488	0.00564081141369832985	4.87491845769394149812	2.00172331378219059417	0.10013165146367060399	0.12783651818544028433
1.28000000000000002665	0.99912980355498104412	0.99439295961466989127	0.00473684394033289241	4.87382123114053911195	2.00173155120943091489	0.10013044921312111435	0.12833717043150588699
1.28499999999999992006	0.99912641704921723029	0.99500344458438449990	0.00412297246485579874	4.87300990258195199090	2.00173721166969098562	0.10012925640529302118	0.12883781671353233822
1.29000000000000003553	0.99912300292095890253	0.99532294487242778391	0.00380005804855565931	4.87248782551961401310	2.00174392740567741455	0.10012816199860014033	0.12933845752352535197
1.29499999999999992895	0.99911952938590897766	0.99535132792490710330	0.00376820146102554683	4.87225458376481324052	2.00175083906804074374	0.10012697777528974108	0.12983909241240179644
1.30000000000000004441	0.99911599600033140778	0.99508863677049430585	0.00402735922985987364	4.87231018759663037088	2.00175781514474371292	0.10012580744125981758	0.13033972144960809247
1.30499999999999993783	0.99911240270197210211	0.99453508528349188200	0.00457731741850334831	4.87265438519118543326	2.00176493191540938454	0.10012463646375255322	0.13084034463192684150
1.31000000000000005329	0.99910955747298557661	0.99369110440110819393	0.00541845307190045623	4.87328995068665715706	2.00177216797409007754	0.10012346425844122211	0.13134096195321903755
1.31499999999999994671	0.99910543562541043183	0.99255713413112978127	0.00654830149430403723	4.87420830757126832822	2.00177794634313865885	0.10012238000088256873	0.13184157385322345379
1.32000000000000006217	0.99910252235659824382	0.99113403284997325660	0.00796848950664681352	4.87541888436699633047	2.00178613488222811867	0.10012125729166668209	0.13234218013968179761
1.32499999999999995559	0.99909824894627730085	0.98942257259111576762	0.00967567635518760613	4.87690998982215262458	2.00179207909594802928	0.10012010908323892844	0.13284278068509799975
1.33000000000000007105	0.99909524980303854313	0.98742393479178558469	0.01167131501127662875	4.87869155454239766811	2.00180059609554028555	0.10011898387173216729	0.13334337560445666537
1.33499999999999996447	0.99909175141502226669	0.98513927954694646694	0.01395247186809813085	4.88075468608547868854	2.00180671075109062329	0.10011783535487069063	0.13384396478123100627
1.34000000000000007994	0.99908821038319994834	0.98257002785314984106	0.01651818253007302992	4.88310039166095855023	2.00181371441678335188	0.10011682127992305169	0.13434454888763061597
1.34499999999999997335	0.99908461113844837520	0.97971774887997475911	0.01936686225849909571	4.88572679715484703422	2.00182080192226852233	0.10011573712710310213	0.13484512757326613808
1.35000000000000008882	0.99908095378118622065	0.97658417870377045578	0.02249677507743998509	4.88863211921373963520	2.00182803560158895095	0.10011465248520308446	0.13534570083569213983
1.35499999999999998224	0.99907723832170902689	0.97317121884002111276	0.02590601948171510419	4.89181442287544143710	2.00183538542538963512	0.10011356670479448772	0.13584626866921611921
1.36000000000000009770	0.99907422283803160035	0.96948094800916406744	0.02959327482889303335	4.89527464811187140725	2.00184285038674980584	0.10011248433649048983	0.13634683109089856812
1.36499999999999999112	0.99907082037655237094	0.96551557409678645527	0.03355524627979121488	4.89900622269884955529	2.00188454295999918031	0.10011245705967572461	0.13684739337619694632
1.37000000000000010658	0.99906831838519272182	0.96127748884066532842	0.03779082954455256771	4.90301375528555372085	2.00185691116513009291	0.10011095924818734504	0.13734794817243789478
1.37500000000000000000	0.99906474842874914977	0.95676921825997607307	0.04229553016879973593	4.90728314748820171332	2.00189860267712438358	0.10011061330588946761	0.13784850123896733032
1.38000000000000011546	0.99906221483362345204	0.95199349134744870593	0.04706872348619940000	4.91182389364389226927	2.00186913987680226157	0.10010905889485331721	0.13834904653344159975
1.38500000000000000888	0.99905944704562776870	0.94695316190518852295	0.05210628514046404536	4.91662405589705375775	2.00191305827709609133	0.10010878240893270053	0.13884959044548625395
1.39000000000000012434	0.99905739915912183946	0.94165125469855492923	0.05740614446059363191	4.92168858594997082889	2.00187979747239186423	0.10010729698338569071	0.13935012693040318976
1.39500000000000001776	0.99905534669703977002	0.93609092026232632033	0.06296442643474016443	4.92700942593298396588	2.00188392238800316747	0.10010651432867108401	0.13985065950204653151
1.40000000000000013323	0.99905328907379242764	0.93027548261547376995	0.06877780645834341566	4.93258320704715380600	2.00188805806671776821	0.10010573309690141974	0.14035118816753103244
1.40500000000000002665	0.99905122568696658192	0.92420841541780662798	0.07484281026918407353	4.93840643942533574773	2.00189220487905172874	0.10010496109303576584	0.14085171297299620141
1.40999999999999992006	0.99904915598628862838	0.91789333976457332387	0.08115581622174110332	4.94447549599213242999	2.00189636361085110394	0.10010420109068039751	0.14135223397844959292
1.41500000000000003553	0.99904707945018811355	0.91133402193376522593	0.08771305751644950521	4.95078660956783966896	2.00190053517593335997	0.10010345442132057014	0.14185275125055618606
1.41999999999999992895	0.99904499521860923306	0.90453437109744272426	0.09451062412119416722	4.95733586858872321557	2.00190472152383236448	0.10010272019354718442	0.14235326485152391407
1.42500000000000004441	0.99904290316816468653	0.89749843695950493050	0.10154446620868584628	4.96411923274721722521	2.00190892220811633706	0.10010200233614365006	0.14285377486320463558
1.42999999999999993783	0.99904080249175464257	0.89023040729995905895	0.10881039519182439390	4.97113251612054174444	2.00191313948435078984	0.10010129780000497079	0.14335428135220465440
1.43500000000000005329	0.99903869305932468947	0.88273460548349047539	0.11630408757585707080	4.97837140829730273595	2.00191737289369875441	0.10010061045462449736	0.14385478440447777015
1.43999999999999994671	0.99903657410549151496	0.87501548784788285573	0.12402108625763440253	4.98583145806935412736	2.00192162468629719640	0.10009993702838626550	0.14435528408961970093
1.44500000000000006217	0.99903444519244699595	0.86707764105980356106	0.13195680413266999698	4.99350809013362795241	2.00192589534022102882	0.10009927961112724537	0.14485578048767533410
1.44999999999999995559	0.99903230589095870506	0.85892577935799752087	0.14010652653298918957	5.00139660298283406092	2.00193018570699310388	0.10009863841917567007	0.14535627367977121960
1.45500000000000007105	0.99903015577690534865	0.85056474173772700365	0.14846541403920737734	5.00949217167836291509	2.00193449662606770545	0.10009801366837706160	0.14585676374811309963
1.45999999999999996447	0.99902799443047707317	0.84199948906257959802	0.15702850536792314906	5.01778985070828920101	2.00193882892988339606	0.10009740555995066957	0.14635725077591285603
1.46500000000000007994	0.99902582143063911602	0.83323510110409915175	0.16579072032656588798	5.02628457691920615957	2.00194318345913035984	0.10009681429379213569	0.14685773484738182115
1.46999999999999997335	0.99902363645904712630	0.82427677364113571823	0.17474686281793747056	5.03497117425092266529	2.00194756109250615594	0.10009623870487975583	0.14735821604090620918
1.47500000000000008882	0.99902143900329287707	0.81512981491025393588	0.18389162409306572532	5.04384435174430123539	2.00195196218204296557	0.10009568197412239965	0.14785869445077681750
1.47999999999999998224	0.99901922881485993866	0.80579964313298602097	0.19321958568190042427	5.05289871387838385175	2.00195638795440133961	0.10009514087741178123	0.14835917015516386641
1.48500000000000009770	0.99901700532309523073	0.79629178255149901666	0.20272522277162421944	5.06212875536898021522	2.00196083883877129495	0.10009461895959495537	0.14885964324996184271
1.48999999999999999112	0.99901476902201280517	0.78661186143695538409	0.21240290758508653668	5.07152887568914945149	2.00196452155176451981	0.10009415720439383823	0.14936011403598381531
1.49500000000000010658	0.99901251887811337582	0.77676560657237780916	0.22224691230576318346	5.08109337038294395228	2.00196900952254841499	0.10009367009311169461	0.14986058238644936469
1.50000000000000000000	0.99901025450285552143	0.76675884160310459059	0.23225141289978029624	5.09081644082524320538	2.00197352479405221715	0.10009320074967742453	0.15036104839019776014
1.50500000000000011546	0.99900797551038933442	0.75659748308007079842	0.24241049243034504257	5.10069219675178953111	2.00197806816088430537	0.10009274928993681930	0.15086151213664744652
1.51000000000000000888	0.99900568151471580425	0.74628753694585525658	0.25271814456888669342	5.11071465958480786185	2.00198264041603701813	0.10009231578489784231	0.15136197371557194580
1.51500000000000012434	0.99900337212945200527	0.73583509497014043532	0.26316827715933638343	5.12087776598257171656	2.00198724235303782137	0.10009190029487395612	0.15186243321704631648
1.52000000000000001776	0.99900104696726477194	0.72524633113543868213	0.27375471583184912694	5.13117537143077484529	2.00199187476805873231	0.10009150286885323822	0.15236289073139058781
1.52500000000000013323	0.99899870564043480314	0.71452749797609793614	0.28447120766436312378	5.14160125389704258936	2.00199653845780201067	0.10009112354391661026	0.15286334634911016850
1.53000000000000002665	0.99899634776018331195	0.70368492287128514562	0.29531142488892631048	5.15214911750835025117	2.00200123422058151590	0.10009076234620523094	0.15336380016084119604
1.53500000000000014211	0.99899397293707681289	0.69272500429573735659	0.30626896864136399223	5.16281259629124011923	2.00200596285669707441	0.10009041928925679898	0.15386425225728747601
1.54000000000000003553	0.99899158078062522126	0.68165420802915466236	0.31733737275149592749	5.17358525793258383629	2.00201072516805123058	0.10009009437558825939	0.15436470272916541502
1.54499999999999992895	0.99898917089951244641	0.67047906332749007685	0.32851010757204862633	5.18446060759242577376	2.00201552195794718614	0.10008978759522460522	0.15486515166714154290
1.55000000000000004441	0.99898674290159938938	0.65920615905785184818	0.33978058384377529677	5.19543209174841624787	2.00202035403202716068	0.10008949892672429349	0.15536559916177516971
1.55499999999999993783	0.99898429639399977109	0.64784213979946358997	0.35114215659456315954	5.20649310207337290279	2.00202522219635570266	0.10008922833683520093	0.15586604530345934960
1.56000000000000005329	0.99898183098308690475	0.63639370191295996371	0.36258812907015242066	5.21763697934365655584	2.00203012725871865030	0.10008897578047609711	0.15636649018236173370
1.56499999999999994671	0.99897934627467221969	0.62486758958045918178	0.37411175669423846202	5.22885701737712871306	2.00203507002820924043	0.10008874120075714198	0.15686693388836550622
1.57000000000000006217	0.99897684187353275043	0.61327059081803669827	0.38570625105552047707	5.24014646699354358361	2.00204005131542350782	0.10008852452787447840	0.15736737651100488056
1.57499999999999995559	0.99897431738459641082	0.60160953346518275531	0.39736478391943824695	5.25149854001118665536	2.00204507193094372042	0.10008832568416708986	0.15786781813942571406
1.58000000000000007105	0.99897177241190038277	0.58989128114991362661	0.40908049126200951573	5.26290641324598773565	2.00205013268598719378	0.10008814457476021553	0.15836825886229952132
1.58499999999999996447	0.99896920656347520939	0.57812272923482810327	0.42084647732867258574	5.27436323256785133395	2.00205523439166999111	0.10008798109923743025	0.15886869876779571853
1.59000000000000007994	0.99896661938010056225	0.56631080072734696351	0.43265581865278035512	5.28586212014551826144	2.00206037805540004726	0.10008783625028486175	0.15936913794904714048
1.59499999999999997335	0.99896401051218230993	0.55446244223190321865	0.44450156828030762401	5.29739616887704389825	2.00206556422901726933	0.10008770768443846222	0.15986957648746932814
1.60000000000000008882	0.99896137956210973030	0.54258461983306771614	0.45637675972906593946	5.30895845603158367254	2.00207079381481767300	0.10008759636710656826	0.16037001446930485016
1.60499999999999998224	0.99895872613277292285	0.53068431498595847184	0.46827441114683970858	5.32054204417392018200	2.00207519672099065744	0.10008803830743553953	0.16087045466084201606
1.61000000000000009770	0.99895604982776975422	0.51876852039948950779	0.48018752942830722485	5.33213998525476107204	2.00208051289475985612	0.10008796201464570386	0.16137089447091523819
1.61499999999999999112	0.99895335025161047238	0.50684423591430971534	0.49210911433732978937	5.34374532470616170343	2.00208587487661082704	0.10008790253392828296	0.16187133398358488634
1.62000000000000010658	0.99895062701002712569	0.49491846437786674029	0.50403216263218897364	5.35535110553979087911	2.00209128347132958581	0.10008785968372815867	0.16237177328200352866
1.62500000000000000000	0.99894787971021747897	0.48299820751897803994	0.51594967219126608438	5.36695037244507311414	2.00209673948051847248	0.10008783327158650434	0.16287221244836144751
1.63000000000000011546	0.99894510796116020579	0.47109046182440339479	0.52785464613678301227	5.37853617588529786531	2.00210224370201750332	0.10008782309428529422	0.16337265156383287690
1.63500000000000000888	0.99894231137392197617	0.45920221441979203192	0.53974009695415625654	5.39010157618899832244	2.00210779692955753717	0.10008782893797779634	0.16387309070852276727
1.64000000000000012434	0.99893948956198763689	0.44734043895749120434	0.55159905060452441017	5.40163964763429405025	2.00211339995170067851	0.10008785057835013765	0.16437352996141452177
1.64500000000000001776	0.99893664214160482473	0.43551209151361075511	0.56342455062802065946	5.41314348252371857484	2.00211905355167862908	0.10008788778076661841	0.16487396940031834314
1.65000000000000013323	0.99893376873210992795	0.42372410649675862349	0.57520966223537706163	5.42460619524708587136	2.00212475850619320283	0.10008794030043920154	0.16537440910182055198
1.65500000000000002665	0.99893086895636251654	0.41198339257090116350	0.58694747638548738777	5.43602092633049505110	2.00213051558506549554	0.10008800788260147074	0.16587484914123357127
1.66000000000000014211	0.99892794244105131973	0.40029682859469206679	0.59863111384639022816	5.44738084646792675159	2.00213632555027576387	0.10008809026268247755	0.16637528959254699323
1.66500000000000003553	0.99892498881715541259	0.38867125957970838357	0.61025372923747422949	5.45867916053449686586	2.00214218915534658549	0.10008818716649768576	0.16687573052837947896
1.66999999999999992895	0.99892200772033079570	0.37711349266998567265	0.62180851505037326721	5.46990911157814174715	2.00214810714449109597	0.10008829831044316339	0.16737617201993168492
1.67500000000000004441	0.99891899879131684781	0.36563029314514250423	0.63328870564620121097	5.48106398478709788691	2.00215408025206453857	0.10008842340169039897	0.16787661413694013324
1.67999999999999993783	0.99891596167637097814	0.35422838044954479964	0.64468758122685243528	5.49213711143182781171	2.00216010920066045387	0.10008856213841027527	0.16837705694763219211
1.68500000000000005329	0.99891289602767996403	0.34291442424978418879	0.65599847177792580677	5.50312187277836883936	2.00216619470219425736	0.10008871421000196944	0.16887750051868219425
1.68999999999999994671	0.99890980150385111358	0.33169504052284570772	0.66721476098103460473	5.51401170397223960862	2.00217233745526801414	0.10008887929735599265	0.16937794491516897089
1.69500000000000006217	0.99890667777023600671	0.32057678767710989787	0.67832989009315403095	5.52480009788514703217	2.00217853814511048682	0.10008905707294259158	0.16987839020053369099
1.69999999999999995559	0.99890352449950026159	0.30956616270875714214	0.68933736179077387263	5.53548060893008386785	2.00218479744284838517	0.10008924720070809522	0.17037883643653722876
1.70500000000000007105	0.99890034137209815501	0.29866959739557674691	0.70023074397655116208	5.54604685683867693058	2.00219111600401777906	0.10008944933704459757	0.17087928368322244377
1.70999999999999996447	0.99889712807669039929	0.28789345453052467283	0.71100367354619498084	5.55649253039806012566	2.00219749446814798688	0.10008966313068783094	0.17137973199887587827
1.71500000000000007994	0.99889388431064074503	0.27724402419721733137	0.72164986011345011452	5.56681139114599066176	2.00220393345756741965	0.10008988822296784049	0.17188018143999073128
1.71999999999999997335	0.99889060978045374206	0.26672752008955635805	0.73216308969092713799	5.57699727702173930766	2.00221043357659400641	0.10009012424805696639	0.17238063206123102611
1.72500000000000008882	0.99888730420226612416	0.25635007587764291337	0.74253722832465407500	5.58704410597074829781	2.00221699541063902217	0.10009037083322129547	0.17288108391539713793
1.72999999999999998224	0.99888396730229311871	0.24611774162210242611	0.75276622568022344417	5.59694587950101318796	2.00222361952539040786	0.10009062759907280671	0.17338153705339251487
1.73500000000000009770	0.99888059881728952227	0.23603648023893969432	0.76284411857838452242	5.60669668618880656652	2.00223030646558042278	0.10009089415983705995	0.17388199152419170357
1.73999999999999999112	0.99887719849499156943	0.22611216401696859757	0.77276503447805400260	5.61629070513194150749	2.00223705675458818476	0.10009117012360092824	0.17438244737480970703
1.74500000000000010658	0.99887376609458544685	0.21635057118988762492	0.78252319490472710406	5.62572220934874511755	2.00224320440907055385	0.10009203684421244529	0.17488290755903077023
1.75000000000000000000	0.99887030138710719562	0.20675738256497164236	0.79211291882216605664	5.63498556911992576346	2.00225005730878846677	0.10009235176818288837	0.17538336931787168460
1.75500000000000011546	0.99886732377033460306	0.19733838776245885005	0.80152893600790653394	5.64407712572390884986	2.00225697453576056972	0.10009267518206234338	0.17588383269378199403
1.76000000000000000888	0.99886433002832308858	0.18809887052741355862	0.81076545950093759085	5.65298963263230991316	2.00226291578639736812	0.10009305833547421649	0.17638429798545937621
1.76500000000000012434	0.99886132029672825006	0.17904420046157487612	0.81981711983518579245	5.66171777196860492865	2.00226888889698173557	0.10009345082960993678	0.17688476523960741660
1.77000000000000001776	0.99885829457597397063	0.17017963681219147598	0.82867865776381210985	5.67025633533996842317	2.00227489363724897586	0.10009385220554620211	0.17738523450063514719
1.77500000000000013323	0.99885525286396270594	0.16151032545558524633	0.83734492740840926750	5.67860022735228842095	2.00228093002374274434	0.10009426203480797923	0.17788570581080917488
1.78000000000000002665	0.99885219515782974753	0.15304129590482404288	0.84581089925303754029	5.68674446857973769909	2.00228699807431276270	0.10009467988455593435	0.17838617921023194879
1.78500000000000014211	0.99884912145437432240	0.14477745838646496890	0.85407166306794080057	5.69468419846040418975	2.00229309780691444587	0.10009510531689561064	0.17888665473681641949
1.79000000000000003553	0.99884603175026065447	0.13672360098850144805	0.86212243076179051471	5.70241467811985991432	2.00229922924015335539	0.10009553788885006131	0.17938713242626067035
1.79499999999999992895	0.99884292604201185828	0.12888438688123429743	0.86995853916081244961	5.70993129312108926854	2.00230539239283489295	0.10009597715252163685	0.17988761231202327062
1.80000000000000004441	0.99883980432617847089	0.12126435161272844376	0.87757545271348291749	5.71722955614110617262	2.00231158728443991990	0.10009642265530853400	0.18038809442529982197
1.80499999999999993783	0.99883666659927139442	0.11386790048040994205	0.88496876611889452313	5.72430510957068783284	2.00231781393431651495	0.10009687394016937578	0.18088857879500067072
1.81000000000000005329	0.99883351285785626494	0.10669930598035297364	0.89213420687753930416	5.73115372803736899954	2.00232407236255527394	0.10009733054587095780	0.18138906544773003571
1.81499999999999994671	0.99883034309855700528	0.09976270533571725274	0.89906763776287412782	5.73777132084930041600	2.00233036258951369035	0.10009779200726531823	0.18188955440776635730
1.82000000000000006217	0.99882715731806093196	0.09306209810579074704	0.90576505921230598961	5.74415393435899801489	2.00233668463571401475	0.10009825785556858424	0.18239004569704420078
1.82499999999999995559	0.99882395551313885029	0.08660134387699938707	0.91222261163617590629	5.75029775424534772554	2.00234303852252892852	0.10009872761862077806	0.18289053933513729766
1.83000000000000007105	0.99882073768062462626	0.08038416003724227488	0.91843657764341746219	5.75619910771264287064	2.00234942427129425369	0.10009920082118402285	0.18339103533924322464
1.83499999999999996447	0.99881750381748024559	0.07441411963481939229	0.92440338418269374365	5.76185446560591962850	2.00235584190412385652	0.10009967698520989832	0.18389153372416927601
1.84000000000000007994	0.99881425392074507652	0.06869464932319856165	0.93011960459758291631	5.76726044444019425583	2.00236229144312138928	0.10010015563013778539	0.18439203450231997361
1.84499999999999997335	0.99881098798755285628	0.06322902739279730178	0.93558196059478881956	5.77241380834337025618	2.00236877291139370172	0.10010063627315060608	0.18489253768368571484
1.85000000000000008882	0.99880770601511703610	0.05802038189090565762	0.94078732412424515008	5.77731147091171060026	2.00237528633213335283	0.10010111842948259120	0.18539304327583314147
1.85499999999999998224	0.99880440800121794709	0.05307168883092455020	0.94573271917032475375	5.78195049697331420191	2.00238183172945172217	0.10010160161049114214	0.18589355128388559968
1.86000000000000009770	0.99880109394340466089	0.04838577049169916905	0.95041532345173929119	5.78632810426849975016	2.00238840912809212824	0.10010208533046871526	0.18639406171053793382
1.86499999999999999112	0.99879776383909146809	0.04396529380808890386	0.95483247003103910444	5.79044166503196500173	2.00239501854974877304	0.10010256909887581267	0.18689457455603231129
1.87000000000000010658	0.99879441768577315042	0.03981276885385236913	0.95898164883195191610	5.79428870748989144346	2.00240166001918984406	0.10010305242578766693	0.18739508981816124789
1.87500000000000000000	0.99879105548093716216	0.03593054741744454439	0.96286050806352319054	5.79786691726154757021	2.00240833356270764298	0.10010353482075574905	0.18789560749226502656
1.88000000000000011546	0.99878767722207317803	0.03232082167163458780	0.96646685555047084915	5.80117413866777109632	2.00241503920644436931	0.10010401579310290732	0.18839612757123053166
1.88500000000000000888	0.99878428290669607481	0.02898562293768996295	0.96979865996904046632	5.80420837594583538532	2.00242177697758849675	0.10010449485218995969	0.18889665004549147098
1.89000000000000012434	0.99878087253229985709	0.02592682054482396692	0.97285405198751029321	5.80696779436909693572	2.00242854690404881168	0.10010497150770725217	0.18939717490303001335
1.89500000000000001776	0.99877744609630159101	0.02314612078554433017	0.97563132531079099774	5.80945072127131290074	2.00243534901442910012	0.10010544526996151271	0.18989770212937981397
1.90000000000000013323	0.99877400359607759750	0.02064506596748700087	0.97812893762862485048	5.81165564697555314666	2.00244218333807788568	0.10010591565015318494	0.19039823170763056637
1.90500000000000002665	0.99877054502892193000	0.01842503356226134550	0.98034551146669735022	5.81358122562625290186	2.00244904990527272659	0.10010638216066765349	0.19089876361843391428
1.91000000000000014211	0.99876707039200551819	0.01648723545176825067	0.98227983494027248934	5.81522627592437491018	2.00245594874704613275	0.10010684431534977445	0.19139929784001066815
1.91500000000000003553	0.99876357968235274232	0.01483271727240871411	0.98393086240997962300	5.81658978176555407913	2.00246287989522375739	0.10010730162979708524	0.19189983434815965913
1.91999999999999992895	0.99876007289682111612	0.01346235785752772536	0.98529771503932905841	5.81767089278042881517	2.00246984338288491756	0.10010775362162330215	0.19240037311626778660
1.92500000000000004441	0.99875655003209695693	0.01237686877839020566	0.98637968125374198003	5.81846892477734556337	2.00247683924365871277	0.10010819981075801122	0.19290091411532156451
1.92999999999999993783	0.99875301108463743205	0.01157679398392242980	0.98717621710075176278	5.81898336008656968943	2.00248386751221119084	0.10010863971971574460	0.19340145731392013873
1.93500000000000005329	0.99874945605063236709	0.01106250953939573456	0.98768694651127098005	5.81921384780627448663	2.00249092822442920081	0.10010907287386608400	0.19390200267828947012
1.93999999999999994671	0.99874588492601834577	0.01083422346416996855	0.98791166146188480468	5.81916020395062538739	2.00249802141710109282	0.10010949880172438642	0.19440255017229809975
1.94500000000000006217	0.99874229770640465809	0.01089197566855717829	0.98785032203788347704	5.81882241149859424922	2.00250514712825200547	0.10010991703520426277	0.19490309975747410753
1.94999999999999995559	0.99873869438707996160	0.01123563798980323561	0.98750305639731328355	5.81820062034514151605	2.00251230539656299712	0.10011032710991868422	0.19540365139302370845
1.95500000000000007105	0.99873507496297331265	0.01186491432713228725	0.98687016063587984505	5.81729514715351836429	2.00251949626233471946	0.10011072856541546050	0.19590420503585079248
1.95999999999999996447	0.99873143942861997147	0.01277934087573553458	0.98595209855292054169	5.81610647510939493543	2.00252671976697271816	0.10011112094546639750	0.19640476064057812988
1.96500000000000007994	0.99872778777814130713	0.01397828645952883635	0.98474950131864880110	5.81463525357718413744	2.00253397595235593798	0.10011150379834392321	0.19690531815956985318
1.96999999999999997335	0.99872412000518884234	0.01546095296244712203	0.98326316704277716418	5.81288229765800146254	2.00254126486260730644	0.10011187667704037063	0.19740587754295504941
1.97500000000000008882	0.99872043641833307959	0.01722637600659127771	0.98149406041177877924	5.81084858882474630803	2.00254754039588434011	0.10011229415218961258	0.19790643901371599012
1.97999999999999998224	0.99871673659996007544	0.01927342508788088687	0.97944331151211594388	5.80853527026073468420	2.00255488729770547707	0.10011264619809059906	0.19840700224470644852
1.98500000000000009770	0.99871302067503209265	0.02160080489456860445	0.97711221578050178049	5.80594365112670818263	2.00256226704471584910	0.10011298686005175307	0.19890756717900670569
1.98999999999999999112	0.99870928863491792438	0.02420705582247312596	0.97450223281248293805	5.80307520311167657212	2.00256967971295063435	0.10011331581256895096	0.19940813375806953900
1.99500000000000010658	0.99870554047038340162	0.02709055494976918624	0.97161498552065217460	5.79993155997776987931	2.00257712535409160282	0.10011363263620587372	0.19990870192125057003
2.00000000000000000000	0.99870177617154265448	0.03024951705132482294	0.96845225912025978410	5.79651451653985105850	2.00258460402272175926	0.10011393691767241088	0.20040927160583893452
2.00499999999999989342	0.99869799572788309217	0.03368199570834564532	0.96501600001957799080	5.79282602755075437528	2.00259211577392015613	0.10011422825013861770	0.20090984274708961754
2.01000000000000023093	0.99869419912819645813	0.03738588451261368878	0.96130831461562127327	5.78886820649241684578	2.00259966066465633361	0.10011450623347091515	0.20141041527825698232
2.01500000000000012434	0.99869038636062201775	0.04135891836457080556	0.95733146799609092348	5.78464332427425187433	2.00260723875303581210	0.10011477047449811317	0.20191098913062946463
2.02000000000000001776	0.99868655741259948488	0.04559867486444473678	0.95308788254819531982	5.78015380783877397164	2.00261485009823125836	0.10011502058724489062	0.20241156423356568284
2.02499999999999991118	0.99868271227086569120	0.05010257579556111340	0.94858013647534733526	5.77540223867616742126	2.00262249476079379207	0.10011525619314882996	0.20291214051453143608
2.03000000000000024869	0.99867885092143349191	0.05486788869892783582	0.94381096222254667882	5.77039135124803248544	2.00263017280257882291	0.10011547692128580644	0.20341271789913786816
2.03500000000000014211	0.99867497334957966437	0.05989172853812947672	0.93878324481149000302	5.76512403132184392263	2.00263788428640943096	0.10011568240858607914	0.20391329631118079724
2.04000000000000003553	0.99867107953982958701	0.06517105945351059360	0.93350002008636245865	5.75960331421663696005	2.00264562927658928970	0.10011587230004082016	0.20441387567268098913
2.04499999999999992895	0.99866716947596145815	0.07070269660457768890	0.92796447287142613813	5.75383238296137022871	2.00265340783815926073	0.10011604624891529136	0.20491445590392556864
2.04999999999999982236	0.99866324314097665305	0.07648330809949831222	0.92217993504151973827	5.74781456636694088047	2.00266122003760127512	0.10011620391693616672	0.20541503692351023580
2.05500000000000015987	0.99865930051708184934	0.08250941701052515176	0.91614988350660153671	5.74155333701285641723	2.00266906594260207797	0.10011634497449292680	0.20591561864838270335
2.06000000000000005329	0.99865534158570401502	0.08877740347411522404	0.90987793811163475421	5.73505230915017172322	2.00267694562143461212	0.10011646910083274453	0.20641620099388685583
2.06499999999999994671	0.99865136632747630863	0.09528350687447981193	0.90336785945304087786	5.72831523652171625827	2.00268485914394567260	0.10011657598423749638	0.20691678387380804671
2.06999999999999984013	0.99864737473130027468	0.10202382811009645669	0.89662354662124932325	5.72134601013214094678	2.00269280658054693589	0.10011666532220603321	0.20741736720041908937
2.07500000000000017764	0.99864336636181361140	0.10899433193754543003	0.88964903442431264580	5.71414865880313449509	2.00270079128839428861	0.10011673909255018600	0.20791795089588183121
2.08000000000000007105	0.99863934157591605079	0.11619084940083022894	0.88244849217513232631	5.70672733790516950592	2.00270880768273995542	0.10011679248659766106	0.20841853485831482451
2.08499999999999996447	0.99863530035136660601	0.12360908033182368970	0.87502622001959085019	5.69908633574155221169	2.00271685826149203891	0.10011682748057720849	0.20891911899571771749
2.08999999999999985789	0.99863124266501412940	0.13124459593130233248	0.86738664673375864833	5.69123006801545461286	2.00272494309819615310	0.10011684381061071447	0.20941970321477076933
2.09500000000000019540	0.99862716849278965192	0.13909284142362987602	0.85953432706920807060	5.68316307518340302352	2.00273306226751213188	0.10011684122277109132	0.20992028742088461590
2.10000000000000008882	0.99862307780971337756	0.14714913878462362873	0.85147393902513712760	5.67489001973624063169	2.00274121584496223036	0.10011681947330065834	0.21042087151825111802
2.10499999999999998224	0.99861897058990511944	0.15540868954098249755	0.84321028104897077782	5.66641568340943813098	2.00274940390691247316	0.10011677832873454308	0.21092145540989479247
2.10999999999999987566	0.99861484680655643320	0.16386657763957399037	0.83474826916703048774	5.65774496432381912570	2.00275762653075295461	0.10011671756603353345	0.21142203899772496478
2.11500000000000021316	0.99861070643190341656	0.17251777238486887267	0.82609293404708383779	5.64888287405905398231	2.00276588379473130530	0.10011663697270932472	0.21192262218258850481
2.12000000000000010658	0.99860654943724602717	0.18135713144276613407	0.81724941799453032498	5.63983453466156081646	2.00277417577769778489	0.10011653634695495685	0.21242320486432328397
2.12500000000000000000	0.99860237579290500598	0.19037940390899388277	0.80822297188396030609	5.63060517558824091822	2.00278250255992551487	0.10011641549772572202	0.21292378694181191001
2.12999999999999989342	0.99859818546821355056	0.19957923344026373691	0.79901895202799988471	5.62120013058837209030	2.00279086422190921724	0.10011627424487813676	0.21342436831303629452
2.13500000000000023093	0.99859397843153441254	0.20895116144629818922	0.78964281698528637765	5.61162483452529503580	2.00279926084518278273	0.10011611241924693594	0.21392494887513252566
2.14000000000000012434	0.99858975465020938245	0.21848963034081067547	0.78010012430944997153	5.60188482013961674966	2.00280769251210744031	0.10011592986274132910	0.21442552852444624056
2.14500000000000001776	0.99858551409052698222	0.22818898684951458011	0.77039652724106277848	5.59198571475595951341	2.00281615930606893272	0.10011572642842161973	0.21492610715658835852
2.14999999999999991118	0.99858125671775499477	0.23804348537317759904	0.76053777134462918763	5.58193323693584986245	2.00282466131103298324	0.10011550198058978556	0.21542668466649131376
2.15500000000000024869	0.99857698249605686414	0.24804729140369982665	0.75052969109240907919	5.57173319307737902051	2.00283319861182329547	0.10011525639485335804	0.21592726094846559359
2.16000000000000014211	0.99857269138851756374	0.25819448499120445373	0.74037820639736551254	5.56139147396526212219	2.00284177129445595256	0.10011498955817907386	0.21642783589625649854
2.16500000000000003553	0.99856838335711117782	0.26847906426004924940	0.73008931909711050068	5.55091405127211245940	2.00285037944526234099	0.10011470136896752359	0.21692840940310134656
2.16999999999999992895	0.99856405836257511321	0.27889494897167416143	0.71966910939095196653	5.54030697401376137634	2.00285902315210595503	0.10011439173731345731	0.21742898136178792634
2.17500000000000026645	0.99855971636523077617	0.28943598413217824783	0.70912373223310765091	5.52957636496386850666	2.00286770250421408690	0.10011406058525093576	0.21792955166471417172
2.18000000000000015987	0.99855535732349354205	0.30009594364241981568	0.69845941368112585135	5.51872841701583283225	2.00287641758908518952	0.10011370784521503308	0.21843012020394025896
2.18500000000000005329	0.99855098119459961836	0.31086853398855313069	0.68768244720609938980	5.50776938951486627616	2.00288516849693420951	0.10011333346140512124	0.21893068687124728200
2.18999999999999994671	0.99854658793452766297	0.32174739797073642622	0.67679918996384391683	5.49670560454997580990	2.00289395531972891362	0.10011293738990768853	0.21943125155819681593
2.19499999999999984013	0.99854217749791374104	0.33272611846782323974	0.66581605903014329240	5.48554344320988374051	2.00290277814997930150	0.10011251959842863701	0.21993181415618895391
2.20000000000000017764	0.99853774983807574994	0.34379822223582734431	0.65473952760230158532	5.47428934180619730654	2.00291163708122832432	0.10011208006629303269	0.22043237455652042733
2.20500000000000007105	0.99853330490693426036	0.35495718373783835542	0.64357612116914830747	5.46294978806509146096	2.00292053220889565424	0.10011161878442187412	0.22093293265044253171
2.20999999999999996447	0.99852884265496499872	0.36619642900318044587	0.63233241365183745497	5.45153131729044737597	2.00292946362931356674	0.10011113575534572040	0.22143348832921924685
2.21499999999999985789	0.99852436303116032246	0.37750933951348653039	0.62101502351773008037	5.44004050850058273880	2.00293843144015770719	0.10011063099318781577	0.22193404148418519051
2.22000000000000019540	0.99852086606575440886	0.38888930678946742603	0.60963155927634182785	5.42848693436767248954	2.00294743574111588913	0.10011010452361709944	0.22243459200680326671
2.22500000000000008882	0.99851735644088246424	0.40032959255338751436	0.59818776388754857365	5.41687430195177466175	2.00295447225294642735	0.10010965602705795829	0.22293514028693856011
2.22999999999999998224	0.99851383409937588542	0.41182346868725605571	0.58669036541217445269	5.40520929759892432287	2.00296153571744595112	0.10010918639535096308	0.22343568621891532477
2.23499999999999987566	0.99851029896086296311	0.42336417829105876809	0.57514612066985915106	5.39349863555033604001	2.00296862627330263251	0.10010869568299712862	0.22393622969733031902
2.24000000000000021316	0.99850675094166918555	0.43494493966928648998	0.56356181127243842877	5.38174905412141058036	2.00297574408057199591	0.10010818395922796431	0.22443677061712646870
2.24500000000000010658	0.99850318995455389359	0.44655895032941916867	0.55194423962519079119	5.36996731173054175912	2.00298288929934553693	0.10010765130446397375	0.22493730887364879467
2.25000000000000000000	0.99849961590869584782	0.45819939099101936186	0.54030022491773155302	5.35816018291675089102	2.00299006209330388018	0.10010709781024015874	0.22543784436270000726
2.25499999999999989342	0.99849602870954468070	0.46985942960297560900	0.52863659910662608166	5.34633445434839149613	2.00299726263138611060	0.10010652357911520305	0.22593837698059557328
2.26000000000000023093	0.99849242825875494933	0.48153222536657064312	0.51696020289224176025	5.33449692082657644931	2.00300449108877076654	0.10010592872456972047	0.22643890662421842230
2.26500000000000012434	0.99848881445406312274	0.49321093276196609212	0.50527788169215481773	5.32265438128528156625	2.00301174764640999015	0.10010531337093100945	0.22693943319107307000
2.27000000000000001776	0.99848518718921153159	0.50488870557579146325	0.49359648161347557949	5.31081363479083989887	2.00301903249213841818	0.10010467765326325207	0.22743995657933938070
2.27499999999999991118	0.99848154635387009748	0.51655870092739897270	0.48192284542653035517	5.29898147654312179355	2.00302634581967931027	0.10010402171728813303	0.22794047668792583039
2.28000000000000024869	0.99847789183351864928	0.52821408329141983362	0.47026380854216004446	5.28716469388025611664	2.00303368783055324442	0.10010334571924485447	0.22844099341652204793
2.28500000000000014211	0.99847422350936654301	0.53984802851429780635	0.45862619499512669030	5.27537006229013627490	2.00304105873269522320	0.10010264982580314996	0.22894150666565105112
2.29000000000000003553	0.99847054125825973614	0.55145372782239521214	0.44701681343592292173	5.26360434143045718969	2.00304845874141035367	0.10010193421392636626	0.22944201633672067775
2.29499999999999992895	0.99846684495257065350	0.56302439181928087830	0.43544245313335022685	5.25187427115949923007	2.00305588808007684065	0.10010119907073308787	0.22994252233207435054
2.30000000000000026645	0.99846313446008438941	0.57455325446993155136	0.42390987999021406685	5.24018656758043110955	2.00306334697935950473	0.10010044459338209022	0.23044302455504125926
2.30500000000000015987	0.99845940964393298245	0.58603357706943859373	0.41242583257455395218	5.22854791910154492740	2.00307083567819166348	0.10009967098891545123	0.23094352290998584887
2.31000000000000005329	0.99845567036245830295	0.59745865219390581480	0.40099701816861388348	5.21696498251405049729	2.00307835442352066835	0.10009887847412050899	0.23144401730235644732
2.31499999999999994671	0.99845191646908415528	0.60882180763119553291	0.38963010883794763073	5.20544437909020096811	2.00308590347128623321	0.10009806727535910942	0.23194450763873325494
2.31999999999999984013	0.99844814781231261414	0.62011641028929331831	0.37833173752308202342	5.19399269069373747953	2.00309348307505796782	0.10009723762195371632	0.23244499382684302713
2.32500000000000017764	0.99844436423543936332	0.63133587007983738015	0.36710849415566448872	5.18261645594463438158	2.00310109351568277347	0.10009638976502367724	0.23294547577566815377
2.33000000000000007105	0.99844056557655647133	0.64247364377475557617	0.35596692180186551013	5.17132216638371389195	2.00310873507616937772	0.10009552395848972384	0.23344595339546059254
2.33499999999999996447	0.99843675166836776125	0.65352323883351992606	0.34491351283490989665	5.16011626267447898186	2.00311640804947010963	0.10009464046550628491	0.23394642659778813742
2.33999999999999985789	0.99843292233813107917	0.66447821719898869652	0.33395470513920788580	5.14900513083727329189	2.00312411273810297985	0.10009373955794449718	0.23444689529557785623
2.34500000000000019540	0.99842907740751574153	0.67533219905940344852	0.32309687834817768515	5.13799509851652480563	2.00313184945480493582	0.10009282151619455781	0.23494735940315883416
2.35000000000000008882	0.99842521669248451843	0.68607886657451422341	0.31234635011803518756	5.12709243128445368853	2.00313961852266508856	0.10009188662898446665	0.23544781883630375163
2.35499999999999998224	0.99842134000314897158	0.69671196756353293011	0.30170937243968387609	5.11630332898255435481	2.00314742027557723958	0.10009093519316746013	0.23594827351226960177
2.35999999999999987566	0.99841744714369906610	0.70722531915284303494	0.29119212799092181188	5.10563392210376054692	2.00315525505860803079	0.10008996751352512711	0.23644872334983721429
2.36500000000000021316	0.99841353791219433766	0.71761281138124088930	0.28080072653102045033	5.09509026821652444283	2.00316312322797696055	0.10008898390255598077	0.23694916826935000231
2.37000000000000010658	0.99840961210052492358	0.72786841076071873147	0.27054120133987241692	5.08467834843393085009	2.00317102515148848241	0.10008798468026666728	0.23744960819275134911
2.37500000000000000000	0.99840566949423359411	0.73798616379059733816	0.26041950570370459017	5.07440406392897003229	2.00317896120884419986	0.10008697017394704853	0.23795004304362107894
2.37999999999999989342	0.99840170987241605438	0.74796020042302402420	0.25044150944946103055	5.06427323249855199094	2.00318693179225970624	0.10008594071794046920	0.23845047274721078989
2.38500000000000023093	0.99839773300756184948	0.75778473747778696268	0.24061299552984549699	5.05429158517800480865	2.00319493730617681493	0.10008489665343220376	0.23895089723047793773
2.39000000000000012434	0.99839373866548197789	0.76745408200448939073	0.23093965666106497370	5.04446476290844181278	2.00320297816831116577	0.10008383832819983672	0.23945131642211894829
2.39500000000000001776	0.99838972660513602975	0.77696263459005687757	0.22142709201515059503	5.03479831325819127130	2.00321105480876804350	0.10008276609639699117	0.23995173025260094213
2.39999999999999991118	0.99838569657855336104	0.78630489260975244825	0.21208080396887146746	5.02529768720111302827	2.00321916767161667394	0.10008168031829418887	0.24045213865419240440
2.40500000000000024869	0.99838164833067633008	0.79547545341968295407	0.20290619491106445804	5.01596823595280927321	2.00322731721491198442	0.10008058136003843142	0.24095254156099260578
2.41000000000000014211	0.99837758159926026647	0.80446901748905630392	0.19390856411027443396	5.00681520786719147509	2.00323550390997429105	0.10007946959342493842	0.24145293890895971889
2.41500000000000003553	0.99837349611475334488	0.81328039147030495304	0.18509310464451922407	4.99784374539498443824	2.00324372824305374508	0.10007834539561986931	0.24195333063593782441
2.41999999999999992895	0.99836939160022020179	0.82190449120533159988	0.17646490039495904556	4.98905888210603620792	2.00325199071487558555	0.10007720914892075104	0.24245371668168241852
2.42500000000000026645	0.99836526777117540199	0.83033634466604655522	0.16802892310520037289	4.98046553977670480862	2.00326029184078002743	0.10007606124050644203	0.24295409698788494879
2.43000000000000015987	0.99836112433551948975	0.83857109482762159924	0.15979002950797002724	4.97206852554475364769	2.00326863215150252628	0.10007490206216525241	0.24345447149819576804
2.43500000000000005329	0.99835796811346022572	0.84660465911784210657	0.15175330899569280940	4.96387489384783808788	2.00327701219307341418	0.10007373201004242380	0.24395484015824597801
2.43999999999999994671	0.99835387105734130220	0.85443114763619376628	0.14392272342121917306	4.95588477204819533029	2.00328332197940328641	0.10007264476003317755	0.24445520338204615451
2.44499999999999984013	0.99835076755467810905	0.86204732168223685562	0.13630344587251150279	4.94810715766329245469	2.00329149807681883289	0.10007147896507026519	0.24495556077687150043
2.45000000000000017764	0.99834671351652826132	0.86944756326813421587	0.12889915024846823610	4.94054172193954954651	2.00329782266777334243	0.10007037153182454792	0.24545591263453062081
2.45500000000000007105	0.99834269558069765882	0.87662826843536667543	0.12171442714540627039	4.93319505132030577954	2.00330592300576038056	0.10006919701734769135	0.24595625861961736836
2.45999999999999996447	0.99833865765884544086	0.88358529068358981906	0.11475336697533175534	4.92607101360202204177	2.00331405174582410922	0.10006800510292516992	0.24645659864513200232
2.46499999999999985789	0.99833460037138599397	0.89031465291839573251	0.10801994745306525703	4.91917354231467474079	2.00332222060096043492	0.10006680493928692133	0.24695693266982843284
2.47000000000000019540	0.99833052337945960009	0.89681251281991036794	0.10151801055962363096	4.91250643391941554938	2.00333042840786079708	0.10006559702346055907	0.24745726065494574875
2.47500000000000008882	0.99832642639703239595	0.90307516567596057833	0.09525126072114774300	4.90607334812000850377	2.00333867572444823679	0.10006438179427556978	0.24795758256391711716
2.47999999999999998224	0.99832326268843507577	0.90909959147739050067	0.08922367121111939026	4.89988012193825017704	2.00334696309080362298	0.10006315968753905221	0.24845789836235482317
2.48499999999999987566	0.99831915286334493853	0.91488128091958920152	0.08343787194383235628	4.89392558182362691355	2.00335340761456670577	0.10006200749922110338	0.24895820839985091655
2.49000000000000021316	0.99831507809158215316	0.92041752572628643403	0.07789755236536961835	4.88821541128371084284	2.00336162115797877803	0.10006079294895965648	0.24945851236459570810
2.49500000000000010658	0.99831098225289416348	0.92570515944312092849	0.07260582280984863301	4.88275249835249347541	2.00336986319784537969	0.10005956240579287619	0.24995881017662466284
2.50000000000000000000	0.99830686510580846083	0.93074119527928855788	0.06756566982659630016	4.87753978849786840044	2.00337814738378217072	0.10005832675964386469	0.25045910181042285725
2.50499999999999989342	0.99830272718708823465	0.93552279584467268325	0.06277993134249400253	4.87258008093216510304	2.00338647410254022674	0.10005708647261468691	0.25095938724278593623
2.51000000000000023093	0.99829951432919739052	0.94004776165018966161	0.05825175267908516002	4.86787837443514348479	2.00339484231004405501	0.10005584205629966532	0.25145966645306744303
2.51500000000000012434	0.99829536833412269026	0.94431258798076178618	0.05398278035343846704	4.86343255905343418988	2.00340138247018861861	0.10005467044983461233	0.25195993980531661283
2.52000000000000001776	0.99829125575633625989	0.94831540175617856647	0.04997585400023341756	4.85924744824956800215	2.00340967003102710109	0.10005344150858369590	0.25246020701285953880
2.52499999999999991118	0.99828712128976471174	0.95205394731195225333	0.04623317397789055566	4.85532502275487054533	2.00341798589797015495	0.10005219758393833762	0.25296046800077920391
2.53000000000000024869	0.99828296466492671968	0.95552615392051898358	0.04275681074448251656	4.85166731702396170078	2.00342634534492658460	0.10005095135585338750	0.25346072275755848757
2.53500000000000014211	0.99827878560441096756	0.95873010810446623875	0.03954867750002001581	4.84827621203315484166	2.00343474738366111865	0.10004970446224946412	0.25396097127986971831
2.54000000000000003553	0.99827552449258394329	0.96166448638617096911	0.03661103810648606849	4.84515581999098099431	2.00344319520493874265	0.10004845656689682898	0.25446121356270418046
2.54499999999999992895	0.99827134274278095383	0.96432683770087856967	0.03394450504198103652	4.84230303466132117052	2.00344982516223968361	0.10004728147400812621	0.25496144997007419430
2.55000000000000026645	0.99826719271712660575	0.96671617318793290341	0.03155101952927408249	4.83972175269528737118	2.00345818212992332619	0.10004605417140996493	0.25546168024093124371
2.55500000000000015987	0.99826301991652877099	0.96883119242136883642	0.02943182749523681752	4.83741299743842922965	2.00346656549140078596	0.10004481025140886385	0.25596190429218829143
2.56000000000000005329	0.99825882400065857336	0.97067078199818235262	0.02758804200255428676	4.83537785151655086224	2.00347375359111978810	0.10004387710400416966	0.25646212367770832019
2.56499999999999994671	0.99825460465312976233	0.97223399064767768163	0.02602061400553353984	4.83361723653641295328	2.00348221716123253699	0.10004263847315135461	0.25696233687007408175
2.56999999999999984013	0.99825036155198998422	0.97352002969821327394	0.02473033185385919291	4.83213191644409434389	2.00349072845511422258	0.10004140299944495884	0.25746254388507128219
2.57500000000000017764	0.99824704081533754962	0.97452864517059734073	0.02371839564482226131	4.83092495725899251369	2.00349928601233839842	0.10004016899850581845	0.25796274473006380878
2.58000000000000007105	0.99824280110334806526	0.97525864036300613513	0.02298416074042633830	4.82999200350170543317	2.00350601811647699435	0.10003901492765027159	0.25846293980470208540
2.58499999999999996447	0.99823859185557550777	0.97571009887571713559	0.02252849297993788844	4.82933588480928488451	2.00351447685190242609	0.10003781420487020681	0.25896312887572642270
2.58999999999999985789	0.99823435852559372350	0.97588286339538299341	0.02235149513029262638	4.82895648206450278650	2.00352296221436132484	0.10003659760508026855	0.25946331186375182210
2.59500000000000019540	0.99823010078364793340	0.97577696216370812810	0.02245313862002315183	4.82885374809416134667	2.00353149680161823909	0.10003538654804487729	0.25996348879649205932
2.60000000000000008882	0.99822581827538792165	0.97539258690718122491	0.02283323136828934938	4.82902746819670447564	2.00354007861029659310	0.10003417912960961556	0.26046365969214008151
2.60499999999999998224	0.99822244943223026326	0.97473040913592934320	0.02349204029637872587	4.82947976689721425458	2.00354870939238560723	0.10003297600377014653	0.26096382457215894224
2.60999999999999987566	0.99821817622877495602	0.97379032334870463394	0.02442785288015331818	4.83020527401048482830	2.00355553040630374184	0.10003185544057292822	0.26146398384936181403
2.61500000000000021316	0.99821393077665887539	0.97257333352386288183	0.02564059725288068622	4.83120585946525782362	2.00356405491313482869	0.10003069398451618077	0.26196413731928441804
2.62000000000000010658	0.99820966036235814212	0.97108026403587133224	0.02712939632657326502	4.83248043402511662237	2.00357260861506203398	0.10002951887606562065	0.26246428491366474711
2.62500000000000000000	0.99820536458460285001	0.96931211923668003649	0.02889324534800476532	4.83402797585466004193	2.00358121041957648600	0.10002834946885458267	0.26296442666100899865
2.62999999999999989342	0.99820104308358292844	0.96727006441058449582	0.03093097867308220589	4.83584730396960438270	2.00358986229961688608	0.10002718641966008850	0.26346456259310729875
2.63500000000000023093	0.99819762615908658177	0.96495568862536507115	0.03324193753380422223	4.83793960811294265767	2.00359856498355703991	0.10002603012841328189	0.26396469274374934066
2.64000000000000012434	0.99819332143574679428	0.96236995879469966475	0.03582336264112927909	4.84029852953141759286	2.00360547421174706173	0.10002495884109154078	0.26446481753795481051
2.64500000000000001776	0.99818904230473659567	0.95951478512099597218	0.03867425718382412614	4.84292498930226411602	2.00361406078266623965	0.10002385269704766602	0.26496493680144006522
2.64999999999999991118	0.99818473659811379761	0.95639195245647823374	0.04179278414171882367	4.84581694110963923094	2.00362267575616526116	0.10002273287091784093	0.26546505046579466081
2.65500000000000024869	0.99818040464137214318	0.95300341746350758498	0.04517698717794653429	4.84897242007063855596	2.00363134187239522177	0.10002162098282792180	0.26596515857070879285
2.66000000000000014211	0.99817604603360754467	0.94935129154658193240	0.04882475448710690141	4.85238930605665075291	2.00364005979788384337	0.10002051771238527900	0.26646526115927071654
2.66500000000000003553	0.99817166041483407213	0.94543783973193207260	0.05273382068298497483	4.85606532680479663355	2.00364883029789453417	0.10001942343769729127	0.26696535827645923034
2.66999999999999992895	0.99816818081120106676	0.94126568777451391501	0.05690249303677098747	4.86000065225807631464	2.00365765410516560863	0.10001833851918599805	0.26746544996905513569
2.67500000000000026645	0.99816382116685942183	0.93683699514063489833	0.06132682602630780411	4.86418776443726308401	2.00366468208668324635	0.10001734465441693145	0.26796553669232719974
2.68000000000000015987	0.99815948534555276606	0.93215468850638349974	0.06600479683925261631	4.86862655572688307615	2.00367337683179203012	0.10001632179268166167	0.26846561830129062054
2.68500000000000005329	0.99815512168818976146	0.92722162012921949259	0.07093350155905338295	4.87331390789716500933	2.00368209648069584006	0.10001528162776190944	0.26896569470942943703
