0.00000000000000000000	1.00000000000000000000	1.00000000000000000000	0.00000000000000000000	5.00000000000000000000	1.99999999999504485260	0.09999999999999639733	0.00000000000000000000
0.00500000000000000010	0.99999942691686638518	0.99984945708385664087	0.00014996983300923398	4.99647377748833765310	1.99964033396114593266	0.10122316209091063166	0.00050611581045455320
0.01000000000000000021	0.99999932336177388414	0.99939973832166806300	0.00059958504010394873	4.99325020959610466065	1.99981759131413383557	0.10122393557341809178	0.00101223548832164376
0.01499999999999999944	0.99999888489816057824	0.99865061567476998139	0.00134826922338920799	4.99032609873001131717	1.99981828639250935886	0.10122307068046142164	0.00151835084172395086
0.02000000000000000042	0.99999807032513365890	0.99760280355547226172	0.00239526676966132042	4.98770037226183760026	1.99981858879652829586	0.10122228809175573550	0.00202446228218272975
0.02500000000000000139	0.99999683841325603950	0.99625719478273133678	0.00373964363052294285	4.98537177898170202894	1.99982054846553602978	0.10122147561871983057	0.00253056966027632915
0.02999999999999999889	0.99999514803548217312	0.99461485982559294516	0.00538028820988859999	4.98333889084088532684	1.99982341726480750133	0.10122067536145173960	0.00303667303708358809
0.03500000000000000333	0.99999397338291373671	0.99267805113130458405	0.00731592225160754978	4.98160722042364234596	1.99982727683239724925	0.10121988295811391867	0.00354277245187415747
0.04000000000000000083	0.99999245689545346316	0.99044737609772415254	0.00954508079772952919	4.98016926473001753095	1.99982904117248794229	0.10121933462217994060	0.00404886912498505711
0.04499999999999999833	0.99999055652138024719	0.98792442738447561190	0.01206612913690486080	4.97902306548620288140	1.99983223417255917553	0.10121870540334047817	0.00455496265200175908
0.05000000000000000278	0.99998924954046763958	0.98511196939502487790	0.01487728014544307392	4.97816855229778187919	1.99983622510520331339	0.10121809308418283635	0.00506105311742267340
0.05500000000000000028	0.99998776419354373779	0.98201121490479736931	0.01797654928874575092	4.97760196171956614819	1.99983916484412271863	0.10121768151118784584	0.00556714152497861294
0.05999999999999999778	0.99998608899763830049	0.97862429533582362406	0.02136179366181622033	4.97732089426223378581	1.99984246675860810605	0.10121731761980411191	0.00607322811307763315
0.06500000000000000222	0.99998421257491265646	0.97495350924309032159	0.02503070333182245283	4.97732278588443310952	1.99984615367165141642	0.10121699968822772675	0.00657931311151877148
0.07000000000000000666	0.99998212366839744902	0.97100132056334886865	0.02898080310504998897	4.97760490996985893730	1.99985024817357737170	0.10121672597181888276	0.00708539674137786610
0.07499999999999999722	0.99997981114363043709	0.96677035665055810476	0.03320945449307157599	4.97816437940531919537	1.99985351561060742398	0.10121652662804800360	0.00759147937451810570
0.08000000000000000167	0.99997726405264297789	0.96226340669497290037	0.03771385735767008446	4.97899814864607659359	1.99985832206853642035	0.10121634260492309854	0.00809756108754272098
0.08500000000000000611	0.99997447160400065869	0.95748341936453817969	0.04249105223946210430	4.98010301600142391010	1.99986359363041743542	0.10121619791715728842	0.00860364207712850659
0.08999999999999999667	0.99997142319301257629	0.95243350079946786924	0.04753792239354163313	4.98147562592254722347	1.99986935207351468335	0.10121609072628053039	0.00910972253075990890
0.09500000000000000111	0.99996911287912726429	0.94711696572433645702	0.05285214715478877417	4.98311744039343640367	1.99987561878893482792	0.10121601918006151166	0.00961580262666021646
0.10000000000000000555	0.99996471613824833291	0.94153545457105047856	0.05842926156719453756	4.98501219176366205943	1.99988051791596066487	0.10121603611667061295	0.01012188280724356931
0.10499999999999999611	0.99995895808572454744	0.93569488960079461037	0.06426406848492738355	4.98370203629631269848	1.99444464618939387712	0.10711939970469694372	0.01065747980576705473
0.11000000000000000056	0.99995452551050589829	0.92960181876191094741	0.07035270674859292472	4.98265311515352316007	1.99447418143856514128	0.10711600867897699829	0.01119305984916194041
0.11500000000000000500	0.99995166542802138565	0.92325977518459056981	0.07669189024342787375	4.98186308053146653663	1.99449358014585054200	0.10711265094520096286	0.01172862310388794564
0.11999999999999999556	0.99994815656371027757	0.91667251943598937469	0.08327563712771827997	4.98131684626136905791	1.99450680229813226418	0.10710950971343981275	0.01226417065245514505
0.12500000000000000000	0.99994475227543166973	0.90984430972544927396	0.09010044254997771895	4.98101368990069914844	1.99451845350043210914	0.10710663612770435216	0.01279970383309366605
0.13000000000000000444	0.99994256330149711154	0.90277984639191277694	0.09716271690958205864	4.98095481173124632335	1.99452884141887842873	0.10710405980300723161	0.01333522413210870214
0.13500000000000000888	0.99994135646696080677	0.89548360348440914080	0.10445775298254865449	4.98113556737558127452	1.99453999640871360022	0.10710143037377331532	0.01387073128397756788
0.14000000000000001332	0.99994002468106313319	0.88796000257363039143	0.11198002210742975804	4.98154370631691900684	1.99454393697480214520	0.10709962569601433335	0.01440622941245763879
0.14499999999999999001	0.99993864585999503447	0.88021396485765290851	0.11972468100233998878	4.98217420918118403250	1.99454819439574237983	0.10709811289069737228	0.01494171997691112579
0.14999999999999999445	0.99993706683997196638	0.87225032791229939466	0.12768673892766804756	4.98301964612274783661	1.99462231713530302457	0.10710126581322013117	0.01547722630597722637
0.15499999999999999889	0.99993528026274947074	0.86407417215906334729	0.13586110810368187685	4.98407631766950132146	1.99462824026389262677	0.10710065416590391907	0.01601272957680674458
0.16000000000000000333	0.99993327254722064179	0.85569067920594166221	0.14424259334127340071	4.98533869477727442643	1.99463223967886604804	0.10710033092565529600	0.01654823123143502051
0.16500000000000000777	0.99993102963235103164	0.84710514001944092755	0.15282588961290399787	4.98680114295726717444	1.99463703991810414884	0.10710026799958720367	0.01708373257143295729
0.17000000000000001221	0.99992853727353869786	0.83832294782444072290	0.16160558944909220180	4.98845793171068763172	1.99464174848821396147	0.10710049764937103201	0.01761923505967981363
0.17500000000000001665	0.99992578076966709411	0.82934959521877238409	0.17057618555088738255	4.99030323776197537455	1.99464642568736172379	0.10710101217866747902	0.01815474012057315123
0.17999999999999999334	0.99992274381782586534	0.82019066961175279840	0.17973207420606587825	4.99233114412168355045	1.99465112223233487221	0.10710180789511157540	0.01869024916004870945
0.18499999999999999778	0.99991941034855091885	0.81085185105474688605	0.18906755929380056336	4.99453564950141615242	1.99465588797618420536	0.10710287825285456920	0.01922576355131298126
0.19000000000000000222	0.99991576330929843319	0.80133890757349968137	0.19857685573579073046	4.99691066728314758905	1.99466077149828846515	0.10710421624675878216	0.01976128463254677586
0.19500000000000000666	0.99991281005450005637	0.79165839969297824297	0.20825441036151565166	4.99945129113164909995	1.99466538920838498683	0.10710601641767134029	0.02029681471463513215
0.20000000000000001110	0.99990953019179973360	0.78181554846704226502	0.21809398172475177868	5.00214997680094253241	1.99466885122507986416	0.10710803707514061911	0.02083235490001083406
0.20500000000000001554	0.99990497060374927685	0.77181573611078613251	0.22808923449295176455	5.00499971659375297861	1.99467463122638744011	0.10710899254617423093	0.02136789986274170369
0.20999999999999999223	0.99990107982002418563	0.76166638056871271978	0.23823469925130399960	5.00799755954830683180	1.99468352898699707865	0.10710848954762383634	0.02190344231047982454
0.21499999999999999667	0.99989686152462053936	0.75137302889884560742	0.24852383262576888123	5.01113179365913019581	1.99468459871978742726	0.10711304443365235461	0.02243900753264808576
0.22000000000000000111	0.99989331637623091176	0.74094220770037255708	0.25895110867584708592	5.01440318149124220071	1.99469244502222875504	0.10711352855725961297	0.02297457517543438285
0.22500000000000000555	0.99988941578552881229	0.73037994853893550840	0.26950946724658297882	5.01780135689203898863	1.99469853442421185541	0.10711428570251298187	0.02351014660394694714
0.23000000000000000999	0.99988421452789000288	0.71969232658202930697	0.28019188794585053737	5.02131625571479478509	1.99470533447776721125	0.10711524504618642750	0.02404572282917787768
0.23500000000000001443	0.99987962664394214318	0.70888628685924137685	0.29099333978469188455	5.02494833162355103440	1.99472810151272361701	0.10711760793593988472	0.02458131086885757821
0.23999999999999999112	0.99987580317226254500	0.69796868173485016040	0.30190712143739883988	5.02868883932924859437	1.99473623980009162615	0.10711921654079568922	0.02511690695156155659
0.24499999999999999556	0.99987093598003495831	0.68694515307596493159	0.31292578290405714814	5.03252655030181550444	1.99474245008133865831	0.10712112014052573017	0.02565251255226418461
0.25000000000000000000	0.99986686328468077356	0.67582281130801125091	0.32404405197665525629	5.03646146901333224832	1.99475061845047618725	0.10712331363807799101	0.02618812912045457436
0.25500000000000000444	0.99986169183069517619	0.66460759415902337377	0.33525409767165637032	5.04047989855510358836	1.99475675322188639171	0.10712578634407528277	0.02672375805217495209
0.26000000000000000888	0.99985733030960699530	0.65330675066058041534	0.34655057964900992662	5.04458209354078057629	1.99476471850198167068	0.10712839394358512901	0.02725940002189287947
0.26500000000000001332	0.99985281331217013001	0.64192658076161712710	0.35792623255053679365	5.04875774761745965691	1.99477713246999122099	0.10713240201255953832	0.02779506203195567654
0.27000000000000001776	0.99984916992747852049	0.63047416682736456828	0.36937500310009302451	5.05300385439880983540	1.99478293011466534246	0.10713555701306221035	0.02833073981702098620
0.27500000000000002220	0.99984549661997201842	0.61895582199987708716	0.38088967462007439213	5.05731028049679665060	1.99478668367615941115	0.10713900798250267088	0.02886643485693349970
0.28000000000000002665	0.99984177571654087036	0.60737823187760642263	0.39246354383891179918	5.06167012347119182891	1.99478993186311703845	0.10714267089915267828	0.02940214821142926246
0.28500000000000003109	0.99983800307491044190	0.59574810042667436516	0.40408990264821648131	5.06607656550949325691	1.99479296654932714006	0.10714649660690492294	0.02993788069446378861
0.28999999999999998002	0.99983417395946194706	0.58407214268957330372	0.41576203126986666092	5.07052278531076705548	1.99479518538332567523	0.10715052235641213396	0.03047363330624584810
0.29499999999999998446	0.99983148545583078182	0.57235760167793070519	0.42747388377787548519	5.07500782243282966277	1.99479785066080173017	0.10715465392410820911	0.03100940657586638907
0.29999999999999998890	0.99982875012902061584	0.56061070171448745825	0.43921804841450345913	5.07951745873552340527	1.99480871204420839859	0.10716225528212140750	0.03154521785227699937
0.30499999999999999334	0.99982591752859018008	0.54883814171868305909	0.45098777580988064217	5.08404630955015246485	1.99480912130874910027	0.10716693243040656403	0.03208105251442903288
0.30999999999999999778	0.99982298280928227907	0.53704663318936762817	0.46277634961988839413	5.08858757659895211134	1.99480951231639913601	0.10717174390788850036	0.03261691123396847497
0.31500000000000000222	0.99981898393126666935	0.52524242312734714666	0.47457656080389215569	5.09312923150568774844	1.99480995129246929665	0.10717663090846189788	0.03315279438851078536
0.32000000000000000666	0.99981582152950443376	0.51343308940805121310	0.48638273212142768553	5.09767499244020783067	1.99481250198131632168	0.10718165703005252953	0.03368870267366104454
0.32500000000000001110	0.99981254803416874655	0.50162486730030064752	0.49818768073384278594	5.10221291189212244888	1.99481317904155308618	0.10718691093119604718	0.03422463722831702720
0.33000000000000001554	0.99980828386017628340	0.48982395213930557398	0.50998433172084212117	5.10673139818301180526	1.99481316350717174934	0.10719219823553073623	0.03476059821949468304
0.33500000000000001998	0.99980486342111718479	0.47803790228308951082	0.52176696113799714283	5.11123196373925736680	1.99482824567659067228	0.10720088452193013429	0.03529660264210433135
0.34000000000000002442	0.99980130048878101956	0.46627284468243085369	0.53352845580631702571	5.11570462129462999457	1.99482920706918687159	0.10720635157942255689	0.03583263440000144379
0.34500000000000002887	0.99979660841743900335	0.45453480014276320675	0.54526180827464576506	5.12013747468111102279	1.99483032732580900515	0.10721185974556202147	0.03636869369872925556
0.35000000000000003331	0.99979272216687364860	0.44283133690136883276	0.55696138526546890013	5.12453455105313260276	1.99483353607472402302	0.10721729231259341519	0.03690478016029222208
0.35499999999999998224	0.99978867627744316682	0.43116842401153848696	0.56862025226586820903	5.12888414683805216043	1.99483494157008012237	0.10722286095172972598	0.03744089446505086821
0.35999999999999998668	0.99978347407896206445	0.41955192175916372621	0.58023155231975842572	5.13317451103887911756	1.99483659591525386290	0.10722843051410210768	0.03797703661762137639
0.36499999999999999112	0.99977906504007729716	0.40798934237895240207	0.59178972266108853528	5.13740983453331345743	1.99484043024711565906	0.10723389997602063295	0.03851320611750148198
0.36999999999999999556	0.99977447552261189401	0.39648647628926925179	0.60328799923330256316	5.14157857975380849780	1.99484256128312043010	0.10723946772946436889	0.03904940345614880265
0.37500000000000000000	0.99976969132487236713	0.38504960143884442436	0.61472008988598780821	5.14567446179852616694	1.99484421872245842877	0.10724509074741551962	0.03958562890988587962
0.38000000000000000444	0.99976373249408667654	0.37368433197408867930	0.62607940051995303321	5.14968611179977120429	1.99484691919099588198	0.10725060952199058639	0.04012188195749583075
0.38500000000000000888	0.99975938199664904360	0.36239857253867224784	0.63736080945793549546	5.15361984023201102900	1.99485188096764831656	0.10725598583425292876	0.04065816188666709213
0.39000000000000001332	0.99975401699959765001	0.35119679574031964497	0.64855722125923420673	5.15746051387366044594	1.99485363990336517226	0.10726147434563088057	0.04119446925839524709
0.39500000000000001776	0.99974743724756143237	0.34008487636620049477	0.65966256088131580704	5.16119881327938490045	1.99485733489218741710	0.10726685581071179754	0.04173080353744880455
0.40000000000000002220	0.99974162074962646951	0.32907007276801719664	0.67067154798156181084	5.16483938132072140093	1.99486346479767240325	0.10727201897933796859	0.04226716363234549190
0.40500000000000002665	0.99973558832731435064	0.31815764635375815006	0.68157794197351251331	5.16837125394237340004	1.99486806773394365067	0.10727721093541967012	0.04280354968702258789
0.41000000000000003109	0.99972932733385899695	0.30735340367125735250	0.69237592366255673593	5.17178868946173864174	1.99487316292060667955	0.10728231128502409286	0.04333996124344770967
0.41500000000000003553	0.99972282684853153167	0.29666305964654599014	0.70305976720193952278	5.17508320663942988915	1.99487476527904594725	0.10728827803457680057	0.04387640263362059534
0.41999999999999998446	0.99971613138334247672	0.28609231274215846108	0.71362381864113233476	5.17825511729933563032	1.99488079844457111278	0.10729316486465034775	0.04441286845794384375
0.42499999999999998890	0.99971031705245383403	0.27564757090143149343	0.72406274615097010461	5.18130186214622412422	1.99488730073605502469	0.10729796985882977811	0.04494935830723799375
0.42999999999999999334	0.99970536410237864633	0.26533432494792774659	0.73437103915439827517	5.18421386834955910672	1.99488626624818432553	0.10730493090183101934	0.04548588296174714551
0.43499999999999999778	0.99969924988649683240	0.25515644828786321341	0.74454280159857721966	5.18698229633610363720	1.99488943248296579647	0.10730974932817574641	0.04602243170838802439
0.44000000000000000222	0.99969493369343609412	0.24512075174047970316	0.75457418195290271168	5.18960726145685580235	1.99489505419289714361	0.10731435666527820716	0.04655900349171441382
0.44500000000000000666	0.99968946078760911877	0.23523089548986578223	0.76445856529768441145	5.19207849364098361633	1.99489743334003710729	0.10731897340413097675	0.04709559835873507183
0.45000000000000001110	0.99968472398663266176	0.22549337623703447075	0.77419134774953823896	5.19439534429723881459	1.99490234066597360574	0.10732337689154577975	0.04763221524319279782
0.45500000000000001554	0.99967883839735760532	0.21591178251744658212	0.78376705587985384671	5.19654876559122680391	1.99490590543316215211	0.10732767994231044717	0.04816885364290435234
0.46000000000000001998	0.99967368088658725700	0.20649242386209770705	0.79318125702443054159	5.19853827558104431006	1.99491199626713067161	0.10733174457086910869	0.04870551236575870052
0.46500000000000002442	0.99966737944048922326	0.19723866053838060020	0.80242871890205080820	5.20035510357369368251	1.99491675069258556086	0.10733569987375392307	0.04924219086512746785
0.47000000000000002887	0.99966085790814007694	0.18815650574632750147	0.81150435216175320630	5.20199810579479482442	1.99492406058468496610	0.10733940458296059584	0.04977888788804227249
0.47500000000000003331	0.99965413806843550493	0.17924928380682725315	0.82040485426154363680	5.20346047275130096921	1.99493175718787085771	0.10734288577125150610	0.05031560231689852919
0.47999999999999998224	0.99964815353172742363	0.17052280480952752839	0.82912534872213983217	5.20474130466753592827	1.99494022291199279984	0.10734619247840423983	0.05085233327929054858
0.48499999999999998668	0.99964102550505906652	0.16197994215199432166	0.83766108335299560572	5.20583232579180155142	1.99494750440986479134	0.10734940476204968274	0.05138908030310079811
0.48999999999999999112	0.99963462003708802861	0.15362640306012867453	0.84600821697689043699	5.20673367917516216608	1.99496792215267482185	0.10735463612731238614	0.05192585348373735671
0.49499999999999999556	0.99962811887352420737	0.14546487876051858446	0.85416324011293653928	5.20743836618909394787	1.99497537030862770457	0.10735765174266236055	0.05246264174245066775
0.50000000000000000000	0.99962342917532498454	0.13750158072622334360	0.86212184844903239078	5.20794811415162417489	1.99498432433690120469	0.10736033925121625521	0.05299944343870675173
0.50500000000000000444	0.99961872075920243930	0.12973888491220234020	0.86987983584692607497	5.20825522261280671188	1.99498992038577593888	0.10736307896436432519	0.05353625883352857578
0.51000000000000000888	0.99961396910448929720	0.12218053110709535536	0.87743343799732120836	5.20835604938894292104	1.99499578188002590906	0.10736571022995297642	0.05407308738467834358
0.51500000000000001332	0.99960917492752299207	0.11483013576388508004	0.88477903916356093195	5.20824727159082900840	1.99500193537293823987	0.10736806085303859937	0.05460992768894353672
0.52000000000000001776	0.99960433856106734041	0.10769118860085562239	0.89191314996013548733	5.20792565691084430313	1.99500848984779821649	0.10737022720433890555	0.05514677882496522854
0.52500000000000002220	0.99959946008846789489	0.10076705148173675797	0.89883240860665047922	5.20738812696533681645	1.99501541135184501385	0.10737215117912059237	0.05568363958086083171
0.53000000000000002665	0.99959453852060864421	0.09406095664933419864	0.90553358187119714628	5.20663174200011091841	1.99502274786090794123	0.10737380823078584990	0.05622050862201476151
0.53500000000000003109	0.99958957307592244401	0.08757600542589226433	0.91201356764994456761	5.20565369392706500662	1.99503048310181774205	0.10737520632506879215	0.05675738465364010832
0.54000000000000003553	0.99958478170928743989	0.08131518062764273025	0.91826960108155353257	5.20445151372286574087	1.99503865013217285274	0.10737636275894248128	0.05729426646743482343
0.54500000000000003997	0.99958001918870609259	0.07528130978794164707	0.92429870940067238028	5.20302099294552800046	1.99504905194480208763	0.10738029038611909827	0.05783116791936541989
0.55000000000000004441	0.99957537719282241184	0.06947723564731050905	0.93009814154542669318	5.20136158707229689924	1.99505746362171398900	0.10738101244489360597	0.05836807298158988577
0.55500000000000004885	0.99957074162543191331	0.06390543353237868041	0.93566530809296277749	5.19946933269502853392	1.99506980232297737032	0.10738432160771116397	0.05890499458962843854
0.56000000000000005329	0.99956603262628263007	0.05856827685000406264	0.94099775577618993694	5.19734341297794433245	1.99507861175631018291	0.10738448749067304455	0.05944191702708180591
0.56500000000000005773	0.99956123354360448818	0.05346806149098067007	0.94609317205252951855	5.19498176986873616556	1.99508794531302346975	0.10738433748304959670	0.05997883871449705140
0.57000000000000006217	0.99955634285020256158	0.04860694781148029026	0.95094939503862641050	5.19238256275587417576	1.99509783153734465699	0.10738388817348287763	0.06051575815536446717
0.57500000000000006661	0.99955135933593197706	0.04398695881403263258	0.95556440052180802169	5.18954409276184680522	1.99510828100087023174	0.10738313606836982772	0.06105267383570631839
0.57999999999999996003	0.99954628196519867966	0.03960997966782443813	0.95993630229727366920	5.18646480286720912289	1.99511930448472951660	0.10738207725908339996	0.06158958422200173227
0.58499999999999996447	0.99954110989357503048	0.03547775725810724257	0.96406335263537223934	5.18314327882133607517	1.99513091151038501891	0.10738070666257408525	0.06212648775531460360
0.58999999999999996891	0.99953584227710590149	0.03159189984604495599	0.96794394243095660535	5.17957824855839099598	1.99514311238004649063	0.10737901895875474889	0.06266338285010837617
0.59499999999999997335	0.99953047847089393496	0.02795387682259654547	0.97157660164819426019	5.17576858947024120994	1.99515592890673865156	0.10737700175733404240	0.06320026785889504284
0.59999999999999997780	0.99952501799787918380	0.02456501852995319687	0.97495999946782230250	5.17171330949487639828	1.99516934569159287705	0.10737466415895852156	0.06373714117968982962
0.60499999999999998224	0.99951946048694029212	0.02142651611129803638	0.97809294437553206958	5.16741156527099398943	1.99518338024764774197	0.10737199484139643701	0.06427400115389680924
0.60999999999999998668	0.99951380562469760438	0.01853942151000104871	0.98097438411458881546	5.16286265640058328330	1.99519804402891276496	0.10736898720908566451	0.06481084608994223950
0.61499999999999999112	0.99950805315054647160	0.01590464752852229630	0.98360340562190606839	5.15806602374119993470	1.99521334432839481110	0.10736563817724559255	0.06534767428082846608
0.61999999999999999556	0.99950320420414173750	0.01352396912378371618	0.98597923508024187811	5.15302725734612199204	1.99522928765307328014	0.10736194485652043873	0.06588448400511107139
0.62500000000000000000	0.99949827963767012839	0.01139703537258919715	0.98810124426496115380	5.14774019065927124217	1.99524388326210555533	0.10735801373059357389	0.06642127407376403891
0.63000000000000000444	0.99949329605887704542	0.00952434027576206169	0.98996895578299670682	5.14220478113709589252	1.99525905198680364450	0.10735376770697376003	0.06695804291229891236
0.63500000000000000888	0.99948729447906037304	0.00790530604498518481	0.99158198843394851352	5.13641528463216978651	1.99527479926772666197	0.10734917254820618149	0.06749478877503994889
0.64000000000000001332	0.99948217432428565488	0.00654203627554131740	0.99294013804861558370	5.13038323828030673468	1.99529307549698020630	0.10734409387565092830	0.06803150924441819791
0.64500000000000001776	0.99947602888191455772	0.00543273412055009057	0.99404329476123531872	5.12409750272610775568	1.99531009516595458919	0.10733874427751154135	0.06856820296580574958
0.65000000000000002220	0.99947076533371548290	0.00457921940713925703	0.99489154592644812869	5.11756993173051188961	1.99532965466999012705	0.10733291118913294848	0.06910486752175142022
0.65500000000000002665	0.99946446861450211063	0.00397943637059806031	0.99548503224377682397	5.11078961736487880074	1.99534800357137642735	0.10732680227140735385	0.06964150153310845470
0.66000000000000003109	0.99945906105235204908	0.00363491853878308586	0.99582414251343065459	5.10376876828133063668	1.99536821742539438596	0.10732026466910320195	0.07017810285645396939
0.66500000000000003553	0.99945359704666714151	0.00354427527480545004	0.99590932177172664108	5.09650253417020859814	1.99538775802302659201	0.10731346206936472065	0.07071467016680078876
0.67000000000000003997	0.99944711853913681399	0.00370602716511105957	0.99574109137389066326	5.08898610705354670358	1.99540791717928667204	0.10730629182496315144	0.07125120162592560313
0.67500000000000004441	0.99944151362758637536	0.00412123070064276346	0.99532028292681029580	5.08123190486081188766	1.99543062045873487165	0.10729863108255577320	0.07178769478133838200
0.68000000000000004885	0.99943488752061859781	0.00478724897057004276	0.99464763854991244951	5.07322977317254597551	1.99545205425573302094	0.10729073287566032180	0.07232414844571669055
0.68500000000000005329	0.99942913866630689324	0.00570486696425006896	0.99372427170191490742	5.06499245380975704478	1.99547603006184082197	0.10728234791611322707	0.07286056018529725453
0.69000000000000005773	0.99942236624815183887	0.00687120264478776211	0.99255116360322004354	5.05651000838326147857	1.99549872904151626152	0.10727372486072840607	0.07339692880960090038
0.69500000000000006217	0.99941647415105894225	0.00828676555648131044	0.99112970859443660920	5.04779547371372494524	1.99552397356210686752	0.10726461515641169675	0.07393325188538295289
0.70000000000000006661	0.99940955675988640827	0.00994843729058608392	0.98946111946915360491	5.03883912778163978174	1.99554793346047043556	0.10725526744153031367	0.07446952822259060578
0.70499999999999996003	0.99940352220233807934	0.01185645387222857006	0.98754706832996075327	5.02965429094885596584	1.99557443952101754014	0.10724543392496230232	0.07500575539221542021
0.70999999999999996447	0.99939646102804458039	0.01400746835469369490	0.98538899267320267938	5.02023145593845399048	1.99559965262334282343	0.10723536317086643233	0.07554193220806974807
0.71499999999999996891	0.99939028122630901851	0.01640144473522187757	0.98298883649093715675	5.01058419705509106024	1.99562741005113442050	0.10722480824522261089	0.07607805624929586674
0.71999999999999997335	0.99938306472200966191	0.01903481101405818388	0.98034825370779199449	5.00070326094980810439	1.99565400065762021953	0.10721394979021960092	0.07661412599824696246
0.72499999999999997780	0.99937673058865517106	0.02190726982119660382	0.97746946076730734099	4.99060249134141908911	1.99568307359697616477	0.10720264705955041828	0.07715013923354471781
0.72999999999999998224	0.99936945171866897741	0.02501509184532875810	0.97435435987318519402	4.98027327620726101287	1.99570840238687696733	0.10719134619938566755	0.07768609596454165156
0.73499999999999998668	0.99936297987075073390	0.02835762440822692590	0.97100535546235944295	4.96972885943964470812	1.99573871909493405497	0.10717931130390101480	0.07822199252106115663
0.73999999999999999112	0.99935740616651702606	0.03193255156225301150	0.96742485460410332365	4.95897238271288021139	1.99576769205241455474	0.10716707581975794261	0.07875782790015994905
0.74499999999999999556	0.99935187790260504581	0.03573667158373770164	0.96361520631870378750	4.94800143302032946480	1.99579506528230066209	0.10715462601295873413	0.07929360103022474460
0.75000000000000000000	0.99934630365934729035	0.03976736871225692443	0.95957893494692558800	4.93681842034956996912	1.99582300715474691977	0.10714181076148564242	0.07982931008403217066
0.75500000000000000444	0.99934068214704052657	0.04402197012574757262	0.95531871202112506047	4.92542633626141590497	1.99585149265102623772	0.10712864948982127322	0.08036495333148127584
0.76000000000000000888	0.99933596567958338230	0.04849787304067651461	0.95083809263873575457	4.91383668656747918391	1.99587958100409301743	0.10711519653300302646	0.08090052931414629112
0.76500000000000001332	0.99933033397091075578	0.05319190764621890138	0.94613842632452216375	4.90203633118019155290	1.99590725613882313816	0.10710144321549358581	0.08143603653022375710
0.77000000000000001776	0.99932465026697048227	0.05810117994740724573	0.94122347031939113116	4.89003822064448456786	1.99593988964703572542	0.10708563939759800643	0.08197146472721174304
0.77500000000000002220	0.99931892809339406547	0.06322259972703254960	0.93609632836618716922	4.87784409219164150073	1.99597027314754815741	0.10707115950337522947	0.08250682052472861627
0.78000000000000002665	0.99931315278608257024	0.06855297084457684376	0.93076018194133114392	4.86545735811913271363	1.99600117039936275631	0.10705634596302894546	0.08304210225454376759
0.78500000000000003109	0.99930731687343510306	0.07408900436339040108	0.92521831250986208417	4.85288156449935215164	1.99603259462487314657	0.10704119859508294532	0.08357730824751918863
0.79000000000000003553	0.99930141599951838316	0.07982731816297482241	0.91947409783636646630	4.84012036564798275862	1.99606454889655204887	0.10702571995879769928	0.08411243684731317671
0.79500000000000003997	0.99929544737303033219	0.08576443832282770741	0.91353100905002004861	4.82717751297917896380	1.99609703229240897926	0.10700991319519077838	0.08464748641328913303
0.80000000000000004441	0.99928940917583763959	0.09189680109492678883	0.90739260808072752518	4.81405684887918461357	1.99613004083632095131	0.10699378265598914750	0.08518245532656908148
0.80500000000000004885	0.99928330011709864955	0.09822075504101020205	0.90106254507590488600	4.80076230189407304749	1.99616356960695284783	0.10697733218474575478	0.08571734198749281219
0.81000000000000005329	0.99927711933449447912	0.10473256334285920011	0.89454455599144755418	4.78729788333767025676	1.99619761191365840958	0.10696056677361222287	0.08625214482136087102
0.81500000000000005773	0.99927182369302613996	0.11142869972039785853	0.88784312397244102844	4.77367600014518611573	1.99623216103568235091	0.10694349044569224916	0.08678686227358933802
0.82000000000000006217	0.99926552006997992894	0.11830469614394521771	0.88096082392584684762	4.75988434652064817953	1.99626525864812842670	0.10692622687863810593	0.08732149340798252279
0.82500000000000006661	0.99925913593741699792	0.12535684550208051058	0.87390229043515343932	4.74593526271107801762	1.99630078098673147124	0.10690853851003048747	0.08785603610053267787
0.83000000000000007105	0.99925267793687588824	0.13258109560424874429	0.86667158233243457577	4.73183311225025260427	1.99633677028526168584	0.10689056245602041040	0.08839048891281278686
0.83499999999999996447	0.99924614583914439514	0.13997331878362631596	0.85927282705532948004	4.71758227393762297197	1.99637323327098648029	0.10687229551860168153	0.08892485039040579076
0.83999999999999996891	0.99923953945505572527	0.14752931659212681348	0.85171022286273068147	4.70318719138378149580	1.99641016067120302679	0.10685374336782905991	0.08945911910724493876
0.84499999999999997335	0.99923285871920730639	0.15524482240455825255	0.84398803631444851980	4.68865237085139696660	1.99644754251894873676	0.10683491217374145588	0.08999329366811364972
0.84999999999999997780	0.99922610352166296721	0.16311550395605339814	0.83611059956541777805	4.67398237798920490604	1.99648536946262633585	0.10681580718041436273	0.09052737270401571557
0.85499999999999998224	0.99921927359507001221	0.17113696588795176967	0.82808230770691537703	4.65918183435607069498	1.99652363180208891613	0.10679643355412979377	0.09106135487178636245
0.85999999999999998668	0.99921236863587969967	0.17930475243470442304	0.81990761620097118989	4.64425542134401148076	1.99656233180293507523	0.10677679245032134503	0.09159523883403797306
0.86499999999999999112	0.99920641485892369715	0.18761435019239211530	0.81159206466632083377	4.62920786102539683071	1.99660143572482096097	0.10675689791246557869	0.09212902332360030366
0.86999999999999999556	0.99920038135233746335	0.19606119021746801212	0.80313919113466469835	4.61404390459841984296	1.99663899865832816793	0.10673682897171694883	0.09266270746845889361
0.87500000000000000000	0.99919521934080091086	0.20464108583043694178	0.79455413351015047319	4.59877646963594610696	1.99667696087147805706	0.10671651172551037401	0.09319629002708644527
0.88000000000000000444	0.99918905203426711115	0.21334852078133925701	0.78584053125271302598	4.58339437747625932928	1.99671337662543724178	0.10669607158466300201	0.09372977038500976410
0.88500000000000000888	0.99918280176642404466	0.22217918456577351316	0.77700361720042854241	4.56791042495267518575	1.99675208727273512110	0.10667527567651478859	0.09426314676339234144
0.89000000000000001332	0.99917647638416817735	0.23112831790727850212	0.76804815847667162743	4.55232960701262889813	1.99679114816848746194	0.10665426030669632185	0.09479641806492582201
0.89500000000000001776	0.99916913170106980147	0.24019111667538195487	0.75897801502546846653	4.53665689761814494574	1.99683056021333826813	0.10663302403696470200	0.09532958318511064455
0.90000000000000002220	0.99916266487625959858	0.24936273794403332471	0.74979992693200381293	4.52089730984110804712	1.99687215619486346796	0.10661147835922656080	0.09586264057690677132
0.90500000000000002665	0.99915613795545110687	0.25863830220858630149	0.74051783574664098442	4.50505589465391853565	1.99691219743072445603	0.10658981924696669941	0.09639558967314160176
0.91000000000000003109	0.99914953681991647283	0.26801289648808962474	0.73113664033159786459	4.48913771419878404600	1.99695257770359946292	0.10656794671804327435	0.09692842940673181140
0.91500000000000003553	0.99914191652693218337	0.27748157736686446251	0.72166033915984195701	4.47314784264540943326	1.99699323819554797055	0.10654589097252417651	0.09746115886159442687
0.92000000000000003997	0.99913517346694757926	0.28703937331290085844	0.71209580015381779283	4.45709139507563456561	1.99703604566526782271	0.10652354896137350426	0.09799377660640129495
0.92500000000000004441	0.99912837119607533776	0.29668128718622244211	0.70244708400961575201	4.44097351198901346692	1.99707725080432751952	0.10650112075284956514	0.09852628221016554444
0.93000000000000004885	0.99912149573139330538	0.30640229931550616582	0.69271919641564672077	4.42479932047034196785	1.99711872301843240685	0.10647851852938793049	0.09905867480281248250
0.93500000000000005329	0.99911359341718042337	0.31619736991573477169	0.68291622350120650964	4.40857397036906206722	1.99716045542496645204	0.10645574723185655119	0.09959095353897176595
0.94000000000000005773	0.99910657381799272692	0.32606144260031444393	0.67304513121744025117	4.39230263520681951661	1.99720431219349991991	0.10643271575410226393	0.10012311711774227185
0.94500000000000006217	0.99909949382761142900	0.33598944602374170021	0.66311004780362114985	4.37599049798508588083	1.99724650898486366657	0.10640962558046708486	0.10065516524564460665
0.95000000000000006661	0.99909139817632997005	0.34597567834907327899	0.65311571982700666883	4.35963483488456127191	1.99729028309190614898	0.10638750819364195532	0.10118710278661281754
