-2.000000000000000000e+01 1.696702981006857665e-11
-1.996000000000000085e+01 1.735593224774016319e-11
-1.992000000000000171e+01 1.775179400236196751e-11
-1.987999999999999901e+01 1.815475518071391096e-11
-1.983999999999999986e+01 1.856495911208794731e-11
-1.980000000000000071e+01 1.898255243235649636e-11
-1.976000000000000156e+01 1.940768517051394076e-11
-1.971999999999999886e+01 1.984051083775219065e-11
-1.967999999999999972e+01 2.028118651916999141e-11
-1.964000000000000057e+01 2.072987296819807211e-11
-1.960000000000000142e+01 2.118673470382595471e-11
-1.955999999999999872e+01 2.165194011072617014e-11
-1.951999999999999957e+01 2.212566154237410898e-11
-1.948000000000000043e+01 2.260807542725635779e-11
-1.944000000000000128e+01 2.309936237828043109e-11
-1.939999999999999858e+01 2.359970730548392016e-11
-1.935999999999999943e+01 2.410929953216134523e-11
-1.932000000000000028e+01 2.462833291452100095e-11
-1.928000000000000114e+01 2.515700596498718685e-11
-1.923999999999999844e+01 2.569552197928368716e-11
-1.919999999999999929e+01 2.624408916741161695e-11
-1.916000000000000014e+01 2.680292078867135430e-11
-1.912000000000000099e+01 2.737223529085408309e-11
-1.907999999999999829e+01 2.795225645375411383e-11
-1.903999999999999915e+01 2.854321353714942721e-11
-1.900000000000000000e+01 2.914534143340760501e-11
-1.896000000000000085e+01 2.975888082487472595e-11
-1.892000000000000171e+01 3.038407834621576479e-11
-1.887999999999999901e+01 3.102118675188165006e-11
-1.883999999999999986e+01 3.167046508888888920e-11
-1.880000000000000071e+01 3.233217887508154012e-11
-1.876000000000000156e+01 3.300660028309431822e-11
-1.871999999999999886e+01 3.369400833020295472e-11
-1.867999999999999972e+01 3.439468907427501194e-11
-1.864000000000000057e+01 3.510893581604780314e-11
-1.860000000000000142e+01 3.583704930795158570e-11
-1.855999999999999872e+01 3.657933796972349359e-11
-1.851999999999999957e+01 3.733611811104960985e-11
-1.848000000000000043e+01 3.810771416149863625e-11
-1.844000000000000128e+01 3.889445890801123739e-11
-1.839999999999999858e+01 3.969669374022071729e-11
-1.835999999999999943e+01 4.051476890389867753e-11
-1.832000000000000028e+01 4.134904376281537698e-11
-1.828000000000000114e+01 4.219988706934628570e-11
-1.823999999999999844e+01 4.306767724412427251e-11
-1.819999999999999929e+01 4.395280266510903691e-11
-1.816000000000000014e+01 4.485566196638790747e-11
-1.812000000000000099e+01 4.577666434711725399e-11
-1.807999999999999829e+01 4.671622989095461793e-11
-1.803999999999999915e+01 4.767478989639866665e-11
-1.800000000000000000e+01 4.865278721844663287e-11
-1.796000000000000085e+01 4.965067662200454303e-11
-1.792000000000000171e+01 5.066892514750415001e-11
-1.787999999999999901e+01 5.170801248919558145e-11
-1.783999999999999986e+01 5.276843138660704918e-11
-1.780000000000000071e+01 5.385068802968902103e-11
-1.775999999999999801e+01 5.495530247816749440e-11
-1.771999999999999886e+01 5.608280909568270982e-11
-1.767999999999999972e+01 5.723375699927371902e-11
-1.764000000000000057e+01 5.840871052483684481e-11
-1.760000000000000142e+01 5.960824970917945187e-11
-1.755999999999999872e+01 6.083297078933780417e-11
-1.751999999999999957e+01 6.208348671984949789e-11
-1.748000000000000043e+01 6.336042770870652785e-11
-1.744000000000000128e+01 6.466444177273903315e-11
-1.739999999999999858e+01 6.599619531322236815e-11
-1.735999999999999943e+01 6.735637371253736753e-11
-1.732000000000000028e+01 6.874568195273228608e-11
-1.728000000000000114e+01 7.016484525690210200e-11
-1.723999999999999844e+01 7.161460975432486111e-11
-1.719999999999999929e+01 7.309574317033196203e-11
-1.716000000000000014e+01 7.460903554195711165e-11
-1.712000000000000099e+01 7.615529996043349525e-11
-1.707999999999999829e+01 7.773537334167942991e-11
-1.703999999999999915e+01 7.935011722593220828e-11
-1.700000000000000000e+01 8.100041860781102199e-11
-1.696000000000000085e+01 8.268719079804849479e-11
-1.692000000000000171e+01 8.441137431830323633e-11
-1.687999999999999901e+01 8.617393783044183930e-11
-1.683999999999999986e+01 8.797587910179165264e-11
-1.680000000000000071e+01 8.981822600792977015e-11
-1.675999999999999801e+01 9.170203757464191633e-11
-1.671999999999999886e+01 9.362840506077466004e-11
-1.667999999999999972e+01 9.559845308377262946e-11
-1.664000000000000057e+01 9.761334078980158907e-11
-1.660000000000000142e+01 9.967426307043682219e-11
-1.655999999999999872e+01 1.017824518279909742e-10
-1.651999999999999957e+01 1.039391772916795892e-10
-1.648000000000000043e+01 1.061457493869081852e-10
-1.644000000000000128e+01 1.084035191600941683e-10
-1.639999999999999858e+01 1.107138802615559980e-10
-1.635999999999999943e+01 1.130782704891265094e-10
-1.632000000000000028e+01 1.154981733952920506e-10
-1.628000000000000114e+01 1.179751199607877259e-10
-1.623999999999999844e+01 1.205106903377494280e-10
-1.619999999999999929e+01 1.231065156656635554e-10
-1.616000000000000014e+01 1.257642799635467992e-10
-1.612000000000000099e+01 1.284857221019443102e-10
-1.607999999999999829e+01 1.312726378585442445e-10
-1.603999999999999915e+01 1.341268820613948730e-10
-1.600000000000000000e+01 1.370503708239234352e-10
-1.596000000000000085e+01 1.400450838761953894e-10
-1.591999999999999993e+01 1.431130669970648826e-10
-1.587999999999999901e+01 1.462564345521534670e-10
-1.583999999999999986e+01 1.494773721428199112e-10
-1.580000000000000071e+01 1.527781393716111032e-10
-1.575999999999999979e+01 1.561610727299656992e-10
-1.571999999999999886e+01 1.596285886142271334e-10
-1.567999999999999972e+01 1.631831864764543942e-10
-1.564000000000000057e+01 1.668274521167646439e-10
-1.559999999999999964e+01 1.705640611244103571e-10
-1.555999999999999872e+01 1.743957824751543040e-10
-1.551999999999999957e+01 1.783254822929664438e-10
-1.548000000000000043e+01 1.823561277845006499e-10
-1.543999999999999950e+01 1.864907913553021890e-10
-1.539999999999999858e+01 1.907326549172477767e-10
-1.535999999999999943e+01 1.950850143972138613e-10
-1.532000000000000028e+01 1.995512844576189490e-10
-1.528000000000000114e+01 2.041350034400743254e-10
-1.524000000000000021e+01 2.088398385440537459e-10
-1.519999999999999929e+01 2.136695912532094208e-10
-1.516000000000000014e+01 2.186282030227371031e-10
-1.512000000000000099e+01 2.237197612419594686e-10
-1.508000000000000007e+01 2.289485054872134955e-10
-1.503999999999999915e+01 2.343188340810167678e-10
-1.500000000000000000e+01 2.398353109744918276e-10
-1.496000000000000085e+01 2.455026729710749066e-10
-1.491999999999999993e+01 2.513258373106710926e-10
-1.487999999999999901e+01 2.573099096346116027e-10
-1.483999999999999986e+01 2.634601923530836423e-10
-1.480000000000000071e+01 2.697821934380516304e-10
-1.475999999999999979e+01 2.762816356662122428e-10
-1.471999999999999886e+01 2.829644663380762683e-10
-1.467999999999999972e+01 2.898368675009875071e-10
-1.464000000000000057e+01 2.969052667057327204e-10
-1.459999999999999964e+01 3.041763483283144622e-10
-1.455999999999999872e+01 3.116570654906088783e-10
-1.451999999999999957e+01 3.193546526158569151e-10
-1.448000000000000043e+01 3.272766386574073406e-10
-1.443999999999999950e+01 3.354308610416892806e-10
-1.439999999999999858e+01 3.438254803692689012e-10
-1.435999999999999943e+01 3.524689959208218978e-10
-1.432000000000000028e+01 3.613702620181778863e-10
-1.428000000000000114e+01 3.705385052940222830e-10
-1.424000000000000021e+01 3.799833429277583752e-10
-1.419999999999999929e+01 3.897148019090230159e-10
-1.416000000000000014e+01 3.997433393948343502e-10
-1.412000000000000099e+01 4.100798642311302572e-10
-1.408000000000000007e+01 4.207357597146107666e-10
-1.403999999999999915e+01 4.317229076764093046e-10
-1.400000000000000000e+01 4.430537139751957448e-10
-1.396000000000000085e+01 4.547411354938444169e-10
-1.391999999999999993e+01 4.667987087409747801e-10
-1.387999999999999901e+01 4.792405801663797187e-10
-1.383999999999999986e+01 4.920815383077518921e-10
-1.380000000000000071e+01 5.053370478952547768e-10
-1.375999999999999979e+01 5.190232860504513272e-10
-1.371999999999999886e+01 5.331571807268019329e-10
-1.367999999999999972e+01 5.477564515508845330e-10
-1.364000000000000057e+01 5.628396532361902748e-10
-1.359999999999999964e+01 5.784262217554180375e-10
-1.355999999999999872e+01 5.945365234725312019e-10
-1.351999999999999957e+01 6.111919074525147703e-10
-1.348000000000000043e+01 6.284147611851550289e-10
-1.343999999999999950e+01 6.462285699791602080e-10
-1.339999999999999858e+01 6.646579803050230116e-10
-1.335999999999999943e+01 6.837288673890761618e-10
-1.332000000000000028e+01 7.034684073878529625e-10
-1.328000000000000114e+01 7.239051545009038907e-10
-1.324000000000000021e+01 7.450691234124686848e-10
-1.319999999999999929e+01 7.669918774877711627e-10
-1.316000000000000014e+01 7.897066231888205458e-10
-1.312000000000000099e+01 8.132483112177670032e-10
-1.308000000000000007e+01 8.376537449436916775e-10
-1.303999999999999915e+01 8.629616967215699482e-10
-1.300000000000000000e+01 8.892130327709294523e-10
-1.296000000000000085e+01 9.164508473468541018e-10
-1.291999999999999993e+01 9.447206070084430490e-10
-1.287999999999999901e+01 9.740703058706234578e-10
-1.283999999999999986e+01 1.004550632815146182e-09
-1.280000000000000071e+01 1.036215151737107483e-09
-1.275999999999999979e+01 1.069120496015652845e-09
-1.271999999999999886e+01 1.103326578523447265e-09
-1.267999999999999972e+01 1.138896818630486862e-09
-1.264000000000000057e+01 1.175898387816417828e-09
-1.259999999999999964e+01 1.214402475683688586e-09
-1.255999999999999872e+01 1.254484578364682258e-09
-1.251999999999999957e+01 1.296224811542494167e-09
-1.248000000000000043e+01 1.339708250560729586e-09
-1.243999999999999950e+01 1.385025300387148107e-09
-1.239999999999999858e+01 1.432272098523571017e-09
-1.235999999999999943e+01 1.481550954326038395e-09
-1.232000000000000028e+01 1.532970828620795140e-09
-1.228000000000000114e+01 1.586647857980568894e-09
-1.224000000000000021e+01 1.642705928569953895e-09
-1.219999999999999929e+01 1.701277305087454116e-09
-1.216000000000000014e+01 1.762503321035279368e-09
-1.212000000000000099e+01 1.826535137347270284e-09
-1.208000000000000007e+01 1.893534577312583979e-09
-1.203999999999999915e+01 1.963675046760726869e-09
-1.200000000000000000e+01 2.037142549634747900e-09
-1.195999999999999908e+01 2.114136810386517882e-09
-1.191999999999999993e+01 2.194872516090437900e-09
-1.187999999999999901e+01 2.279580692796542217e-09
-1.183999999999999986e+01 2.368510232428862958e-09
-1.180000000000000071e+01 2.461929588468306382e-09
-1.175999999999999979e+01 2.560128660709738084e-09
-1.172000000000000064e+01 2.663420891493508433e-09
-1.167999999999999972e+01 2.772145597884534418e-09
-1.164000000000000057e+01 2.886670566153345636e-09
-1.159999999999999964e+01 3.007394936370299601e-09
-1.156000000000000050e+01 3.134752405614723426e-09
-1.151999999999999957e+01 3.269214777740882395e-09
-1.148000000000000043e+01 3.411295885161943940e-09
-1.143999999999999950e+01 3.561555902815901258e-09
-1.140000000000000036e+01 3.720606065202332290e-09
-1.135999999999999943e+01 3.889113782690803136e-09
-1.132000000000000028e+01 4.067808131521866724e-09
-1.127999999999999936e+01 4.257485661263380712e-09
-1.124000000000000021e+01 4.459016422323742609e-09
-1.119999999999999929e+01 4.673350063507490287e-09
-1.116000000000000014e+01 4.901521786031890274e-09
-1.111999999999999922e+01 5.144657868985815067e-09
-1.108000000000000007e+01 5.403980408895166446e-09
-1.103999999999999915e+01 5.680810855040658134e-09
-1.100000000000000000e+01 5.976571890350612614e-09
-1.095999999999999908e+01 6.292787227469358382e-09
-1.091999999999999993e+01 6.631078983623208892e-09
-1.087999999999999901e+01 6.993162480880188990e-09
-1.083999999999999986e+01 7.380838585625958305e-09
-1.079999999999999893e+01 7.795984017421127456e-09
-1.075999999999999979e+01 8.240540354274418456e-09
-1.072000000000000064e+01 8.716502651797139894e-09
-1.067999999999999972e+01 9.225908612448231121e-09
-1.064000000000000057e+01 9.770829104942869428e-09
-1.059999999999999964e+01 1.035336069854141353e-08
-1.056000000000000050e+01 1.097562105010684952e-08
-1.051999999999999957e+01 1.163974885383368818e-08
-1.048000000000000043e+01 1.234791194276598461e-08
-1.043999999999999950e+01 1.310233001826682115e-08
-1.040000000000000036e+01 1.390532186272322429e-08
-1.035999999999999943e+01 1.475938964323734947e-08
-1.032000000000000028e+01 1.566735346199509655e-08
-1.027999999999999936e+01 1.663254607150827336e-08
-1.024000000000000021e+01 1.765906982426294635e-08
-1.019999999999999929e+01 1.875210624850739863e-08
-1.016000000000000014e+01 1.991825600468877301e-08
-1.011999999999999922e+01 2.116587787114128460e-08
-1.008000000000000007e+01 2.250539429013460096e-08
-1.003999999999999915e+01 2.394954001704040203e-08
-1.000000000000000000e+01 2.551354778683590112e-08
-9.959999999999999076e+00 2.721528529898129313e-08
-9.919999999999999929e+00 2.907537464619040821e-08
-9.879999999999999005e+00 3.111733375917221504e-08
-9.839999999999999858e+00 3.336777828683663672e-08
-9.799999999999998934e+00 3.585671371479234297e-08
-9.759999999999999787e+00 3.861793514634743887e-08
-9.720000000000000639e+00 4.168953924759236935e-08
-9.679999999999999716e+00 4.511454083184037531e-08
-9.640000000000000568e+00 4.894157479019375984e-08
-9.599999999999999645e+00 5.322565016512208891e-08
-9.560000000000000497e+00 5.802890337644688107e-08
-9.519999999999999574e+00 6.342126707326775272e-08
-9.480000000000000426e+00 6.948092372615843122e-08
-9.439999999999999503e+00 7.629434145542669387e-08
-9.400000000000000355e+00 8.395558507874787645e-08
-9.359999999999999432e+00 9.256444933132362930e-08
-9.320000000000000284e+00 1.022227685830166492e-07
-9.279999999999999361e+00 1.130280245846672239e-07
-9.240000000000000213e+00 1.250631342494053533e-07
-9.199999999999999289e+00 1.383811398406535201e-07
-9.160000000000000142e+00 1.529836210059724726e-07
-9.119999999999999218e+00 1.687923049962701846e-07
-9.080000000000000071e+00 1.856149935945994861e-07
-9.039999999999999147e+00 2.031099714394102240e-07
-9.000000000000000000e+00 2.207575472896096654e-07
-8.959999999999999076e+00 2.378522900387562020e-07
-8.919999999999999929e+00 2.535321047997109405e-07
-8.879999999999999005e+00 2.668563110004148946e-07
-8.839999999999999858e+00 2.769310253208560189e-07
-8.799999999999998934e+00 2.830585143061335933e-07
-8.759999999999999787e+00 2.848681240099872663e-07
-8.720000000000000639e+00 2.823841174281311854e-07
-8.679999999999999716e+00 2.760065753855548505e-07
-8.640000000000000568e+00 2.664154950596573140e-07
-8.599999999999999645e+00 2.544352712098939093e-07
-8.560000000000000497e+00 2.409028871523730053e-07
-8.519999999999999574e+00 2.265700669038652294e-07
-8.480000000000000426e+00 2.120495563741620611e-07
-8.439999999999999503e+00 1.977999619264845072e-07
-8.400000000000000355e+00 1.841364696865380006e-07
-8.359999999999999432e+00 1.712546809353944030e-07
-8.320000000000000284e+00 1.592581299074503256e-07
-8.279999999999999361e+00 1.481839440200326806e-07
-8.240000000000000213e+00 1.380241694118299302e-07
-8.199999999999999289e+00 1.287422087260263390e-07
-8.160000000000000142e+00 1.202848067263676304e-07
-8.119999999999999218e+00 1.125903987183427209e-07
-8.080000000000000071e+00 1.055946823394504635e-07
-8.039999999999999147e+00 9.923416802239113168e-08
-8.000000000000000000e+00 9.344831101390220017e-08
-7.959999999999999076e+00 8.818067885693258912e-08
-7.919999999999999929e+00 8.337948267016997623e-08
-7.879999999999999005e+00 7.899770273166734573e-08
-7.839999999999999858e+00 7.499296629681656838e-08
-7.799999999999998934e+00 7.132728349913634081e-08
-7.759999999999999787e+00 6.796671070828179962e-08
-7.719999999999998863e+00 6.488098566374959796e-08
-7.679999999999999716e+00 6.204316177448941611e-08
-7.640000000000000568e+00 5.942925771791710272e-08
-7.599999999999999645e+00 5.701793111237197926e-08
-7.560000000000000497e+00 5.479018032142455276e-08
-7.519999999999999574e+00 5.272907550539484329e-08
-7.480000000000000426e+00 5.081951826681186418e-08
-7.439999999999999503e+00 4.904802823572187011e-08
-7.400000000000000355e+00 4.740255443382475984e-08
-7.359999999999999432e+00 4.587230906037763144e-08
-7.320000000000000284e+00 4.444762133656585192e-08
-7.279999999999999361e+00 4.311980914928368759e-08
-7.240000000000000213e+00 4.188106639877778202e-08
-7.199999999999999289e+00 4.072436414486967101e-08
-7.160000000000000142e+00 3.964336384340466799e-08
-7.119999999999999218e+00 3.863234115620144931e-08
-7.080000000000000071e+00 3.768611899743863092e-08
-7.039999999999999147e+00 3.680000864379770274e-08
-7.000000000000000000e+00 3.596975788361107490e-08
-6.959999999999999076e+00 3.519150531181559134e-08
-6.919999999999999929e+00 3.446173999352159852e-08
-6.879999999999999005e+00 3.377726582067403011e-08
-6.839999999999999858e+00 3.313516997499086900e-08
-6.799999999999998934e+00 3.253279498751067957e-08
-6.759999999999999787e+00 3.196771395202972529e-08
-6.719999999999998863e+00 3.143770850771294443e-08
-6.679999999999999716e+00 3.094074925637859077e-08
-6.640000000000000568e+00 3.047497832340223451e-08
-6.599999999999999645e+00 3.003869380877780261e-08
-6.560000000000000497e+00 2.963033590740202654e-08
-6.519999999999999574e+00 2.924847450581282544e-08
-6.480000000000000426e+00 2.889179808701221393e-08
-6.439999999999999503e+00 2.855910379616047360e-08
-6.400000000000000355e+00 2.824928853829257749e-08
-6.359999999999999432e+00 2.796134099516356517e-08
-6.320000000000000284e+00 2.769433446221274729e-08
-6.279999999999999361e+00 2.744742041873077296e-08
-6.240000000000000213e+00 2.721982275486659517e-08
-6.199999999999999289e+00 2.701083258833245769e-08
-6.160000000000000142e+00 2.681980361173799221e-08
-6.119999999999999218e+00 2.664614791856384374e-08
-6.080000000000000071e+00 2.648933226200682506e-08
-6.039999999999999147e+00 2.634887470640727286e-08
-6.000000000000000000e+00 2.622434163580697795e-08
-5.959999999999999076e+00 2.611534508846693347e-08
-5.919999999999999929e+00 2.602154038997611160e-08
-5.879999999999999005e+00 2.594262406096777918e-08
-5.839999999999999858e+00 2.587833197848825013e-08
-5.799999999999998934e+00 2.582843777278077027e-08
-5.759999999999999787e+00 2.579275144370119410e-08
-5.719999999999998863e+00 2.577111818320750655e-08
-5.679999999999999716e+00 2.576341739239830399e-08
-5.640000000000000568e+00 2.576956188344449565e-08
-5.599999999999999645e+00 2.578949725849186995e-08
-5.560000000000000497e+00 2.582320145923392757e-08
-5.519999999999999574e+00 2.587068448238672496e-08
-5.480000000000000426e+00 2.593198825776140650e-08
-5.439999999999999503e+00 2.600718668704519769e-08
-5.400000000000000355e+00 2.609638584278598148e-08
-5.359999999999999432e+00 2.619972432844762418e-08
-5.320000000000000284e+00 2.631737380178018537e-08
-5.279999999999999361e+00 2.644953966514942408e-08
-5.240000000000000213e+00 2.659646192791044572e-08
-5.199999999999999289e+00 2.675841624741168069e-08
-5.160000000000000142e+00 2.693571515679498249e-08
-5.119999999999999218e+00 2.712870948943913628e-08
-5.080000000000000071e+00 2.733779001169825515e-08
-5.039999999999999147e+00 2.756338927754092147e-08
-5.000000000000000000e+00 2.780598372082568217e-08
-4.959999999999999076e+00 2.806609600328820720e-08
-4.919999999999999929e+00 2.834429763889702130e-08
-4.879999999999999005e+00 2.864121191810075450e-08
-4.839999999999999858e+00 2.895751715868406739e-08
-4.799999999999998934e+00 2.929395031352511092e-08
-4.759999999999999787e+00 2.965131096956323605e-08
-4.719999999999998863e+00 3.003046577681266943e-08
-4.679999999999999716e+00 3.043235335137322911e-08
-4.640000000000000568e+00 3.085798970218947012e-08
-4.599999999999999645e+00 3.130847423789910663e-08
-4.560000000000000497e+00 3.178499641762015332e-08
-4.519999999999999574e+00 3.228884311809938688e-08
-4.480000000000000426e+00 3.282140679945680424e-08
-4.439999999999999503e+00 3.338419456301651214e-08
-4.400000000000000355e+00 3.397883820765257948e-08
-4.359999999999999432e+00 3.460710540598671370e-08
-4.320000000000000284e+00 3.527091213898487545e-08
-4.279999999999999361e+00 3.597233654741899137e-08
-4.240000000000000213e+00 3.671363438175613751e-08
-4.199999999999999289e+00 3.749725625888862279e-08
-4.160000000000000142e+00 3.832586696539404128e-08
-4.119999999999999218e+00 3.920236708354213541e-08
-4.080000000000000071e+00 4.012991725901514398e-08
-4.039999999999999147e+00 4.111196547947502028e-08
-4.000000000000000000e+00 4.215227779211652381e-08
-3.960000000000000853e+00 4.325497295793655613e-08
-3.919999999999998153e+00 4.442456162273005136e-08
-3.879999999999999005e+00 4.566599068237916907e-08
-3.839999999999999858e+00 4.698469363598728842e-08
-3.800000000000000711e+00 4.838664785869401517e-08
-3.759999999999998010e+00 4.987843989137774520e-08
-3.719999999999998863e+00 5.146734004279675266e-08
-3.679999999999999716e+00 5.316138783837037074e-08
-3.640000000000000568e+00 5.496949013785692639e-08
-3.600000000000001421e+00 5.690153409304259806e-08
-3.559999999999998721e+00 5.896851754047134031e-08
-3.519999999999999574e+00 6.118269994119411195e-08
-3.480000000000000426e+00 6.355777761219350350e-08
-3.440000000000001279e+00 6.610908777133142686e-08
-3.399999999999998579e+00 6.885384687607168469e-08
-3.359999999999999432e+00 7.181142992274032994e-08
-3.320000000000000284e+00 7.500369884798761046e-08
-3.280000000000001137e+00 7.845539001512346423e-08
-3.239999999999998437e+00 8.219457307586070952e-08
-3.199999999999999289e+00 8.625319640374653383e-08
-3.160000000000000142e+00 9.066773797050213470e-08
-3.120000000000000995e+00 9.547998520539576589e-08
-3.079999999999998295e+00 1.007379733369917998e-07
-3.039999999999999147e+00 1.064971193582085779e-07
-3.000000000000000000e+00 1.128215986004703651e-07
-2.960000000000000853e+00 1.197860236449725648e-07
-2.919999999999998153e+00 1.274775018664861059e-07
-2.879999999999999005e+00 1.359981695399086230e-07
-2.839999999999999858e+00 1.454683288065122291e-07
-2.800000000000000711e+00 1.560303511232730501e-07
-2.759999999999998010e+00 1.678535600750905899e-07
-2.719999999999998863e+00 1.811403715445002692e-07
-2.679999999999999716e+00 1.961340553270054227e-07
-2.640000000000000568e+00 2.131285958544469626e-07
-2.599999999999997868e+00 2.324812786184307241e-07
-2.559999999999998721e+00 2.546288218442790933e-07
-2.519999999999999574e+00 2.801081174831066545e-07
-2.480000000000000426e+00 3.095829429957184389e-07
-2.440000000000001279e+00 3.438783389670802128e-07
-2.399999999999998579e+00 3.840246561292231038e-07
-2.359999999999999432e+00 4.313133963933355245e-07
-2.320000000000000284e+00 4.873665227412888105e-07
-2.280000000000001137e+00 5.542190435200444194e-07
-2.239999999999998437e+00 6.344095890911174177e-07
-2.199999999999999289e+00 7.310617399017588904e-07
-2.160000000000000142e+00 8.479130255327551251e-07
-2.120000000000000995e+00 9.891965942048590706e-07
-2.079999999999998295e+00 1.159185413851868211e-06
-2.039999999999999147e+00 1.361060407231365601e-06
-2.000000000000000000e+00 1.594609807454527459e-06
-1.960000000000000853e+00 1.852347656410884996e-06
-1.919999999999998153e+00 2.114574106370248193e-06
-1.879999999999999005e+00 2.346423412098996028e-06
-1.839999999999999858e+00 2.502951724558779386e-06
-1.800000000000000711e+00 2.546124755325534854e-06
-1.759999999999998010e+00 2.465470047497533838e-06
-1.719999999999998863e+00 2.284356753157503053e-06
-1.679999999999999716e+00 2.045605502868324603e-06
-1.640000000000000568e+00 1.790690650414694868e-06
-1.599999999999997868e+00 1.547910648148424435e-06
-1.559999999999998721e+00 1.331464875746618503e-06
-1.519999999999999574e+00 1.145640524808747616e-06
-1.480000000000000426e+00 9.893141821048467828e-07
-1.440000000000001279e+00 8.590525275840890531e-07
-1.399999999999998579e+00 7.508264712357361156e-07
-1.359999999999999432e+00 6.608109621876491858e-07
-1.320000000000000284e+00 5.856841070862487160e-07
-1.280000000000001137e+00 5.226849866075823979e-07
-1.239999999999998437e+00 4.695698893322153313e-07
-1.199999999999999289e+00 4.245351439360127247e-07
-1.160000000000000142e+00 3.861368653538271012e-07
-1.120000000000000995e+00 3.532193743746541486e-07
-1.079999999999998295e+00 3.248555507406520308e-07
-1.039999999999999147e+00 3.002988119909328175e-07
-1.000000000000000000e+00 2.789451415942715885e-07
-9.600000000000008527e-01 2.603033306653102118e-07
-9.199999999999981526e-01 2.439717397157632639e-07
-8.799999999999990052e-01 2.296201558747276098e-07
-8.399999999999998579e-01 2.169756006203405948e-07
-8.000000000000007105e-01 2.058111899728673544e-07
-7.599999999999980105e-01 1.959373520395276884e-07
-7.199999999999988631e-01 1.871948675451907153e-07
-6.799999999999997158e-01 1.794493237567736604e-07
-6.400000000000005684e-01 1.725866680214683368e-07
-5.999999999999978684e-01 1.665096203640115337e-07
-5.599999999999987210e-01 1.611347605536118632e-07
-5.199999999999995737e-01 1.563901480462702008e-07
-4.800000000000004263e-01 1.522133666509834315e-07
-4.400000000000012790e-01 1.485499124057773424e-07
-3.999999999999985789e-01 1.453518652250930800e-07
-3.599999999999994316e-01 1.425768041993099996e-07
-3.200000000000002842e-01 1.401869442325795162e-07
-2.800000000000011369e-01 1.381484882555002597e-07
-2.399999999999984368e-01 1.364312030795019113e-07
-1.999999999999992895e-01 1.350082340946568472e-07
-1.600000000000001421e-01 1.338561679931754340e-07
-1.200000000000009948e-01 1.329553268790081033e-07
-7.999999999999829470e-02 1.322902302737937016e-07
-3.999999999999914735e-02 1.318501050831170831e-07
0.000000000000000000e+00 1.316292841584011084e-07
3.999999999999914735e-02 1.316273433264855324e-07
8.000000000000184741e-02 1.318488988639471684e-07
1.200000000000009948e-01 1.323031004825708785e-07
1.600000000000001421e-01 1.330029575521309815e-07
1.999999999999992895e-01 1.339646805585286279e-07
2.400000000000019895e-01 1.352071935015643522e-07
2.800000000000011369e-01 1.367519029924236325e-07
3.200000000000002842e-01 1.386227375798467360e-07
3.599999999999994316e-01 1.408464249408934016e-07
4.000000000000021316e-01 1.434529611973752716e-07
4.400000000000012790e-01 1.464762365252663097e-07
4.800000000000004263e-01 1.499548014448692622e-07
5.199999999999995737e-01 1.539327794156558739e-07
5.599999999999987210e-01 1.584609496547223542e-07
6.000000000000014211e-01 1.635980393627397051e-07
6.400000000000005684e-01 1.694122785366539873e-07
6.799999999999997158e-01 1.759832855268331286e-07
7.199999999999988631e-01 1.834043696393536051e-07
7.600000000000015632e-01 1.917853604607021485e-07
8.000000000000007105e-01 2.012561043503026704e-07
8.399999999999998579e-01 2.119708092313640399e-07
8.799999999999990052e-01 2.241134725879511200e-07
9.200000000000017053e-01 2.379046985300786462e-07
9.600000000000008527e-01 2.536103031081267135e-07
1.000000000000000000e+00 2.715522290712378057e-07
1.039999999999999147e+00 2.921224490585818452e-07
1.080000000000001847e+00 3.158007362728979007e-07
1.120000000000000995e+00 3.431774263280183924e-07
1.160000000000000142e+00 3.749825729699428271e-07
1.199999999999999289e+00 4.121231724528943613e-07
1.240000000000001990e+00 4.557302843550227323e-07
1.280000000000001137e+00 5.072176441513523354e-07
1.320000000000000284e+00 5.683521534234193877e-07
1.359999999999999432e+00 6.413331902277511889e-07
1.400000000000002132e+00 7.288694349683240413e-07
1.440000000000001279e+00 8.342238434977556084e-07
1.480000000000000426e+00 9.611604494255137769e-07
1.519999999999999574e+00 1.113656709053009659e-06
1.559999999999998721e+00 1.295127729357790315e-06
1.600000000000001421e+00 1.506756628365922810e-06
1.640000000000000568e+00 1.744464868172025848e-06
1.679999999999999716e+00 1.994498694832850916e-06
1.719999999999998863e+00 2.229294948175649515e-06
1.760000000000001563e+00 2.408310475298384587e-06
1.800000000000000711e+00 2.489516930852939151e-06
1.839999999999999858e+00 2.449742427273175624e-06
1.879999999999999005e+00 2.298864781876576356e-06
1.920000000000001705e+00 2.073827263275045422e-06
1.960000000000000853e+00 1.818509838477229735e-06
2.000000000000000000e+00 1.567074365251008759e-06
2.039999999999999147e+00 1.338909312173835839e-06
2.080000000000001847e+00 1.141458693346892155e-06
2.120000000000000995e+00 9.750280356958233077e-07
2.160000000000000142e+00 8.365766157534485588e-07
2.199999999999999289e+00 7.219722346064404414e-07
2.240000000000001990e+00 6.271046190818588758e-07
2.280000000000001137e+00 5.483367012992219548e-07
2.320000000000000284e+00 4.826243770006926202e-07
2.359999999999999432e+00 4.274908860576584952e-07
2.400000000000002132e+00 3.809490682422178995e-07
2.440000000000001279e+00 3.414139295108688073e-07
2.480000000000000426e+00 3.076226023338680020e-07
2.519999999999999574e+00 2.785670160991468615e-07
2.559999999999998721e+00 2.534395652802631202e-07
2.600000000000001421e+00 2.315901990668651830e-07
2.640000000000000568e+00 2.124928927849746029e-07
2.679999999999999716e+00 1.957195645992937715e-07
2.719999999999998863e+00 1.809197930981214860e-07
2.760000000000001563e+00 1.678050118604431461e-07
2.800000000000000711e+00 1.561361454432474568e-07
2.839999999999999858e+00 1.457138910261755204e-07
2.879999999999999005e+00 1.363710428398058942e-07
2.920000000000001705e+00 1.279664098409585536e-07
2.960000000000000853e+00 1.203799978704645378e-07
3.000000000000000000e+00 1.135092190969528217e-07
3.039999999999999147e+00 1.072659527467964186e-07
3.080000000000001847e+00 1.015743089996658350e-07
3.120000000000000995e+00 9.636894490964158895e-08
3.160000000000000142e+00 9.159376290901845078e-08
3.199999999999999289e+00 8.720081703248686245e-08
3.240000000000001990e+00 8.314928457235343391e-08
3.280000000000001137e+00 7.940443199270009097e-08
3.320000000000000284e+00 7.593658437122342559e-08
3.359999999999999432e+00 7.272015959859042792e-08
3.400000000000002132e+00 6.973283438857099101e-08
3.440000000000001279e+00 6.695488023105957109e-08
3.480000000000000426e+00 6.436866928398509613e-08
3.519999999999999574e+00 6.195832277936676213e-08
3.559999999999998721e+00 5.970946399422856683e-08
3.600000000000001421e+00 5.760904029864105591e-08
3.640000000000000568e+00 5.564518734248458666e-08
3.679999999999999716e+00 5.380711774912730160e-08
3.719999999999998863e+00 5.208502412618764709e-08
3.760000000000001563e+00 5.046999117805460566e-08
3.800000000000000711e+00 4.895391459795573104e-08
3.839999999999999858e+00 4.752942588305219759e-08
3.879999999999999005e+00 4.618982283320758435e-08
3.920000000000001705e+00 4.492900566835028471e-08
3.960000000000000853e+00 4.374141867685004082e-08
4.000000000000000000e+00 4.262199722058335245e-08
4.039999999999999147e+00 4.156611983398112045e-08
4.080000000000001847e+00 4.056956508830758762e-08
4.120000000000000995e+00 3.962847285361258749e-08
4.160000000000000142e+00 3.873930957595354833e-08
4.199999999999999289e+00 3.789883719080010564e-08
4.240000000000001990e+00 3.710408530921129965e-08
4.280000000000001137e+00 3.635232633661576854e-08
4.320000000000000284e+00 3.564105321120965229e-08
4.359999999999999432e+00 3.496795947758505762e-08
4.400000000000002132e+00 3.433092143953207611e-08
4.440000000000001279e+00 3.372798216299448077e-08
4.480000000000000426e+00 3.315733712531385455e-08
4.519999999999999574e+00 3.261732132990435761e-08
4.560000000000002274e+00 3.210639772627914340e-08
4.600000000000001421e+00 3.162314679395899260e-08
4.640000000000000568e+00 3.116625716535209600e-08
4.679999999999999716e+00 3.073451717736843957e-08
4.719999999999998863e+00 3.032680725449345663e-08
4.760000000000001563e+00 2.994209303747861147e-08
4.800000000000000711e+00 2.957941918187700316e-08
4.839999999999999858e+00 2.923790375952137006e-08
4.879999999999999005e+00 2.891673320385627080e-08
4.920000000000001705e+00 2.861515774692334304e-08
4.960000000000000853e+00 2.833248730187844446e-08
5.000000000000000000e+00 2.806808775029268722e-08
5.039999999999999147e+00 2.782137759824894736e-08
5.080000000000001847e+00 2.759182496946897235e-08
5.120000000000000995e+00 2.737894490746658930e-08
5.160000000000000142e+00 2.718229696207853697e-08
5.199999999999999289e+00 2.700148303873310920e-08
5.240000000000001990e+00 2.683614549152224041e-08
5.280000000000001137e+00 2.668596544359033752e-08
5.320000000000000284e+00 2.655066132057696167e-08
5.359999999999999432e+00 2.642998758488628701e-08
5.400000000000002132e+00 2.632373366043063169e-08
5.440000000000001279e+00 2.623172303923793170e-08
5.480000000000000426e+00 2.615381256294532971e-08
5.519999999999999574e+00 2.608989187374751179e-08
5.560000000000002274e+00 2.603988303084794666e-08
5.600000000000001421e+00 2.600374028989485133e-08
5.640000000000000568e+00 2.598145004428911680e-08
5.679999999999999716e+00 2.597303092864801280e-08
5.719999999999998863e+00 2.597853408611288749e-08
5.760000000000001563e+00 2.599804360262150371e-08
5.800000000000000711e+00 2.603167711274332191e-08
5.839999999999999858e+00 2.607958658321985695e-08
5.879999999999999005e+00 2.614195928198219840e-08
5.920000000000001705e+00 2.621901894215756345e-08
5.960000000000000853e+00 2.631102713244962064e-08
6.000000000000000000e+00 2.641828484731186255e-08
6.039999999999999147e+00 2.654113433255815385e-08
6.080000000000001847e+00 2.667996116450497736e-08
6.120000000000000995e+00 2.683519660345276591e-08
6.160000000000000142e+00 2.700732024533360806e-08
6.199999999999999289e+00 2.719686299872701663e-08
6.240000000000001990e+00 2.740441041823340349e-08
6.280000000000001137e+00 2.763060642945835800e-08
6.320000000000000284e+00 2.787615748567703667e-08
6.359999999999999432e+00 2.814183720170040129e-08
6.400000000000002132e+00 2.842849151665588153e-08
6.440000000000001279e+00 2.873704444443686589e-08
6.480000000000000426e+00 2.906850447860434113e-08
6.519999999999999574e+00 2.942397172769217574e-08
6.560000000000002274e+00 2.980464586735848604e-08
6.600000000000001421e+00 3.021183500784571860e-08
6.640000000000000568e+00 3.064696558900756245e-08
6.679999999999999716e+00 3.111159343101223898e-08
6.719999999999998863e+00 3.160741608707255837e-08
6.760000000000001563e+00 3.213628666556232815e-08
6.800000000000000711e+00 3.270022931310341801e-08
6.839999999999999858e+00 3.330145657816317779e-08
6.879999999999999005e+00 3.394238890698087532e-08
6.920000000000001705e+00 3.462567656093496088e-08
6.960000000000000853e+00 3.535422428755084956e-08
7.000000000000000000e+00 3.613121912713400210e-08
7.039999999999999147e+00 3.696016179449861039e-08
7.080000000000001847e+00 3.784490214158691819e-08
7.120000000000000995e+00 3.878967928316688506e-08
7.160000000000000142e+00 3.979916705559246129e-08
7.199999999999999289e+00 4.087852557917214734e-08
7.240000000000001990e+00 4.203345980936081347e-08
7.280000000000001137e+00 4.327028609191371052e-08
7.320000000000000284e+00 4.459600788309101741e-08
7.359999999999999432e+00 4.601840195797578179e-08
7.400000000000002132e+00 4.754611660669950303e-08
7.440000000000001279e+00 4.918878350643205064e-08
7.480000000000000426e+00 5.095714514959157799e-08
7.519999999999999574e+00 5.286319989373791600e-08
7.560000000000002274e+00 5.492036685577237742e-08
7.600000000000001421e+00 5.714367296966753544e-08
7.640000000000000568e+00 5.954996451158265027e-08
7.679999999999999716e+00 6.215814518938783499e-08
7.719999999999998863e+00 6.498944237412786423e-08
7.760000000000001563e+00 6.806770203583653669e-08
7.800000000000000711e+00 7.141971116176579390e-08
7.839999999999999858e+00 7.507554347577061109e-08
7.879999999999999005e+00 7.906891954683563197e-08
7.920000000000001705e+00 8.343756500458319542e-08
7.960000000000000853e+00 8.822353932233357557e-08
8.000000000000000000e+00 9.347349071931121486e-08
8.039999999999999147e+00 9.923876773270357136e-08
8.080000000000001847e+00 1.055752816524878668e-07
8.120000000000000995e+00 1.125429621471948429e-07
8.160000000000000142e+00 1.202045762095192183e-07
8.199999999999999289e+00 1.286235833464442016e-07
8.240000000000001990e+00 1.378605753492987714e-07
8.280000000000001137e+00 1.479677014904645475e-07
8.320000000000000284e+00 1.589803296973486337e-07
8.359999999999999432e+00 1.709050918124574263e-07
8.400000000000002132e+00 1.837035099540789932e-07
8.440000000000001279e+00 1.972707834244065468e-07
8.480000000000000426e+00 2.114103052576715318e-07
8.519999999999999574e+00 2.258063971964700478e-07
8.560000000000002274e+00 2.400008001956958670e-07
8.600000000000001421e+00 2.533823217367469399e-07
8.640000000000000568e+00 2.652023273605712746e-07
8.679999999999999716e+00 2.746286270896652275e-07
8.719999999999998863e+00 2.808431791571832255e-07
8.760000000000001563e+00 2.831733361553742630e-07
8.800000000000000711e+00 2.812264049917239784e-07
8.839999999999999858e+00 2.749843978726192781e-07
8.879999999999999005e+00 2.648221260487900980e-07
8.920000000000001705e+00 2.514388203632521321e-07
8.960000000000000853e+00 2.357272612266276596e-07
9.000000000000000000e+00 2.186249899958777858e-07
9.039999999999999147e+00 2.009897426395562426e-07
9.080000000000001847e+00 1.835221766275621549e-07
9.120000000000000995e+00 1.667374153378783087e-07
9.160000000000000142e+00 1.509731911501065891e-07
9.199999999999999289e+00 1.364184688046844776e-07
9.240000000000001990e+00 1.231490507714418568e-07
9.280000000000001137e+00 1.111615782241635811e-07
9.320000000000000284e+00 1.004018130347864632e-07
9.359999999999999432e+00 9.078611413194214326e-08
9.400000000000002132e+00 8.221664880946961146e-08
9.440000000000001279e+00 7.459152642677601352e-08
9.480000000000000426e+00 6.781113317969024796e-08
9.519999999999999574e+00 6.178178404029237882e-08
9.560000000000002274e+00 5.641756716311807156e-08
9.600000000000001421e+00 5.164102278063723676e-08
9.640000000000000568e+00 4.738310573363978491e-08
9.679999999999999716e+00 4.358273442400856186e-08
9.719999999999998863e+00 4.018612392972335701e-08
9.760000000000001563e+00 3.714602869447663855e-08
9.800000000000000711e+00 3.442097216356123360e-08
9.839999999999999858e+00 3.197450993137431979e-08
9.879999999999999005e+00 2.977455386732604685e-08
9.920000000000001705e+00 2.779277303331693245e-08
9.960000000000000853e+00 2.600407969083471610e-08
1.000000000000000000e+01 2.438620281099071497e-08
1.003999999999999915e+01 2.291934560449025328e-08
1.008000000000000185e+01 2.158591713170107220e-08
1.012000000000000099e+01 2.037032173603443071e-08
1.016000000000000014e+01 1.925878558780834220e-08
1.019999999999999929e+01 1.823919898608730448e-08
1.024000000000000199e+01 1.730095730255986442e-08
1.028000000000000114e+01 1.643479185956682214e-08
1.032000000000000028e+01 1.563259214995439583e-08
1.035999999999999943e+01 1.488722939020756449e-08
1.040000000000000213e+01 1.419239583388505450e-08
1.044000000000000128e+01 1.354247356173061653e-08
1.048000000000000043e+01 1.293244136462428075e-08
1.051999999999999957e+01 1.235782078191829801e-08
1.056000000000000227e+01 1.181465465956968081e-08
1.060000000000000142e+01 1.129950577569879339e-08
1.064000000000000057e+01 1.080946048419741975e-08
1.067999999999999972e+01 1.034212338528746009e-08
1.071999999999999886e+01 9.895593221076236858e-09
1.076000000000000156e+01 9.468416187157626727e-09
1.080000000000000071e+01 9.059518926812639576e-09
1.083999999999999986e+01 8.668128075642751737e-09
1.087999999999999901e+01 8.293685442723160966e-09
1.092000000000000171e+01 7.935767684088555030e-09
1.096000000000000085e+01 7.594017275115342234e-09
1.100000000000000000e+01 7.268088676827973888e-09
1.103999999999999915e+01 6.957610717357252064e-09
1.108000000000000185e+01 6.662163972936567463e-09
1.112000000000000099e+01 6.381270570910888069e-09
1.116000000000000014e+01 6.114393301757289618e-09
1.119999999999999929e+01 5.860941011524466964e-09
1.124000000000000199e+01 5.620277702357813035e-09
1.128000000000000114e+01 5.391733381719671388e-09
1.132000000000000028e+01 5.174615319047780596e-09
1.135999999999999943e+01 4.968218904620568547e-09
1.140000000000000213e+01 4.771837721797895789e-09
1.144000000000000128e+01 4.584772734955123758e-09
1.148000000000000043e+01 4.406340672394906034e-09
1.151999999999999957e+01 4.235881763788655991e-09
1.156000000000000227e+01 4.072766993672501409e-09
1.160000000000000142e+01 3.916404973758247811e-09
1.164000000000000057e+01 3.766248434621159194e-09
1.167999999999999972e+01 3.621800210400524108e-09
1.172000000000000242e+01 3.482618460065367410e-09
1.176000000000000156e+01 3.348320760164342536e-09
1.180000000000000071e+01 3.218586642487371467e-09
1.183999999999999986e+01 3.093158158225765177e-09
1.187999999999999901e+01 2.971838141442425076e-09
1.192000000000000171e+01 2.854486017471842592e-09
1.196000000000000085e+01 2.741011236532251220e-09
1.200000000000000000e+01 2.631364672674798339e-09
1.203999999999999915e+01 2.525528566368092815e-09
1.207999999999999829e+01 2.423505759468240503e-09
1.211999999999999744e+01 2.325309040717032799e-09
1.216000000000000369e+01 2.230951376402048037e-09
1.220000000000000284e+01 2.140437656610477743e-09
1.224000000000000199e+01 2.053758374445918907e-09
1.228000000000000114e+01 1.970885415616430245e-09
1.232000000000000028e+01 1.891769910017981030e-09
1.235999999999999943e+01 1.816341916586835066e-09
1.239999999999999858e+01 1.744511594559605711e-09
1.243999999999999773e+01 1.676171460631569255e-09
1.248000000000000398e+01 1.611199333458196150e-09
1.252000000000000313e+01 1.549461609337559106e-09
1.256000000000000227e+01 1.490816578983247471e-09
1.260000000000000142e+01 1.435117570132008135e-09
1.264000000000000057e+01 1.382215773099775992e-09
1.267999999999999972e+01 1.331962669240777365e-09
1.271999999999999886e+01 1.284212032208029812e-09
1.275999999999999801e+01 1.238821508376603014e-09
1.279999999999999716e+01 1.195653806970023268e-09
1.284000000000000341e+01 1.154577544439392072e-09
1.288000000000000256e+01 1.115467793876893741e-09
1.292000000000000171e+01 1.078206390966425290e-09
1.296000000000000085e+01 1.042682045113504351e-09
1.300000000000000000e+01 1.008790299467152046e-09
1.303999999999999915e+01 9.764333776595291319e-10
1.307999999999999829e+01 9.455199490040785158e-10
1.311999999999999744e+01 9.159648380908574900e-10
1.316000000000000369e+01 8.876886994710174415e-10
1.320000000000000284e+01 8.606176735563278342e-10
1.324000000000000199e+01 8.346830360022068934e-10
1.328000000000000114e+01 8.098208496629200369e-10
1.332000000000000028e+01 7.859716256401914999e-10
1.335999999999999943e+01 7.630799979132704508e-10
1.339999999999999858e+01 7.410944144565744870e-10
1.343999999999999773e+01 7.199668465430411750e-10
1.348000000000000398e+01 6.996525170261783869e-10
1.352000000000000313e+01 6.801096477308809702e-10
1.356000000000000227e+01 6.612992256101862630e-10
1.360000000000000142e+01 6.431847869999274663e-10
1.364000000000000057e+01 6.257322190904864135e-10
1.367999999999999972e+01 6.089095776070710331e-10
1.371999999999999886e+01 5.926869196249255784e-10
1.375999999999999801e+01 5.770361504264322004e-10
1.379999999999999716e+01 5.619308833199035887e-10
1.384000000000000341e+01 5.473463113750000804e-10
1.388000000000000256e+01 5.332590900791849211e-10
1.392000000000000171e+01 5.196472299779566970e-10
1.396000000000000085e+01 5.064899984246886783e-10
1.400000000000000000e+01 4.937678296303487968e-10
1.403999999999999915e+01 4.814622422674970261e-10
1.407999999999999829e+01 4.695557639449971316e-10
1.411999999999999744e+01 4.580318619290579108e-10
1.416000000000000369e+01 4.468748795418246102e-10
1.420000000000000284e+01 4.360699777206434777e-10
1.424000000000000199e+01 4.256030812689681908e-10
1.428000000000000114e+01 4.154608293740425551e-10
1.432000000000000028e+01 4.056305300066658946e-10
1.435999999999999943e+01 3.961001178550967083e-10
1.439999999999999858e+01 3.868581154784838918e-10
1.443999999999999773e+01 3.778935973953461160e-10
1.448000000000000398e+01 3.691961568499967415e-10
1.452000000000000313e+01 3.607558750243892461e-10
1.456000000000000227e+01 3.525632924850997946e-10
1.460000000000000142e+01 3.446093826752049205e-10
1.464000000000000057e+01 3.368855272788162914e-10
1.467999999999999972e+01 3.293834933022605048e-10
1.471999999999999886e+01 3.220954117305259264e-10
1.475999999999999801e+01 3.150137576307044313e-10
1.480000000000000426e+01 3.081313315860102364e-10
1.484000000000000341e+01 3.014412423546071341e-10
1.488000000000000256e+01 2.949368906570521200e-10
1.492000000000000171e+01 2.886119540048169597e-10
1.496000000000000085e+01 2.824603724901487230e-10
1.500000000000000000e+01 2.764763354645348824e-10
1.503999999999999915e+01 2.706542690394041373e-10
1.507999999999999829e+01 2.649888243484207012e-10
1.511999999999999744e+01 2.594748665158909779e-10
1.516000000000000369e+01 2.541074642805073873e-10
1.520000000000000284e+01 2.488818802279190427e-10
1.524000000000000199e+01 2.437935615893809978e-10
1.528000000000000114e+01 2.388381315673440144e-10
1.532000000000000028e+01 2.340113811518982687e-10
1.535999999999999943e+01 2.293092613949432392e-10
1.539999999999999858e+01 2.247278761115260712e-10
1.543999999999999773e+01 2.202634749802040105e-10
1.548000000000000398e+01 2.159124470164264156e-10
1.552000000000000313e+01 2.116713143949592781e-10
1.556000000000000227e+01 2.075367265991254944e-10
1.560000000000000142e+01 2.035054548763509453e-10
1.564000000000000057e+01 1.995743869809502838e-10
1.567999999999999972e+01 1.957405221865487881e-10
1.571999999999999886e+01 1.920009665517182609e-10
1.575999999999999801e+01 1.883529284236734422e-10
1.580000000000000426e+01 1.847937141658241745e-10
1.584000000000000341e+01 1.813207240960869850e-10
1.588000000000000256e+01 1.779314486236525986e-10
1.592000000000000171e+01 1.746234645728265516e-10
1.596000000000000085e+01 1.713944316832747551e-10
1.600000000000000000e+01 1.682420892767288176e-10
1.603999999999999915e+01 1.651642530808726416e-10
1.607999999999999829e+01 1.621588122017137290e-10
1.611999999999999744e+01 1.592237262363377918e-10
1.616000000000000369e+01 1.563570225183964843e-10
1.620000000000000284e+01 1.535567934892587605e-10
1.624000000000000199e+01 1.508211941880921925e-10
1.628000000000000114e+01 1.481484398546360657e-10
1.632000000000000028e+01 1.455368036387680413e-10
1.635999999999999943e+01 1.429846144113458499e-10
1.639999999999999858e+01 1.404902546711090556e-10
1.643999999999999773e+01 1.380521585427741747e-10
1.648000000000000398e+01 1.356688098617074795e-10
1.652000000000000313e+01 1.333387403408493338e-10
1.656000000000000227e+01 1.310605278158033747e-10
1.660000000000000142e+01 1.288327945642524207e-10
1.664000000000000057e+01 1.266542056960602726e-10
1.667999999999999972e+01 1.245234676106352923e-10
1.671999999999999886e+01 1.224393265183318231e-10
1.675999999999999801e+01 1.204005670228152343e-10
1.680000000000000426e+01 1.184060107615215151e-10
1.684000000000000341e+01 1.164545151014593870e-10
1.688000000000000256e+01 1.145449718877923298e-10
1.692000000000000171e+01 1.126763062427380045e-10
1.696000000000000085e+01 1.108474754124697933e-10
1.700000000000000000e+01 1.090574676598408381e-10
1.703999999999999915e+01 1.073053012008274689e-10
1.707999999999999829e+01 1.055900231827427711e-10
1.711999999999999744e+01 1.039107087023289449e-10
1.716000000000000369e+01 1.022664598619698685e-10
1.720000000000000284e+01 1.006564048623240108e-10
1.724000000000000199e+01 9.907969712979943191e-11
1.728000000000000114e+01 9.753551447730708714e-11
1.732000000000000028e+01 9.602305829690194327e-11
1.735999999999999943e+01 9.454155278289742891e-11
1.739999999999999858e+01 9.309024418415992160e-11
1.743999999999999773e+01 9.166840008433795135e-11
1.748000000000000398e+01 9.027530870884780194e-11
1.752000000000000313e+01 8.891027825747730933e-11
1.756000000000000227e+01 8.757263626155278833e-11
1.760000000000000142e+01 8.626172896462063626e-11
1.764000000000000057e+01 8.497692072569380317e-11
1.767999999999999972e+01 8.371759344412283136e-11
1.771999999999999886e+01 8.248314600520658749e-11
1.775999999999999801e+01 8.127299374569792932e-11
1.780000000000000426e+01 8.008656793839615137e-11
1.784000000000000341e+01 7.892331529506851227e-11
1.788000000000000256e+01 7.778269748694521416e-11
1.792000000000000171e+01 7.666419068210727142e-11
1.796000000000000085e+01 7.556728509908505141e-11
1.800000000000000000e+01 7.449148457603200574e-11
1.803999999999999915e+01 7.343630615485961737e-11
1.807999999999999829e+01 7.240127967974750585e-11
1.811999999999999744e+01 7.138594740948068383e-11
1.816000000000000369e+01 7.038986364305479045e-11
1.820000000000000284e+01 6.941259435807139827e-11
1.824000000000000199e+01 6.845371686140020184e-11
1.828000000000000114e+01 6.751281945166141042e-11
1.832000000000000028e+01 6.658950109307318872e-11
1.835999999999999943e+01 6.568337110023421861e-11
1.839999999999999858e+01 6.479404883342841174e-11
1.843999999999999773e+01 6.392116340406030992e-11
1.848000000000000398e+01 6.306435338984397894e-11
1.852000000000000313e+01 6.222326655938184990e-11
1.856000000000000227e+01 6.139755960578174947e-11
1.860000000000000142e+01 6.058689788899510215e-11
1.864000000000000057e+01 5.979095518653633334e-11
1.867999999999999972e+01 5.900941345229168516e-11
1.871999999999999886e+01 5.824196258312255518e-11
1.875999999999999801e+01 5.748830019297715363e-11
1.880000000000000426e+01 5.674813139423833650e-11
1.884000000000000341e+01 5.602116858605987419e-11
1.888000000000000256e+01 5.530713124942625083e-11
1.892000000000000171e+01 5.460574574870748588e-11
1.896000000000000085e+01 5.391674513948046918e-11
1.900000000000000000e+01 5.323986898238044270e-11
1.903999999999999915e+01 5.257486316279299784e-11
1.907999999999999829e+01 5.192147971616593770e-11
1.911999999999999744e+01 5.127947665874971902e-11
1.916000000000000369e+01 5.064861782358242597e-11
1.920000000000000284e+01 5.002867270152985142e-11
1.924000000000000199e+01 4.941941628721711084e-11
1.928000000000000114e+01 4.882062892966898173e-11
1.932000000000000028e+01 4.823209618752165680e-11
1.935999999999999943e+01 4.765360868861896796e-11
1.939999999999999858e+01 4.708496199387810301e-11
1.943999999999999773e+01 4.652595646524903922e-11
1.948000000000000398e+01 4.597639713765809230e-11
1.952000000000000313e+01 4.543609359478069125e-11
1.956000000000000227e+01 4.490485984852591940e-11
1.960000000000000142e+01 4.438251422210936494e-11
1.964000000000000057e+01 4.386887923658813590e-11
1.967999999999999972e+01 4.336378150075919155e-11
1.971999999999999886e+01 4.286705160428450528e-11
1.975999999999999801e+01 4.237852401396654492e-11
1.980000000000000426e+01 4.189803697305350885e-11
1.984000000000000341e+01 4.142543240347278138e-11
1.988000000000000256e+01 4.096055581091216432e-11
1.992000000000000171e+01 4.050325619264982964e-11
1.996000000000000085e+01 4.005338594803538599e-11
2.000000000000000000e+01 3.961080079155278278e-11
