-2.000000000000000000e+01 1.975688668005058220e-11
-1.996000000000000085e+01 2.002338837891739272e-11
-1.992000000000000171e+01 2.029414218217108666e-11
-1.987999999999999901e+01 2.056922990917964769e-11
-1.983999999999999986e+01 2.084873522353897967e-11
-1.980000000000000071e+01 2.113274368076276415e-11
-1.976000000000000156e+01 2.142134277737356172e-11
-1.971999999999999886e+01 2.171462200142948539e-11
-1.967999999999999972e+01 2.201267288453773112e-11
-1.964000000000000057e+01 2.231558905540749140e-11
-1.960000000000000142e+01 2.262346629498588580e-11
-1.955999999999999872e+01 2.293640259323522464e-11
-1.951999999999999957e+01 2.325449820760599287e-11
-1.948000000000000043e+01 2.357785572325146279e-11
-1.944000000000000128e+01 2.390658011506561958e-11
-1.939999999999999858e+01 2.424077881157624621e-11
-1.935999999999999943e+01 2.458056176078043512e-11
-1.932000000000000028e+01 2.492604149797112381e-11
-1.928000000000000114e+01 2.527733321563757879e-11
-1.923999999999999844e+01 2.563455483549297471e-11
-1.919999999999999929e+01 2.599782708271861054e-11
-1.916000000000000014e+01 2.636727356249073080e-11
-1.912000000000000099e+01 2.674302083886605219e-11
-1.907999999999999829e+01 2.712519851612318954e-11
-1.903999999999999915e+01 2.751393932262677581e-11
-1.900000000000000000e+01 2.790937919730898832e-11
-1.896000000000000085e+01 2.831165737886753612e-11
-1.892000000000000171e+01 2.872091649776179261e-11
-1.887999999999999901e+01 2.913730267111832914e-11
-1.883999999999999986e+01 2.956096560063539193e-11
-1.880000000000000071e+01 2.999205867361101974e-11
-1.876000000000000156e+01 3.043073906718165638e-11
-1.871999999999999886e+01 3.087716785591105140e-11
-1.867999999999999972e+01 3.133151012283222631e-11
-1.864000000000000057e+01 3.179393507406947847e-11
-1.860000000000000142e+01 3.226461615718187056e-11
-1.855999999999999872e+01 3.274373118334690602e-11
-1.851999999999999957e+01 3.323146245352935394e-11
-1.848000000000000043e+01 3.372799688879321479e-11
-1.844000000000000128e+01 3.423352616488979632e-11
-1.839999999999999858e+01 3.474824685129085138e-11
-1.835999999999999943e+01 3.527236055482745724e-11
-1.832000000000000028e+01 3.580607406810917176e-11
-1.828000000000000114e+01 3.634959952289986260e-11
-1.823999999999999844e+01 3.690315454863012118e-11
-1.819999999999999929e+01 3.746696243624954113e-11
-1.816000000000000014e+01 3.804125230761510975e-11
-1.812000000000000099e+01 3.862625929061961256e-11
-1.807999999999999829e+01 3.922222470028855956e-11
-1.803999999999999915e+01 3.982939622607538260e-11
-1.800000000000000000e+01 4.044802812556831649e-11
-1.796000000000000085e+01 4.107838142489165278e-11
-1.792000000000000171e+01 4.172072412603628557e-11
-1.787999999999999901e+01 4.237533142139169171e-11
-1.783999999999999986e+01 4.304248591576162078e-11
-1.780000000000000071e+01 4.372247785616851775e-11
-1.775999999999999801e+01 4.441560536972998765e-11
-1.771999999999999886e+01 4.512217470994210357e-11
-1.767999999999999972e+01 4.584250051170270501e-11
-1.764000000000000057e+01 4.657690605540990160e-11
-1.760000000000000142e+01 4.732572354051690544e-11
-1.755999999999999872e+01 4.808929436891046058e-11
-1.751999999999999957e+01 4.886796943850350530e-11
-1.748000000000000043e+01 4.966210944747964611e-11
-1.744000000000000128e+01 5.047208520959393450e-11
-1.739999999999999858e+01 5.129827798100164634e-11
-1.735999999999999943e+01 5.214107979908386848e-11
-1.732000000000000028e+01 5.300089383375441365e-11
-1.728000000000000114e+01 5.387813475178138825e-11
-1.723999999999999844e+01 5.477322909464929329e-11
-1.719999999999999929e+01 5.568661567054130504e-11
-1.716000000000000014e+01 5.661874596102158928e-11
-1.712000000000000099e+01 5.757008454304858092e-11
-1.707999999999999829e+01 5.854110952695905336e-11
-1.703999999999999915e+01 5.953231301111098495e-11
-1.700000000000000000e+01 6.054420155388936016e-11
-1.696000000000000085e+01 6.157729666383301635e-11
-1.692000000000000171e+01 6.263213530864685120e-11
-1.687999999999999901e+01 6.370927044393711777e-11
-1.683999999999999986e+01 6.480927156251022289e-11
-1.680000000000000071e+01 6.593272526515919624e-11
-1.675999999999999801e+01 6.708023585385393278e-11
-1.671999999999999886e+01 6.825242594835367460e-11
-1.667999999999999972e+01 6.944993712725502842e-11
-1.664000000000000057e+01 7.067343059459820974e-11
-1.660000000000000142e+01 7.192358787314055582e-11
-1.655999999999999872e+01 7.320111152553456321e-11
-1.651999999999999957e+01 7.450672590464377579e-11
-1.648000000000000043e+01 7.584117793435702890e-11
-1.644000000000000128e+01 7.720523792225638481e-11
-1.639999999999999858e+01 7.859970040564195363e-11
-1.635999999999999943e+01 8.002538503242609929e-11
-1.632000000000000028e+01 8.148313747854249977e-11
-1.628000000000000114e+01 8.297383040354717008e-11
-1.623999999999999844e+01 8.449836444623517466e-11
-1.619999999999999929e+01 8.605766926213377180e-11
-1.616000000000000014e+01 8.765270460487997114e-11
-1.612000000000000099e+01 8.928446145356410420e-11
-1.607999999999999829e+01 9.095396318824074240e-11
-1.603999999999999915e+01 9.266226681595119230e-11
-1.600000000000000000e+01 9.441046424966197556e-11
-1.596000000000000085e+01 9.619968364275158874e-11
-1.591999999999999993e+01 9.803109078173201922e-11
-1.587999999999999901e+01 9.990589054007388600e-11
-1.583999999999999986e+01 1.018253283961856409e-10
-1.580000000000000071e+01 1.037906920187263058e-10
-1.575999999999999979e+01 1.058033129226266422e-10
-1.571999999999999886e+01 1.078645681993863839e-10
-1.567999999999999972e+01 1.099758823254103767e-10
-1.564000000000000057e+01 1.121387290523586423e-10
-1.559999999999999964e+01 1.143546333837169922e-10
-1.555999999999999872e+01 1.166251736420421473e-10
-1.551999999999999957e+01 1.189519836315673398e-10
-1.548000000000000043e+01 1.213367549011565039e-10
-1.543999999999999950e+01 1.237812391128811595e-10
-1.539999999999999858e+01 1.262872505217709900e-10
-1.535999999999999943e+01 1.288566685726851303e-10
-1.532000000000000028e+01 1.314914406205195990e-10
-1.528000000000000114e+01 1.341935847804220879e-10
-1.524000000000000021e+01 1.369651929150292194e-10
-1.519999999999999929e+01 1.398084337661897167e-10
-1.516000000000000014e+01 1.427255562391051135e-10
-1.512000000000000099e+01 1.457188928472739626e-10
-1.508000000000000007e+01 1.487908633271764001e-10
-1.503999999999999915e+01 1.519439784321860016e-10
-1.500000000000000000e+01 1.551808439157736493e-10
-1.496000000000000085e+01 1.585041647147261531e-10
-1.491999999999999993e+01 1.619167493437690754e-10
-1.487999999999999901e+01 1.654215145137297387e-10
-1.483999999999999986e+01 1.690214899861369915e-10
-1.480000000000000071e+01 1.727198236779963728e-10
-1.475999999999999979e+01 1.765197870314223051e-10
-1.471999999999999886e+01 1.804247806636783112e-10
-1.467999999999999972e+01 1.844383403143322354e-10
-1.464000000000000057e+01 1.885641431072314424e-10
-1.459999999999999964e+01 1.928060141462913025e-10
-1.455999999999999872e+01 1.971679334653103606e-10
-1.451999999999999957e+01 2.016540433534508222e-10
-1.448000000000000043e+01 2.062686560794751015e-10
-1.443999999999999950e+01 2.110162620394880896e-10
-1.439999999999999858e+01 2.159015383545784091e-10
-1.435999999999999943e+01 2.209293579467077881e-10
-1.432000000000000028e+01 2.261047991231469380e-10
-1.428000000000000114e+01 2.314331557019429746e-10
-1.424000000000000021e+01 2.369199477132476464e-10
-1.419999999999999929e+01 2.425709327138821144e-10
-1.416000000000000014e+01 2.483921177552337954e-10
-1.412000000000000099e+01 2.543897720475644208e-10
-1.408000000000000007e+01 2.605704403670158568e-10
-1.403999999999999915e+01 2.669409572550669461e-10
-1.400000000000000000e+01 2.735084620640033826e-10
-1.396000000000000085e+01 2.802804149060373239e-10
-1.391999999999999993e+01 2.872646135681682282e-10
-1.387999999999999901e+01 2.944692114597100284e-10
-1.383999999999999986e+01 3.019027366646846924e-10
-1.380000000000000071e+01 3.095741121770038224e-10
-1.375999999999999979e+01 3.174926774025882044e-10
-1.371999999999999886e+01 3.256682110193965642e-10
-1.367999999999999972e+01 3.341109552937392921e-10
-1.364000000000000057e+01 3.428316419593547210e-10
-1.359999999999999964e+01 3.518415197746346892e-10
-1.355999999999999872e+01 3.611523838829735577e-10
-1.351999999999999957e+01 3.707766071119516556e-10
-1.348000000000000043e+01 3.807271733585669012e-10
-1.343999999999999950e+01 3.910177132205947250e-10
-1.339999999999999858e+01 4.016625420480758078e-10
-1.335999999999999943e+01 4.126767006043638481e-10
-1.332000000000000028e+01 4.240759985431004506e-10
-1.328000000000000114e+01 4.358770609260978500e-10
-1.324000000000000021e+01 4.480973780277239478e-10
-1.319999999999999929e+01 4.607553586940236522e-10
-1.316000000000000014e+01 4.738703875498922856e-10
-1.312000000000000099e+01 4.874628863753931361e-10
-1.308000000000000007e+01 5.015543800029371739e-10
-1.303999999999999915e+01 5.161675671211596104e-10
-1.300000000000000000e+01 5.313263964091193717e-10
-1.296000000000000085e+01 5.470561484664071278e-10
-1.291999999999999993e+01 5.633835240515882717e-10
-1.287999999999999901e+01 5.803367391934298733e-10
-1.283999999999999986e+01 5.979456277975838088e-10
-1.280000000000000071e+01 6.162417524363174679e-10
-1.275999999999999979e+01 6.352585240816323219e-10
-1.271999999999999886e+01 6.550313316236205997e-10
-1.267999999999999972e+01 6.755976821072984745e-10
-1.264000000000000057e+01 6.969973527241034070e-10
-1.259999999999999964e+01 7.192725557098690790e-10
-1.255999999999999872e+01 7.424681174317412223e-10
-1.251999999999999957e+01 7.666316730938991613e-10
-1.248000000000000043e+01 7.918138786588113139e-10
-1.243999999999999950e+01 8.180686417698683015e-10
-1.239999999999999858e+01 8.454533736758894473e-10
-1.235999999999999943e+01 8.740292644022839044e-10
-1.232000000000000028e+01 9.038615836918979731e-10
-1.228000000000000114e+01 9.350200105562253879e-10
-1.224000000000000021e+01 9.675789946411018963e-10
-1.219999999999999929e+01 1.001618153027346553e-09
-1.216000000000000014e+01 1.037222706564857197e-09
-1.212000000000000099e+01 1.074483960388659554e-09
-1.208000000000000007e+01 1.113499833899168726e-09
-1.203999999999999915e+01 1.154375446220893535e-09
-1.200000000000000000e+01 1.197223764000528262e-09
-1.195999999999999908e+01 1.242166319386936131e-09
-1.191999999999999993e+01 1.289334007175110802e-09
-1.187999999999999901e+01 1.338867971421923684e-09
-1.183999999999999986e+01 1.390920593385713457e-09
-1.180000000000000071e+01 1.445656594443734252e-09
-1.175999999999999979e+01 1.503254269746300347e-09
-1.172000000000000064e+01 1.563906870827839612e-09
-1.167999999999999972e+01 1.627824158275338134e-09
-1.164000000000000057e+01 1.695234148925661777e-09
-1.159999999999999964e+01 1.766385086008011044e-09
-1.156000000000000050e+01 1.841547665258441369e-09
-1.151999999999999957e+01 1.921017555413057619e-09
-1.148000000000000043e+01 2.005118257741796827e-09
-1.143999999999999950e+01 2.094204356524360826e-09
-1.140000000000000036e+01 2.188665220686570101e-09
-1.135999999999999943e+01 2.288929226269847181e-09
-1.132000000000000028e+01 2.395468579987216009e-09
-1.127999999999999936e+01 2.508804835686932545e-09
-1.124000000000000021e+01 2.629515207736250059e-09
-1.119999999999999929e+01 2.758239797418402518e-09
-1.116000000000000014e+01 2.895689859063690435e-09
-1.111999999999999922e+01 3.042657239502756531e-09
-1.108000000000000007e+01 3.200025123702769722e-09
-1.103999999999999915e+01 3.368780204929616449e-09
-1.100000000000000000e+01 3.550026359652557994e-09
-1.095999999999999908e+01 3.744999830401317490e-09
-1.091999999999999993e+01 3.955085780562823674e-09
-1.087999999999999901e+01 4.181835848727996009e-09
-1.083999999999999986e+01 4.426985945644991872e-09
-1.079999999999999893e+01 4.692472932104558050e-09
-1.075999999999999979e+01 4.980447894575104960e-09
-1.072000000000000064e+01 5.293282377904270089e-09
-1.067999999999999972e+01 5.633562015965143704e-09
-1.064000000000000057e+01 6.004059441125883424e-09
-1.059999999999999964e+01 6.407675230467483184e-09
-1.056000000000000050e+01 6.847332425414429603e-09
-1.051999999999999957e+01 7.325808080999296306e-09
-1.048000000000000043e+01 7.845486923777131148e-09
-1.043999999999999950e+01 8.408031926624560143e-09
-1.040000000000000036e+01 9.013990533273339278e-09
-1.035999999999999943e+01 9.662398974069148980e-09
-1.032000000000000028e+01 1.035050966335895485e-08
-1.027999999999999936e+01 1.107383040862251512e-08
-1.024000000000000021e+01 1.182668617980067116e-08
-1.019999999999999929e+01 1.260343495462762482e-08
-1.016000000000000014e+01 1.340025525536599212e-08
-1.011999999999999922e+01 1.421713161303126088e-08
-1.008000000000000007e+01 1.505946230545485861e-08
-1.003999999999999915e+01 1.593877955092100906e-08
-1.000000000000000000e+01 1.687242526474693414e-08
-9.959999999999999076e+00 1.788246604831938878e-08
-9.919999999999999929e+00 1.899439490945554099e-08
-9.879999999999999005e+00 2.023614243964544567e-08
-9.839999999999999858e+00 2.163770124919525235e-08
-9.799999999999998934e+00 2.323142873276919742e-08
-9.759999999999999787e+00 2.505294929726317513e-08
-9.720000000000000639e+00 2.714254545797927713e-08
-9.679999999999999716e+00 2.954696959043181992e-08
-9.640000000000000568e+00 3.232168091971836688e-08
-9.599999999999999645e+00 3.553358959746906617e-08
-9.560000000000000497e+00 3.926446390794588444e-08
-9.519999999999999574e+00 4.361523095534200895e-08
-9.480000000000000426e+00 4.871148232466116419e-08
-9.439999999999999503e+00 5.471058928793477911e-08
-9.400000000000000355e+00 6.181093560588076055e-08
-9.359999999999999432e+00 7.026387269035033978e-08
-9.320000000000000284e+00 8.038903944613451839e-08
-9.279999999999999361e+00 9.259353696667342563e-08
-9.240000000000000213e+00 1.073948070361031030e-07
-9.199999999999999289e+00 1.254452817001865340e-07
-9.160000000000000142e+00 1.475526030688749624e-07
-9.119999999999999218e+00 1.746798731856032514e-07
-9.080000000000000071e+00 2.078916520649710017e-07
-9.039999999999999147e+00 2.481781874213947394e-07
-9.000000000000000000e+00 2.960444496980865856e-07
-8.959999999999999076e+00 3.507273358185936428e-07
-8.919999999999999929e+00 4.090278002037048766e-07
-8.879999999999999005e+00 4.642392599824406850e-07
-8.839999999999999858e+00 5.065070779081644651e-07
-8.799999999999998934e+00 5.260569546132616497e-07
-8.759999999999999787e+00 5.183071156007837974e-07
-8.720000000000000639e+00 4.866109814304329736e-07
-8.679999999999999716e+00 4.398584333389951349e-07
-8.640000000000000568e+00 3.875641810436346742e-07
-8.599999999999999645e+00 3.365927368349483782e-07
-8.560000000000000497e+00 2.905818420357633294e-07
-8.519999999999999574e+00 2.507975522170812661e-07
-8.480000000000000426e+00 2.171763504056996495e-07
-8.439999999999999503e+00 1.890662090898310974e-07
-8.400000000000000355e+00 1.656417625660780797e-07
-8.359999999999999432e+00 1.461005208730755029e-07
-8.320000000000000284e+00 1.297386335294953964e-07
-8.279999999999999361e+00 1.159684453776852773e-07
-8.240000000000000213e+00 1.043113206625291167e-07
-8.199999999999999289e+00 9.438202627345841233e-08
-8.160000000000000142e+00 8.587191984414787387e-08
-8.119999999999999218e+00 7.853378214577027765e-08
-8.080000000000000071e+00 7.216912314107467284e-08
-8.039999999999999147e+00 6.661794678239406048e-08
-8.000000000000000000e+00 6.175065544248590956e-08
-7.959999999999999076e+00 5.746170695676561646e-08
-7.919999999999999929e+00 5.366466345138676221e-08
-7.879999999999999005e+00 5.028832757566545671e-08
-7.839999999999999858e+00 4.727372150190410283e-08
-7.799999999999998934e+00 4.457171703366396408e-08
-7.759999999999999787e+00 4.214116870086499845e-08
-7.719999999999998863e+00 3.994743613918332924e-08
-7.679999999999999716e+00 3.796120869614606323e-08
-7.640000000000000568e+00 3.615756560051656345e-08
-7.599999999999999645e+00 3.451522055422523032e-08
-7.560000000000000497e+00 3.301591139708629023e-08
-7.519999999999999574e+00 3.164390445374247162e-08
-7.480000000000000426e+00 3.038558999239842184e-08
-7.439999999999999503e+00 2.922915043163503764e-08
-7.400000000000000355e+00 2.816428692083743111e-08
-7.359999999999999432e+00 2.718199298851860329e-08
-7.320000000000000284e+00 2.627436632369902252e-08
-7.279999999999999361e+00 2.543445159544636047e-08
-7.240000000000000213e+00 2.465610865015256349e-08
-7.199999999999999289e+00 2.393390154964288826e-08
-7.160000000000000142e+00 2.326300479724465092e-08
-7.119999999999999218e+00 2.263912379770793035e-08
-7.080000000000000071e+00 2.205842715168520288e-08
-7.039999999999999147e+00 2.151748882793523628e-08
-7.000000000000000000e+00 2.101323861080256612e-08
-6.959999999999999076e+00 2.054291950556190937e-08
-6.919999999999999929e+00 2.010405101442529760e-08
-6.879999999999999005e+00 1.969439738267619942e-08
-6.839999999999999858e+00 1.931194006634979331e-08
-6.799999999999998934e+00 1.895485379704165443e-08
-6.759999999999999787e+00 1.862148572125899116e-08
-6.719999999999998863e+00 1.831033717554184238e-08
-6.679999999999999716e+00 1.802004772780748836e-08
-6.640000000000000568e+00 1.774938117273989704e-08
-6.599999999999999645e+00 1.749721321674731664e-08
-6.560000000000000497e+00 1.726252062779928699e-08
-6.519999999999999574e+00 1.704437165874720384e-08
-6.480000000000000426e+00 1.684191758067541620e-08
-6.439999999999999503e+00 1.665438518635123383e-08
-6.400000000000000355e+00 1.648107014370138244e-08
-6.359999999999999432e+00 1.632133109605606805e-08
-6.320000000000000284e+00 1.617458442017870124e-08
-6.279999999999999361e+00 1.604029956525494631e-08
-6.240000000000000213e+00 1.591799490639458328e-08
-6.199999999999999289e+00 1.580723405508625735e-08
-6.160000000000000142e+00 1.570762257667687458e-08
-6.119999999999999218e+00 1.561880507151811498e-08
-6.080000000000000071e+00 1.554046258209860460e-08
-6.039999999999999147e+00 1.547231029339682478e-08
-6.000000000000000000e+00 1.541409549796392197e-08
-5.959999999999999076e+00 1.536559580097264556e-08
-5.919999999999999929e+00 1.532661754373216981e-08
-5.879999999999999005e+00 1.529699442703681469e-08
-5.839999999999999858e+00 1.527658631824984156e-08
-5.799999999999998934e+00 1.526527822827156167e-08
-5.759999999999999787e+00 1.526297944654768229e-08
-5.719999999999998863e+00 1.526962282407647075e-08
-5.679999999999999716e+00 1.528516419600460212e-08
-5.640000000000000568e+00 1.530958193688982358e-08
-5.599999999999999645e+00 1.534287664307893518e-08
-5.560000000000000497e+00 1.538507093792461930e-08
-5.519999999999999574e+00 1.543620939676384177e-08
-5.480000000000000426e+00 1.549635858972319451e-08
-5.439999999999999503e+00 1.556560724151848366e-08
-5.400000000000000355e+00 1.564406650849427206e-08
-5.359999999999999432e+00 1.573187037421801767e-08
-5.320000000000000284e+00 1.582917616601912488e-08
-5.279999999999999361e+00 1.593616519595945195e-08
-5.240000000000000213e+00 1.605304353085432044e-08
-5.199999999999999289e+00 1.618004289714769471e-08
-5.160000000000000142e+00 1.631742172769738864e-08
-5.119999999999999218e+00 1.646546635886520015e-08
-5.080000000000000071e+00 1.662449238775021808e-08
-5.039999999999999147e+00 1.679484620097363438e-08
-5.000000000000000000e+00 1.697690668814252023e-08
-4.959999999999999076e+00 1.717108715501564854e-08
-4.919999999999999929e+00 1.737783745349424629e-08
-4.879999999999999005e+00 1.759764634790072686e-08
-4.839999999999999858e+00 1.783104413962473247e-08
-4.799999999999998934e+00 1.807860557515457743e-08
-4.759999999999999787e+00 1.834095306582248051e-08
-4.719999999999998863e+00 1.861876025133429527e-08
-4.679999999999999716e+00 1.891275594339535272e-08
-4.640000000000000568e+00 1.922372849056481242e-08
-4.599999999999999645e+00 1.955253061096264356e-08
-4.560000000000000497e+00 1.990008474572622833e-08
-4.519999999999999574e+00 2.026738899329426219e-08
-4.480000000000000426e+00 2.065552369283366635e-08
-4.439999999999999503e+00 2.106565873459978073e-08
-4.400000000000000355e+00 2.149906168593656734e-08
-4.359999999999999432e+00 2.195710683423490151e-08
-4.320000000000000284e+00 2.244128526276230962e-08
-4.279999999999999361e+00 2.295321609221345593e-08
-4.240000000000000213e+00 2.349465904052075267e-08
-4.199999999999999289e+00 2.406752847641639692e-08
-4.160000000000000142e+00 2.467390916904762671e-08
-4.119999999999999218e+00 2.531607396734746911e-08
-4.080000000000000071e+00 2.599650367972369229e-08
-4.039999999999999147e+00 2.671790946801607631e-08
-4.000000000000000000e+00 2.748325812086693447e-08
-3.960000000000000853e+00 2.829580063222944154e-08
-3.919999999999998153e+00 2.915910458261087698e-08
-3.879999999999999005e+00 3.007709090617131277e-08
-3.839999999999999858e+00 3.105407572885910799e-08
-3.800000000000000711e+00 3.209481808492828661e-08
-3.759999999999998010e+00 3.320457446587710921e-08
-3.719999999999998863e+00 3.438916133255345930e-08
-3.679999999999999716e+00 3.565502693475901702e-08
-3.640000000000000568e+00 3.700933404172368293e-08
-3.600000000000001421e+00 3.846005550213109960e-08
-3.559999999999998721e+00 4.001608493758207239e-08
-3.519999999999999574e+00 4.168736534579713285e-08
-3.480000000000000426e+00 4.348503897152609195e-08
-3.440000000000001279e+00 4.542162252225653362e-08
-3.399999999999998579e+00 4.751121269869206305e-08
-3.359999999999999432e+00 4.976972812347002829e-08
-3.320000000000000284e+00 5.221519514661670544e-08
-3.280000000000001137e+00 5.486808676226609163e-08
-3.239999999999998437e+00 5.775172609256091358e-08
-3.199999999999999289e+00 6.089276871909255817e-08
-3.160000000000000142e+00 6.432178175252812957e-08
-3.120000000000000995e+00 6.807394217123488956e-08
-3.079999999999998295e+00 7.218988295756965698e-08
-3.039999999999999147e+00 7.671672335901437112e-08
-3.000000000000000000e+00 8.170932980298261134e-08
-2.960000000000000853e+00 8.723186742335215302e-08
-2.919999999999998153e+00 9.335971994926202530e-08
-2.879999999999999005e+00 1.001818794365472561e-07
-2.839999999999999858e+00 1.078039391851058628e-07
-2.800000000000000711e+00 1.163518662625602808e-07
-2.759999999999998010e+00 1.259767886936031617e-07
-2.719999999999998863e+00 1.368611127402696652e-07
-2.679999999999999716e+00 1.492263965653013148e-07
-2.640000000000000568e+00 1.633435604504347857e-07
-2.599999999999997868e+00 1.795462284592039487e-07
-2.559999999999998721e+00 1.982482972457516623e-07
-2.519999999999999574e+00 2.199672499331114565e-07
-2.480000000000000426e+00 2.453553246790165504e-07
-2.440000000000001279e+00 2.752414706252402357e-07
-2.399999999999998579e+00 3.106881488851203032e-07
-2.359999999999999432e+00 3.530685178449012216e-07
-2.320000000000000284e+00 4.041713438442392738e-07
-2.280000000000001137e+00 4.663427660097494093e-07
-2.239999999999998437e+00 5.426746556555245945e-07
-2.199999999999999289e+00 6.372454511804931203e-07
-2.160000000000000142e+00 7.554025055477181677e-07
-2.120000000000000995e+00 9.040245760581453649e-07
-2.079999999999998295e+00 1.091573103180845564e-06
-2.039999999999999147e+00 1.327441865937288036e-06
-2.000000000000000000e+00 1.619525971131098247e-06
-1.960000000000000853e+00 1.968112332377365567e-06
-1.919999999999998153e+00 2.354244733840009568e-06
-1.879999999999999005e+00 2.725357862433179446e-06
-1.839999999999999858e+00 2.994094812962326073e-06
-1.800000000000000711e+00 3.073927623584946823e-06
-1.759999999999998010e+00 2.939477994859757484e-06
-1.719999999999998863e+00 2.646439859452990299e-06
-1.679999999999999716e+00 2.285694018182280317e-06
-1.640000000000000568e+00 1.929643681385437338e-06
-1.599999999999997868e+00 1.615222332182851883e-06
-1.559999999999998721e+00 1.352903340180881177e-06
-1.519999999999999574e+00 1.139848009429838367e-06
-1.480000000000000426e+00 9.685311693796543646e-07
-1.440000000000001279e+00 8.308736585618018114e-07
-1.399999999999998579e+00 7.197836312243237521e-07
-1.359999999999999432e+00 6.295145438389632569e-07
-1.320000000000000284e+00 5.555724361861747582e-07
-1.280000000000001137e+00 4.944948027985635829e-07
-1.239999999999998437e+00 4.436250972159157506e-07
-1.199999999999999289e+00 4.009219578482651399e-07
-1.160000000000000142e+00 3.648093047295180434e-07
-1.120000000000000995e+00 3.340624234165232800e-07
-1.079999999999998295e+00 3.077226704642985717e-07
-1.039999999999999147e+00 2.850339388207779401e-07
-1.000000000000000000e+00 2.653953241067940852e-07
-9.600000000000008527e-01 2.483257468272712729e-07
-9.199999999999981526e-01 2.334373775664186797e-07
-8.799999999999990052e-01 2.204155525842836936e-07
-8.399999999999998579e-01 2.090034910779733961e-07
-8.000000000000007105e-01 1.989905802901940933e-07
-7.599999999999980105e-01 1.902033233411282056e-07
-7.199999999999988631e-01 1.824982808225512936e-07
-6.799999999999997158e-01 1.757565059492270831e-07
-6.400000000000005684e-01 1.698790926314947977e-07
-5.999999999999978684e-01 1.647835392961984454e-07
-5.599999999999987210e-01 1.604006881730170289e-07
-5.199999999999995737e-01 1.566720375182671311e-07
-4.800000000000004263e-01 1.535472497005946836e-07
-4.400000000000012790e-01 1.509816991418891243e-07
-3.999999999999985789e-01 1.489339317399436205e-07
-3.599999999999994316e-01 1.473629573733944871e-07
-3.200000000000002842e-01 1.462253903082037501e-07
-2.800000000000011369e-01 1.454726105971201475e-07
-2.399999999999984368e-01 1.450483521078457396e-07
-1.999999999999992895e-01 1.448873995700573132e-07
-1.600000000000001421e-01 1.449162938743993405e-07
-1.200000000000009948e-01 1.450569084488689211e-07
-7.999999999999829470e-02 1.452332468053717441e-07
-3.999999999999914735e-02 1.453807474532754993e-07
0.000000000000000000e+00 1.454560701360454207e-07
3.999999999999914735e-02 1.454444937750113275e-07
8.000000000000184741e-02 1.453624137783828501e-07
1.200000000000009948e-01 1.452540700886472132e-07
1.600000000000001421e-01 1.451837436929717682e-07
1.999999999999992895e-01 1.452260598740882204e-07
2.400000000000019895e-01 1.454571170638654415e-07
2.800000000000011369e-01 1.459481999622577622e-07
3.200000000000002842e-01 1.467625841956552952e-07
3.599999999999994316e-01 1.479550073390570741e-07
4.000000000000021316e-01 1.495729706649667183e-07
4.400000000000012790e-01 1.516590404015900012e-07
4.800000000000004263e-01 1.542535297628231400e-07
5.199999999999995737e-01 1.573971974314864876e-07
5.599999999999987210e-01 1.611338085868867461e-07
6.000000000000014211e-01 1.655125477841336362e-07
6.400000000000005684e-01 1.705903584056127077e-07
6.799999999999997158e-01 1.764343306582969430e-07
7.199999999999988631e-01 1.831242878878829124e-07
7.600000000000015632e-01 1.907557435865811008e-07
8.000000000000007105e-01 1.994434289822964182e-07
8.399999999999998579e-01 2.093256309876026828e-07
8.799999999999990052e-01 2.205696390881619518e-07
9.200000000000017053e-01 2.333786845302658986e-07
9.600000000000008527e-01 2.480008748634424020e-07
1.000000000000000000e+00 2.647407936840241481e-07
1.039999999999999147e+00 2.839746663380501672e-07
1.080000000000001847e+00 3.061703112180647259e-07
1.120000000000000995e+00 3.319135358629065804e-07
1.160000000000000142e+00 3.619432400255347322e-07
1.199999999999999289e+00 3.971983034318250412e-07
1.240000000000001990e+00 4.388804031292037614e-07
1.280000000000001137e+00 4.885382012930400923e-07
1.320000000000000284e+00 5.481796466457374356e-07
1.359999999999999432e+00 6.204196743747746259e-07
1.400000000000002132e+00 7.086682277116816678e-07
1.440000000000001279e+00 8.173527965776953972e-07
1.480000000000000426e+00 9.521374561194606409e-07
1.519999999999999574e+00 1.120017091192422727e-06
1.559999999999998721e+00 1.328970785581322851e-06
1.600000000000001421e+00 1.586454774264267531e-06
1.640000000000000568e+00 1.895349757510351386e-06
1.679999999999999716e+00 2.245485636213731741e-06
1.719999999999998863e+00 2.600694993279694815e-06
1.760000000000001563e+00 2.889881218326223634e-06
1.800000000000000711e+00 3.023605423211850167e-06
1.839999999999999858e+00 2.946800146301178020e-06
1.879999999999999005e+00 2.684031744070911488e-06
1.920000000000001705e+00 2.320140092466298187e-06
1.960000000000000853e+00 1.941000031010722520e-06
2.000000000000000000e+00 1.598406022923122817e-06
2.039999999999999147e+00 1.311128960968330660e-06
2.080000000000001847e+00 1.078991585039152227e-06
2.120000000000000995e+00 8.943006285699101400e-07
2.160000000000000142e+00 7.478616031129304751e-07
2.199999999999999289e+00 6.313784849689683026e-07
2.240000000000001990e+00 5.381003100261066610e-07
2.280000000000001137e+00 4.627753990985709756e-07
2.320000000000000284e+00 4.013960861007913331e-07
2.359999999999999432e+00 3.509227581278961193e-07
2.400000000000002132e+00 3.090480126201479390e-07
2.440000000000001279e+00 2.740119999873333159e-07
2.480000000000000426e+00 2.444633411641129540e-07
2.519999999999999574e+00 2.193561426539018992e-07
2.559999999999998721e+00 1.978741902280692491e-07
2.600000000000001421e+00 1.793751349696546640e-07
2.640000000000000568e+00 1.633492418255249972e-07
2.679999999999999716e+00 1.493887182204815359e-07
2.719999999999998863e+00 1.371647403025070249e-07
2.760000000000001563e+00 1.264100998580957999e-07
2.800000000000000711e+00 1.169059753020219489e-07
2.839999999999999858e+00 1.084717476022224547e-07
2.879999999999999005e+00 1.009570862926769913e-07
2.920000000000001705e+00 9.423575945157441041e-08
2.960000000000000853e+00 8.820080012560842082e-08
3.000000000000000000e+00 8.276080073916627745e-08
3.039999999999999147e+00 7.783719843764579153e-08
3.080000000000001847e+00 7.336243486053441895e-08
3.120000000000000995e+00 6.927880856629325994e-08
3.160000000000000142e+00 6.553772108658637605e-08
3.199999999999999289e+00 6.209894745315608747e-08
3.240000000000001990e+00 5.892964221676740170e-08
3.280000000000001137e+00 5.600301939728120109e-08
3.320000000000000284e+00 5.329688216517689023e-08
3.359999999999999432e+00 5.079227409340364373e-08
3.400000000000002132e+00 4.847245086163542805e-08
3.440000000000001279e+00 4.632222325287379618e-08
3.480000000000000426e+00 4.432760551349077640e-08
3.519999999999999574e+00 4.247565915185083550e-08
3.559999999999998721e+00 4.075443397372355059e-08
3.600000000000001421e+00 3.915294164555494185e-08
3.640000000000000568e+00 3.766112878729783791e-08
3.679999999999999716e+00 3.626983786256371739e-08
3.719999999999998863e+00 3.497075530195784290e-08
3.760000000000001563e+00 3.375635068990030234e-08
3.800000000000000711e+00 3.261981162632339818e-08
3.839999999999999858e+00 3.155497813289808631e-08
3.879999999999999005e+00 3.055627932819154990e-08
3.920000000000001705e+00 2.961867403906628850e-08
3.960000000000000853e+00 2.873759620377268075e-08
4.000000000000000000e+00 2.790890536199381191e-08
4.039999999999999147e+00 2.712884217165869805e-08
4.080000000000001847e+00 2.639398868572345092e-08
4.120000000000000995e+00 2.570123301620660677e-08
4.160000000000000142e+00 2.504773797124664229e-08
4.199999999999999289e+00 2.443091324841986517e-08
4.240000000000001990e+00 2.384839078708844356e-08
4.280000000000001137e+00 2.329800291332157552e-08
4.320000000000000284e+00 2.277776294627137115e-08
4.359999999999999432e+00 2.228584797085574004e-08
4.400000000000002132e+00 2.182058351600259169e-08
4.440000000000001279e+00 2.138042990944216074e-08
4.480000000000000426e+00 2.096397010863839972e-08
4.519999999999999574e+00 2.056989883286013603e-08
4.560000000000002274e+00 2.019701284374103244e-08
4.600000000000001421e+00 1.984420224121354989e-08
4.640000000000000568e+00 1.951044265870764791e-08
4.679999999999999716e+00 1.919478825627644167e-08
4.719999999999998863e+00 1.889636542312410197e-08
4.760000000000001563e+00 1.861436711212541231e-08
4.800000000000000711e+00 1.834804773856992673e-08
4.839999999999999858e+00 1.809671858373838634e-08
4.879999999999999005e+00 1.785974365120373734e-08
4.920000000000001705e+00 1.763653593009379385e-08
4.960000000000000853e+00 1.742655402509180713e-08
5.000000000000000000e+00 1.722929911779611525e-08
5.039999999999999147e+00 1.704431222831052502e-08
5.080000000000001847e+00 1.687117174967375036e-08
5.120000000000000995e+00 1.670949123103397562e-08
5.160000000000000142e+00 1.655891738839283924e-08
5.199999999999999289e+00 1.641912832433762812e-08
5.240000000000001990e+00 1.628983194049452760e-08
5.280000000000001137e+00 1.617076452851261037e-08
5.320000000000000284e+00 1.606168952726005517e-08
5.359999999999999432e+00 1.596239643561419665e-08
5.400000000000002132e+00 1.587269987177992397e-08
5.440000000000001279e+00 1.579243877150327484e-08
5.480000000000000426e+00 1.572147571887877626e-08
5.519999999999999574e+00 1.565969640470143828e-08
5.560000000000002274e+00 1.560700920850415290e-08
5.600000000000001421e+00 1.556334490156723683e-08
5.640000000000000568e+00 1.552865646930423172e-08
5.679999999999999716e+00 1.550291905253367548e-08
5.719999999999998863e+00 1.548613000825540040e-08
5.760000000000001563e+00 1.547830909167890942e-08
5.800000000000000711e+00 1.547949876241627399e-08
5.839999999999999858e+00 1.548976461897120485e-08
5.879999999999999005e+00 1.550919596694723556e-08
5.920000000000001705e+00 1.553790652778276492e-08
5.960000000000000853e+00 1.557603529632091204e-08
6.000000000000000000e+00 1.562374755716347963e-08
6.039999999999999147e+00 1.568123607156937957e-08
6.080000000000001847e+00 1.574872244867121968e-08
6.120000000000000995e+00 1.582645871703707301e-08
6.160000000000000142e+00 1.591472911514142389e-08
6.199999999999999289e+00 1.601385212217987983e-08
6.240000000000001990e+00 1.612418275392661033e-08
6.280000000000001137e+00 1.624611515206025032e-08
6.320000000000000284e+00 1.638008549965557280e-08
6.359999999999999432e+00 1.652657530045117571e-08
6.400000000000002132e+00 1.668611506517321793e-08
6.440000000000001279e+00 1.685928845475820337e-08
6.480000000000000426e+00 1.704673693793832866e-08
6.519999999999999574e+00 1.724916502952555763e-08
6.560000000000002274e+00 1.746734618609270965e-08
6.600000000000001421e+00 1.770212944788318959e-08
6.640000000000000568e+00 1.795444693003009567e-08
6.679999999999999716e+00 1.822532228294435095e-08
6.719999999999998863e+00 1.851588026154793853e-08
6.760000000000001563e+00 1.882735756649687764e-08
6.800000000000000711e+00 1.916111514841507708e-08
6.839999999999999858e+00 1.951865219937233130e-08
6.879999999999999005e+00 1.990162209552577224e-08
6.920000000000001705e+00 2.031185060241989259e-08
6.960000000000000853e+00 2.075135671165134637e-08
7.000000000000000000e+00 2.122237654663451953e-08
7.039999999999999147e+00 2.172739085876977840e-08
7.080000000000001847e+00 2.226915673683913816e-08
7.120000000000000995e+00 2.285074427622561836e-08
7.160000000000000142e+00 2.347557910601255857e-08
7.199999999999999289e+00 2.414749185805580268e-08
7.240000000000001990e+00 2.487077589152760376e-08
7.280000000000001137e+00 2.565025487044045423e-08
7.320000000000000284e+00 2.649136214472222795e-08
7.359999999999999432e+00 2.740023432616217504e-08
7.400000000000002132e+00 2.838382200314277092e-08
7.440000000000001279e+00 2.945002123394230011e-08
7.480000000000000426e+00 3.060783033863036265e-08
7.519999999999999574e+00 3.186753762809272390e-08
7.560000000000002274e+00 3.324094713656675083e-08
7.600000000000001421e+00 3.474165125517866664e-08
7.640000000000000568e+00 3.638536152301058207e-08
7.679999999999999716e+00 3.819031188500470940e-08
7.719999999999998863e+00 4.017775269358372850e-08
7.760000000000001563e+00 4.237255890800813899e-08
7.800000000000000711e+00 4.480398272493731981e-08
7.839999999999999858e+00 4.750658977660401836e-08
7.879999999999999005e+00 5.052142974566101754e-08
7.920000000000001705e+00 5.389750765866760543e-08
7.960000000000000853e+00 5.769364235968505542e-08
8.000000000000000000e+00 6.198082509117627227e-08
8.039999999999999147e+00 6.684522521652872267e-08
8.080000000000001847e+00 7.239203321064389011e-08
8.120000000000000995e+00 7.875038338755336058e-08
8.160000000000000142e+00 8.607965767504810901e-08
8.199999999999999289e+00 9.457752691937517523e-08
8.240000000000001990e+00 1.044901106510890868e-07
8.280000000000001137e+00 1.161245660358470198e-07
8.320000000000000284e+00 1.298641097990499890e-07
8.359999999999999432e+00 1.461846300957934074e-07
8.400000000000002132e+00 1.656700349977157590e-07
8.440000000000001279e+00 1.890190856722640013e-07
8.480000000000000426e+00 2.170274460638920443e-07
8.519999999999999574e+00 2.505115750017703323e-07
8.560000000000002274e+00 2.901125041906158967e-07
8.600000000000001421e+00 3.358816389005920317e-07
8.640000000000000568e+00 3.865428208045301885e-07
8.679999999999999716e+00 4.384569162830831289e-07
8.719999999999998863e+00 4.847769445244855629e-07
8.760000000000001563e+00 5.160330616001999054e-07
8.800000000000000711e+00 5.234023183903103264e-07
8.839999999999999858e+00 5.035942654548640889e-07
8.879999999999999005e+00 4.612184286510382701e-07
8.920000000000001705e+00 4.060328308617340898e-07
8.960000000000000853e+00 3.478498794541024288e-07
9.000000000000000000e+00 2.933318729760685250e-07
9.039999999999999147e+00 2.456446644886773939e-07
9.080000000000001847e+00 2.055312344803252440e-07
9.120000000000000995e+00 1.724764538068661064e-07
9.160000000000000142e+00 1.454861050189685289e-07
9.199999999999999289e+00 1.234950123550894188e-07
9.240000000000001990e+00 1.055410527114264749e-07
9.280000000000001137e+00 9.081817907072310907e-08
9.320000000000000284e+00 7.867567087494332135e-08
9.359999999999999432e+00 6.859768364643622713e-08
9.400000000000002132e+00 6.017851259790069424e-08
9.440000000000001279e+00 5.309970194454776718e-08
9.480000000000000426e+00 4.711089709716561211e-08
9.519999999999999574e+00 4.201457431079994567e-08
9.560000000000002274e+00 3.765415191083970694e-08
9.600000000000001421e+00 3.390484127795309779e-08
9.640000000000000568e+00 3.066663694384191347e-08
9.679999999999999716e+00 2.785894363372220150e-08
9.719999999999998863e+00 2.541644123457344549e-08
9.760000000000001563e+00 2.328587809806811973e-08
9.800000000000000711e+00 2.142355512116163183e-08
9.839999999999999858e+00 1.979332011587599983e-08
9.879999999999999005e+00 1.836493902292293146e-08
9.920000000000001705e+00 1.711275318488957066e-08
9.960000000000000853e+00 1.601457451047795290e-08
1.000000000000000000e+01 1.505081256290619391e-08
1.003999999999999915e+01 1.420386021989266582e-08
1.008000000000000185e+01 1.345776913140551303e-08
1.012000000000000099e+01 1.279820507301929812e-08
1.016000000000000014e+01 1.221259085029123475e-08
1.019999999999999929e+01 1.169026252784917285e-08
1.024000000000000199e+01 1.122244520343001936e-08
1.028000000000000114e+01 1.080192885826711372e-08
1.032000000000000028e+01 1.042245992935671602e-08
1.035999999999999943e+01 1.007798828450706484e-08
1.040000000000000213e+01 9.761971813649958386e-09
1.044000000000000128e+01 9.466940486414482129e-09
1.048000000000000043e+01 9.184479748265727785e-09
1.051999999999999957e+01 8.905715569502758208e-09
1.056000000000000227e+01 8.622258124579282068e-09
1.060000000000000142e+01 8.327393929489164746e-09
1.064000000000000057e+01 8.017168809541075862e-09
1.067999999999999972e+01 7.690978225382158374e-09
1.071999999999999886e+01 7.351437842642008149e-09
1.076000000000000156e+01 7.003586267485786531e-09
1.080000000000000071e+01 6.653716922916827421e-09
1.083999999999999986e+01 6.308215487065845122e-09
1.087999999999999901e+01 5.972684536112599836e-09
1.092000000000000171e+01 5.651462961478213730e-09
1.096000000000000085e+01 5.347499545906926955e-09
1.100000000000000000e+01 5.062466931412146578e-09
1.103999999999999915e+01 4.796996283221951051e-09
1.108000000000000185e+01 4.550942513780457987e-09
1.112000000000000099e+01 4.323626997871110656e-09
1.116000000000000014e+01 4.114034580476883935e-09
1.119999999999999929e+01 3.920960562446309409e-09
1.124000000000000199e+01 3.743112955210559179e-09
1.128000000000000114e+01 3.579178823935308204e-09
1.132000000000000028e+01 3.427863776438607038e-09
1.135999999999999943e+01 3.287912471533313386e-09
1.140000000000000213e+01 3.158116471064284946e-09
1.144000000000000128e+01 3.037314350195855142e-09
1.148000000000000043e+01 2.924387894180510411e-09
1.151999999999999957e+01 2.818257459303633041e-09
1.156000000000000227e+01 2.717879084224909106e-09
1.160000000000000142e+01 2.622245577803874635e-09
1.164000000000000057e+01 2.530393419729523852e-09
1.167999999999999972e+01 2.441416714840000501e-09
1.172000000000000242e+01 2.354488485674791999e-09
1.176000000000000156e+01 2.268888198812819895e-09
1.180000000000000071e+01 2.184032692076262778e-09
1.183999999999999986e+01 2.099505924596450699e-09
1.187999999999999901e+01 2.015081751100968062e-09
1.192000000000000171e+01 1.930733841750475223e-09
1.196000000000000085e+01 1.846628349645402305e-09
1.200000000000000000e+01 1.763097901396016584e-09
1.203999999999999915e+01 1.680599265439093629e-09
1.207999999999999829e+01 1.599660512801325140e-09
1.211999999999999744e+01 1.520825517874166824e-09
1.216000000000000369e+01 1.444603658752871292e-09
1.220000000000000284e+01 1.371430732926232309e-09
1.224000000000000199e+01 1.301644187866099754e-09
1.228000000000000114e+01 1.235472769960335665e-09
1.232000000000000028e+01 1.173038403322245014e-09
1.235999999999999943e+01 1.114366877335726425e-09
1.239999999999999858e+01 1.059403693187145077e-09
1.243999999999999773e+01 1.008031895027462134e-09
1.248000000000000398e+01 9.600895316937552009e-10
1.252000000000000313e+01 9.153852675785527321e-10
1.256000000000000227e+01 8.737114079177785171e-10
1.260000000000000142e+01 8.348541516425932845e-10
1.264000000000000057e+01 7.986012332076897955e-10
1.267999999999999972e+01 7.647472995721497602e-10
1.271999999999999886e+01 7.330974368971566546e-10
1.275999999999999801e+01 7.034692569467372515e-10
1.279999999999999716e+01 6.756939092545551881e-10
1.284000000000000341e+01 6.496163248796565361e-10
1.288000000000000256e+01 6.250949351241615892e-10
1.292000000000000171e+01 6.020010515076360451e-10
1.296000000000000085e+01 5.802180448710737329e-10
1.300000000000000000e+01 5.596404224364991158e-10
1.303999999999999915e+01 5.401728713325651902e-10
1.307999999999999829e+01 5.217293142681676337e-10
1.311999999999999744e+01 5.042320062958526309e-10
1.316000000000000369e+01 4.876106896332211962e-10
1.320000000000000284e+01 4.718018151616206318e-10
1.324000000000000199e+01 4.567478335642990813e-10
1.328000000000000114e+01 4.423965553665494758e-10
1.332000000000000028e+01 4.287005768365843118e-10
1.335999999999999943e+01 4.156167673779339717e-10
1.339999999999999858e+01 4.031058133835653539e-10
1.343999999999999773e+01 3.911318133057099316e-10
1.348000000000000398e+01 3.796619187653607456e-10
1.352000000000000313e+01 3.686660167703045065e-10
1.356000000000000227e+01 3.581164484544052763e-10
1.360000000000000142e+01 3.479877601419852463e-10
1.364000000000000057e+01 3.382564829458305225e-10
1.367999999999999972e+01 3.289009375042099984e-10
1.371999999999999886e+01 3.199010608383486555e-10
1.375999999999999801e+01 3.112382526600570433e-10
1.379999999999999716e+01 3.028952387763737962e-10
1.384000000000000341e+01 2.948559495235984625e-10
1.388000000000000256e+01 2.871054114176075331e-10
1.392000000000000171e+01 2.796296504329493179e-10
1.396000000000000085e+01 2.724156055219174049e-10
1.400000000000000000e+01 2.654510511593400252e-10
1.403999999999999915e+01 2.587245278514995112e-10
1.407999999999999829e+01 2.522252796810314335e-10
1.411999999999999744e+01 2.459431980759698996e-10
1.416000000000000369e+01 2.398687710924533205e-10
1.420000000000000284e+01 2.339930375888394790e-10
1.424000000000000199e+01 2.283075457457555728e-10
1.428000000000000114e+01 2.228043154534852130e-10
1.432000000000000028e+01 2.174758041462310981e-10
1.435999999999999943e+01 2.123148757135048690e-10
1.439999999999999858e+01 2.073147721630120902e-10
1.443999999999999773e+01 2.024690877479584971e-10
1.448000000000000398e+01 1.977717453052354864e-10
1.452000000000000313e+01 1.932169745803805274e-10
1.456000000000000227e+01 1.887992923408056907e-10
1.460000000000000142e+01 1.845134841013157562e-10
1.464000000000000057e+01 1.803545873056027508e-10
1.467999999999999972e+01 1.763178758246947404e-10
1.471999999999999886e+01 1.723988456485241464e-10
1.475999999999999801e+01 1.685932016601402403e-10
1.480000000000000426e+01 1.648968453938529772e-10
1.484000000000000341e+01 1.613058636889710684e-10
1.488000000000000256e+01 1.578165181599830351e-10
1.492000000000000171e+01 1.544252354121094712e-10
1.496000000000000085e+01 1.511285979383752036e-10
1.500000000000000000e+01 1.479233356406688691e-10
1.503999999999999915e+01 1.448063179229761428e-10
1.507999999999999829e+01 1.417745463099479287e-10
1.511999999999999744e+01 1.388251475484812308e-10
1.516000000000000369e+01 1.359553671539832213e-10
1.520000000000000284e+01 1.331625633665525209e-10
1.524000000000000199e+01 1.304442014854988287e-10
1.528000000000000114e+01 1.277978485535204818e-10
1.532000000000000028e+01 1.252211683643584393e-10
1.535999999999999943e+01 1.227119167701299428e-10
1.539999999999999858e+01 1.202679372665406834e-10
1.543999999999999773e+01 1.178871568361086629e-10
1.548000000000000398e+01 1.155675820311651748e-10
1.552000000000000313e+01 1.133072952799424665e-10
1.556000000000000227e+01 1.111044514004330424e-10
1.560000000000000142e+01 1.089572743079419916e-10
1.564000000000000057e+01 1.068640539033869660e-10
1.567999999999999972e+01 1.048231431304153808e-10
1.571999999999999886e+01 1.028329551903580162e-10
1.575999999999999801e+01 1.008919609048602074e-10
1.580000000000000426e+01 9.899868621682590534e-11
1.584000000000000341e+01 9.715170982099582801e-11
1.588000000000000256e+01 9.534966091613749925e-11
1.592000000000000171e+01 9.359121707139841265e-11
1.596000000000000085e+01 9.187510219992901133e-11
1.600000000000000000e+01 9.020008463335015134e-11
1.603999999999999915e+01 8.856497529112092884e-11
1.607999999999999829e+01 8.696862593925173271e-11
1.611999999999999744e+01 8.540992753320525842e-11
1.616000000000000369e+01 8.388780864016653565e-11
1.620000000000000284e+01 8.240123393620940409e-11
1.624000000000000199e+01 8.094920277414598613e-11
1.628000000000000114e+01 7.953074781816623780e-11
1.632000000000000028e+01 7.814493374158951921e-11
1.635999999999999943e+01 7.679085598431441025e-11
1.639999999999999858e+01 7.546763956675317477e-11
1.643999999999999773e+01 7.417443795723972904e-11
1.648000000000000398e+01 7.291043199010221599e-11
1.652000000000000313e+01 7.167482883174679646e-11
1.656000000000000227e+01 7.046686099226139647e-11
1.660000000000000142e+01 6.928578538021999587e-11
1.664000000000000057e+01 6.813088239848033387e-11
1.667999999999999972e+01 6.700145507890397778e-11
1.671999999999999886e+01 6.589682825406749530e-11
1.675999999999999801e+01 6.481634776411991054e-11
1.680000000000000426e+01 6.375937969706611509e-11
1.684000000000000341e+01 6.272530966083800274e-11
1.688000000000000256e+01 6.171354208563110898e-11
1.692000000000000171e+01 6.072349955503209878e-11
1.696000000000000085e+01 5.975462216459252070e-11
1.700000000000000000e+01 5.880636690652968116e-11
1.703999999999999915e+01 5.787820707934302572e-11
1.707999999999999829e+01 5.696963172117908276e-11
1.711999999999999744e+01 5.608014506584998887e-11
1.716000000000000369e+01 5.520926602046934560e-11
1.720000000000000284e+01 5.435652766371155008e-11
1.724000000000000199e+01 5.352147676377332703e-11
1.728000000000000114e+01 5.270367331514183234e-11
1.732000000000000028e+01 5.190269009333470313e-11
1.735999999999999943e+01 5.111811222681940824e-11
1.739999999999999858e+01 5.034953678534096703e-11
1.743999999999999773e+01 4.959657238395865516e-11
1.748000000000000398e+01 4.885883880209521129e-11
1.752000000000000313e+01 4.813596661695623904e-11
1.756000000000000227e+01 4.742759685069569623e-11
1.760000000000000142e+01 4.673338063075485596e-11
1.764000000000000057e+01 4.605297886279467873e-11
1.767999999999999972e+01 4.538606191571515458e-11
1.771999999999999886e+01 4.473230931823242634e-11
1.775999999999999801e+01 4.409140946654881840e-11
1.780000000000000426e+01 4.346305934264572581e-11
1.784000000000000341e+01 4.284696424276426652e-11
1.788000000000000256e+01 4.224283751566279489e-11
1.792000000000000171e+01 4.165040031024244245e-11
1.796000000000000085e+01 4.106938133216493910e-11
1.800000000000000000e+01 4.049951660910806102e-11
1.803999999999999915e+01 3.994054926429784785e-11
1.807999999999999829e+01 3.939222929800367397e-11
1.811999999999999744e+01 3.885431337666550857e-11
1.816000000000000369e+01 3.832656462936033564e-11
1.820000000000000284e+01 3.780875245132359745e-11
1.824000000000000199e+01 3.730065231423697541e-11
1.828000000000000114e+01 3.680204558303187261e-11
1.832000000000000028e+01 3.631271933895155173e-11
1.835999999999999943e+01 3.583246620863245941e-11
1.839999999999999858e+01 3.536108419896961106e-11
1.843999999999999773e+01 3.489837653755200312e-11
1.848000000000000398e+01 3.444415151846063731e-11
1.852000000000000313e+01 3.399822235320540429e-11
1.856000000000000227e+01 3.356040702663683844e-11
1.860000000000000142e+01 3.313052815762925717e-11
1.864000000000000057e+01 3.270841286435227106e-11
1.867999999999999972e+01 3.229389263398342676e-11
1.871999999999999886e+01 3.188680319667379895e-11
1.875999999999999801e+01 3.148698440362694476e-11
1.880000000000000426e+01 3.109428010912971351e-11
1.884000000000000341e+01 3.070853805639822024e-11
1.888000000000000256e+01 3.032960976710373904e-11
1.892000000000000171e+01 2.995735043443127789e-11
1.896000000000000085e+01 2.959161881956040658e-11
1.900000000000000000e+01 2.923227715143536828e-11
1.903999999999999915e+01 2.887919102971301224e-11
1.907999999999999829e+01 2.853222933077439670e-11
1.911999999999999744e+01 2.819126411668508389e-11
1.916000000000000369e+01 2.785617054701561874e-11
1.920000000000000284e+01 2.752682679340431819e-11
1.924000000000000199e+01 2.720311395678151409e-11
1.928000000000000114e+01 2.688491598715371325e-11
1.932000000000000028e+01 2.657211960586102765e-11
1.935999999999999943e+01 2.626461423022515646e-11
1.939999999999999858e+01 2.596229190050396132e-11
1.943999999999999773e+01 2.566504720907363896e-11
1.948000000000000398e+01 2.537277723176259740e-11
1.952000000000000313e+01 2.508538146126672533e-11
1.956000000000000227e+01 2.480276174256685225e-11
1.960000000000000142e+01 2.452482221029897515e-11
1.964000000000000057e+01 2.425146922798750275e-11
1.967999999999999972e+01 2.398261132910160585e-11
1.971999999999999886e+01 2.371815915985981387e-11
1.975999999999999801e+01 2.345802542373012483e-11
1.980000000000000426e+01 2.320212482757062133e-11
1.984000000000000341e+01 2.295037402935455095e-11
1.988000000000000256e+01 2.270269158742507046e-11
1.992000000000000171e+01 2.245899791123891502e-11
1.996000000000000085e+01 2.221921521353860844e-11
2.000000000000000000e+01 2.198326746391619787e-11
