-2.000000000000000000e+01 9.988476015274334276e-12
-1.996000000000000085e+01 1.002246372265871477e-11
-1.992000000000000171e+01 1.005668428956251788e-11
-1.987999999999999901e+01 1.009114010367276412e-11
-1.983999999999999986e+01 1.012583358518748971e-11
-1.980000000000000071e+01 1.016076718736702357e-11
-1.976000000000000156e+01 1.019594339709642986e-11
-1.971999999999999886e+01 1.023136473545941616e-11
-1.967999999999999972e+01 1.026703375832393049e-11
-1.964000000000000057e+01 1.030295305693981066e-11
-1.960000000000000142e+01 1.033912525854865382e-11
-1.955999999999999872e+01 1.037555302700632484e-11
-1.951999999999999957e+01 1.041223906341826654e-11
-1.948000000000000043e+01 1.044918610678809977e-11
-1.944000000000000128e+01 1.048639693467964579e-11
-1.939999999999999858e+01 1.052387436389282651e-11
-1.935999999999999943e+01 1.056162125115372864e-11
-1.932000000000000028e+01 1.059964049381918221e-11
-1.928000000000000114e+01 1.063793503059622678e-11
-1.923999999999999844e+01 1.067650784227680777e-11
-1.919999999999999929e+01 1.071536195248806801e-11
-1.916000000000000014e+01 1.075450042845869186e-11
-1.912000000000000099e+01 1.079392638180160059e-11
-1.907999999999999829e+01 1.083364296931347253e-11
-1.903999999999999915e+01 1.087365339379149187e-11
-1.900000000000000000e+01 1.091396090486776059e-11
-1.896000000000000085e+01 1.095456879986181152e-11
-1.892000000000000171e+01 1.099548042465166827e-11
-1.887999999999999901e+01 1.103669917456397236e-11
-1.883999999999999986e+01 1.107822849528357173e-11
-1.880000000000000071e+01 1.112007188378317799e-11
-1.876000000000000156e+01 1.116223288927352556e-11
-1.871999999999999886e+01 1.120471511417458024e-11
-1.867999999999999972e+01 1.124752221510833855e-11
-1.864000000000000057e+01 1.129065790391380575e-11
-1.860000000000000142e+01 1.133412594868469879e-11
-1.855999999999999872e+01 1.137793017483045248e-11
-1.851999999999999957e+01 1.142207446616116699e-11
-1.848000000000000043e+01 1.146656276599715115e-11
-1.844000000000000128e+01 1.151139907830362515e-11
-1.839999999999999858e+01 1.155658746885132446e-11
-1.835999999999999943e+01 1.160213206640366558e-11
-1.832000000000000028e+01 1.164803706393117153e-11
-1.828000000000000114e+01 1.169430671985392786e-11
-1.823999999999999844e+01 1.174094535931273307e-11
-1.819999999999999929e+01 1.178795737546981747e-11
-1.816000000000000014e+01 1.183534723083988509e-11
-1.812000000000000099e+01 1.188311945865227007e-11
-1.807999999999999829e+01 1.193127866424511891e-11
-1.803999999999999915e+01 1.197982952649240143e-11
-1.800000000000000000e+01 1.202877679926475047e-11
-1.796000000000000085e+01 1.207812531292494149e-11
-1.792000000000000171e+01 1.212787997585906524e-11
-1.787999999999999901e+01 1.217804577604434034e-11
-1.783999999999999986e+01 1.222862778265457560e-11
-1.780000000000000071e+01 1.227963114770440629e-11
-1.775999999999999801e+01 1.233106110773328044e-11
-1.771999999999999886e+01 1.238292298553039210e-11
-1.767999999999999972e+01 1.243522219190175080e-11
-1.764000000000000057e+01 1.248796422748045339e-11
-1.760000000000000142e+01 1.254115468458154283e-11
-1.755999999999999872e+01 1.259479924910261080e-11
-1.751999999999999957e+01 1.264890370247152527e-11
-1.748000000000000043e+01 1.270347392364264835e-11
-1.744000000000000128e+01 1.275851589114286756e-11
-1.739999999999999858e+01 1.281403568516899143e-11
-1.735999999999999943e+01 1.287003948973791500e-11
-1.732000000000000028e+01 1.292653359489122259e-11
-1.728000000000000114e+01 1.298352439895567368e-11
-1.723999999999999844e+01 1.304101841086133783e-11
-1.719999999999999929e+01 1.309902225251905874e-11
-1.716000000000000014e+01 1.315754266125900695e-11
-1.712000000000000099e+01 1.321658649233213864e-11
-1.707999999999999829e+01 1.327616072147646369e-11
-1.703999999999999915e+01 1.333627244755006983e-11
-1.700000000000000000e+01 1.339692889523295138e-11
-1.696000000000000085e+01 1.345813741779967183e-11
-1.692000000000000171e+01 1.351990549996508325e-11
-1.687999999999999901e+01 1.358224076080530779e-11
-1.683999999999999986e+01 1.364515095675629978e-11
-1.680000000000000071e+01 1.370864398469242452e-11
-1.675999999999999801e+01 1.377272788508746919e-11
-1.671999999999999886e+01 1.383741084526069836e-11
-1.667999999999999972e+01 1.390270120271064058e-11
-1.664000000000000057e+01 1.396860744853929308e-11
-1.660000000000000142e+01 1.403513823096965070e-11
-1.655999999999999872e+01 1.410230235895953364e-11
-1.651999999999999957e+01 1.417010880591467197e-11
-1.648000000000000043e+01 1.423856671350443001e-11
-1.644000000000000128e+01 1.430768539558320466e-11
-1.639999999999999858e+01 1.437747434222113921e-11
-1.635999999999999943e+01 1.444794322384751948e-11
-1.632000000000000028e+01 1.451910189551066997e-11
-1.628000000000000114e+01 1.459096040125802871e-11
-1.623999999999999844e+01 1.466352897864042837e-11
-1.619999999999999929e+01 1.473681806334462925e-11
-1.616000000000000014e+01 1.481083829395842887e-11
-1.612000000000000099e+01 1.488560051687266513e-11
-1.607999999999999829e+01 1.496111579132473690e-11
-1.603999999999999915e+01 1.503739539458839974e-11
-1.600000000000000000e+01 1.511445082731480330e-11
-1.596000000000000085e+01 1.519229381902977533e-11
-1.591999999999999993e+01 1.527093633379284535e-11
-1.587999999999999901e+01 1.535039057602335239e-11
-1.583999999999999986e+01 1.543066899649957234e-11
-1.580000000000000071e+01 1.551178429853667471e-11
-1.575999999999999979e+01 1.559374944434980950e-11
-1.571999999999999886e+01 1.567657766160873803e-11
-1.567999999999999972e+01 1.576028245019069963e-11
-1.564000000000000057e+01 1.584487758913860001e-11
-1.559999999999999964e+01 1.593037714383156856e-11
-1.555999999999999872e+01 1.601679547337563617e-11
-1.551999999999999957e+01 1.610414723822229490e-11
-1.548000000000000043e+01 1.619244740802310774e-11
-1.543999999999999950e+01 1.628171126972891194e-11
-1.539999999999999858e+01 1.637195443594245290e-11
-1.535999999999999943e+01 1.646319285353365124e-11
-1.532000000000000028e+01 1.655544281252717700e-11
-1.528000000000000114e+01 1.664872095527229606e-11
-1.524000000000000021e+01 1.674304428590536397e-11
-1.519999999999999929e+01 1.683843018011595323e-11
-1.516000000000000014e+01 1.693489639522784884e-11
-1.512000000000000099e+01 1.703246108060677047e-11
-1.508000000000000007e+01 1.713114278840708355e-11
-1.503999999999999915e+01 1.723096048467040152e-11
-1.500000000000000000e+01 1.733193356078944308e-11
-1.496000000000000085e+01 1.743408184535118419e-11
-1.491999999999999993e+01 1.753742561637377386e-11
-1.487999999999999901e+01 1.764198561395259088e-11
-1.483999999999999986e+01 1.774778305333122261e-11
-1.480000000000000071e+01 1.785483963841412593e-11
-1.475999999999999979e+01 1.796317757573813431e-11
-1.471999999999999886e+01 1.807281958892105418e-11
-1.467999999999999972e+01 1.818378893360636291e-11
-1.464000000000000057e+01 1.829610941292361517e-11
-1.459999999999999964e+01 1.840980539348545998e-11
-1.455999999999999872e+01 1.852490182194279801e-11
-1.451999999999999957e+01 1.864142424212078112e-11
-1.448000000000000043e+01 1.875939881275938730e-11
-1.443999999999999950e+01 1.887885232588328612e-11
-1.439999999999999858e+01 1.899981222582701549e-11
-1.435999999999999943e+01 1.912230662894268248e-11
-1.432000000000000028e+01 1.924636434401861628e-11
-1.428000000000000114e+01 1.937201489343880012e-11
-1.424000000000000021e+01 1.949928853511435999e-11
-1.419999999999999929e+01 1.962821628521988070e-11
-1.416000000000000014e+01 1.975882994176886436e-11
-1.412000000000000099e+01 1.989116210906440089e-11
-1.408000000000000007e+01 2.002524622306273570e-11
-1.403999999999999915e+01 2.016111657768950715e-11
-1.400000000000000000e+01 2.029880835215017106e-11
-1.396000000000000085e+01 2.043835763927832039e-11
-1.391999999999999993e+01 2.057980147496778283e-11
-1.387999999999999901e+01 2.072317786873663742e-11
-1.383999999999999986e+01 2.086852583547383781e-11
-1.380000000000000071e+01 2.101588542842163686e-11
-1.375999999999999979e+01 2.116529777344969250e-11
-1.371999999999999886e+01 2.131680510467977868e-11
-1.367999999999999972e+01 2.147045080152291354e-11
-1.364000000000000057e+01 2.162627942719411019e-11
-1.359999999999999964e+01 2.178433676877318610e-11
-1.355999999999999872e+01 2.194466987888394171e-11
-1.351999999999999957e+01 2.210732711906761173e-11
-1.348000000000000043e+01 2.227235820493075779e-11
-1.343999999999999950e+01 2.243981425315203949e-11
-1.339999999999999858e+01 2.260974783043672760e-11
-1.335999999999999943e+01 2.278221300451301567e-11
-1.332000000000000028e+01 2.295726539726900399e-11
-1.328000000000000114e+01 2.313496224013491668e-11
-1.324000000000000021e+01 2.331536243182084481e-11
-1.319999999999999929e+01 2.349852659852653172e-11
-1.316000000000000014e+01 2.368451715674633413e-11
-1.312000000000000099e+01 2.387339837879934911e-11
-1.308000000000000007e+01 2.406523646122225166e-11
-1.303999999999999915e+01 2.426009959617026823e-11
-1.300000000000000000e+01 2.445805804598014514e-11
-1.296000000000000085e+01 2.465918422105801784e-11
-1.291999999999999993e+01 2.486355276126445126e-11
-1.287999999999999901e+01 2.507124062097929968e-11
-1.283999999999999986e+01 2.528232715804001112e-11
-1.280000000000000071e+01 2.549689422675831015e-11
-1.275999999999999979e+01 2.571502627523275926e-11
-1.271999999999999886e+01 2.593681044718799495e-11
-1.267999999999999972e+01 2.616233668858550035e-11
-1.264000000000000057e+01 2.639169785926582023e-11
-1.259999999999999964e+01 2.662498984989841586e-11
-1.255999999999999872e+01 2.686231170453253116e-11
-1.251999999999999957e+01 2.710376574906113032e-11
-1.248000000000000043e+01 2.734945772592962254e-11
-1.243999999999999950e+01 2.759949693544233767e-11
-1.239999999999999858e+01 2.785399638404259324e-11
-1.235999999999999943e+01 2.811307293996669859e-11
-1.232000000000000028e+01 2.837684749669808802e-11
-1.228000000000000114e+01 2.864544514467639332e-11
-1.224000000000000021e+01 2.891899535174613829e-11
-1.219999999999999929e+01 2.919763215286237923e-11
-1.216000000000000014e+01 2.948149434960569608e-11
-1.212000000000000099e+01 2.977072572009622359e-11
-1.208000000000000007e+01 3.006547523993719571e-11
-1.203999999999999915e+01 3.036589731486187747e-11
-1.200000000000000000e+01 3.067215202580502110e-11
-1.195999999999999908e+01 3.098440538717038610e-11
-1.191999999999999993e+01 3.130282961912068334e-11
-1.187999999999999901e+01 3.162760343477564654e-11
-1.183999999999999986e+01 3.195891234326712395e-11
-1.180000000000000071e+01 3.229694896966994039e-11
-1.175999999999999979e+01 3.264191339290103515e-11
-1.172000000000000064e+01 3.299401350276091632e-11
-1.167999999999999972e+01 3.335346537737870104e-11
-1.164000000000000057e+01 3.372049368241658128e-11
-1.159999999999999964e+01 3.409533209349335275e-11
-1.156000000000000050e+01 3.447822374339708632e-11
-1.151999999999999957e+01 3.486942169577979928e-11
-1.148000000000000043e+01 3.526918944715731666e-11
-1.143999999999999950e+01 3.567780145918253413e-11
-1.140000000000000036e+01 3.609554372331495759e-11
-1.135999999999999943e+01 3.652271436018076295e-11
-1.132000000000000028e+01 3.695962425610200356e-11
-1.127999999999999936e+01 3.740659773947694316e-11
-1.124000000000000021e+01 3.786397329991320597e-11
-1.119999999999999929e+01 3.833210435325823848e-11
-1.116000000000000014e+01 3.881136005593408503e-11
-1.111999999999999922e+01 3.930212617227401951e-11
-1.108000000000000007e+01 3.980480599887350563e-11
-1.103999999999999915e+01 4.031982135031687290e-11
-1.100000000000000000e+01 4.084761361102004133e-11
-1.095999999999999908e+01 4.138864485835014595e-11
-1.091999999999999993e+01 4.194339906264078211e-11
-1.087999999999999901e+01 4.251238337022975339e-11
-1.083999999999999986e+01 4.309612947620196548e-11
-1.079999999999999893e+01 4.369519509413654663e-11
-1.075999999999999979e+01 4.431016553083382480e-11
-1.072000000000000064e+01 4.494165537474927252e-11
-1.067999999999999972e+01 4.559031030768845882e-11
-1.064000000000000057e+01 4.625680905023568360e-11
-1.059999999999999964e+01 4.694186545240580068e-11
-1.056000000000000050e+01 4.764623074213565975e-11
-1.051999999999999957e+01 4.837069594548612018e-11
-1.048000000000000043e+01 4.911609449381688789e-11
-1.043999999999999950e+01 4.988330503474894126e-11
-1.040000000000000036e+01 5.067325446545605163e-11
-1.035999999999999943e+01 5.148692120875736234e-11
-1.032000000000000028e+01 5.232533875463585716e-11
-1.027999999999999936e+01 5.318959949222045437e-11
-1.024000000000000021e+01 5.408085885996740237e-11
-1.019999999999999929e+01 5.500033984480741066e-11
-1.016000000000000014e+01 5.594933786442458428e-11
-1.011999999999999922e+01 5.692922607066117022e-11
-1.008000000000000007e+01 5.794146111634858100e-11
-1.003999999999999915e+01 5.898758943272823371e-11
-1.000000000000000000e+01 6.006925407011307093e-11
-9.959999999999999076e+00 6.118820216065507681e-11
-9.919999999999999929e+00 6.234629306911891049e-11
-9.879999999999999005e+00 6.354550730555285453e-11
-9.839999999999999858e+00 6.478795628282563953e-11
-9.799999999999998934e+00 6.607589301234052055e-11
-9.759999999999999787e+00 6.741172384302905298e-11
-9.720000000000000639e+00 6.879802136220846941e-11
-9.679999999999999716e+00 7.023753859231081541e-11
-9.640000000000000568e+00 7.173322463519048731e-11
-9.599999999999999645e+00 7.328824193604954833e-11
-9.560000000000000497e+00 7.490598536243043134e-11
-9.519999999999999574e+00 7.659010332073954614e-11
-9.480000000000000426e+00 7.834452116398796518e-11
-9.439999999999999503e+00 8.017346718061936916e-11
-9.400000000000000355e+00 8.208150149630037658e-11
-9.359999999999999432e+00 8.407354826944186404e-11
-9.320000000000000284e+00 8.615493161824491399e-11
-9.279999999999999361e+00 8.833141578375350398e-11
-9.240000000000000213e+00 9.060925011155745912e-11
-9.199999999999999289e+00 9.299521952665465301e-11
-9.160000000000000142e+00 9.549670128421301117e-11
-9.119999999999999218e+00 9.812172890685852195e-11
-9.080000000000000071e+00 1.008790643706200255e-10
-9.039999999999999147e+00 1.037782797816958096e-10
-9.000000000000000000e+00 1.068298500007518022e-10
-8.959999999999999076e+00 1.100452579279522714e-10
-8.919999999999999929e+00 1.134371144695071722e-10
-8.879999999999999005e+00 1.170192955766270754e-10
-8.839999999999999858e+00 1.208070991945916864e-10
-8.799999999999998934e+00 1.248174255010160543e-10
-8.759999999999999787e+00 1.290689844706903593e-10
-8.720000000000000639e+00 1.335825356079171483e-10
-8.679999999999999716e+00 1.383811656719069839e-10
-8.640000000000000568e+00 1.434906114322854775e-10
-8.599999999999999645e+00 1.489396359886277155e-10
-8.560000000000000497e+00 1.547604690454599561e-10
-8.519999999999999574e+00 1.609893238497340359e-10
-8.480000000000000426e+00 1.676670063978310081e-10
-8.439999999999999503e+00 1.748396361689990581e-10
-8.400000000000000355e+00 1.825595022587707603e-10
-8.359999999999999432e+00 1.908860846561391660e-10
-8.320000000000000284e+00 1.998872779129743050e-10
-8.279999999999999361e+00 2.096408641025771108e-10
-8.240000000000000213e+00 2.202362944409867866e-10
-8.199999999999999289e+00 2.317768551761815609e-10
-8.160000000000000142e+00 2.443823145979865636e-10
-8.119999999999999218e+00 2.581921760139725070e-10
-8.080000000000000071e+00 2.733696986575017534e-10
-8.039999999999999147e+00 2.901068980512566600e-10
-8.000000000000000000e+00 3.086308039607996751e-10
-7.959999999999999076e+00 3.292113442212387026e-10
-7.919999999999999929e+00 3.521713455528442800e-10
-7.879999999999999005e+00 3.778993109546117514e-10
-7.839999999999999858e+00 4.068658657694303233e-10
-7.799999999999998934e+00 4.396450871459575080e-10
-7.759999999999999787e+00 4.769423812298574730e-10
-7.719999999999998863e+00 5.196312004176162600e-10
-7.679999999999999716e+00 5.688017693763327698e-10
-7.640000000000000568e+00 6.258262038138141600e-10
-7.599999999999999645e+00 6.924460649300067365e-10
-7.560000000000000497e+00 7.708905823682655648e-10
-7.519999999999999574e+00 8.640364686351167700e-10
-7.480000000000000426e+00 9.756230121882878599e-10
-7.439999999999999503e+00 1.110537433091005929e-09
-7.400000000000000355e+00 1.275180858581416104e-09
-7.359999999999999432e+00 1.477903007979331976e-09
-7.320000000000000284e+00 1.729424748537321209e-09
-7.279999999999999361e+00 2.042984597903099349e-09
-7.240000000000000213e+00 2.433506414008839165e-09
-7.199999999999999289e+00 2.914157837914818803e-09
-7.160000000000000142e+00 3.487142776329007176e-09
-7.119999999999999218e+00 4.124669533796365853e-09
-7.080000000000000071e+00 4.741572765007837958e-09
-7.039999999999999147e+00 5.183592036013644031e-09
-7.000000000000000000e+00 5.281685738650763197e-09
-6.959999999999999076e+00 4.973535375988158175e-09
-6.919999999999999929e+00 4.364923259976316065e-09
-6.879999999999999005e+00 3.642786104843831930e-09
-6.839999999999999858e+00 2.954335862918723044e-09
-6.799999999999998934e+00 2.368037712018003840e-09
-6.759999999999999787e+00 1.896345233884861627e-09
-6.719999999999998863e+00 1.526395726958925305e-09
-6.679999999999999716e+00 1.238545582051670121e-09
-6.640000000000000568e+00 1.014234710058127857e-09
-6.599999999999999645e+00 8.383060329328997314e-10
-6.560000000000000497e+00 6.991005846764275365e-10
-6.519999999999999574e+00 5.878708733033457823e-10
-6.480000000000000426e+00 4.981068849235943909e-10
-6.439999999999999503e+00 4.249609260445254555e-10
-6.400000000000000355e+00 3.648042785418565226e-10
-6.359999999999999432e+00 3.148998425370788773e-10
-6.320000000000000284e+00 2.731647393695384850e-10
-6.279999999999999361e+00 2.379991175465331002e-10
-6.240000000000000213e+00 2.081625712534574449e-10
-6.199999999999999289e+00 1.826845053495630556e-10
-6.160000000000000142e+00 1.607986781362656782e-10
-6.119999999999999218e+00 1.418950204438271085e-10
-6.080000000000000071e+00 1.254838703198907896e-10
-6.039999999999999147e+00 1.111691938109461543e-10
-6.000000000000000000e+00 9.862836093384825018e-11
-5.959999999999999076e+00 8.759674292054461082e-11
-5.919999999999999929e+00 7.785588500239024108e-11
-5.879999999999999005e+00 6.922435279707267241e-11
-5.839999999999999858e+00 6.155059407141747238e-11
-5.799999999999998934e+00 5.470733166550438930e-11
-5.759999999999999787e+00 4.858712855184102814e-11
-5.719999999999998863e+00 4.309885676042237811e-11
-5.679999999999999716e+00 3.816486820249675390e-11
-5.640000000000000568e+00 3.371871423017739881e-11
-5.599999999999999645e+00 2.970329696070713240e-11
-5.560000000000000497e+00 2.606936242704875481e-11
-5.519999999999999574e+00 2.277426595016597062e-11
-5.480000000000000426e+00 1.978095552693537322e-11
-5.439999999999999503e+00 1.705713076534579986e-11
-5.400000000000000355e+00 1.457454390241226268e-11
-5.359999999999999432e+00 1.230841638887291919e-11
-5.320000000000000284e+00 1.023694991878933841e-11
-5.279999999999999361e+00 8.340914993016035235e-12
-5.240000000000000213e+00 6.603303410541973316e-12
-5.199999999999999289e+00 5.009033689297496410e-12
-5.160000000000000142e+00 3.544700485694341777e-12
-5.119999999999999218e+00 2.198360729616158098e-12
-5.080000000000000071e+00 9.593505103305284462e-13
-5.039999999999999147e+00 -1.818721908610318922e-13
-5.000000000000000000e+00 -1.233862969152857206e-12
-4.959999999999999076e+00 -2.204308019539448769e-12
-4.919999999999999929e+00 -3.100125503214235509e-12
-4.879999999999999005e+00 -3.927553583403593006e-12
-4.839999999999999858e+00 -4.692227078000848914e-12
-4.799999999999998934e+00 -5.399244364370738443e-12
-4.759999999999999787e+00 -6.053225913941876085e-12
-4.719999999999998863e+00 -6.658365620557318276e-12
-4.679999999999999716e+00 -7.218475908882883592e-12
-4.640000000000000568e+00 -7.737027460963217926e-12
-4.599999999999999645e+00 -8.217184275002231908e-12
-4.560000000000000497e+00 -8.661834666376175948e-12
-4.519999999999999574e+00 -9.073618733306381240e-12
-4.480000000000000426e+00 -9.454952735708711486e-12
-4.439999999999999503e+00 -9.808050773201327705e-12
-4.400000000000000355e+00 -1.013494409519942740e-11
-4.359999999999999432e+00 -1.043749833090809324e-11
-4.320000000000000284e+00 -1.071742888855953806e-11
-4.279999999999999361e+00 -1.097631474037288835e-11
-4.240000000000000213e+00 -1.121561078156108166e-11
-4.199999999999999289e+00 -1.143665892754436641e-11
-4.160000000000000142e+00 -1.164069809274002679e-11
-4.119999999999999218e+00 -1.182887317637664107e-11
-4.080000000000000071e+00 -1.200224316529928518e-11
-4.039999999999999147e+00 -1.216178845033213880e-11
-4.000000000000000000e+00 -1.230841744114394255e-11
-3.960000000000000853e+00 -1.244297255446473613e-11
-3.919999999999998153e+00 -1.256623564171291516e-11
-3.879999999999999005e+00 -1.267893291442755463e-11
-3.839999999999999858e+00 -1.278173941920611527e-11
-3.800000000000000711e+00 -1.287528310798882576e-11
-3.759999999999998010e+00 -1.296014854439704349e-11
-3.719999999999998863e+00 -1.303688028232498870e-11
-3.679999999999999716e+00 -1.310598594902118852e-11
-3.640000000000000568e+00 -1.316793906140541427e-11
-3.600000000000001421e+00 -1.322318160128938264e-11
-3.559999999999998721e+00 -1.327212637245031940e-11
-3.519999999999999574e+00 -1.331515916010228684e-11
-3.480000000000000426e+00 -1.335264071118008949e-11
-3.440000000000001279e+00 -1.338490855196182496e-11
-3.399999999999998579e+00 -1.341227865787837260e-11
-3.359999999999999432e+00 -1.343504698886625041e-11
-3.320000000000000284e+00 -1.345349090229219338e-11
-3.280000000000001137e+00 -1.346787045429293157e-11
-3.239999999999998437e+00 -1.347842959931754987e-11
-3.199999999999999289e+00 -1.348539729671421155e-11
-3.160000000000000142e+00 -1.348898853235847616e-11
-3.120000000000000995e+00 -1.348940526256320385e-11
-3.079999999999998295e+00 -1.348683728683117314e-11
-3.039999999999999147e+00 -1.348146305540208993e-11
-3.000000000000000000e+00 -1.347345041699817176e-11
-2.960000000000000853e+00 -1.346295731167947589e-11
-2.919999999999998153e+00 -1.345013241327692408e-11
-2.879999999999999005e+00 -1.343511572547050397e-11
-2.839999999999999858e+00 -1.341803913521964880e-11
-2.800000000000000711e+00 -1.339902692692656176e-11
-2.759999999999998010e+00 -1.337819626041873800e-11
-2.719999999999998863e+00 -1.335565761557002743e-11
-2.679999999999999716e+00 -1.333151520613835847e-11
-2.640000000000000568e+00 -1.330586736517892521e-11
-2.599999999999997868e+00 -1.327880690419326072e-11
-2.559999999999998721e+00 -1.325042144799394043e-11
-2.519999999999999574e+00 -1.322079374710087412e-11
-2.480000000000000426e+00 -1.319000196933576329e-11
-2.440000000000001279e+00 -1.315811997214567846e-11
-2.399999999999998579e+00 -1.312521755706280198e-11
-2.359999999999999432e+00 -1.309136070759467202e-11
-2.320000000000000284e+00 -1.305661181173615351e-11
-2.280000000000001137e+00 -1.302102987020050728e-11
-2.239999999999998437e+00 -1.298467069138076170e-11
-2.199999999999999289e+00 -1.294758707397420566e-11
-2.160000000000000142e+00 -1.290982897813066813e-11
-2.120000000000000995e+00 -1.287144368591953900e-11
-2.079999999999998295e+00 -1.283247595184994456e-11
-2.039999999999999147e+00 -1.279296814412317690e-11
-2.000000000000000000e+00 -1.275296037724558052e-11
-1.960000000000000853e+00 -1.271249063658349120e-11
-1.919999999999998153e+00 -1.267159489539874456e-11
-1.879999999999999005e+00 -1.263030722486406747e-11
-1.839999999999999858e+00 -1.258865989752100811e-11
-1.800000000000000711e+00 -1.254668348461001189e-11
-1.759999999999998010e+00 -1.250440694767109387e-11
-1.719999999999998863e+00 -1.246185772478543092e-11
-1.679999999999999716e+00 -1.241906181180180305e-11
-1.640000000000000568e+00 -1.237604383886777832e-11
-1.599999999999997868e+00 -1.233282714256315156e-11
-1.559999999999998721e+00 -1.228943383391251149e-11
-1.519999999999999574e+00 -1.224588486253470634e-11
-1.480000000000000426e+00 -1.220220007716948299e-11
-1.440000000000001279e+00 -1.215839828280502119e-11
-1.399999999999998579e+00 -1.211449729461520828e-11
-1.359999999999999432e+00 -1.207051398890123579e-11
-1.320000000000000284e+00 -1.202646435121933422e-11
-1.280000000000001137e+00 -1.198236352186433628e-11
-1.239999999999998437e+00 -1.193822583886749771e-11
-1.199999999999999289e+00 -1.189406487865681392e-11
-1.160000000000000142e+00 -1.184989349451820593e-11
-1.120000000000000995e+00 -1.180572385298724414e-11
-1.079999999999998295e+00 -1.176156746829250964e-11
-1.039999999999999147e+00 -1.171743523496417835e-11
-1.000000000000000000e+00 -1.167333745871397391e-11
-9.600000000000008527e-01 -1.162928388568616268e-11
-9.199999999999981526e-01 -1.158528373017278630e-11
-8.799999999999990052e-01 -1.154134570088074160e-11
-8.399999999999998579e-01 -1.149747802583261673e-11
-8.000000000000007105e-01 -1.145368847597842599e-11
-7.599999999999980105e-01 -1.140998438759040374e-11
-7.199999999999988631e-01 -1.136637268350882820e-11
-6.799999999999997158e-01 -1.132285989330245997e-11
-6.400000000000005684e-01 -1.127945217240368686e-11
-5.999999999999978684e-01 -1.123615532027454272e-11
-5.599999999999987210e-01 -1.119297479765662687e-11
-5.199999999999995737e-01 -1.114991574295466178e-11
-4.800000000000004263e-01 -1.110698298780061523e-11
-4.400000000000012790e-01 -1.106418107184249896e-11
-3.999999999999985789e-01 -1.102151425679927558e-11
-3.599999999999994316e-01 -1.097898653982119388e-11
-3.200000000000002842e-01 -1.093660166619218591e-11
-2.800000000000011369e-01 -1.089436314140924531e-11
-2.399999999999984368e-01 -1.085227424267144735e-11
-1.999999999999992895e-01 -1.081033802980954618e-11
-1.600000000000001421e-01 -1.076855735568522648e-11
-1.200000000000009948e-01 -1.072693487608757953e-11
-7.999999999999829470e-02 -1.068547305915273394e-11
-3.999999999999914735e-02 -1.064417419433109283e-11
0.000000000000000000e+00 -1.060304040092540493e-11
3.999999999999914735e-02 -1.056207363622149111e-11
8.000000000000184741e-02 -1.052127570323226572e-11
1.200000000000009948e-01 -1.048064825807467378e-11
1.600000000000001421e-01 -1.044019281699786665e-11
1.999999999999992895e-01 -1.039991076308026467e-11
2.400000000000019895e-01 -1.035980335261181133e-11
2.800000000000011369e-01 -1.031987172117730508e-11
3.200000000000002842e-01 -1.028011688945534253e-11
3.599999999999994316e-01 -1.024053976874711130e-11
4.000000000000021316e-01 -1.020114116624815908e-11
4.400000000000012790e-01 -1.016192179007575662e-11
4.800000000000004263e-01 -1.012288225406374555e-11
5.199999999999995737e-01 -1.008402308233618633e-11
5.599999999999987210e-01 -1.004534471367043712e-11
6.000000000000014211e-01 -1.000684750565989498e-11
6.400000000000005684e-01 -9.968531738685947512e-12
6.799999999999997158e-01 -9.930397619708235641e-12
7.199999999999988631e-01 -9.892445285882006475e-12
7.600000000000015632e-01 -9.854674808010605265e-12
8.000000000000007105e-01 -9.817086193841071202e-12
8.399999999999998579e-01 -9.779679391210052304e-12
8.799999999999990052e-01 -9.742454291047259451e-12
9.200000000000017053e-01 -9.705410730243004296e-12
9.600000000000008527e-01 -9.668548494386220408e-12
1.000000000000000000e+00 -9.631867320378961469e-12
1.039999999999999147e+00 -9.595366898933142558e-12
1.080000000000001847e+00 -9.559046876954954500e-12
1.120000000000000995e+00 -9.522906859822116330e-12
1.160000000000000142e+00 -9.486946413558880475e-12
1.199999999999999289e+00 -9.451165066913529174e-12
1.240000000000001990e+00 -9.415562313342751683e-12
1.280000000000001137e+00 -9.380137612907188431e-12
1.320000000000000284e+00 -9.344890394082129377e-12
1.359999999999999432e+00 -9.309820055487268227e-12
1.400000000000002132e+00 -9.274925967539116875e-12
1.440000000000001279e+00 -9.240207474029585896e-12
1.480000000000000426e+00 -9.205663893634022049e-12
1.519999999999999574e+00 -9.171294521351940414e-12
1.559999999999998721e+00 -9.137098629883302677e-12
1.600000000000001421e+00 -9.103075470943417656e-12
1.640000000000000568e+00 -9.069224276518992438e-12
1.679999999999999716e+00 -9.035544260068093569e-12
1.719999999999998863e+00 -9.002034617666409355e-12
1.760000000000001563e+00 -8.968694529102230201e-12
1.800000000000000711e+00 -8.935523158922371639e-12
1.839999999999999858e+00 -8.902519657431237260e-12
1.879999999999999005e+00 -8.869683161645003859e-12
1.920000000000001705e+00 -8.837012796202985449e-12
1.960000000000000853e+00 -8.804507674237979130e-12
2.000000000000000000e+00 -8.772166898207360267e-12
2.039999999999999147e+00 -8.739989560686731594e-12
2.080000000000001847e+00 -8.707974745127622270e-12
2.120000000000000995e+00 -8.676121526580920333e-12
2.160000000000000142e+00 -8.644428972387398873e-12
2.199999999999999289e+00 -8.612896142836856197e-12
2.240000000000001990e+00 -8.581522091797159221e-12
2.280000000000001137e+00 -8.550305867314505175e-12
2.320000000000000284e+00 -8.519246512186147239e-12
2.359999999999999432e+00 -8.488343064506729573e-12
2.400000000000002132e+00 -8.457594558189411095e-12
2.440000000000001279e+00 -8.427000023462813627e-12
2.480000000000000426e+00 -8.396558487344839673e-12
2.519999999999999574e+00 -8.366268974094334031e-12
2.559999999999998721e+00 -8.336130505641586074e-12
2.600000000000001421e+00 -8.306142101998485311e-12
2.640000000000000568e+00 -8.276302781649257599e-12
2.679999999999999716e+00 -8.246611561922601104e-12
2.719999999999998863e+00 -8.217067459345950624e-12
2.760000000000001563e+00 -8.187669489982734640e-12
2.800000000000000711e+00 -8.158416669753247078e-12
2.839999999999999858e+00 -8.129308014739834943e-12
2.879999999999999005e+00 -8.100342541477161172e-12
2.920000000000001705e+00 -8.071519267228025745e-12
2.960000000000000853e+00 -8.042837210245501160e-12
3.000000000000000000e+00 -8.014295390021808785e-12
3.039999999999999147e+00 -7.985892827524653405e-12
3.080000000000001847e+00 -7.957628545421406940e-12
3.120000000000000995e+00 -7.929501568291745561e-12
3.160000000000000142e+00 -7.901510922829166721e-12
3.199999999999999289e+00 -7.873655638031893393e-12
3.240000000000001990e+00 -7.845934745383590413e-12
3.280000000000001137e+00 -7.818347279024337223e-12
3.320000000000000284e+00 -7.790892275912244745e-12
3.359999999999999432e+00 -7.763568775976134825e-12
3.400000000000002132e+00 -7.736375822259640914e-12
3.440000000000001279e+00 -7.709312461057108026e-12
3.480000000000000426e+00 -7.682377742041605400e-12
3.519999999999999574e+00 -7.655570718385433144e-12
3.559999999999998721e+00 -7.628890446873394283e-12
3.600000000000001421e+00 -7.602335988009152086e-12
3.640000000000000568e+00 -7.575906406115008731e-12
3.679999999999999716e+00 -7.549600769425263623e-12
3.719999999999998863e+00 -7.523418150173592422e-12
3.760000000000001563e+00 -7.497357624674543724e-12
3.800000000000000711e+00 -7.471418273399513657e-12
3.839999999999999858e+00 -7.445599181047343812e-12
3.879999999999999005e+00 -7.419899436609868840e-12
3.920000000000001705e+00 -7.394318133432530054e-12
3.960000000000000853e+00 -7.368854369270345827e-12
4.000000000000000000e+00 -7.343507246339364813e-12
4.039999999999999147e+00 -7.318275871363886325e-12
4.080000000000001847e+00 -7.293159355619517351e-12
4.120000000000000995e+00 -7.268156814972365079e-12
4.160000000000000142e+00 -7.243267369914419875e-12
4.199999999999999289e+00 -7.218490145595368612e-12
4.240000000000001990e+00 -7.193824271850974885e-12
4.280000000000001137e+00 -7.169268883228154538e-12
4.320000000000000284e+00 -7.144823119006910491e-12
4.359999999999999432e+00 -7.120486123219261763e-12
4.400000000000002132e+00 -7.096257044665290298e-12
4.440000000000001279e+00 -7.072135036926447743e-12
4.480000000000000426e+00 -7.048119258376216708e-12
4.519999999999999574e+00 -7.024208872188270292e-12
4.560000000000002274e+00 -7.000403046342227609e-12
4.600000000000001421e+00 -6.976700953627120840e-12
4.640000000000000568e+00 -6.953101771642658619e-12
4.679999999999999716e+00 -6.929604682798406128e-12
4.719999999999998863e+00 -6.906208874310964275e-12
4.760000000000001563e+00 -6.882913538199244109e-12
4.800000000000000711e+00 -6.859717871277913185e-12
4.839999999999999858e+00 -6.836621075149121337e-12
4.879999999999999005e+00 -6.813622356192541389e-12
4.920000000000001705e+00 -6.790720925553854063e-12
4.960000000000000853e+00 -6.767915999131731995e-12
5.000000000000000000e+00 -6.745206797563356806e-12
5.039999999999999147e+00 -6.722592546208592815e-12
5.080000000000001847e+00 -6.700072475132847266e-12
5.120000000000000995e+00 -6.677645819088709191e-12
5.160000000000000142e+00 -6.655311817496373331e-12
5.199999999999999289e+00 -6.633069714422970321e-12
5.240000000000001990e+00 -6.610918758560808766e-12
5.280000000000001137e+00 -6.588858203204622122e-12
5.320000000000000284e+00 -6.566887306227826027e-12
5.359999999999999432e+00 -6.545005330057866865e-12
5.400000000000002132e+00 -6.523211541650718914e-12
5.440000000000001279e+00 -6.501505212464529274e-12
5.480000000000000426e+00 -6.479885618432478425e-12
5.519999999999999574e+00 -6.458352039934932357e-12
5.560000000000002274e+00 -6.436903761770843438e-12
5.600000000000001421e+00 -6.415540073128522027e-12
5.640000000000000568e+00 -6.394260267555756186e-12
5.679999999999999716e+00 -6.373063642929354631e-12
5.719999999999998863e+00 -6.351949501424100804e-12
5.760000000000001563e+00 -6.330917149481193995e-12
5.800000000000000711e+00 -6.309965897776192856e-12
5.839999999999999858e+00 -6.289095061186464559e-12
5.879999999999999005e+00 -6.268303958758210658e-12
5.920000000000001705e+00 -6.247591913673060786e-12
5.960000000000000853e+00 -6.226958253214272959e-12
6.000000000000000000e+00 -6.206402308732577639e-12
6.039999999999999147e+00 -6.185923415611662331e-12
6.080000000000001847e+00 -6.165520913233324984e-12
6.120000000000000995e+00 -6.145194144942352742e-12
6.160000000000000142e+00 -6.124942458011081616e-12
6.199999999999999289e+00 -6.104765203603717052e-12
6.240000000000001990e+00 -6.084661736740394387e-12
6.280000000000001137e+00 -6.064631416261030894e-12
6.320000000000000284e+00 -6.044673604788932257e-12
6.359999999999999432e+00 -6.024787668694228605e-12
6.400000000000002132e+00 -6.004972978057123137e-12
6.440000000000001279e+00 -5.985228906630984030e-12
6.480000000000000426e+00 -5.965554831805250563e-12
6.519999999999999574e+00 -5.945950134568245527e-12
6.560000000000002274e+00 -5.926414199469805085e-12
6.600000000000001421e+00 -5.906946414583855308e-12
6.640000000000000568e+00 -5.887546171470828770e-12
6.679999999999999716e+00 -5.868212865140013295e-12
6.719999999999998863e+00 -5.848945894011814261e-12
6.760000000000001563e+00 -5.829744659879936129e-12
6.800000000000000711e+00 -5.810608567873509849e-12
6.839999999999999858e+00 -5.791537026419122527e-12
6.879999999999999005e+00 -5.772529447202872125e-12
6.920000000000001705e+00 -5.753585245132290499e-12
6.960000000000000853e+00 -5.734703838298310862e-12
7.000000000000000000e+00 -5.715884647937144771e-12
7.039999999999999147e+00 -5.697127098392175279e-12
7.080000000000001847e+00 -5.678430617075813726e-12
7.120000000000000995e+00 -5.659794634431361381e-12
7.160000000000000142e+00 -5.641218583894838779e-12
7.199999999999999289e+00 -5.622701901856837660e-12
7.240000000000001990e+00 -5.604244027624368080e-12
7.280000000000001137e+00 -5.585844403382711163e-12
7.320000000000000284e+00 -5.567502474157262162e-12
7.359999999999999432e+00 -5.549217687775438961e-12
7.400000000000002132e+00 -5.530989494828540478e-12
7.440000000000001279e+00 -5.512817348633686667e-12
7.480000000000000426e+00 -5.494700705195723783e-12
7.519999999999999574e+00 -5.476639023169206380e-12
7.560000000000002274e+00 -5.458631763820362358e-12
7.600000000000001421e+00 -5.440678390989111311e-12
7.640000000000000568e+00 -5.422778371051102272e-12
7.679999999999999716e+00 -5.404931172879791843e-12
7.719999999999998863e+00 -5.387136267808527979e-12
7.760000000000001563e+00 -5.369393129592695170e-12
7.800000000000000711e+00 -5.351701234371893541e-12
7.839999999999999858e+00 -5.334060060632110691e-12
7.879999999999999005e+00 -5.316469089167971075e-12
7.920000000000001705e+00 -5.298927803045005580e-12
7.960000000000000853e+00 -5.281435687561942919e-12
8.000000000000000000e+00 -5.263992230213045440e-12
8.039999999999999147e+00 -5.246596920650470801e-12
8.080000000000001847e+00 -5.229249250646669981e-12
8.120000000000000995e+00 -5.211948714056815189e-12
8.160000000000000142e+00 -5.194694806781248771e-12
8.199999999999999289e+00 -5.177487026727974931e-12
8.240000000000001990e+00 -5.160324873775161956e-12
8.280000000000001137e+00 -5.143207849733688862e-12
8.320000000000000284e+00 -5.126135458309697707e-12
8.359999999999999432e+00 -5.109107205067171740e-12
8.400000000000002132e+00 -5.092122597390541832e-12
8.440000000000001279e+00 -5.075181144447312290e-12
8.480000000000000426e+00 -5.058282357150681020e-12
8.519999999999999574e+00 -5.041425748122197649e-12
8.560000000000002274e+00 -5.024610831654413578e-12
8.600000000000001421e+00 -5.007837123673564342e-12
8.640000000000000568e+00 -4.991104141702222080e-12
8.679999999999999716e+00 -4.974411404821986783e-12
8.719999999999998863e+00 -4.957758433636150075e-12
8.760000000000001563e+00 -4.941144750232371112e-12
8.800000000000000711e+00 -4.924569878145344400e-12
8.839999999999999858e+00 -4.908033342319446617e-12
8.879999999999999005e+00 -4.891534669071386657e-12
8.920000000000001705e+00 -4.875073386052821753e-12
8.960000000000000853e+00 -4.858649022212971986e-12
9.000000000000000000e+00 -4.842261107761191973e-12
9.039999999999999147e+00 -4.825909174129531255e-12
9.080000000000001847e+00 -4.809592753935243787e-12
9.120000000000000995e+00 -4.793311380943290162e-12
9.160000000000000142e+00 -4.777064590028766324e-12
9.199999999999999289e+00 -4.760851917139315316e-12
9.240000000000001990e+00 -4.744672899257475219e-12
9.280000000000001137e+00 -4.728527074362981036e-12
9.320000000000000284e+00 -4.712413981395006000e-12
9.359999999999999432e+00 -4.696333160214344721e-12
9.400000000000002132e+00 -4.680284151565519582e-12
9.440000000000001279e+00 -4.664266497038837876e-12
9.480000000000000426e+00 -4.648279739032345532e-12
9.519999999999999574e+00 -4.632323420713714607e-12
9.560000000000002274e+00 -4.616397085982041922e-12
9.600000000000001421e+00 -4.600500279429559646e-12
9.640000000000000568e+00 -4.584632546303244097e-12
9.679999999999999716e+00 -4.568793432466316306e-12
9.719999999999998863e+00 -4.552982484359649674e-12
9.760000000000001563e+00 -4.537199248963054043e-12
9.800000000000000711e+00 -4.521443273756445061e-12
9.839999999999999858e+00 -4.505714106680881068e-12
9.879999999999999005e+00 -4.490011296099478807e-12
9.920000000000001705e+00 -4.474334390758188589e-12
9.960000000000000853e+00 -4.458682939746426472e-12
1.000000000000000000e+01 -4.443056492457555383e-12
1.003999999999999915e+01 -4.427454598549212762e-12
1.008000000000000185e+01 -4.411876807903479874e-12
1.012000000000000099e+01 -4.396322670586879069e-12
1.016000000000000014e+01 -4.380791736810192509e-12
1.019999999999999929e+01 -4.365283556888108842e-12
1.024000000000000199e+01 -4.349797681198666313e-12
1.028000000000000114e+01 -4.334333660142531886e-12
1.032000000000000028e+01 -4.318891044102025112e-12
1.035999999999999943e+01 -4.303469383399987699e-12
1.040000000000000213e+01 -4.288068228258399444e-12
1.044000000000000128e+01 -4.272687128756792212e-12
1.048000000000000043e+01 -4.257325634790404610e-12
1.051999999999999957e+01 -4.241983296028129874e-12
1.056000000000000227e+01 -4.226659661870189097e-12
1.060000000000000142e+01 -4.211354281405568592e-12
1.064000000000000057e+01 -4.196066703369176131e-12
1.067999999999999972e+01 -4.180796476098738699e-12
1.071999999999999886e+01 -4.165543147491414284e-12
1.076000000000000156e+01 -4.150306264960112868e-12
1.080000000000000071e+01 -4.135085375389535485e-12
1.083999999999999986e+01 -4.119880025091875638e-12
1.087999999999999901e+01 -4.104689759762239589e-12
1.092000000000000171e+01 -4.089514124433721733e-12
1.096000000000000085e+01 -4.074352663432155228e-12
1.100000000000000000e+01 -4.059204920330514477e-12
1.103999999999999915e+01 -4.044070437902970248e-12
1.108000000000000185e+01 -4.028948758078575642e-12
1.112000000000000099e+01 -4.013839421894599050e-12
1.116000000000000014e+01 -3.998741969449437864e-12
1.119999999999999929e+01 -3.983655939855183222e-12
1.124000000000000199e+01 -3.968580871189751784e-12
1.128000000000000114e+01 -3.953516300448623289e-12
1.132000000000000028e+01 -3.938461763496125760e-12
1.135999999999999943e+01 -3.923416795016326503e-12
1.140000000000000213e+01 -3.908380928463440850e-12
1.144000000000000128e+01 -3.893353696011808737e-12
1.148000000000000043e+01 -3.878334628505374482e-12
1.151999999999999957e+01 -3.863323255406721478e-12
1.156000000000000227e+01 -3.848319104745570505e-12
1.160000000000000142e+01 -3.833321703066823254e-12
1.164000000000000057e+01 -3.818330575378040399e-12
1.167999999999999972e+01 -3.803345245096413178e-12
1.172000000000000242e+01 -3.788365233995197798e-12
1.176000000000000156e+01 -3.773390062149576298e-12
1.180000000000000071e+01 -3.758419247881951156e-12
1.183999999999999986e+01 -3.743452307706668781e-12
1.187999999999999901e+01 -3.728488756274131508e-12
1.192000000000000171e+01 -3.713528106314300517e-12
1.196000000000000085e+01 -3.698569868579583210e-12
1.200000000000000000e+01 -3.683613551787063050e-12
1.203999999999999915e+01 -3.668658662560081541e-12
1.207999999999999829e+01 -3.653704705369157825e-12
1.211999999999999744e+01 -3.638751182472202264e-12
1.216000000000000369e+01 -3.623797593854039361e-12
1.220000000000000284e+01 -3.608843437165222643e-12
1.224000000000000199e+01 -3.593888207660078919e-12
1.228000000000000114e+01 -3.578931398134036825e-12
1.232000000000000028e+01 -3.563972498860171004e-12
1.235999999999999943e+01 -3.549010997524952633e-12
1.239999999999999858e+01 -3.534046379163201436e-12
1.243999999999999773e+01 -3.519078126092222644e-12
1.248000000000000398e+01 -3.504105717845078397e-12
1.252000000000000313e+01 -3.489128631103033991e-12
1.256000000000000227e+01 -3.474146339627077174e-12
1.260000000000000142e+01 -3.459158314188579573e-12
1.264000000000000057e+01 -3.444164022499015014e-12
1.267999999999999972e+01 -3.429162929138742026e-12
1.271999999999999886e+01 -3.414154495484822631e-12
1.275999999999999801e+01 -3.399138179637863310e-12
1.279999999999999716e+01 -3.384113436347837746e-12
1.284000000000000341e+01 -3.369079716938894570e-12
1.288000000000000256e+01 -3.354036469233114166e-12
1.292000000000000171e+01 -3.338983137473173751e-12
1.296000000000000085e+01 -3.323919162243930811e-12
1.300000000000000000e+01 -3.308843980392881287e-12
1.303999999999999915e+01 -3.293757024949466648e-12
1.307999999999999829e+01 -3.278657725043210075e-12
1.311999999999999744e+01 -3.263545505820647818e-12
1.316000000000000369e+01 -3.248419788361044010e-12
1.320000000000000284e+01 -3.233279989590853413e-12
1.324000000000000199e+01 -3.218125522196886431e-12
1.328000000000000114e+01 -3.202955794538185298e-12
1.332000000000000028e+01 -3.187770210556552458e-12
1.335999999999999943e+01 -3.172568169685716598e-12
1.339999999999999858e+01 -3.157349066759093536e-12
1.343999999999999773e+01 -3.142112291916119720e-12
1.348000000000000398e+01 -3.126857230507138176e-12
1.352000000000000313e+01 -3.111583262996775899e-12
1.356000000000000227e+01 -3.096289764865800561e-12
1.360000000000000142e+01 -3.080976106511418193e-12
1.364000000000000057e+01 -3.065641653145977083e-12
1.367999999999999972e+01 -3.050285764694041946e-12
1.371999999999999886e+01 -3.034907795687800416e-12
1.375999999999999801e+01 -3.019507095160772351e-12
1.379999999999999716e+01 -3.004083006539763406e-12
1.384000000000000341e+01 -2.988634867535060444e-12
1.388000000000000256e+01 -2.973162010028793655e-12
1.392000000000000171e+01 -2.957663759961431462e-12
1.396000000000000085e+01 -2.942139437216395292e-12
1.400000000000000000e+01 -2.926588355502717859e-12
1.403999999999999915e+01 -2.911009822235706617e-12
1.407999999999999829e+01 -2.895403138415590140e-12
1.411999999999999744e+01 -2.879767598504075956e-12
1.416000000000000369e+01 -2.864102490298793982e-12
1.420000000000000284e+01 -2.848407094805558511e-12
1.424000000000000199e+01 -2.832680686108401901e-12
1.428000000000000114e+01 -2.816922531237363810e-12
1.432000000000000028e+01 -2.801131890033926523e-12
1.435999999999999943e+01 -2.785308015014099591e-12
1.439999999999999858e+01 -2.769450151229056058e-12
1.443999999999999773e+01 -2.753557536123297643e-12
1.448000000000000398e+01 -2.737629399390272544e-12
1.452000000000000313e+01 -2.721664962825402648e-12
1.456000000000000227e+01 -2.705663440176434122e-12
1.460000000000000142e+01 -2.689624036991087137e-12
1.464000000000000057e+01 -2.673545950461921138e-12
1.467999999999999972e+01 -2.657428369268344960e-12
1.471999999999999886e+01 -2.641270473415728584e-12
1.475999999999999801e+01 -2.625071434071530093e-12
1.480000000000000426e+01 -2.608830413398372407e-12
1.484000000000000341e+01 -2.592546564384025347e-12
1.488000000000000256e+01 -2.576219030668156541e-12
1.492000000000000171e+01 -2.559846946365861646e-12
1.496000000000000085e+01 -2.543429435887830920e-12
1.500000000000000000e+01 -2.526965613757107713e-12
1.503999999999999915e+01 -2.510454584422343965e-12
1.507999999999999829e+01 -2.493895442067480405e-12
1.511999999999999744e+01 -2.477287270417764214e-12
1.516000000000000369e+01 -2.460629142542006818e-12
1.520000000000000284e+01 -2.443920120651031713e-12
1.524000000000000199e+01 -2.427159255892151190e-12
1.528000000000000114e+01 -2.410345588139653760e-12
1.532000000000000028e+01 -2.393478145781163759e-12
1.535999999999999943e+01 -2.376555945499788307e-12
1.539999999999999858e+01 -2.359577992051936115e-12
1.543999999999999773e+01 -2.342543278040734617e-12
1.548000000000000398e+01 -2.325450783684900441e-12
1.552000000000000313e+01 -2.308299476583005860e-12
1.556000000000000227e+01 -2.291088311472958657e-12
1.560000000000000142e+01 -2.273816229986646954e-12
1.564000000000000057e+01 -2.256482160399610842e-12
1.567999999999999972e+01 -2.239085017375586559e-12
1.571999999999999886e+01 -2.221623701705852102e-12
1.575999999999999801e+01 -2.204097100043208283e-12
1.580000000000000426e+01 -2.186504084630466794e-12
1.584000000000000341e+01 -2.168843513023356814e-12
1.588000000000000256e+01 -2.151114227807621973e-12
1.592000000000000171e+01 -2.133315056310262829e-12
1.596000000000000085e+01 -2.115444810304712407e-12
1.600000000000000000e+01 -2.097502285709824045e-12
1.603999999999999915e+01 -2.079486262282505541e-12
1.607999999999999829e+01 -2.061395503303852170e-12
1.611999999999999744e+01 -2.043228755258596023e-12
1.616000000000000369e+01 -2.024984747507730700e-12
1.620000000000000284e+01 -2.006662191954123953e-12
1.624000000000000199e+01 -1.988259782700922784e-12
1.628000000000000114e+01 -1.969776195702614501e-12
1.632000000000000028e+01 -1.951210088408511463e-12
1.635999999999999943e+01 -1.932560099398496770e-12
1.639999999999999858e+01 -1.913824848010813179e-12
1.643999999999999773e+01 -1.895002933961706639e-12
1.648000000000000398e+01 -1.876092936956696238e-12
1.652000000000000313e+01 -1.857093416293296068e-12
1.656000000000000227e+01 -1.838002910454883691e-12
1.660000000000000142e+01 -1.818819936695598442e-12
1.664000000000000057e+01 -1.799542990615940427e-12
1.667999999999999972e+01 -1.780170545728876324e-12
1.671999999999999886e+01 -1.760701053016185019e-12
1.675999999999999801e+01 -1.741132940474808815e-12
1.680000000000000426e+01 -1.721464612652902453e-12
1.684000000000000341e+01 -1.701694450175370707e-12
1.688000000000000256e+01 -1.681820809258545207e-12
1.692000000000000171e+01 -1.661842021213772671e-12
1.696000000000000085e+01 -1.641756391939579320e-12
1.700000000000000000e+01 -1.621562201402124722e-12
1.703999999999999915e+01 -1.601257703103627975e-12
1.707999999999999829e+01 -1.580841123538425374e-12
1.711999999999999744e+01 -1.560310661636350963e-12
1.716000000000000369e+01 -1.539664488193076470e-12
1.720000000000000284e+01 -1.518900745287073785e-12
1.724000000000000199e+01 -1.498017545682800103e-12
1.728000000000000114e+01 -1.477012972219771326e-12
1.732000000000000028e+01 -1.455885077187116586e-12
1.735999999999999943e+01 -1.434631881683192621e-12
1.739999999999999858e+01 -1.413251374959890068e-12
1.743999999999999773e+01 -1.391741513751158285e-12
1.748000000000000398e+01 -1.370100221585340388e-12
1.752000000000000313e+01 -1.348325388080876210e-12
1.756000000000000227e+01 -1.326414868224838037e-12
1.760000000000000142e+01 -1.304366481633913801e-12
1.764000000000000057e+01 -1.282178011797265802e-12
1.767999999999999972e+01 -1.259847205300795234e-12
1.771999999999999886e+01 -1.237371771032241008e-12
1.775999999999999801e+01 -1.214749379366621317e-12
1.780000000000000426e+01 -1.191977661331392309e-12
1.784000000000000341e+01 -1.169054207750817395e-12
1.788000000000000256e+01 -1.145976568368844391e-12
1.792000000000000171e+01 -1.122742250949967463e-12
1.796000000000000085e+01 -1.099348720357396131e-12
1.800000000000000000e+01 -1.075793397607832995e-12
1.803999999999999915e+01 -1.052073658902242623e-12
1.807999999999999829e+01 -1.028186834631850661e-12
1.811999999999999744e+01 -1.004130208358682100e-12
1.816000000000000369e+01 -9.799010157698454398e-13
1.820000000000000284e+01 -9.554964436048426108e-13
1.824000000000000199e+01 -9.309136285550148627e-13
1.828000000000000114e+01 -9.061496561343834700e-13
1.832000000000000028e+01 -8.812015595209587180e-13
1.835999999999999943e+01 -8.560663183676629258e-13
1.839999999999999858e+01 -8.307408575819227911e-13
1.843999999999999773e+01 -8.052220460730178476e-13
1.848000000000000398e+01 -7.795066954661433848e-13
1.852000000000000313e+01 -7.535915587822439224e-13
1.856000000000000227e+01 -7.274733290824839064e-13
1.860000000000000142e+01 -7.011486380763470959e-13
1.864000000000000057e+01 -6.746140546921650667e-13
1.867999999999999972e+01 -6.478660836089734060e-13
1.871999999999999886e+01 -6.209011637484358442e-13
1.875999999999999801e+01 -5.937156667256169584e-13
1.880000000000000426e+01 -5.663058952573000734e-13
1.884000000000000341e+01 -5.386680815265275985e-13
1.888000000000000256e+01 -5.107983855019287540e-13
1.892000000000000171e+01 -4.826928932104642666e-13
1.896000000000000085e+01 -4.543476149620556483e-13
1.900000000000000000e+01 -4.257584835245606164e-13
1.903999999999999915e+01 -3.969213522475186501e-13
1.907999999999999829e+01 -3.678319931329913182e-13
1.911999999999999744e+01 -3.384860948517868766e-13
1.916000000000000369e+01 -3.088792607032891612e-13
1.920000000000000284e+01 -2.790070065170736462e-13
1.924000000000000199e+01 -2.488647584943311675e-13
1.928000000000000114e+01 -2.184478509871904969e-13
1.932000000000000028e+01 -1.877515242138605054e-13
1.935999999999999943e+01 -1.567709219074173359e-13
1.939999999999999858e+01 -1.255010888960931045e-13
1.943999999999999773e+01 -9.393696861270333472e-14
1.948000000000000398e+01 -6.207340053087617751e-14
1.952000000000000313e+01 -2.990511752560510674e-14
1.956000000000000227e+01 2.573256844497815984e-15
1.960000000000000142e+01 3.536721113583021897e-14
1.964000000000000057e+01 6.848234890213490255e-14
1.967999999999999972e+01 1.019243916634110007e-13
1.971999999999999886e+01 1.356991819643674439e-13
1.975999999999999801e+01 1.698126865255541741e-13
1.980000000000000426e+01 2.042709994903639158e-13
1.984000000000000341e+01 2.390803457712596734e-13
1.988000000000000256e+01 2.742470844987693234e-13
1.992000000000000171e+01 3.097777125767712981e-13
1.996000000000000085e+01 3.456788683479196924e-13
2.000000000000000000e+01 3.819573353730797382e-13
