-2.000000000000000000e+01 4.235622289622605014e-11
-1.996000000000000085e+01 4.269200993101814560e-11
-1.992000000000000171e+01 4.303274994723792595e-11
-1.987999999999999901e+01 4.337854346097002469e-11
-1.983999999999999986e+01 4.372949347590580123e-11
-1.980000000000000071e+01 4.408570555472241029e-11
-1.976000000000000156e+01 4.444728789271842007e-11
-1.971999999999999886e+01 4.481435139379366021e-11
-1.967999999999999972e+01 4.518700974904296050e-11
-1.964000000000000057e+01 4.556537951781654222e-11
-1.960000000000000142e+01 4.594958021147701821e-11
-1.955999999999999872e+01 4.633973437996218964e-11
-1.951999999999999957e+01 4.673596770114371322e-11
-1.948000000000000043e+01 4.713840907320994071e-11
-1.944000000000000128e+01 4.754719071013248780e-11
-1.939999999999999858e+01 4.796244824029594162e-11
-1.935999999999999943e+01 4.838432080848757589e-11
-1.932000000000000028e+01 4.881295118134468108e-11
-1.928000000000000114e+01 4.924848585622311354e-11
-1.923999999999999844e+01 4.969107517402638538e-11
-1.919999999999999929e+01 5.014087343569089274e-11
-1.916000000000000014e+01 5.059803902271605718e-11
-1.912000000000000099e+01 5.106273452188330972e-11
-1.907999999999999829e+01 5.153512685422512886e-11
-1.903999999999999915e+01 5.201538740850552168e-11
-1.900000000000000000e+01 5.250369217938565593e-11
-1.896000000000000085e+01 5.300022191030773026e-11
-1.892000000000000171e+01 5.350516224145773355e-11
-1.887999999999999901e+01 5.401870386302381439e-11
-1.883999999999999986e+01 5.454104267374695217e-11
-1.880000000000000071e+01 5.507237994517090264e-11
-1.876000000000000156e+01 5.561292249172045795e-11
-1.871999999999999886e+01 5.616288284689422591e-11
-1.867999999999999972e+01 5.672247944584489784e-11
-1.864000000000000057e+01 5.729193681440987088e-11
-1.860000000000000142e+01 5.787148576512823775e-11
-1.855999999999999872e+01 5.846136360039138211e-11
-1.851999999999999957e+01 5.906181432291081361e-11
-1.848000000000000043e+01 5.967308885400782283e-11
-1.844000000000000128e+01 6.029544525997807335e-11
-1.839999999999999858e+01 6.092914898670649323e-11
-1.835999999999999943e+01 6.157447310320909973e-11
-1.832000000000000028e+01 6.223169855400911284e-11
-1.828000000000000114e+01 6.290111442132343106e-11
-1.823999999999999844e+01 6.358301819671536190e-11
-1.819999999999999929e+01 6.427771606344776099e-11
-1.816000000000000014e+01 6.498552318921563335e-11
-1.812000000000000099e+01 6.570676403031533389e-11
-1.807999999999999829e+01 6.644177264733804822e-11
-1.803999999999999915e+01 6.719089303298808681e-11
-1.800000000000000000e+01 6.795447945280188807e-11
-1.796000000000000085e+01 6.873289679891827702e-11
-1.792000000000000171e+01 6.952652095765933162e-11
-1.787999999999999901e+01 7.033573919164481230e-11
-1.783999999999999986e+01 7.116095053694804387e-11
-1.780000000000000071e+01 7.200256621593183308e-11
-1.775999999999999801e+01 7.286101006648406896e-11
-1.771999999999999886e+01 7.373671898857448528e-11
-1.767999999999999972e+01 7.463014340851143369e-11
-1.764000000000000057e+01 7.554174776220561298e-11
-1.760000000000000142e+01 7.647201099775342873e-11
-1.755999999999999872e+01 7.742142709879747564e-11
-1.751999999999999957e+01 7.839050562902644750e-11
-1.748000000000000043e+01 7.937977229943740333e-11
-1.744000000000000128e+01 8.038976955865155717e-11
-1.739999999999999858e+01 8.142105720812985863e-11
-1.735999999999999943e+01 8.247421304292860214e-11
-1.732000000000000028e+01 8.354983351940458042e-11
-1.728000000000000114e+01 8.464853445110559023e-11
-1.723999999999999844e+01 8.577095173416977930e-11
-1.719999999999999929e+01 8.691774210371448763e-11
-1.716000000000000014e+01 8.808958392268531055e-11
-1.712000000000000099e+01 8.928717800460633182e-11
-1.707999999999999829e+01 9.051124847209102914e-11
-1.703999999999999915e+01 9.176254365277979353e-11
-1.700000000000000000e+01 9.304183701441798101e-11
-1.696000000000000085e+01 9.434992814126156200e-11
-1.692000000000000171e+01 9.568764375368641415e-11
-1.687999999999999901e+01 9.705583877320983076e-11
-1.683999999999999986e+01 9.845539743519899158e-11
-1.680000000000000071e+01 9.988723445186539731e-11
-1.675999999999999801e+01 1.013522962277455684e-10
-1.671999999999999886e+01 1.028515621307484287e-10
-1.667999999999999972e+01 1.043860458213981538e-10
-1.664000000000000057e+01 1.059567966434141163e-10
-1.660000000000000142e+01 1.075649010787877578e-10
-1.655999999999999872e+01 1.092114842707213581e-10
-1.651999999999999957e+01 1.108977116181443975e-10
-1.648000000000000043e+01 1.126247904456489385e-10
-1.644000000000000128e+01 1.143939717524836216e-10
-1.639999999999999858e+01 1.162065520455925202e-10
-1.635999999999999943e+01 1.180638752606660126e-10
-1.632000000000000028e+01 1.199673347762825603e-10
-1.628000000000000114e+01 1.219183755262930731e-10
-1.623999999999999844e+01 1.239184962158311526e-10
-1.619999999999999929e+01 1.259692516468883711e-10
-1.616000000000000014e+01 1.280722551593143330e-10
-1.612000000000000099e+01 1.302291811942493933e-10
-1.607999999999999829e+01 1.324417679867034302e-10
-1.603999999999999915e+01 1.347118203946094934e-10
-1.600000000000000000e+01 1.370412128726803811e-10
-1.596000000000000085e+01 1.394318925992506170e-10
-1.591999999999999993e+01 1.418858827649976735e-10
-1.587999999999999901e+01 1.444052860336108830e-10
-1.583999999999999986e+01 1.469922881842183993e-10
-1.580000000000000071e+01 1.496491619468450273e-10
-1.575999999999999979e+01 1.523782710426965155e-10
-1.571999999999999886e+01 1.551820744412942095e-10
-1.567999999999999972e+01 1.580631308486941897e-10
-1.564000000000000057e+01 1.610241034404294480e-10
-1.559999999999999964e+01 1.640677648551860113e-10
-1.555999999999999872e+01 1.671970024651775961e-10
-1.551999999999999957e+01 1.704148239413704485e-10
-1.548000000000000043e+01 1.737243631324445541e-10
-1.543999999999999950e+01 1.771288862775089915e-10
-1.539999999999999858e+01 1.806317985754545513e-10
-1.535999999999999943e+01 1.842366511333370564e-10
-1.532000000000000028e+01 1.879471483202082223e-10
-1.528000000000000114e+01 1.917671555531947088e-10
-1.524000000000000021e+01 1.957007075453457874e-10
-1.519999999999999929e+01 1.997520170471953355e-10
-1.516000000000000014e+01 2.039254841163066003e-10
-1.512000000000000099e+01 2.082257059514107426e-10
-1.508000000000000007e+01 2.126574873320151202e-10
-1.503999999999999915e+01 2.172258517059851578e-10
-1.500000000000000000e+01 2.219360529723285089e-10
-1.496000000000000085e+01 2.267935880099406200e-10
-1.491999999999999993e+01 2.318042100074747181e-10
-1.487999999999999901e+01 2.369739426541281448e-10
-1.483999999999999986e+01 2.423090952557294674e-10
-1.480000000000000071e+01 2.478162788479454959e-10
-1.475999999999999979e+01 2.535024233822092063e-10
-1.471999999999999886e+01 2.593747960688402529e-10
-1.467999999999999972e+01 2.654410209683082336e-10
-1.464000000000000057e+01 2.717090999308102792e-10
-1.459999999999999964e+01 2.781874349921530515e-10
-1.455999999999999872e+01 2.848848523460027603e-10
-1.451999999999999957e+01 2.918106280221819587e-10
-1.448000000000000043e+01 2.989745154144065314e-10
-1.443999999999999950e+01 3.063867748140580902e-10
-1.439999999999999858e+01 3.140582051225019495e-10
-1.435999999999999943e+01 3.220001779312526176e-10
-1.432000000000000028e+01 3.302246741791774744e-10
-1.428000000000000114e+01 3.387443236163970586e-10
-1.424000000000000021e+01 3.475724473292664730e-10
-1.419999999999999929e+01 3.567231036073451362e-10
-1.416000000000000014e+01 3.662111374630174482e-10
-1.412000000000000099e+01 3.760522341487317723e-10
-1.408000000000000007e+01 3.862629770539324590e-10
-1.403999999999999915e+01 3.968609104071833097e-10
-1.400000000000000000e+01 4.078646072564114151e-10
-1.396000000000000085e+01 4.192937432547412842e-10
-1.391999999999999993e+01 4.311691768412523620e-10
-1.387999999999999901e+01 4.435130364746754974e-10
-1.383999999999999986e+01 4.563488156577543523e-10
-1.380000000000000071e+01 4.697014765796575059e-10
-1.375999999999999979e+01 4.835975633061459404e-10
-1.371999999999999886e+01 4.980653255632010950e-10
-1.367999999999999972e+01 5.131348542949568256e-10
-1.364000000000000057e+01 5.288382303269813737e-10
-1.359999999999999964e+01 5.452096876441996311e-10
-1.355999999999999872e+01 5.622857929912362531e-10
-1.351999999999999957e+01 5.801056437373004331e-10
-1.348000000000000043e+01 5.987110862146544156e-10
-1.343999999999999950e+01 6.181469570481800140e-10
-1.339999999999999858e+01 6.384613503548566590e-10
-1.335999999999999943e+01 6.597059141052470966e-10
-1.332000000000000028e+01 6.819361794260712442e-10
-1.328000000000000114e+01 7.052119271857326220e-10
-1.324000000000000021e+01 7.295975968655823961e-10
-1.319999999999999929e+01 7.551627434902744402e-10
-1.316000000000000014e+01 7.819825492972275672e-10
-1.312000000000000099e+01 8.101383978885782281e-10
-1.308000000000000007e+01 8.397185198620797255e-10
-1.303999999999999915e+01 8.708187203967271780e-10
-1.300000000000000000e+01 9.035432010162866644e-10
-1.296000000000000085e+01 9.380054898251870820e-10
-1.291999999999999993e+01 9.743294969676850498e-10
-1.287999999999999901e+01 1.012650714981508164e-09
-1.283999999999999986e+01 1.053117587192941907e-09
-1.280000000000000071e+01 1.095893071442359646e-09
-1.275999999999999979e+01 1.141156431372009571e-09
-1.271999999999999886e+01 1.189105293407959877e-09
-1.267999999999999972e+01 1.239958014616767506e-09
-1.264000000000000057e+01 1.293956415032456707e-09
-1.259999999999999964e+01 1.351368938093119860e-09
-1.255999999999999872e+01 1.412494314786644312e-09
-1.251999999999999957e+01 1.477665821317520786e-09
-1.248000000000000043e+01 1.547256236913688727e-09
-1.243999999999999950e+01 1.621683628153420992e-09
-1.239999999999999858e+01 1.701418109209735384e-09
-1.235999999999999943e+01 1.786989753878581000e-09
-1.232000000000000028e+01 1.878997865109995713e-09
-1.228000000000000114e+01 1.978121840473797182e-09
-1.224000000000000021e+01 2.085133906208132584e-09
-1.219999999999999929e+01 2.200914025488439030e-09
-1.216000000000000014e+01 2.326467313313996907e-09
-1.212000000000000099e+01 2.462944302306736139e-09
-1.208000000000000007e+01 2.611664386411443557e-09
-1.203999999999999915e+01 2.774142699828098354e-09
-1.200000000000000000e+01 2.952120530057611910e-09
-1.195999999999999908e+01 3.147599060667580785e-09
-1.191999999999999993e+01 3.362875707403997862e-09
-1.187999999999999901e+01 3.600581428941252191e-09
-1.183999999999999986e+01 3.863715992026894934e-09
-1.180000000000000071e+01 4.155676030475494602e-09
-1.175999999999999979e+01 4.480267603147624412e-09
-1.172000000000000064e+01 4.841690595433342883e-09
-1.167999999999999972e+01 5.244476659462209434e-09
-1.164000000000000057e+01 5.693355861608929196e-09
-1.159999999999999964e+01 6.193021228418386913e-09
-1.156000000000000050e+01 6.747758208794525664e-09
-1.151999999999999957e+01 7.360913696451126659e-09
-1.148000000000000043e+01 8.034205739955237697e-09
-1.143999999999999950e+01 8.766930686940337923e-09
-1.140000000000000036e+01 9.555214379979321520e-09
-1.135999999999999943e+01 1.039156573028193761e-08
-1.132000000000000028e+01 1.126508037533299216e-08
-1.127999999999999936e+01 1.216263235583260160e-08
-1.124000000000000021e+01 1.307120837657331726e-08
-1.119999999999999929e+01 1.398118533225114915e-08
-1.116000000000000014e+01 1.488997260637141246e-08
-1.111999999999999922e+01 1.580528504223541502e-08
-1.108000000000000007e+01 1.674756373704355695e-08
-1.103999999999999915e+01 1.775167056023725917e-08
-1.100000000000000000e+01 1.886868966461686335e-08
-1.095999999999999908e+01 2.016922209152237129e-08
-1.091999999999999993e+01 2.174989479104336022e-08
-1.087999999999999901e+01 2.374499795809768829e-08
-1.083999999999999986e+01 2.634510436864582031e-08
-1.079999999999999893e+01 2.982329805129170703e-08
-1.075999999999999979e+01 3.456446149727133386e-08
-1.072000000000000064e+01 4.107823816931225982e-08
-1.067999999999999972e+01 4.994686924747472283e-08
-1.064000000000000057e+01 6.163418982638297741e-08
-1.059999999999999964e+01 7.614995124586977351e-08
-1.056000000000000050e+01 9.281827597047814862e-08
-1.051999999999999957e+01 1.105732127015961279e-07
-1.048000000000000043e+01 1.287235578140376948e-07
-1.043999999999999950e+01 1.474592639218669829e-07
-1.040000000000000036e+01 1.676960269621330085e-07
-1.035999999999999943e+01 1.905979762358369907e-07
-1.032000000000000028e+01 2.171472915646236152e-07
-1.027999999999999936e+01 2.477743983389494124e-07
-1.024000000000000021e+01 2.819185127746226695e-07
-1.019999999999999929e+01 3.175161455994010047e-07
-1.016000000000000014e+01 3.507259246812137564e-07
-1.011999999999999922e+01 3.764936619127755127e-07
-1.008000000000000007e+01 3.903038392293632314e-07
-1.003999999999999915e+01 3.903237717761894787e-07
-1.000000000000000000e+01 3.782612215789906242e-07
-9.959999999999999076e+00 3.582300450990899939e-07
-9.919999999999999929e+00 3.347537927758241522e-07
-9.879999999999999005e+00 3.113727025690137806e-07
-9.839999999999999858e+00 2.902681848648557328e-07
-9.799999999999998934e+00 2.725098797572807348e-07
-9.759999999999999787e+00 2.584641500309596025e-07
-9.720000000000000639e+00 2.481343582968676494e-07
-9.679999999999999716e+00 2.413836435803740464e-07
-9.640000000000000568e+00 2.380635391029502394e-07
-9.599999999999999645e+00 2.380839947760529968e-07
-9.560000000000000497e+00 2.414528118129033569e-07
-9.519999999999999574e+00 2.483029845362635915e-07
-9.480000000000000426e+00 2.589199349617971407e-07
-9.439999999999999503e+00 2.737774999575826456e-07
-9.400000000000000355e+00 2.935912800121251789e-07
-9.359999999999999432e+00 3.194004432555948192e-07
-9.320000000000000284e+00 3.526950071454356844e-07
-9.279999999999999361e+00 3.956170884761820869e-07
-9.240000000000000213e+00 4.512863049775706236e-07
-9.199999999999999289e+00 5.243415785356759730e-07
-9.160000000000000142e+00 6.218766871769591125e-07
-9.119999999999999218e+00 7.551283094293526031e-07
-9.080000000000000071e+00 9.426866045510784663e-07
-9.039999999999999147e+00 1.217001219434576640e-06
-9.000000000000000000e+00 1.638620533383729555e-06
-8.959999999999999076e+00 2.330447513794345425e-06
-8.919999999999999929e+00 3.570351655975841896e-06
-8.879999999999999005e+00 6.079017495783942745e-06
-8.839999999999999858e+00 1.203495526456662555e-05
-8.799999999999998934e+00 2.768198965588055904e-05
-8.759999999999999787e+00 4.263118740315494386e-05
-8.720000000000000639e+00 2.242364911775702817e-05
-8.679999999999999716e+00 1.012618890301370055e-05
-8.640000000000000568e+00 5.408322439513274158e-06
-8.599999999999999645e+00 3.313397311458717466e-06
-8.560000000000000497e+00 2.231747337788526937e-06
-8.519999999999999574e+00 1.607173305058937700e-06
-8.480000000000000426e+00 1.215669668841112550e-06
-8.439999999999999503e+00 9.546079108860269942e-07
-8.400000000000000355e+00 7.719808894038324903e-07
-8.359999999999999432e+00 6.392616568341929799e-07
-8.320000000000000284e+00 5.397797641453239316e-07
-8.279999999999999361e+00 4.632777864102942552e-07
-8.240000000000000213e+00 4.031687164359129371e-07
-8.199999999999999289e+00 3.550677762160054138e-07
-8.160000000000000142e+00 3.159653619408471897e-07
-8.119999999999999218e+00 2.837404918141796686e-07
-8.080000000000000071e+00 2.568636758787407541e-07
-8.039999999999999147e+00 2.342094722803163106e-07
-8.000000000000000000e+00 2.149348206282460782e-07
-7.959999999999999076e+00 1.983980548482399806e-07
-7.919999999999999929e+00 1.841037708697778248e-07
-7.879999999999999005e+00 1.716645327515372537e-07
-7.839999999999999858e+00 1.607737880799423404e-07
-7.799999999999998934e+00 1.511863944570051003e-07
-7.759999999999999787e+00 1.427044075616137335e-07
-7.719999999999998863e+00 1.351665665971278894e-07
-7.679999999999999716e+00 1.284404171801408341e-07
-7.640000000000000568e+00 1.224163416704974856e-07
-7.599999999999999645e+00 1.170029866209363032e-07
-7.560000000000000497e+00 1.121237256459840263e-07
-7.519999999999999574e+00 1.077138980561270184e-07
-7.480000000000000426e+00 1.037186346376722501e-07
-7.439999999999999503e+00 1.000911320399484645e-07
-7.400000000000000355e+00 9.679127296218047584e-08
-7.359999999999999432e+00 9.378451510907962243e-08
-7.320000000000000284e+00 9.104099067428129686e-08
-7.279999999999999361e+00 8.853477194211616237e-08
-7.240000000000000213e+00 8.624326887329622896e-08
-7.199999999999999289e+00 8.414673223948936722e-08
-7.160000000000000142e+00 8.222784168837919535e-08
-7.119999999999999218e+00 8.047136254903212788e-08
-7.080000000000000071e+00 7.886385858333777193e-08
-7.039999999999999147e+00 7.739345051165129875e-08
-7.000000000000000000e+00 7.604961217913967774e-08
-6.959999999999999076e+00 7.482299782367796928e-08
-6.919999999999999929e+00 7.370529516064631858e-08
-6.879999999999999005e+00 7.268909999268227264e-08
-6.839999999999999858e+00 7.176780884226375753e-08
-6.799999999999998934e+00 7.093552673665180423e-08
-6.759999999999999787e+00 7.018698778241206016e-08
-6.719999999999998863e+00 6.951748657671931200e-08
-6.679999999999999716e+00 6.892281883527034899e-08
-6.640000000000000568e+00 6.839922988765905560e-08
-6.599999999999999645e+00 6.794336991286780568e-08
-6.560000000000000497e+00 6.755225496977746099e-08
-6.519999999999999574e+00 6.722323302795671019e-08
-6.480000000000000426e+00 6.695395432852000517e-08
-6.439999999999999503e+00 6.674234550837331671e-08
-6.400000000000000355e+00 6.658658700756562879e-08
-6.359999999999999432e+00 6.648509335183457269e-08
-6.320000000000000284e+00 6.643649596327905651e-08
-6.279999999999999361e+00 6.643962820344188724e-08
-6.240000000000000213e+00 6.649351239658687722e-08
-6.199999999999999289e+00 6.659734861795721693e-08
-6.160000000000000142e+00 6.675050506340376883e-08
-6.119999999999999218e+00 6.695250984388466777e-08
-6.080000000000000071e+00 6.720304407170983291e-08
-6.039999999999999147e+00 6.750193612565470132e-08
-6.000000000000000000e+00 6.784915699972238630e-08
-5.959999999999999076e+00 6.824481665581382431e-08
-5.919999999999999929e+00 6.868916131425286523e-08
-5.879999999999999005e+00 6.918257162830134997e-08
-5.839999999999999858e+00 6.972556169976208901e-08
-5.799999999999998934e+00 7.031877890272908048e-08
-5.759999999999999787e+00 7.096300449169772849e-08
-5.719999999999998863e+00 7.165915497877261294e-08
-5.679999999999999716e+00 7.240828427275198760e-08
-5.640000000000000568e+00 7.321158658057119298e-08
-5.599999999999999645e+00 7.407040007907565677e-08
-5.560000000000000497e+00 7.498621137248245237e-08
-5.519999999999999574e+00 7.596066075830331966e-08
-5.480000000000000426e+00 7.699554833202988584e-08
-5.439999999999999503e+00 7.809284096865672583e-08
-5.400000000000000355e+00 7.925468022723067783e-08
-5.359999999999999432e+00 8.048339123319487618e-08
-5.320000000000000284e+00 8.178149260245127803e-08
-5.279999999999999361e+00 8.315170748094009121e-08
-5.240000000000000213e+00 8.459697578425302421e-08
-5.199999999999999289e+00 8.612046773353154433e-08
-5.160000000000000142e+00 8.772559879680728004e-08
-5.119999999999999218e+00 8.941604615922339346e-08
-5.080000000000000071e+00 9.119576686144409087e-08
-5.039999999999999147e+00 9.306901776326195116e-08
-5.000000000000000000e+00 9.504037750922506454e-08
-4.959999999999999076e+00 9.711477069535789990e-08
-4.919999999999999929e+00 9.929749446108467217e-08
-4.879999999999999005e+00 1.015942477587307938e-07
-4.839999999999999858e+00 1.040111635849273365e-07
-4.799999999999998934e+00 1.065548444944531868e-07
-4.759999999999999787e+00 1.092324017581376141e-07
-4.719999999999998863e+00 1.120514985731635929e-07
-4.679999999999999716e+00 1.150203977872777021e-07
-4.640000000000000568e+00 1.181480146590184251e-07
-4.599999999999999645e+00 1.214439752451895427e-07
-4.560000000000000497e+00 1.249186810857169973e-07
-4.519999999999999574e+00 1.285833809461187913e-07
-4.480000000000000426e+00 1.324502504806754531e-07
-4.439999999999999503e+00 1.365324807967554956e-07
-4.400000000000000355e+00 1.408443770344543669e-07
-4.359999999999999432e+00 1.454014682276898113e-07
-4.320000000000000284e+00 1.502206298849898268e-07
-4.279999999999999361e+00 1.553202209220048338e-07
-4.240000000000000213e+00 1.607202367942092810e-07
-4.199999999999999289e+00 1.664424809170680367e-07
-4.160000000000000142e+00 1.725107567197169241e-07
-4.119999999999999218e+00 1.789510829509507660e-07
-4.080000000000000071e+00 1.857919351310838041e-07
-4.039999999999999147e+00 1.930645162987796819e-07
-4.000000000000000000e+00 2.008030604020677010e-07
-3.960000000000000853e+00 2.090451717685555185e-07
-3.919999999999998153e+00 2.178322039675727070e-07
-3.879999999999999005e+00 2.272096809013786456e-07
-3.839999999999999858e+00 2.372277619138724677e-07
-3.800000000000000711e+00 2.479417507611322960e-07
-3.759999999999998010e+00 2.594126449962135817e-07
-3.719999999999998863e+00 2.717077170891316551e-07
-3.679999999999999716e+00 2.849011107571850059e-07
-3.640000000000000568e+00 2.990744249921026900e-07
-3.600000000000001421e+00 3.143172443868038222e-07
-3.559999999999998721e+00 3.307275600785720871e-07
-3.519999999999999574e+00 3.484120187176095910e-07
-3.480000000000000426e+00 3.674859559557381462e-07
-3.440000000000001279e+00 3.880732537844575427e-07
-3.399999999999998579e+00 4.103062721299107159e-07
-3.359999999999999432e+00 4.343265281858721196e-07
-3.320000000000000284e+00 4.602874769792803109e-07
-3.280000000000001137e+00 4.883615296928811577e-07
-3.239999999999998437e+00 5.187537279068146036e-07
-3.199999999999999289e+00 5.517231528635344911e-07
-3.160000000000000142e+00 5.876093422670293610e-07
-3.120000000000000995e+00 6.268560419202858139e-07
-3.079999999999998295e+00 6.700230360419861149e-07
-3.039999999999999147e+00 7.177826843896982674e-07
-3.000000000000000000e+00 7.709084545418724561e-07
-2.960000000000000853e+00 8.302691962186265931e-07
-2.919999999999998153e+00 8.968399070889010404e-07
-2.879999999999999005e+00 9.717316417972706653e-07
-2.839999999999999858e+00 1.056237595050380300e-06
-2.800000000000000711e+00 1.151892054321532555e-06
-2.759999999999998010e+00 1.260541875796179216e-06
-2.719999999999998863e+00 1.384433734862602269e-06
-2.679999999999999716e+00 1.526323559856752774e-06
-2.640000000000000568e+00 1.689617527737052536e-06
-2.599999999999997868e+00 1.878557546270122248e-06
-2.559999999999998721e+00 2.098469140928928090e-06
-2.519999999999999574e+00 2.356097103749830365e-06
-2.480000000000000426e+00 2.660065490282122238e-06
-2.440000000000001279e+00 3.021515586108880787e-06
-2.399999999999998579e+00 3.455001440195070090e-06
-2.359999999999999432e+00 3.979762350349458270e-06
-2.320000000000000284e+00 4.621552700211517555e-06
-2.280000000000001137e+00 5.415302479250591995e-06
-2.239999999999998437e+00 6.409020115505562817e-06
-2.199999999999999289e+00 7.669543074787568885e-06
-2.160000000000000142e+00 9.290972414544624135e-06
-2.120000000000000995e+00 1.140675957913275697e-05
-2.079999999999998295e+00 1.420591563280529092e-05
-2.039999999999999147e+00 1.795093633748040611e-05
-2.000000000000000000e+00 2.298467530869668051e-05
-1.960000000000000853e+00 2.968308278681092187e-05
-1.919999999999998153e+00 3.824240349195600377e-05
-1.879999999999999005e+00 4.811980336166520744e-05
-1.839999999999999858e+00 5.720519753445088546e-05
-1.800000000000000711e+00 6.195396079583847312e-05
-1.759999999999998010e+00 6.004280289476786775e-05
-1.719999999999998863e+00 5.286885769327069075e-05
-1.679999999999999716e+00 4.383501082879230648e-05
-1.640000000000000568e+00 3.541006125865797844e-05
-1.599999999999997868e+00 2.849885938777577986e-05
-1.559999999999998721e+00 2.312165354208134426e-05
-1.519999999999999574e+00 1.900676770689517685e-05
-1.480000000000000426e+00 1.585518586840581033e-05
-1.440000000000001279e+00 1.341987292590111005e-05
-1.399999999999998579e+00 1.151491277583398349e-05
-1.359999999999999432e+00 1.000496822525667826e-05
-1.320000000000000284e+00 8.792353200444646922e-06
-1.280000000000001137e+00 7.806356750094610555e-06
-1.239999999999998437e+00 6.995377209190902370e-06
-1.199999999999999289e+00 6.321361150352166702e-06
-1.160000000000000142e+00 5.755921473409412201e-06
-1.120000000000000995e+00 5.277629297135853028e-06
-1.079999999999998295e+00 4.870116757027915537e-06
-1.039999999999999147e+00 4.520739419124855757e-06
-1.000000000000000000e+00 4.219625943778155610e-06
-9.600000000000008527e-01 3.958997082478018727e-06
-9.199999999999981526e-01 3.732673370414147893e-06
-8.799999999999990052e-01 3.535716300734005430e-06
-8.399999999999998579e-01 3.364165115415896243e-06
-8.000000000000007105e-01 3.214843259449323473e-06
-7.599999999999980105e-01 3.085216831080360855e-06
-7.199999999999988631e-01 2.973293276309431449e-06
-6.799999999999997158e-01 2.877553025996527430e-06
-6.400000000000005684e-01 2.796910474015886045e-06
-5.999999999999978684e-01 2.730704316241785078e-06
-5.599999999999987210e-01 2.678721620792162518e-06
-5.199999999999995737e-01 2.641266319247043010e-06
-4.800000000000004263e-01 2.619293341958411791e-06
-4.400000000000012790e-01 2.614648860297970227e-06
-3.999999999999985789e-01 2.630494641215681686e-06
-3.599999999999994316e-01 2.672072010575604743e-06
-3.200000000000002842e-01 2.748129848601465665e-06
-2.800000000000011369e-01 2.873730849712580550e-06
-2.399999999999984368e-01 3.076105517505944292e-06
-1.999999999999992895e-01 3.407708600948621701e-06
-1.600000000000001421e-01 3.977376495965685530e-06
-1.200000000000009948e-01 5.027773959288393162e-06
-7.999999999999829470e-02 7.103724925616512035e-06
-3.999999999999914735e-02 1.096148260932014279e-05
0.000000000000000000e+00 1.410569391200760492e-05
3.999999999999914735e-02 1.107588812881736926e-05
8.000000000000184741e-02 7.220730131558627008e-06
1.200000000000009948e-01 5.114220677388804672e-06
1.600000000000001421e-01 4.034797816165421740e-06
1.999999999999992895e-01 3.442839969810439354e-06
2.400000000000019895e-01 3.095032553398295900e-06
2.800000000000011369e-01 2.881162429414612062e-06
3.200000000000002842e-01 2.747567903360530993e-06
3.599999999999994316e-01 2.666091784942594390e-06
4.000000000000021316e-01 2.620991029973338629e-06
4.400000000000012790e-01 2.603029067426475146e-06
4.800000000000004263e-01 2.606621793331385887e-06
5.199999999999995737e-01 2.628372267983705513e-06
5.599999999999987210e-01 2.666279286061256391e-06
6.000000000000014211e-01 2.719293626106013708e-06
6.400000000000005684e-01 2.787064676181064031e-06
6.799999999999997158e-01 2.869797909950796568e-06
7.199999999999988631e-01 2.968181545921803179e-06
7.600000000000015632e-01 3.083360181112958055e-06
8.000000000000007105e-01 3.216943765016774116e-06
8.399999999999998579e-01 3.371046366319174138e-06
8.799999999999990052e-01 3.548352869534204845e-06
9.200000000000017053e-01 3.752213995361375059e-06
9.600000000000008527e-01 3.986771283338875654e-06
1.000000000000000000e+00 4.257114150254276063e-06
1.039999999999999147e+00 4.569471544604081184e-06
1.080000000000001847e+00 4.931443766502796708e-06
1.120000000000000995e+00 5.352293835623258873e-06
1.160000000000000142e+00 5.843360981602505176e-06
1.199999999999999289e+00 6.418760199160367477e-06
1.240000000000001990e+00 7.096700756755184032e-06
1.280000000000001137e+00 7.901899543303768283e-06
1.320000000000000284e+00 8.869438175965684728e-06
1.359999999999999432e+00 1.004990608547983237e-05
1.400000000000002132e+00 1.151534581089027614e-05
1.440000000000001279e+00 1.336616616115646604e-05
1.480000000000000426e+00 1.574021654512288570e-05
1.519999999999999574e+00 1.882454268181054876e-05
1.559999999999998721e+00 2.286567838706045691e-05
1.600000000000001421e+00 2.816116874121042739e-05
1.640000000000000568e+00 3.498202246681148361e-05
1.679999999999999716e+00 4.331189594197930380e-05
1.719999999999998863e+00 5.226076468317927641e-05
1.760000000000001563e+00 5.938968360017922682e-05
1.800000000000000711e+00 6.132699234803282314e-05
1.839999999999999858e+00 5.667499717830045618e-05
1.879999999999999005e+00 4.771810648150408778e-05
1.920000000000001705e+00 3.796045966709571016e-05
1.960000000000000853e+00 2.949462058993547133e-05
2.000000000000000000e+00 2.286334462786196477e-05
2.039999999999999147e+00 1.787629039821007979e-05
2.080000000000001847e+00 1.416356140489573266e-05
2.120000000000000995e+00 1.138692454788969586e-05
2.160000000000000142e+00 9.287081721976776861e-06
2.199999999999999289e+00 7.677162307995354890e-06
2.240000000000001990e+00 6.425139285916366618e-06
2.280000000000001137e+00 5.437866333472007218e-06
2.320000000000000284e+00 4.649154803634029515e-06
2.359999999999999432e+00 4.011445051760488506e-06
2.400000000000002132e+00 3.490123922382340515e-06
2.440000000000001279e+00 3.059665901328761420e-06
2.480000000000000426e+00 2.701001234675004032e-06
2.519999999999999574e+00 2.399704833738127522e-06
2.559999999999998721e+00 2.144735965101667565e-06
2.600000000000001421e+00 1.927550298263742231e-06
2.640000000000000568e+00 1.741465995544170143e-06
2.679999999999999716e+00 1.581204678045962363e-06
2.719999999999998863e+00 1.442553595348635454e-06
2.760000000000001563e+00 1.322112014479732752e-06
2.800000000000000711e+00 1.217095948055646973e-06
2.839999999999999858e+00 1.125183135961856692e-06
2.879999999999999005e+00 1.044386501014946488e-06
2.920000000000001705e+00 9.729507211407371797e-07
2.960000000000000853e+00 9.092741691550194411e-07
3.000000000000000000e+00 8.518664992413304564e-07
3.039999999999999147e+00 7.993559741372854982e-07
3.080000000000001847e+00 7.505517954007132951e-07
3.120000000000000995e+00 7.045404333179727969e-07
3.160000000000000142e+00 6.607638981371873625e-07
3.199999999999999289e+00 6.190229346181749110e-07
3.240000000000001990e+00 5.793874388907486081e-07
3.280000000000001137e+00 5.420531856558895595e-07
3.320000000000000284e+00 5.072091273047561644e-07
3.359999999999999432e+00 4.749581838656978865e-07
3.400000000000002132e+00 4.452957045214684001e-07
3.440000000000001279e+00 4.181254866337429933e-07
3.480000000000000426e+00 3.932901561817231698e-07
3.519999999999999574e+00 3.706007114367986731e-07
3.559999999999998721e+00 3.498588774790129475e-07
3.600000000000001421e+00 3.308714775054220799e-07
3.640000000000000568e+00 3.134583773150120208e-07
3.679999999999999716e+00 2.974560243110728974e-07
3.719999999999998863e+00 2.827182851753290495e-07
3.760000000000001563e+00 2.691157887972810223e-07
3.800000000000000711e+00 2.565345450663638712e-07
3.839999999999999858e+00 2.448742952091966083e-07
3.879999999999999005e+00 2.340468440030130496e-07
3.920000000000001705e+00 2.239744990630108087e-07
3.960000000000000853e+00 2.145886701968072160e-07
4.000000000000000000e+00 2.058286423844247464e-07
4.039999999999999147e+00 1.976405158837126539e-07
4.080000000000001847e+00 1.899762979112396315e-07
4.120000000000000995e+00 1.827931272926481348e-07
4.160000000000000142e+00 1.760526135043854295e-07
4.199999999999999289e+00 1.697202730027290588e-07
4.240000000000001990e+00 1.637650477648595508e-07
4.280000000000001137e+00 1.581588930877439471e-07
4.320000000000000284e+00 1.528764236808660184e-07
4.359999999999999432e+00 1.478946088562723257e-07
4.400000000000002132e+00 1.431925091401363033e-07
4.440000000000001279e+00 1.387510479139775423e-07
4.480000000000000426e+00 1.345528127651948277e-07
4.519999999999999574e+00 1.305818821147750485e-07
4.560000000000002274e+00 1.268236734235416758e-07
4.600000000000001421e+00 1.232648098831580101e-07
4.640000000000000568e+00 1.198930029968339608e-07
4.679999999999999716e+00 1.166969488663792320e-07
4.719999999999998863e+00 1.136662363426909116e-07
4.760000000000001563e+00 1.107912654789887252e-07
4.800000000000000711e+00 1.080631749607151470e-07
4.839999999999999858e+00 1.054737773816296559e-07
4.879999999999999005e+00 1.030155013992761548e-07
4.920000000000001705e+00 1.006813399403515851e-07
4.960000000000000853e+00 9.846480374220092237e-08
5.000000000000000000e+00 9.635987961444440514e-08
5.039999999999999147e+00 9.436099288769185665e-08
5.080000000000001847e+00 9.246297358689423346e-08
5.120000000000000995e+00 9.066102592719752680e-08
5.160000000000000142e+00 8.895070078186160750e-08
5.199999999999999289e+00 8.732787081629632300e-08
5.240000000000001990e+00 8.578870802067332238e-08
5.280000000000001137e+00 8.432966340687075075e-08
5.320000000000000284e+00 8.294744866447653401e-08
5.359999999999999432e+00 8.163901959589045452e-08
5.400000000000002132e+00 8.040156117277691032e-08
5.440000000000001279e+00 7.923247407570365229e-08
5.480000000000000426e+00 7.812936259616120445e-08
5.519999999999999574e+00 7.709002379562902056e-08
5.560000000000002274e+00 7.611243783023475914e-08
5.600000000000001421e+00 7.519475936210129623e-08
5.640000000000000568e+00 7.433530998990804892e-08
5.679999999999999716e+00 7.353257164171547583e-08
5.719999999999998863e+00 7.278518088288297228e-08
5.760000000000001563e+00 7.209192410112138418e-08
5.800000000000000711e+00 7.145173353950300567e-08
5.839999999999999858e+00 7.086368415675671849e-08
5.879999999999999005e+00 7.032699130253045524e-08
5.920000000000001705e+00 6.984100920365509883e-08
5.960000000000000853e+00 6.940523026592312742e-08
6.000000000000000000e+00 6.901928520465310510e-08
6.039999999999999147e+00 6.868294402649827665e-08
6.080000000000001847e+00 6.839611789474430152e-08
6.120000000000000995e+00 6.815886192090964594e-08
6.160000000000000142e+00 6.797137893702902168e-08
6.199999999999999289e+00 6.783402431579593687e-08
6.240000000000001990e+00 6.774731192005189326e-08
6.280000000000001137e+00 6.771192127924664144e-08
6.320000000000000284e+00 6.772870610885149212e-08
6.359999999999999432e+00 6.779870430971861171e-08
6.400000000000002132e+00 6.792314960859137595e-08
6.440000000000001279e+00 6.810348502902348817e-08
6.480000000000000426e+00 6.834137841461768879e-08
6.519999999999999574e+00 6.863874026470648462e-08
6.560000000000002274e+00 6.899774418747265537e-08
6.600000000000001421e+00 6.942085032845340534e-08
6.640000000000000568e+00 6.991083219506813669e-08
6.679999999999999716e+00 7.047080737233825083e-08
6.719999999999998863e+00 7.110427271390460025e-08
6.760000000000001563e+00 7.181514469896570294e-08
6.800000000000000711e+00 7.260780577382552226e-08
6.839999999999999858e+00 7.348715765130013899e-08
6.879999999999999005e+00 7.445868272849431573e-08
6.920000000000001705e+00 7.552851501126057690e-08
6.960000000000000853e+00 7.670352221190020382e-08
7.000000000000000000e+00 7.799140102799508623e-08
7.039999999999999147e+00 7.940078803079782282e-08
7.080000000000001847e+00 8.094138911213958349e-08
7.120000000000000995e+00 8.262413108616261136e-08
7.160000000000000142e+00 8.446133985126826081e-08
7.199999999999999289e+00 8.646695053412652903e-08
7.240000000000001990e+00 8.865675632153226354e-08
7.280000000000001137e+00 9.104870431689180261e-08
7.320000000000000284e+00 9.366324884238555142e-08
7.359999999999999432e+00 9.652377528798339582e-08
7.400000000000002132e+00 9.965711107758401847e-08
7.440000000000001279e+00 1.030941448439718656e-07
7.480000000000000426e+00 1.068705808404143274e-07
7.519999999999999574e+00 1.110278634704077669e-07
7.560000000000002274e+00 1.156143172928322640e-07
7.600000000000001421e+00 1.206865619540889614e-07
7.640000000000000568e+00 1.263112806362985170e-07
7.679999999999999716e+00 1.325674468503420155e-07
7.719999999999998863e+00 1.395491507559574659e-07
7.760000000000001563e+00 1.473692171182479640e-07
7.800000000000000711e+00 1.561638792055533292e-07
7.839999999999999858e+00 1.660988765921971930e-07
7.879999999999999005e+00 1.773774957164511814e-07
7.920000000000001705e+00 1.902512949481214146e-07
7.960000000000000853e+00 2.050345905237086965e-07
8.000000000000000000e+00 2.221242907799299690e-07
8.039999999999999147e+00 2.420274616296956273e-07
8.080000000000001847e+00 2.654002703554454724e-07
8.120000000000000995e+00 2.931040097224738224e-07
8.160000000000000142e+00 3.262873295473343116e-07
8.199999999999999289e+00 3.665096725585060422e-07
8.240000000000001990e+00 4.159312866075361805e-07
8.280000000000001137e+00 4.776141723479873329e-07
8.320000000000000284e+00 5.560144622504003035e-07
8.359999999999999432e+00 6.578186424440194826e-07
8.400000000000002132e+00 7.934266699699818626e-07
8.440000000000001279e+00 9.797198748092845074e-07
8.480000000000000426e+00 1.245549288757233523e-06
8.519999999999999574e+00 1.643443075107526904e-06
8.560000000000002274e+00 2.276912949513920328e-06
8.600000000000001421e+00 3.371552436870807766e-06
8.640000000000000568e+00 5.486559439295497660e-06
8.679999999999999716e+00 1.023690936817150329e-05
8.719999999999998863e+00 2.257844351979355351e-05
8.760000000000001563e+00 4.272989422157356910e-05
8.800000000000000711e+00 2.760189693269526947e-05
8.839999999999999858e+00 1.192912986512887614e-05
8.879999999999999005e+00 5.985028850097305156e-06
8.920000000000001705e+00 3.488300966583083113e-06
8.960000000000000853e+00 2.257169223468160214e-06
9.000000000000000000e+00 1.571523858598648210e-06
9.039999999999999147e+00 1.154210339961846803e-06
9.080000000000001847e+00 8.828290334121677252e-07
9.120000000000000995e+00 6.971590471340958648e-07
9.160000000000000142e+00 5.649602502033161819e-07
9.199999999999999289e+00 4.677742162094101090e-07
9.240000000000001990e+00 3.944430228885723768e-07
9.280000000000001137e+00 3.379134961889754484e-07
9.320000000000000284e+00 2.935577733579716458e-07
9.359999999999999432e+00 2.582423965273527845e-07
9.400000000000002132e+00 2.297884903925586073e-07
9.440000000000001279e+00 2.066464160650943065e-07
9.480000000000000426e+00 1.876930852430423425e-07
9.519999999999999574e+00 1.721020572596626184e-07
9.560000000000002274e+00 1.592582719297602856e-07
9.600000000000001421e+00 1.487010010635334859e-07
9.640000000000000568e+00 1.400851666435492893e-07
9.679999999999999716e+00 1.331549638752900739e-07
9.719999999999998863e+00 1.277259615263308738e-07
9.760000000000001563e+00 1.236731542418227725e-07
9.800000000000000711e+00 1.209231052681068793e-07
9.839999999999999858e+00 1.194484315184227041e-07
9.879999999999999005e+00 1.192624352286484601e-07
9.920000000000001705e+00 1.204108293019315583e-07
9.960000000000000853e+00 1.229572389528112392e-07
1.000000000000000000e+01 1.269623450925620165e-07
1.003999999999999915e+01 1.324668914118375231e-07
1.008000000000000185e+01 1.395027968025100663e-07
1.012000000000000099e+01 1.481530870462797506e-07
1.016000000000000014e+01 1.586416149634572567e-07
1.019999999999999929e+01 1.713927421461054232e-07
1.024000000000000199e+01 1.870179600660942998e-07
1.028000000000000114e+01 2.062331770988657895e-07
1.032000000000000028e+01 2.297065703952153116e-07
1.035999999999999943e+01 2.577740956423255084e-07
1.040000000000000213e+01 2.898965646873514592e-07
1.044000000000000128e+01 3.237692158176495378e-07
1.048000000000000043e+01 3.543450813984196189e-07
1.051999999999999957e+01 3.738814107848736359e-07
1.056000000000000227e+01 3.746583024360940419e-07
1.060000000000000142e+01 3.539028595256995711e-07
1.064000000000000057e+01 3.163582881227235783e-07
1.067999999999999972e+01 2.711647330284682653e-07
1.071999999999999886e+01 2.265377637508839616e-07
1.076000000000000156e+01 1.871345110175450574e-07
1.080000000000000071e+01 1.544516736188927662e-07
1.083999999999999986e+01 1.282091170604360731e-07
1.087999999999999901e+01 1.074393765987590283e-07
1.092000000000000171e+01 9.106512983768055863e-08
1.096000000000000085e+01 7.813099626589229645e-08
1.100000000000000000e+01 6.786366853546655985e-08
1.103999999999999915e+01 5.966287051388156277e-08
1.108000000000000185e+01 5.307130995252629025e-08
1.112000000000000099e+01 4.774296227124211870e-08
1.116000000000000014e+01 4.341602482564928038e-08
1.119999999999999929e+01 3.989167921010279468e-08
1.124000000000000199e+01 3.701800715973817812e-08
1.128000000000000114e+01 3.467797448719944756e-08
1.132000000000000028e+01 3.278044892035965999e-08
1.135999999999999943e+01 3.125340117859256989e-08
1.140000000000000213e+01 3.003862751783580789e-08
1.144000000000000128e+01 2.908749065967439283e-08
1.148000000000000043e+01 2.835730516279754377e-08
1.151999999999999957e+01 2.780810919256673829e-08
1.156000000000000227e+01 2.739969223751392291e-08
1.160000000000000142e+01 2.708891707336222691e-08
1.164000000000000057e+01 2.682760808845250858e-08
1.167999999999999972e+01 2.656156991004966551e-08
1.172000000000000242e+01 2.623156693395716918e-08
1.176000000000000156e+01 2.577713111831488411e-08
1.180000000000000071e+01 2.514357058741320501e-08
1.183999999999999986e+01 2.429132838387236801e-08
1.187999999999999901e+01 2.320517747384429459e-08
1.192000000000000171e+01 2.189963400522507496e-08
1.196000000000000085e+01 2.041763768996436348e-08
1.200000000000000000e+01 1.882219989536719028e-08
1.203999999999999915e+01 1.718388162422535954e-08
1.207999999999999829e+01 1.556851784540984704e-08
1.211999999999999744e+01 1.402871239032569961e-08
1.216000000000000369e+01 1.260032017581966426e-08
1.220000000000000284e+01 1.130307591613975760e-08
1.224000000000000199e+01 1.014361920752972495e-08
1.228000000000000114e+01 9.119283711242678140e-09
1.232000000000000028e+01 8.221600035399582078e-09
1.235999999999999943e+01 7.439046512034843870e-09
1.239999999999999858e+01 6.758974299012311197e-09
1.243999999999999773e+01 6.168826446124747124e-09
1.248000000000000398e+01 5.656829228593252271e-09
1.252000000000000313e+01 5.212323726314454510e-09
1.256000000000000227e+01 4.825870026942282956e-09
1.260000000000000142e+01 4.489218248480984335e-09
1.264000000000000057e+01 4.195208867304714448e-09
1.267999999999999972e+01 3.937641596132596615e-09
1.271999999999999886e+01 3.711136343992219205e-09
1.275999999999999801e+01 3.510999840364667624e-09
1.279999999999999716e+01 3.333105611895090189e-09
1.284000000000000341e+01 3.173791779977116179e-09
1.288000000000000256e+01 3.029779539011209672e-09
1.292000000000000171e+01 2.898114345940491797e-09
1.296000000000000085e+01 2.776131115575789372e-09
1.300000000000000000e+01 2.661443507408825697e-09
1.303999999999999915e+01 2.551955323951315002e-09
1.307999999999999829e+01 2.445889059897354401e-09
1.311999999999999744e+01 2.341823178062698943e-09
1.316000000000000369e+01 2.238726719775163677e-09
1.320000000000000284e+01 2.135978697748743487e-09
1.324000000000000199e+01 2.033361489404766121e-09
1.328000000000000114e+01 1.931022401542539390e-09
1.332000000000000028e+01 1.829404675260395373e-09
1.335999999999999943e+01 1.729156325490791817e-09
1.339999999999999858e+01 1.631030039438607898e-09
1.343999999999999773e+01 1.535788441261334016e-09
1.348000000000000398e+01 1.444126410877961219e-09
1.352000000000000313e+01 1.356617181177717490e-09
1.356000000000000227e+01 1.273683514739596237e-09
1.360000000000000142e+01 1.195590935138235252e-09
1.364000000000000057e+01 1.122457515011905676e-09
1.367999999999999972e+01 1.054274069418219944e-09
1.371999999999999886e+01 9.909292544062854283e-10
1.375999999999999801e+01 9.322353870831316354e-10
1.379999999999999716e+01 8.779522575524585835e-10
1.384000000000000341e+01 8.278074708018535399e-10
1.388000000000000256e+01 7.815128017237089314e-10
1.392000000000000171e+01 7.387766606224482586e-10
1.396000000000000085e+01 6.993131068362381979e-10
1.400000000000000000e+01 6.628479915837898785e-10
1.403999999999999915e+01 6.291228294330429505e-10
1.407999999999999829e+01 5.978969465616906418e-10
1.411999999999999744e+01 5.689483715724957413e-10
1.416000000000000369e+01 5.420738447750346212e-10
1.420000000000000284e+01 5.170882375809416668e-10
1.424000000000000199e+01 4.938236009696816705e-10
1.428000000000000114e+01 4.721280025919442750e-10
1.432000000000000028e+01 4.518642654249698339e-10
1.435999999999999943e+01 4.329086853454071957e-10
1.439999999999999858e+01 4.151497785861523024e-10
1.443999999999999773e+01 3.984870908778681715e-10
1.448000000000000398e+01 3.828300864762765563e-10
1.452000000000000313e+01 3.680971258468430207e-10
1.456000000000000227e+01 3.542145344230830867e-10
1.460000000000000142e+01 3.411157607192673428e-10
1.464000000000000057e+01 3.287406195182919030e-10
1.467999999999999972e+01 3.170346143983721772e-10
1.471999999999999886e+01 3.059483331547204126e-10
1.475999999999999801e+01 2.954369094675012944e-10
1.480000000000000426e+01 2.854595442846541074e-10
1.484000000000000341e+01 2.759790807032959939e-10
1.488000000000000256e+01 2.669616265609838843e-10
1.492000000000000171e+01 2.583762194290983519e-10
1.496000000000000085e+01 2.501945291953295134e-10
1.500000000000000000e+01 2.423905939107912041e-10
1.503999999999999915e+01 2.349405850373013351e-10
1.507999999999999829e+01 2.278225986610892163e-10
1.511999999999999744e+01 2.210164696313801117e-10
1.516000000000000369e+01 2.145036059374027032e-10
1.520000000000000284e+01 2.082668409563292844e-10
1.524000000000000199e+01 2.022903014871737791e-10
1.528000000000000114e+01 1.965592897379958480e-10
1.532000000000000028e+01 1.910601776550467078e-10
1.535999999999999943e+01 1.857803121779716081e-10
1.539999999999999858e+01 1.807079301766882307e-10
1.543999999999999773e+01 1.758320819762725843e-10
1.548000000000000398e+01 1.711425625081027309e-10
1.552000000000000313e+01 1.666298492405218730e-10
1.556000000000000227e+01 1.622850461442604660e-10
1.560000000000000142e+01 1.580998330353330224e-10
1.564000000000000057e+01 1.540664197166644214e-10
1.567999999999999972e+01 1.501775044065234944e-10
1.571999999999999886e+01 1.464262360020703333e-10
1.575999999999999801e+01 1.428061797780357900e-10
1.580000000000000426e+01 1.393112861660862743e-10
1.584000000000000341e+01 1.359358623012499770e-10
1.588000000000000256e+01 1.326745460559432003e-10
1.592000000000000171e+01 1.295222823143525124e-10
1.596000000000000085e+01 1.264743012662592531e-10
1.600000000000000000e+01 1.235260985237186468e-10
1.603999999999999915e+01 1.206734168856646757e-10
1.607999999999999829e+01 1.179122295934550668e-10
1.611999999999999744e+01 1.152387249376257367e-10
1.616000000000000369e+01 1.126492920904772723e-10
1.620000000000000284e+01 1.101405080518215241e-10
1.624000000000000199e+01 1.077091256074090258e-10
1.628000000000000114e+01 1.053520622091764168e-10
1.632000000000000028e+01 1.030663896959490696e-10
1.635999999999999943e+01 1.008493247808441940e-10
1.639999999999999858e+01 9.869822023961355593e-11
1.643999999999999773e+01 9.661055673953170260e-11
1.648000000000000398e+01 9.458393525548646913e-11
1.652000000000000313e+01 9.261607002369387010e-11
1.656000000000000227e+01 9.070478198921003829e-11
1.660000000000000142e+01 8.884799270672821288e-11
1.664000000000000057e+01 8.704371865838394427e-11
1.667999999999999972e+01 8.529006595542173390e-11
1.671999999999999886e+01 8.358522539329940632e-11
1.675999999999999801e+01 8.192746783302589723e-11
1.680000000000000426e+01 8.031513988351337532e-11
1.684000000000000341e+01 7.874665986218630462e-11
1.688000000000000256e+01 7.722051401268154999e-11
1.692000000000000171e+01 7.573525296104119683e-11
1.696000000000000085e+01 7.428948839233411480e-11
1.700000000000000000e+01 7.288188993186906544e-11
1.703999999999999915e+01 7.151118221665438770e-11
1.707999999999999829e+01 7.017614214298759688e-11
1.711999999999999744e+01 6.887559627822875466e-11
1.716000000000000369e+01 6.760841842513406820e-11
1.720000000000000284e+01 6.637352732835702111e-11
1.724000000000000199e+01 6.516988451325704350e-11
1.728000000000000114e+01 6.399649224839484447e-11
1.732000000000000028e+01 6.285239162311669217e-11
1.735999999999999943e+01 6.173666073292529057e-11
1.739999999999999858e+01 6.064841296545401682e-11
1.743999999999999773e+01 5.958679538044858080e-11
1.748000000000000398e+01 5.855098717793110106e-11
1.752000000000000313e+01 5.754019824886055762e-11
1.756000000000000227e+01 5.655366780311147100e-11
1.760000000000000142e+01 5.559066306986728078e-11
1.764000000000000057e+01 5.465047806622469180e-11
1.767999999999999972e+01 5.373243242950250813e-11
1.771999999999999886e+01 5.283587030978410482e-11
1.775999999999999801e+01 5.196015931868832902e-11
1.780000000000000426e+01 5.110468953142075862e-11
1.784000000000000341e+01 5.026887253869071710e-11
1.788000000000000256e+01 4.945214054569982815e-11
1.792000000000000171e+01 4.865394551554686055e-11
1.796000000000000085e+01 4.787375835431585849e-11
1.800000000000000000e+01 4.711106813574320979e-11
1.803999999999999915e+01 4.636538136304828470e-11
1.807999999999999829e+01 4.563622126583322395e-11
1.811999999999999744e+01 4.492312713035119274e-11
1.816000000000000369e+01 4.422565366112147117e-11
1.820000000000000284e+01 4.354337037204676841e-11
1.824000000000000199e+01 4.287586100590283194e-11
1.828000000000000114e+01 4.222272298024985983e-11
1.832000000000000028e+01 4.158356685846538829e-11
1.835999999999999943e+01 4.095801584486136988e-11
1.839999999999999858e+01 4.034570530212354779e-11
1.843999999999999773e+01 3.974628229043454263e-11
1.848000000000000398e+01 3.915940512682150529e-11
1.852000000000000313e+01 3.858474296378865846e-11
1.856000000000000227e+01 3.802197538636784185e-11
1.860000000000000142e+01 3.747079202649352799e-11
1.864000000000000057e+01 3.693089219398762482e-11
1.867999999999999972e+01 3.640198452324912939e-11
1.871999999999999886e+01 3.588378663481814333e-11
1.875999999999999801e+01 3.537602481140231406e-11
1.880000000000000426e+01 3.487843368704055868e-11
1.884000000000000341e+01 3.439075594961251965e-11
1.888000000000000256e+01 3.391274205533386771e-11
1.892000000000000171e+01 3.344414995492477749e-11
1.896000000000000085e+01 3.298474483117860642e-11
1.900000000000000000e+01 3.253429884683558963e-11
1.903999999999999915e+01 3.209259090281945359e-11
1.907999999999999829e+01 3.165940640609579467e-11
1.911999999999999744e+01 3.123453704659801155e-11
1.916000000000000369e+01 3.081778058320259347e-11
1.920000000000000284e+01 3.040894063789349668e-11
1.924000000000000199e+01 3.000782649806101491e-11
1.928000000000000114e+01 2.961425292649342959e-11
1.932000000000000028e+01 2.922803997862137967e-11
1.935999999999999943e+01 2.884901282679326667e-11
1.939999999999999858e+01 2.847700159128721860e-11
1.943999999999999773e+01 2.811184117772377749e-11
1.948000000000000398e+01 2.775337112057325365e-11
1.952000000000000313e+01 2.740143543251455560e-11
1.956000000000000227e+01 2.705588245956939505e-11
1.960000000000000142e+01 2.671656474136335727e-11
1.964000000000000057e+01 2.638333887678515219e-11
1.967999999999999972e+01 2.605606539437899294e-11
1.971999999999999886e+01 2.573460862761733997e-11
1.975999999999999801e+01 2.541883659466523598e-11
1.980000000000000426e+01 2.510862088240296659e-11
1.984000000000000341e+01 2.480383653476660376e-11
1.988000000000000256e+01 2.450436194494982842e-11
1.992000000000000171e+01 2.421007875154478711e-11
1.996000000000000085e+01 2.392087173829276480e-11
2.000000000000000000e+01 2.363662873741654978e-11
