-2.000000000000000000e+01 6.594316049896375791e-10
-1.996000000000000085e+01 6.711044173668555306e-10
-1.992000000000000171e+01 6.830571107617358048e-10
-1.987999999999999901e+01 6.952981407303316744e-10
-1.983999999999999986e+01 7.078362796297124759e-10
-1.980000000000000071e+01 7.206806311079444805e-10
-1.976000000000000156e+01 7.338406453816006470e-10
-1.971999999999999886e+01 7.473261353444214547e-10
-1.967999999999999972e+01 7.611472935712895608e-10
-1.964000000000000057e+01 7.753147102554230083e-10
-1.960000000000000142e+01 7.898393921563963771e-10
-1.955999999999999872e+01 8.047327826104471295e-10
-1.951999999999999957e+01 8.200067826726297322e-10
-1.948000000000000043e+01 8.356737734676857938e-10
-1.944000000000000128e+01 8.517466398246985125e-10
-1.939999999999999858e+01 8.682387952749407744e-10
-1.935999999999999943e+01 8.851642085013259635e-10
-1.932000000000000028e+01 9.025374313437524188e-10
-1.928000000000000114e+01 9.203736284444095542e-10
-1.923999999999999844e+01 9.386886086537478402e-10
-1.919999999999999929e+01 9.574988583027800045e-10
-1.916000000000000014e+01 9.768215764700389451e-10
-1.912000000000000099e+01 9.966747123715178459e-10
-1.907999999999999829e+01 1.017077005007635460e-09
-1.903999999999999915e+01 1.038048025225304084e-09
-1.900000000000000000e+01 1.059608220337931151e-09
-1.896000000000000085e+01 1.081778961488325273e-09
-1.892000000000000171e+01 1.104582593919995774e-09
-1.887999999999999901e+01 1.128042490346687000e-09
-1.883999999999999986e+01 1.152183107627776330e-09
-1.880000000000000071e+01 1.177030046964682283e-09
-1.876000000000000156e+01 1.202610117823899943e-09
-1.871999999999999886e+01 1.228951405854961405e-09
-1.867999999999999972e+01 1.256083345032020141e-09
-1.864000000000000057e+01 1.284036794293497941e-09
-1.860000000000000142e+01 1.312844118965456310e-09
-1.855999999999999872e+01 1.342539277245142691e-09
-1.851999999999999957e+01 1.373157912075795517e-09
-1.848000000000000043e+01 1.404737448711710723e-09
-1.844000000000000128e+01 1.437317198328582406e-09
-1.839999999999999858e+01 1.470938468013272122e-09
-1.835999999999999943e+01 1.505644677498713306e-09
-1.832000000000000028e+01 1.541481483027444969e-09
-1.828000000000000114e+01 1.578496908710116437e-09
-1.823999999999999844e+01 1.616741485771562891e-09
-1.819999999999999929e+01 1.656268400105109444e-09
-1.816000000000000014e+01 1.697133648505045409e-09
-1.812000000000000099e+01 1.739396204009043790e-09
-1.807999999999999829e+01 1.783118190736243626e-09
-1.803999999999999915e+01 1.828365068624076997e-09
-1.800000000000000000e+01 1.875205828448076010e-09
-1.796000000000000085e+01 1.923713197500212993e-09
-1.792000000000000171e+01 1.973963856276869064e-09
-1.787999999999999901e+01 2.026038666500527049e-09
-1.783999999999999986e+01 2.080022910769744454e-09
-1.780000000000000071e+01 2.136006544092363421e-09
-1.775999999999999801e+01 2.194084457506198468e-09
-1.771999999999999886e+01 2.254356753941679666e-09
-1.767999999999999972e+01 2.316929036396225581e-09
-1.764000000000000057e+01 2.381912708450839164e-09
-1.760000000000000142e+01 2.449425287032364851e-09
-1.755999999999999872e+01 2.519590727243847565e-09
-1.751999999999999957e+01 2.592539758975320079e-09
-1.748000000000000043e+01 2.668410234870125823e-09
-1.744000000000000128e+01 2.747347489061477378e-09
-1.739999999999999858e+01 2.829504705935343960e-09
-1.735999999999999943e+01 2.915043297977767272e-09
-1.732000000000000028e+01 3.004133291499901397e-09
-1.728000000000000114e+01 3.096953718815326163e-09
-1.723999999999999844e+01 3.193693015086312006e-09
-1.719999999999999929e+01 3.294549417733841790e-09
-1.716000000000000014e+01 3.399731365871243682e-09
-1.712000000000000099e+01 3.509457896799996121e-09
-1.707999999999999829e+01 3.623959036093599262e-09
-1.703999999999999915e+01 3.743476177303916384e-09
-1.700000000000000000e+01 3.868262446802192951e-09
-1.696000000000000085e+01 3.998583048847467953e-09
-1.692000000000000171e+01 4.134715585609703296e-09
-1.687999999999999901e+01 4.276950346796394741e-09
-1.683999999999999986e+01 4.425590563698081565e-09
-1.680000000000000071e+01 4.580952623164115639e-09
-1.675999999999999801e+01 4.743366238289964691e-09
-1.671999999999999886e+01 4.913174574690131228e-09
-1.667999999999999972e+01 5.090734334294063214e-09
-1.664000000000000057e+01 5.276415802767717140e-09
-1.660000000000000142e+01 5.470602872090585958e-09
-1.655999999999999872e+01 5.673693056486906513e-09
-1.651999999999999957e+01 5.886097527818295966e-09
-1.648000000000000043e+01 6.108241205411384095e-09
-1.644000000000000128e+01 6.340562944855316247e-09
-1.639999999999999858e+01 6.583515879973518101e-09
-1.635999999999999943e+01 6.837567981288611419e-09
-1.632000000000000028e+01 7.103202902041462862e-09
-1.628000000000000114e+01 7.380921188223700681e-09
-1.623999999999999844e+01 7.671241931193416676e-09
-1.619999999999999929e+01 7.974704939319623948e-09
-1.616000000000000014e+01 8.291873497838156962e-09
-1.612000000000000099e+01 8.623337773298585677e-09
-1.607999999999999829e+01 8.969718900156620011e-09
-1.603999999999999915e+01 9.331673762631062689e-09
-1.600000000000000000e+01 9.709900455496421072e-09
-1.596000000000000085e+01 1.010514437443275703e-08
-1.591999999999999993e+01 1.051820485177941628e-08
-1.587999999999999901e+01 1.094994221952540005e-08
-1.583999999999999986e+01 1.140128515091491939e-08
-1.580000000000000071e+01 1.187323810814213197e-08
-1.575999999999999979e+01 1.236688870905534147e-08
-1.571999999999999886e+01 1.288341482278651324e-08
-1.567999999999999972e+01 1.342409121426205382e-08
-1.564000000000000057e+01 1.399029558089354709e-08
-1.559999999999999964e+01 1.458351386038732200e-08
-1.555999999999999872e+01 1.520534473449973651e-08
-1.551999999999999957e+01 1.585750330634897941e-08
-1.548000000000000043e+01 1.654182398490805694e-08
-1.543999999999999950e+01 1.726026266518501331e-08
-1.539999999999999858e+01 1.801489834274099650e-08
-1.535999999999999943e+01 1.880793434322168517e-08
-1.532000000000000028e+01 1.964169937952767516e-08
-1.528000000000000114e+01 2.051864867052032735e-08
-1.524000000000000021e+01 2.144136536658584119e-08
-1.519999999999999929e+01 2.241256253182342960e-08
-1.516000000000000014e+01 2.343508593402573402e-08
-1.512000000000000099e+01 2.451191789741009091e-08
-1.508000000000000007e+01 2.564618248489696953e-08
-1.503999999999999915e+01 2.684115230204272832e-08
-1.500000000000000000e+01 2.810025725693619426e-08
-1.496000000000000085e+01 2.942709567033956157e-08
-1.491999999999999993e+01 3.082544820435577463e-08
-1.487999999999999901e+01 3.229929515739119050e-08
-1.483999999999999986e+01 3.385283774421301716e-08
-1.480000000000000071e+01 3.549052402445410963e-08
-1.475999999999999979e+01 3.721708014021080043e-08
-1.471999999999999886e+01 3.903754745425477626e-08
-1.467999999999999972e+01 4.095732602970428619e-08
-1.464000000000000057e+01 4.298222465407349426e-08
-1.459999999999999964e+01 4.511851729120944099e-08
-1.455999999999999872e+01 4.737300546263200683e-08
-1.451999999999999957e+01 4.975308564578713000e-08
-1.448000000000000043e+01 5.226682036896314093e-08
-1.443999999999999950e+01 5.492301132073287193e-08
-1.439999999999999858e+01 5.773127251046465376e-08
-1.435999999999999943e+01 6.070210133936290888e-08
-1.432000000000000028e+01 6.384694537968173931e-08
-1.428000000000000114e+01 6.717826271270272525e-08
-1.424000000000000021e+01 7.070957383922173060e-08
-1.419999999999999929e+01 7.445550344984091978e-08
-1.416000000000000014e+01 7.843181074148813832e-08
-1.412000000000000099e+01 8.265540752811232588e-08
-1.408000000000000007e+01 8.714436417484578462e-08
-1.403999999999999915e+01 9.191790445438390149e-08
-1.400000000000000000e+01 9.699639183964535688e-08
-1.396000000000000085e+01 1.024013115262692544e-07
-1.391999999999999993e+01 1.081552545687914910e-07
-1.387999999999999901e+01 1.142819127626692488e-07
-1.383999999999999986e+01 1.208060950462454086e-07
-1.380000000000000071e+01 1.277537778659499512e-07
-1.375999999999999979e+01 1.351522027154154983e-07
-1.371999999999999886e+01 1.430300334986878335e-07
-1.367999999999999972e+01 1.514175841414331008e-07
-1.364000000000000057e+01 1.603471228191693937e-07
-1.359999999999999964e+01 1.698532533691373789e-07
-1.355999999999999872e+01 1.799733672563541252e-07
-1.351999999999999957e+01 1.907481514781085944e-07
-1.348000000000000043e+01 2.022221297883255840e-07
-1.343999999999999950e+01 2.144442074306738698e-07
-1.339999999999999858e+01 2.274681839359589505e-07
-1.335999999999999943e+01 2.413531950310544215e-07
-1.332000000000000028e+01 2.561640436575934865e-07
-1.328000000000000114e+01 2.719713816393861551e-07
-1.324000000000000021e+01 2.888517077001478461e-07
-1.319999999999999929e+01 3.068871544067055859e-07
-1.316000000000000014e+01 3.261650465040235580e-07
-1.312000000000000099e+01 3.467772266452535872e-07
-1.308000000000000007e+01 3.688191626264507653e-07
-1.303999999999999915e+01 3.923888739105320657e-07
-1.300000000000000000e+01 4.175857450767791883e-07
-1.296000000000000085e+01 4.445093293758192038e-07
-1.291999999999999993e+01 4.732582843882613340e-07
-1.287999999999999901e+01 5.039296187933281242e-07
-1.283999999999999986e+01 5.366184564510659103e-07
-1.280000000000000071e+01 5.714185311545455377e-07
-1.275999999999999979e+01 6.084236019927975015e-07
-1.271999999999999886e+01 6.477299176041790264e-07
-1.267999999999999972e+01 6.894397565298037823e-07
-1.264000000000000057e+01 7.336659386620453588e-07
-1.259999999999999964e+01 7.805370577670192950e-07
-1.255999999999999872e+01 8.302030529948890757e-07
-1.251999999999999957e+01 8.828406454947229270e-07
-1.248000000000000043e+01 9.386581362193948514e-07
-1.243999999999999950e+01 9.978991021575359856e-07
-1.239999999999999858e+01 1.060844635260088131e-06
-1.235999999999999943e+01 1.127813923264067844e-06
-1.232000000000000028e+01 1.199163149537718472e-06
-1.228000000000000114e+01 1.275282864892686734e-06
-1.224000000000000021e+01 1.356594137625604637e-06
-1.219999999999999929e+01 1.443543904185840135e-06
-1.216000000000000014e+01 1.536600010135430051e-06
-1.212000000000000099e+01 1.636246436231108274e-06
-1.208000000000000007e+01 1.742979129623545075e-06
-1.203999999999999915e+01 1.857302684872197433e-06
-1.200000000000000000e+01 1.979727831085842263e-06
-1.195999999999999908e+01 2.110769295115439028e-06
-1.191999999999999993e+01 2.250943195663419928e-06
-1.187999999999999901e+01 2.400762826517996216e-06
-1.183999999999999986e+01 2.560731736076048132e-06
-1.180000000000000071e+01 2.731333667758283642e-06
-1.175999999999999979e+01 2.913020375545219655e-06
-1.172000000000000064e+01 3.106200490390745495e-06
-1.167999999999999972e+01 3.311234944956113717e-06
-1.164000000000000057e+01 3.528445890062689955e-06
-1.159999999999999964e+01 3.758145183527885930e-06
-1.156000000000000050e+01 4.000684374880393279e-06
-1.151999999999999957e+01 4.256520829020526034e-06
-1.148000000000000043e+01 4.526286134765040230e-06
-1.143999999999999950e+01 4.810836415995272418e-06
-1.140000000000000036e+01 5.111262585608839445e-06
-1.135999999999999943e+01 5.428843059703783620e-06
-1.132000000000000028e+01 5.764930600245251295e-06
-1.127999999999999936e+01 6.120775921749863994e-06
-1.124000000000000021e+01 6.497301021007574834e-06
-1.119999999999999929e+01 6.894844123318936391e-06
-1.116000000000000014e+01 7.312906529472951193e-06
-1.111999999999999922e+01 7.749940554384779595e-06
-1.108000000000000007e+01 8.203226700402232603e-06
-1.103999999999999915e+01 8.668894045338632358e-06
-1.100000000000000000e+01 9.142134880451427480e-06
-1.095999999999999908e+01 9.617646767349096970e-06
-1.091999999999999993e+01 1.009029957715167674e-05
-1.087999999999999901e+01 1.055597641960182235e-05
-1.083999999999999986e+01 1.101248958357744695e-05
-1.079999999999999893e+01 1.146044515292060357e-05
-1.075999999999999979e+01 1.190393857293508479e-05
-1.072000000000000064e+01 1.235100985897862118e-05
-1.067999999999999972e+01 1.281385483600993348e-05
-1.064000000000000057e+01 1.330884853452673129e-05
-1.059999999999999964e+01 1.385645847888991459e-05
-1.056000000000000050e+01 1.448108809098331540e-05
-1.051999999999999957e+01 1.521078606430155259e-05
-1.048000000000000043e+01 1.607659571622817424e-05
-1.043999999999999950e+01 1.711114376299166688e-05
-1.040000000000000036e+01 1.834600401614689197e-05
-1.035999999999999943e+01 1.980765767827649877e-05
-1.032000000000000028e+01 2.151276721301811852e-05
-1.027999999999999936e+01 2.346484662478685542e-05
-1.024000000000000021e+01 2.565514319531283331e-05
-1.019999999999999929e+01 2.806893058694085252e-05
-1.016000000000000014e+01 3.069431706837671606e-05
-1.011999999999999922e+01 3.352724729197474553e-05
-1.008000000000000007e+01 3.656725584273180367e-05
-1.003999999999999915e+01 3.980312495775118262e-05
-1.000000000000000000e+01 4.319204513184197818e-05
-9.959999999999999076e+00 4.663831404309875953e-05
-9.919999999999999929e+00 4.997940167902541295e-05
-9.879999999999999005e+00 5.298915014516738034e-05
-9.839999999999999858e+00 5.540706957923706590e-05
-9.799999999999998934e+00 5.699417980785498984e-05
-9.759999999999999787e+00 5.759945585743650399e-05
-9.720000000000000639e+00 5.720745343525095855e-05
-9.679999999999999716e+00 5.594238092036411336e-05
-9.640000000000000568e+00 5.402779361400471584e-05
-9.599999999999999645e+00 5.172505842100343082e-05
-9.560000000000000497e+00 4.927890990852879763e-05
-9.519999999999999574e+00 4.688591185533427119e-05
-9.480000000000000426e+00 4.468602726677940924e-05
-9.439999999999999503e+00 4.276917746105236005e-05
-9.400000000000000355e+00 4.118808181751710260e-05
-9.359999999999999432e+00 3.997164794054022504e-05
-9.320000000000000284e+00 3.913633540066633254e-05
-9.279999999999999361e+00 3.869497380937618751e-05
-9.240000000000000213e+00 3.866351122905932198e-05
-9.199999999999999289e+00 3.906651954134509382e-05
-9.160000000000000142e+00 3.994235882143417916e-05
-9.119999999999999218e+00 4.134893559324969478e-05
-9.080000000000000071e+00 4.337111697880676337e-05
-9.039999999999999147e+00 4.613118917690651696e-05
-9.000000000000000000e+00 4.980440770000237928e-05
-8.959999999999999076e+00 5.464290673999768443e-05
-8.919999999999999929e+00 6.101343799799702281e-05
-8.879999999999999005e+00 6.945837557270654542e-05
-8.839999999999999858e+00 8.079653970559731496e-05
-8.799999999999998934e+00 9.629281729539589010e-05
-8.759999999999999787e+00 1.179450656274059854e-04
-8.720000000000000639e+00 1.489556301044477440e-04
-8.679999999999999716e+00 1.944066221875842180e-04
-8.640000000000000568e+00 2.616936023122034931e-04
-8.599999999999999645e+00 3.579919855985163159e-04
-8.560000000000000497e+00 4.753881743221729985e-04
-8.519999999999999574e+00 5.585475668402703096e-04
-8.480000000000000426e+00 5.299122116207869793e-04
-8.439999999999999503e+00 4.129458054872210964e-04
-8.400000000000000355e+00 2.927239377360247858e-04
-8.359999999999999432e+00 2.046034799231042202e-04
-8.320000000000000284e+00 1.460530714568561038e-04
-8.279999999999999361e+00 1.075250605919962079e-04
-8.240000000000000213e+00 8.164268716838210776e-05
-8.199999999999999289e+00 6.374238561755695678e-05
-8.160000000000000142e+00 5.099154006060010894e-05
-8.119999999999999218e+00 4.165736131187743491e-05
-8.080000000000000071e+00 3.465554901990214483e-05
-8.039999999999999147e+00 2.928896911926430453e-05
-8.000000000000000000e+00 2.509704017460699551e-05
-7.959999999999999076e+00 2.176753458500295017e-05
-7.919999999999999929e+00 1.908371922073873447e-05
-7.879999999999999005e+00 1.689186871460703952e-05
-7.839999999999999858e+00 1.508079598981187965e-05
-7.799999999999998934e+00 1.356864518723269997e-05
-7.759999999999999787e+00 1.229417940187175709e-05
-7.719999999999998863e+00 1.121091432927341407e-05
-7.679999999999999716e+00 1.028309271823590028e-05
-7.640000000000000568e+00 9.482873436004041269e-06
-7.599999999999999645e+00 8.788336905748082275e-06
-7.560000000000000497e+00 8.182048720288092307e-06
-7.519999999999999574e+00 7.650010996230967352e-06
-7.480000000000000426e+00 7.180887063624702378e-06
-7.439999999999999503e+00 6.765421489980181420e-06
-7.400000000000000355e+00 6.396001479177514611e-06
-7.359999999999999432e+00 6.066321807984169128e-06
-7.320000000000000284e+00 5.771126430203392995e-06
-7.279999999999999361e+00 5.506007439720564869e-06
-7.240000000000000213e+00 5.267247362611689726e-06
-7.199999999999999289e+00 5.051694477649586637e-06
-7.160000000000000142e+00 4.856663528291568500e-06
-7.119999999999999218e+00 4.679856111886113783e-06
-7.080000000000000071e+00 4.519296433280750930e-06
-7.039999999999999147e+00 4.373279141053826988e-06
-7.000000000000000000e+00 4.240326729802433863e-06
-6.959999999999999076e+00 4.119154564560598825e-06
-6.919999999999999929e+00 4.008642015335354411e-06
-6.879999999999999005e+00 3.907808517952128101e-06
-6.839999999999999858e+00 3.815793628569263027e-06
-6.799999999999998934e+00 3.731840332732272454e-06
-6.759999999999999787e+00 3.655281019886633686e-06
-6.719999999999998863e+00 3.585525651326829991e-06
-6.679999999999999716e+00 3.522051741416855279e-06
-6.640000000000000568e+00 3.464395844400153596e-06
-6.599999999999999645e+00 3.412146296618840711e-06
-6.560000000000000497e+00 3.364937009811070956e-06
-6.519999999999999574e+00 3.322442147893628491e-06
-6.480000000000000426e+00 3.284371549212862214e-06
-6.439999999999999503e+00 3.250466780165405875e-06
-6.400000000000000355e+00 3.220497725517323703e-06
-6.359999999999999432e+00 3.194259636596582001e-06
-6.320000000000000284e+00 3.171570571511578595e-06
-6.279999999999999361e+00 3.152269172219372914e-06
-6.240000000000000213e+00 3.136212732075178152e-06
-6.199999999999999289e+00 3.123275514792320686e-06
-6.160000000000000142e+00 3.113347291810419137e-06
-6.119999999999999218e+00 3.106332070135161777e-06
-6.080000000000000071e+00 3.102146986956182771e-06
-6.039999999999999147e+00 3.100721350918130737e-06
-6.000000000000000000e+00 3.101995812932022286e-06
-5.959999999999999076e+00 3.105921651967499735e-06
-5.919999999999999929e+00 3.112460163440860183e-06
-5.879999999999999005e+00 3.121582139675165311e-06
-5.839999999999999858e+00 3.133267433512369439e-06
-5.799999999999998934e+00 3.147504597549636702e-06
-5.759999999999999787e+00 3.164290592693350781e-06
-5.719999999999998863e+00 3.183630560808732871e-06
-5.679999999999999716e+00 3.205537657222189203e-06
-5.640000000000000568e+00 3.230032939733788606e-06
-5.599999999999999645e+00 3.257145311643216760e-06
-5.560000000000000497e+00 3.286911517103252456e-06
-5.519999999999999574e+00 3.319376187904174690e-06
-5.480000000000000426e+00 3.354591941565145806e-06
-5.439999999999999503e+00 3.392619531356790759e-06
-5.400000000000000355e+00 3.433528049577963434e-06
-5.359999999999999432e+00 3.477395186014158213e-06
-5.320000000000000284e+00 3.524307543949375933e-06
-5.279999999999999361e+00 3.574361016307946523e-06
-5.240000000000000213e+00 3.627661224388413694e-06
-5.199999999999999289e+00 3.684324021166098318e-06
-5.160000000000000142e+00 3.744476060291503296e-06
-5.119999999999999218e+00 3.808255430796544624e-06
-5.080000000000000071e+00 3.875812356341909665e-06
-5.039999999999999147e+00 3.947309956880587733e-06
-5.000000000000000000e+00 4.022925070175475311e-06
-4.959999999999999076e+00 4.102849130909628731e-06
-4.919999999999999929e+00 4.187289106201738468e-06
-4.879999999999999005e+00 4.276468487993441092e-06
-4.839999999999999858e+00 4.370628344636538943e-06
-4.799999999999998934e+00 4.470028435677003258e-06
-4.759999999999999787e+00 4.574948395107712444e-06
-4.719999999999998863e+00 4.685688989474685374e-06
-4.679999999999999716e+00 4.802573459025759911e-06
-4.640000000000000568e+00 4.925948954178508010e-06
-4.599999999999999645e+00 5.056188088330406337e-06
-4.560000000000000497e+00 5.193690644563546559e-06
-4.519999999999999574e+00 5.338885501768392353e-06
-4.480000000000000426e+00 5.492232888733358996e-06
-4.439999999999999503e+00 5.654227135025765761e-06
-4.400000000000000355e+00 5.825400163330075201e-06
-4.359999999999999432e+00 6.006326049900289653e-06
-4.320000000000000284e+00 6.197627046344716815e-06
-4.279999999999999361e+00 6.399981470673897339e-06
-4.240000000000000213e+00 6.614133790871673014e-06
-4.199999999999999289e+00 6.840906997447379810e-06
-4.160000000000000142e+00 7.081216984912956517e-06
-4.119999999999999218e+00 7.336088199545649327e-06
-4.080000000000000071e+00 7.606669413530508866e-06
-4.039999999999999147e+00 7.894248357081795140e-06
-4.000000000000000000e+00 8.200264237096814007e-06
-3.960000000000000853e+00 8.526317883772125346e-06
-3.919999999999998153e+00 8.874180168015940041e-06
-3.879999999999999005e+00 9.245800059476705864e-06
-3.839999999999999858e+00 9.643313932441974798e-06
-3.800000000000000711e+00 1.006905736615840830e-05
-3.759999999999998010e+00 1.052557984581375399e-05
-3.719999999999998863e+00 1.101566167654551690e-05
-3.679999999999999716e+00 1.154233124819032435e-05
-3.640000000000000568e+00 1.210887955373668749e-05
-3.600000000000001421e+00 1.271886743470920176e-05
-3.559999999999998721e+00 1.337611917531945628e-05
-3.519999999999999574e+00 1.408469357293170150e-05
-3.480000000000000426e+00 1.484882039744100878e-05
-3.440000000000001279e+00 1.567278652806962478e-05
-3.399999999999998579e+00 1.656075320380271415e-05
-3.359999999999999432e+00 1.751648667017440838e-05
-3.320000000000000284e+00 1.854299507799385340e-05
-3.280000000000001137e+00 1.964209536064937575e-05
-3.239999999999998437e+00 2.081399982931019725e-05
-3.199999999999999289e+00 2.205712578179741835e-05
-3.160000000000000142e+00 2.336848141351370196e-05
-3.120000000000000995e+00 2.474509400854050265e-05
-3.079999999999998295e+00 2.618685352296490067e-05
-3.039999999999999147e+00 2.770064344842410221e-05
-3.000000000000000000e+00 2.930473050322427928e-05
-2.960000000000000853e+00 3.103161122390300157e-05
-2.919999999999998153e+00 3.292774984013742878e-05
-2.879999999999999005e+00 3.505019513315441103e-05
-2.839999999999999858e+00 3.746191800741645496e-05
-2.800000000000000711e+00 4.022834785169838198e-05
-2.759999999999998010e+00 4.341664403700648393e-05
-2.719999999999998863e+00 4.709776673677954937e-05
-2.679999999999999716e+00 5.135053986559663219e-05
-2.640000000000000568e+00 5.626688031929224100e-05
-2.599999999999997868e+00 6.195781338709673404e-05
-2.559999999999998721e+00 6.856039366559429807e-05
-2.519999999999999574e+00 7.624603991972239573e-05
-2.480000000000000426e+00 8.523109654821379804e-05
-2.440000000000001279e+00 9.579074830060587623e-05
-2.399999999999998579e+00 1.082778414079745379e-04
-2.359999999999999432e+00 1.231488092410751994e-04
-2.320000000000000284e+00 1.409998942265796619e-04
-2.280000000000001137e+00 1.626183843127101893e-04
-2.239999999999998437e+00 1.890559113707437227e-04
-2.199999999999999289e+00 2.217343656376326538e-04
-2.160000000000000142e+00 2.626001051665431034e-04
-2.120000000000000995e+00 3.143491199722593492e-04
-2.079999999999998295e+00 3.807536602467760396e-04
-2.039999999999999147e+00 4.671240035756219714e-04
-2.000000000000000000e+00 5.809172881111562652e-04
-1.960000000000000853e+00 7.323953338692258284e-04
-1.919999999999998153e+00 9.348582293729968328e-04
-1.879999999999999005e+00 1.202927827622739775e-03
-1.839999999999999858e+00 1.545062156628054318e-03
-1.800000000000000711e+00 1.944127408349965091e-03
-1.759999999999998010e+00 2.327548150707875029e-03
-1.719999999999998863e+00 2.564999703839745699e-03
-1.679999999999999716e+00 2.552165181284721078e-03
-1.640000000000000568e+00 2.313665574349187473e-03
-1.599999999999997868e+00 1.969883475281150337e-03
-1.559999999999998721e+00 1.626986767026109481e-03
-1.519999999999999574e+00 1.334008575982496532e-03
-1.480000000000000426e+00 1.100124852798078749e-03
-1.440000000000001279e+00 9.181879455215535184e-04
-1.399999999999998579e+00 7.773792079770085791e-04
-1.359999999999999432e+00 6.678518424682866605e-04
-1.320000000000000284e+00 5.818188417832479298e-04
-1.280000000000001137e+00 5.134331548322800150e-04
-1.239999999999998437e+00 4.583852270674025424e-04
-1.199999999999999289e+00 4.135176085279376940e-04
-1.160000000000000142e+00 3.765222229422020912e-04
-1.120000000000000995e+00 3.457125376372080549e-04
-1.079999999999998295e+00 3.198521974038989724e-04
-1.039999999999999147e+00 2.980277285992649844e-04
-1.000000000000000000e+00 2.795567983734403069e-04
-9.600000000000008527e-01 2.639241014963241653e-04
-9.199999999999981526e-01 2.507374780804484476e-04
-8.799999999999990052e-01 2.396982537516196459e-04
-8.399999999999998579e-01 2.305814530602575167e-04
-8.000000000000007105e-01 2.232229685197312100e-04
-7.599999999999980105e-01 2.175118539514329073e-04
-7.199999999999988631e-01 2.133867195804536334e-04
-6.799999999999997158e-01 2.108358488908005182e-04
-6.400000000000005684e-01 2.099012498132629798e-04
-5.999999999999978684e-01 2.106875273793988156e-04
-5.599999999999987210e-01 2.133774064953280396e-04
-5.199999999999995737e-01 2.182572534658137886e-04
-4.800000000000004263e-01 2.257586342845760907e-04
-4.400000000000012790e-01 2.365270155467769130e-04
-3.999999999999985789e-01 2.515387782361347044e-04
-3.599999999999994316e-01 2.723087479085707641e-04
-3.200000000000002842e-01 3.012768241174386321e-04
-2.800000000000011369e-01 3.425707068942110758e-04
-2.399999999999984368e-01 4.036118941344907403e-04
-1.999999999999992895e-01 4.987527044279262394e-04
-1.600000000000001421e-01 6.581725700167875143e-04
-1.200000000000009948e-01 9.510114358984728946e-04
-7.999999999999829470e-02 1.541519556008014245e-03
-3.999999999999914735e-02 2.699090751855716917e-03
0.000000000000000000e+00 3.704292737639479968e-03
3.999999999999914735e-02 2.720487892784303249e-03
8.000000000000184741e-02 1.561162270947667133e-03
1.200000000000009948e-01 9.632859954243904073e-04
1.600000000000001421e-01 6.640001736103144777e-04
1.999999999999992895e-01 4.998026591948545551e-04
2.400000000000019895e-01 4.013054700375647183e-04
2.800000000000011369e-01 3.379899678903057372e-04
3.200000000000002842e-01 2.952179521321712449e-04
3.599999999999994316e-01 2.653497959639339343e-04
4.000000000000021316e-01 2.440984114141090181e-04
4.400000000000012790e-01 2.289108939420329760e-04
4.800000000000004263e-01 2.181946478068974853e-04
5.199999999999995737e-01 2.109218754092584923e-04
5.599999999999987210e-01 2.064154451713535239e-04
6.000000000000014211e-01 2.042272267243101379e-04
6.400000000000005684e-01 2.040662870958729615e-04
6.799999999999997158e-01 2.057553973915565216e-04
7.199999999999988631e-01 2.092043974133427921e-04
7.600000000000015632e-01 2.143940249966806363e-04
8.000000000000007105e-01 2.213664086371855259e-04
8.399999999999998579e-01 2.302196949924219423e-04
8.799999999999990052e-01 2.411047417323449382e-04
9.200000000000017053e-01 2.542216549207849258e-04
9.600000000000008527e-01 2.698133068866953501e-04
1.000000000000000000e+00 2.881521642591541453e-04
1.039999999999999147e+00 3.095169473489497438e-04
1.080000000000001847e+00 3.341599567529289407e-04
1.120000000000000995e+00 3.622803751032832673e-04
1.160000000000000142e+00 3.940492655926317034e-04
1.199999999999999289e+00 4.297683684482383592e-04
1.240000000000001990e+00 4.702367533955673562e-04
1.280000000000001137e+00 5.172794050409656574e-04
1.320000000000000284e+00 5.742145649850963337e-04
1.359999999999999432e+00 6.460449344360148088e-04
1.400000000000002132e+00 7.394374543810632808e-04
1.440000000000001279e+00 8.627366703709191641e-04
1.480000000000000426e+00 1.025957593774242315e-03
1.519999999999999574e+00 1.239887962831663854e-03
1.559999999999998721e+00 1.511973917139373567e-03
1.600000000000001421e+00 1.834635769260100756e-03
1.640000000000000568e+00 2.162984470843590419e-03
1.679999999999999716e+00 2.397530274268880757e-03
1.719999999999998863e+00 2.422938498094535150e-03
1.760000000000001563e+00 2.211805282736432638e-03
1.800000000000000711e+00 1.859080487487195293e-03
1.839999999999999858e+00 1.487118819741646255e-03
1.879999999999999005e+00 1.165618596544074331e-03
1.920000000000001705e+00 9.121693268208932656e-04
1.960000000000000853e+00 7.197787140472255551e-04
2.000000000000000000e+00 5.752089167116769585e-04
2.039999999999999147e+00 4.661924327801730654e-04
2.080000000000001847e+00 3.831757852839161576e-04
2.120000000000000995e+00 3.191737109259634047e-04
2.160000000000000142e+00 2.691887136576685087e-04
2.199999999999999289e+00 2.296573103041212114e-04
2.240000000000001990e+00 1.980247208486202832e-04
2.280000000000001137e+00 1.724417705179601568e-04
2.320000000000000284e+00 1.515548268093948542e-04
2.359999999999999432e+00 1.343612911216076115e-04
2.400000000000002132e+00 1.201099048171247062e-04
2.440000000000001279e+00 1.082313751380815155e-04
2.480000000000000426e+00 9.828948397971179669e-05
2.519999999999999574e+00 8.994604938247745946e-05
2.559999999999998721e+00 8.293523830970843803e-05
2.600000000000001421e+00 7.704412156556373010e-05
2.640000000000000568e+00 7.209728649293583138e-05
2.679999999999999716e+00 6.794399681094874847e-05
2.719999999999998863e+00 6.444700725287661836e-05
2.760000000000001563e+00 6.147289175190598473e-05
2.800000000000000711e+00 5.888475707167882631e-05
2.839999999999999858e+00 5.653938199618609547e-05
2.879999999999999005e+00 5.429151663314862110e-05
2.920000000000001705e+00 5.200706852406742069e-05
2.960000000000000853e+00 4.958317626690072295e-05
3.000000000000000000e+00 4.696781323592798659e-05
3.039999999999999147e+00 4.416874614157890284e-05
3.080000000000001847e+00 4.124556104260894575e-05
3.120000000000000995e+00 3.828764682337751422e-05
3.160000000000000142e+00 3.538830048405891380e-05
3.199999999999999289e+00 3.262502021457816694e-05
3.240000000000001990e+00 3.005031854451100526e-05
3.280000000000001137e+00 2.769159076885446957e-05
3.320000000000000284e+00 2.555604328935730517e-05
3.359999999999999432e+00 2.363706705543620656e-05
3.400000000000002132e+00 2.191993990880519662e-05
3.440000000000001279e+00 2.038607759965556040e-05
3.480000000000000426e+00 1.901582970041130804e-05
3.519999999999999574e+00 1.779012602296879805e-05
3.559999999999998721e+00 1.669132617226209850e-05
3.600000000000001421e+00 1.570356527738674002e-05
3.640000000000000568e+00 1.481280633033801248e-05
3.679999999999999716e+00 1.400673783798770141e-05
3.719999999999998863e+00 1.327460309971481052e-05
3.760000000000001563e+00 1.260701252079618074e-05
3.800000000000000711e+00 1.199576823950148001e-05
3.839999999999999858e+00 1.143371633898654529e-05
3.879999999999999005e+00 1.091463241432221189e-05
3.920000000000001705e+00 1.043313893532387109e-05
3.960000000000000853e+00 9.984646723218971841e-06
4.000000000000000000e+00 9.565308283793528635e-06
4.039999999999999147e+00 9.171968917374681877e-06
4.080000000000001847e+00 8.802103599775024139e-06
4.120000000000000995e+00 8.453733566219099525e-06
4.160000000000000142e+00 8.125324551979193552e-06
4.199999999999999289e+00 7.815675781416141045e-06
4.240000000000001990e+00 7.523812389936606484e-06
4.280000000000001137e+00 7.248893060554121315e-06
4.320000000000000284e+00 6.990140334959523354e-06
4.359999999999999432e+00 6.746795544353876249e-06
4.400000000000002132e+00 6.518095677421203857e-06
4.440000000000001279e+00 6.303266854357501801e-06
4.480000000000000426e+00 6.101528435027020209e-06
4.519999999999999574e+00 5.912102543280792395e-06
4.560000000000002274e+00 5.734225182972806496e-06
4.600000000000001421e+00 5.567156570196116544e-06
4.640000000000000568e+00 5.410189490625133275e-06
4.679999999999999716e+00 5.262655309579425606e-06
4.719999999999998863e+00 5.123927744891140527e-06
4.760000000000001563e+00 4.993424741723872856e-06
4.800000000000000711e+00 4.870608853011606295e-06
4.839999999999999858e+00 4.754986502441034551e-06
4.879999999999999005e+00 4.646106441083911575e-06
4.920000000000001705e+00 4.543557636924323919e-06
4.960000000000000853e+00 4.446966776553030055e-06
5.000000000000000000e+00 4.355995517004790004e-06
5.039999999999999147e+00 4.270337602115283128e-06
5.080000000000001847e+00 4.189715946191107491e-06
5.120000000000000995e+00 4.113879780803582313e-06
5.160000000000000142e+00 4.042601951633720443e-06
5.199999999999999289e+00 3.975676437776870536e-06
5.240000000000001990e+00 3.912916145409093051e-06
5.280000000000001137e+00 3.854151003631577958e-06
5.320000000000000284e+00 3.799226366393947520e-06
5.359999999999999432e+00 3.748001704210562847e-06
5.400000000000002132e+00 3.700349555225242411e-06
5.440000000000001279e+00 3.656154697721235979e-06
5.480000000000000426e+00 3.615313504697956628e-06
5.519999999999999574e+00 3.577733444102680135e-06
5.560000000000002274e+00 3.543332693937316846e-06
5.600000000000001421e+00 3.512039848185833231e-06
5.640000000000000568e+00 3.483793696179526519e-06
5.679999999999999716e+00 3.458543063953340709e-06
5.719999999999998863e+00 3.436246711053837370e-06
5.760000000000001563e+00 3.416873280116754078e-06
5.800000000000000711e+00 3.400401299468831290e-06
5.839999999999999858e+00 3.386819241216585625e-06
5.879999999999999005e+00 3.376125638958789412e-06
5.920000000000001705e+00 3.368329270569769509e-06
5.960000000000000853e+00 3.363449412585735085e-06
6.000000000000000000e+00 3.361516173697606206e-06
6.039999999999999147e+00 3.362570915805366818e-06
6.080000000000001847e+00 3.366666772105673766e-06
6.120000000000000995e+00 3.373869272849781915e-06
6.160000000000000142e+00 3.384257090803748640e-06
6.199999999999999289e+00 3.397922920150384168e-06
6.240000000000001990e+00 3.414974504674711895e-06
6.280000000000001137e+00 3.435535833654922741e-06
6.320000000000000284e+00 3.459748527029070645e-06
6.359999999999999432e+00 3.487773435221456945e-06
6.400000000000002132e+00 3.519792483610220854e-06
6.440000000000001279e+00 3.556010797141828483e-06
6.480000000000000426e+00 3.596659147230014281e-06
6.519999999999999574e+00 3.641996771045052267e-06
6.560000000000002274e+00 3.692314622895457918e-06
6.600000000000001421e+00 3.747939128997924875e-06
6.640000000000000568e+00 3.809236530991895110e-06
6.679999999999999716e+00 3.876617920678329467e-06
6.719999999999998863e+00 3.950545089406363310e-06
6.760000000000001563e+00 4.031537341263739058e-06
6.800000000000000711e+00 4.120179450986583904e-06
6.839999999999999858e+00 4.217130986887366321e-06
6.879999999999999005e+00 4.323137268170963688e-06
6.920000000000001705e+00 4.439042287455628295e-06
6.960000000000000853e+00 4.565804006654125324e-06
7.000000000000000000e+00 4.704512532233142170e-06
7.039999999999999147e+00 4.856411800392051131e-06
7.080000000000001847e+00 5.022925562075498575e-06
7.120000000000000995e+00 5.205688662955053087e-06
7.160000000000000142e+00 5.406584879468397289e-06
7.199999999999999289e+00 5.627792918980309844e-06
7.240000000000001990e+00 5.871842648018395821e-06
7.280000000000001137e+00 6.141684215986313135e-06
7.320000000000000284e+00 6.440773546810144438e-06
7.359999999999999432e+00 6.773178753889472807e-06
7.400000000000002132e+00 7.143713503185885043e-06
7.440000000000001279e+00 7.558105361773119973e-06
7.480000000000000426e+00 8.023209952493468055e-06
7.519999999999999574e+00 8.547285624961892139e-06
7.560000000000002274e+00 9.140348849091097579e-06
7.600000000000001421e+00 9.814638394717568363e-06
7.640000000000000568e+00 1.058522773592131543e-05
7.679999999999999716e+00 1.147084180724396843e-05
7.719999999999998863e+00 1.249495907467991271e-05
7.760000000000001563e+00 1.368731741104953784e-05
7.800000000000000711e+00 1.508599989786499852e-05
7.839999999999999858e+00 1.674036673652750447e-05
7.879999999999999005e+00 1.871524281677851759e-05
7.920000000000001705e+00 2.109700324203526991e-05
7.960000000000000853e+00 2.400258490615230547e-05
8.000000000000000000e+00 2.759310567463314545e-05
8.039999999999999147e+00 3.209490423135601193e-05
8.080000000000001847e+00 3.783281548745785484e-05
8.120000000000000995e+00 4.528410552733812462e-05
8.160000000000000142e+00 5.516807455668822698e-05
8.199999999999999289e+00 6.859828486834779247e-05
8.240000000000001990e+00 8.734497921379550756e-05
8.280000000000001137e+00 1.142841890142469409e-04
8.320000000000000284e+00 1.541137365197026686e-04
8.359999999999999432e+00 2.141771942039165312e-04
8.400000000000002132e+00 3.037378366933097379e-04
8.440000000000001279e+00 4.243646010804065765e-04
8.480000000000000426e+00 5.388315817299833355e-04
8.519999999999999574e+00 5.614110900091489470e-04
8.560000000000002274e+00 4.718230558410519012e-04
8.600000000000001421e+00 3.504453919819814430e-04
8.640000000000000568e+00 2.523650900482428969e-04
8.679999999999999716e+00 1.844481598703767906e-04
8.719999999999998863e+00 1.388510111728123524e-04
8.760000000000001563e+00 1.078611593482752597e-04
8.800000000000000711e+00 8.625778884273468863e-05
8.839999999999999858e+00 7.077879870258444979e-05
8.879999999999999005e+00 5.940030093600223986e-05
8.920000000000001705e+00 5.084541983720636699e-05
8.960000000000000853e+00 4.428876291746210164e-05
9.000000000000000000e+00 3.918292666519950862e-05
9.039999999999999147e+00 3.515587371803828560e-05
9.080000000000001847e+00 3.194905696150318380e-05
9.120000000000000995e+00 2.937924389121062061e-05
9.160000000000000142e+00 2.731440265802208454e-05
9.199999999999999289e+00 2.565812269783674795e-05
9.240000000000001990e+00 2.433933635938810829e-05
9.280000000000001137e+00 2.330540693521467282e-05
9.320000000000000284e+00 2.251739815976036492e-05
9.359999999999999432e+00 2.194678113282733545e-05
9.400000000000002132e+00 2.157309846174925696e-05
9.440000000000001279e+00 2.138226616460798236e-05
9.480000000000000426e+00 2.136529539228350578e-05
9.519999999999999574e+00 2.151728754539824253e-05
9.560000000000002274e+00 2.183662097382124844e-05
9.600000000000001421e+00 2.232432352785711113e-05
9.640000000000000568e+00 2.298371633318214990e-05
9.679999999999999716e+00 2.382048395061002005e-05
9.719999999999998863e+00 2.484327495857652262e-05
9.760000000000001563e+00 2.606463833923546047e-05
9.800000000000000711e+00 2.750155175159442171e-05
9.839999999999999858e+00 2.917427396700799730e-05
9.879999999999999005e+00 3.110216816677506232e-05
9.920000000000001705e+00 3.329558677280669983e-05
9.960000000000000853e+00 3.574353105506651216e-05
1.000000000000000000e+01 3.839745524320323363e-05
1.003999999999999915e+01 4.115298011158102147e-05
1.008000000000000185e+01 4.383456339608950023e-05
1.012000000000000099e+01 4.619333112678381209e-05
1.016000000000000014e+01 4.793188200457262102e-05
1.019999999999999929e+01 4.876443038084592066e-05
1.024000000000000199e+01 4.850054769962570364e-05
1.028000000000000114e+01 4.711529006454524414e-05
1.032000000000000028e+01 4.476378114403309539e-05
1.035999999999999943e+01 4.172920134818547270e-05
1.040000000000000213e+01 3.833536976925954837e-05
1.044000000000000128e+01 3.486961626620941045e-05
1.048000000000000043e+01 3.154215506729841554e-05
1.051999999999999957e+01 2.848078356342568308e-05
1.056000000000000227e+01 2.574592296734085902e-05
1.060000000000000142e+01 2.335158713350036775e-05
1.064000000000000057e+01 2.128406373585343261e-05
1.067999999999999972e+01 1.951553737651561248e-05
1.071999999999999886e+01 1.801282526430303778e-05
1.076000000000000156e+01 1.674241465194958989e-05
1.080000000000000071e+01 1.567304203416464237e-05
1.083999999999999986e+01 1.477677372260533876e-05
1.087999999999999901e+01 1.402923405750776116e-05
1.092000000000000171e+01 1.340938084714058246e-05
1.096000000000000085e+01 1.289906025994920781e-05
1.100000000000000000e+01 1.248246971136430321e-05
1.103999999999999915e+01 1.214559782134347255e-05
1.108000000000000185e+01 1.187567973986914893e-05
1.112000000000000099e+01 1.166069359881191991e-05
1.116000000000000014e+01 1.148892304495628789e-05
1.119999999999999929e+01 1.134861735612886498e-05
1.124000000000000199e+01 1.122779036237439351e-05
1.128000000000000114e+01 1.111420671326568155e-05
1.132000000000000028e+01 1.099560130380775474e-05
1.135999999999999943e+01 1.086015634911184367e-05
1.140000000000000213e+01 1.069721507987606162e-05
1.144000000000000128e+01 1.049814469677112762e-05
1.148000000000000043e+01 1.025719150536470085e-05
1.151999999999999957e+01 9.972128030918104121e-06
1.156000000000000227e+01 9.644505650760415045e-06
1.160000000000000142e+01 9.279407957521016321e-06
1.164000000000000057e+01 8.884727904794741617e-06
1.167999999999999972e+01 8.470117079610068946e-06
1.172000000000000242e+01 8.045828175538743805e-06
1.176000000000000156e+01 7.621668552468965373e-06
1.180000000000000071e+01 7.206216870127128772e-06
1.183999999999999986e+01 6.806362801326358213e-06
1.187999999999999901e+01 6.427148675076825373e-06
1.192000000000000171e+01 6.071842416923939895e-06
1.196000000000000085e+01 5.742155512484761436e-06
1.200000000000000000e+01 5.438528349899496396e-06
1.203999999999999915e+01 5.160425635972252046e-06
1.207999999999999829e+01 4.906606713221774251e-06
1.211999999999999744e+01 4.675354002291254779e-06
1.216000000000000369e+01 4.464655608930173162e-06
1.220000000000000284e+01 4.272345708809880335e-06
1.224000000000000199e+01 4.096209891105226313e-06
1.228000000000000114e+01 3.934063537414363783e-06
1.232000000000000028e+01 3.783810622336854711e-06
1.235999999999999943e+01 3.643488812542385691e-06
1.239999999999999858e+01 3.511304917201862455e-06
1.243999999999999773e+01 3.385662938213414253e-06
1.248000000000000398e+01 3.265185421269861776e-06
1.252000000000000313e+01 3.148727696763967932e-06
1.256000000000000227e+01 3.035384041449167815e-06
1.260000000000000142e+01 2.924484822707755228e-06
1.264000000000000057e+01 2.815584234648221156e-06
1.267999999999999972e+01 2.708439118886739736e-06
1.271999999999999886e+01 2.602980331976745259e-06
1.275999999999999801e+01 2.499278921790263555e-06
1.279999999999999716e+01 2.397509821237395666e-06
1.284000000000000341e+01 2.297915789655529859e-06
1.288000000000000256e+01 2.200773978638232136e-06
1.292000000000000171e+01 2.106366899513800612e-06
1.296000000000000085e+01 2.014958878099502117e-06
1.300000000000000000e+01 1.926778428143268014e-06
1.303999999999999915e+01 1.842006437623148859e-06
1.307999999999999829e+01 1.760769671436449324e-06
1.311999999999999744e+01 1.683138844689794738e-06
1.316000000000000369e+01 1.609130390642811076e-06
1.320000000000000284e+01 1.538711010406765236e-06
1.324000000000000199e+01 1.471804124138678525e-06
1.328000000000000114e+01 1.408297425666315934e-06
1.332000000000000028e+01 1.348050857093823076e-06
1.335999999999999943e+01 1.290904452104840075e-06
1.339999999999999858e+01 1.236685633770071354e-06
1.343999999999999773e+01 1.185215684574705325e-06
1.348000000000000398e+01 1.136315225681423703e-06
1.352000000000000313e+01 1.089808644216928255e-06
1.356000000000000227e+01 1.045527488785547844e-06
1.360000000000000142e+01 1.003312913304760689e-06
1.364000000000000057e+01 9.630172878344308528e-07
1.367999999999999972e+01 9.245051138311841323e-07
1.371999999999999886e+01 8.876533829630676436e-07
1.375999999999999801e+01 8.523515071881929793e-07
1.379999999999999716e+01 8.185009279806294766e-07
1.384000000000000341e+01 7.860144893722863463e-07
1.388000000000000256e+01 7.548156373915856948e-07
1.392000000000000171e+01 7.248374908792228179e-07
1.396000000000000085e+01 6.960218173004493974e-07
1.400000000000000000e+01 6.683179421010862791e-07
1.403999999999999915e+01 6.416816200053205973e-07
1.407999999999999829e+01 6.160738992065733289e-07
1.411999999999999744e+01 5.914600122547239508e-07
1.416000000000000369e+01 5.678083286021866620e-07
1.420000000000000284e+01 5.450894020424159894e-07
1.424000000000000199e+01 5.232751413765981151e-07
1.428000000000000114e+01 5.023381250888685377e-07
1.432000000000000028e+01 4.822510716219480112e-07
1.435999999999999943e+01 4.629864672356316362e-07
1.439999999999999858e+01 4.445163445113149710e-07
1.443999999999999773e+01 4.268121971609819705e-07
1.448000000000000398e+01 4.098450113697546457e-07
1.452000000000000313e+01 3.935853905655173903e-07
1.456000000000000227e+01 3.780037491239128376e-07
1.460000000000000142e+01 3.630705507800767576e-07
1.464000000000000057e+01 3.487565690647366659e-07
1.467999999999999972e+01 3.350331495538880172e-07
1.471999999999999886e+01 3.218724568062310244e-07
1.475999999999999801e+01 3.092476923072571106e-07
1.480000000000000426e+01 2.971332733417472767e-07
1.484000000000000341e+01 2.855049663132305310e-07
1.488000000000000256e+01 2.743399714780873199e-07
1.492000000000000171e+01 2.636169592356609847e-07
1.496000000000000085e+01 2.533160608965960173e-07
1.500000000000000000e+01 2.434188191383895624e-07
1.503999999999999915e+01 2.339081050716203046e-07
1.507999999999999829e+01 2.247680099369023465e-07
1.511999999999999744e+01 2.159837199249992033e-07
1.516000000000000369e+01 2.075413824955330161e-07
1.520000000000000284e+01 1.994279719373140381e-07
1.524000000000000199e+01 1.916311608700823568e-07
1.528000000000000114e+01 1.841392030585203157e-07
1.532000000000000028e+01 1.769408314266383642e-07
1.535999999999999943e+01 1.700251736512525123e-07
1.539999999999999858e+01 1.633816862879607611e-07
1.543999999999999773e+01 1.570001071294509938e-07
1.548000000000000398e+01 1.508704244735259108e-07
1.552000000000000313e+01 1.449828612185059865e-07
1.556000000000000227e+01 1.393278712114741339e-07
1.560000000000000142e+01 1.338961450340646938e-07
1.564000000000000057e+01 1.286786223885406723e-07
1.567999999999999972e+01 1.236665084017867237e-07
1.571999999999999886e+01 1.188512914503596426e-07
1.575999999999999801e+01 1.142247604803813242e-07
1.580000000000000426e+01 1.097790202108499127e-07
1.584000000000000341e+01 1.055065030333816380e-07
1.588000000000000256e+01 1.013999768287579074e-07
1.592000000000000171e+01 9.745254829172126455e-08
1.596000000000000085e+01 9.365766167828756472e-08
1.600000000000000000e+01 9.000909315780100926e-08
1.603999999999999915e+01 8.650094116317757452e-08
1.607999999999999829e+01 8.312761328840667241e-08
1.611999999999999744e+01 7.988381038550714215e-08
1.616000000000000369e+01 7.676450856847965247e-08
1.620000000000000284e+01 7.376493984462400162e-08
1.624000000000000199e+01 7.088057207008548511e-08
1.628000000000000114e+01 6.810708887312380262e-08
1.632000000000000028e+01 6.544037011229449416e-08
1.635999999999999943e+01 6.287647334474384741e-08
1.639999999999999858e+01 6.041161667893638220e-08
1.643999999999999773e+01 5.804216328328664232e-08
1.648000000000000398e+01 5.576460772274632111e-08
1.652000000000000313e+01 5.357556420438956246e-08
1.656000000000000227e+01 5.147175673341945279e-08
1.660000000000000142e+01 4.945001111482732960e-08
1.664000000000000057e+01 4.750724868364092979e-08
1.667999999999999972e+01 4.564048160781985950e-08
1.671999999999999886e+01 4.384680958111031924e-08
1.675999999999999801e+01 4.212341770679300095e-08
1.680000000000000426e+01 4.046757536546431188e-08
1.684000000000000341e+01 3.887663585895304085e-08
1.688000000000000256e+01 3.734803662671355940e-08
1.692000000000000171e+01 3.587929983936679538e-08
1.696000000000000085e+01 3.446803318567557966e-08
1.700000000000000000e+01 3.311193068360579812e-08
1.703999999999999915e+01 3.180877336289815139e-08
1.707999999999999829e+01 3.055642968573245671e-08
1.711999999999999744e+01 2.935285559337841108e-08
1.716000000000000369e+01 2.819609409009573809e-08
1.720000000000000284e+01 2.708427430076514135e-08
1.724000000000000199e+01 2.601560996516844440e-08
1.728000000000000114e+01 2.498839735909762876e-08
1.732000000000000028e+01 2.400101265933104982e-08
1.735999999999999943e+01 2.305190879529519282e-08
1.739999999999999858e+01 2.213961185346465715e-08
1.743999999999999773e+01 2.126271712029464210e-08
1.748000000000000398e+01 2.041988486458566323e-08
1.752000000000000313e+01 1.960983596983428700e-08
1.756000000000000227e+01 1.883134753085802729e-08
1.760000000000000142e+01 1.808324852665490130e-08
1.764000000000000057e+01 1.736441567328363886e-08
1.767999999999999972e+01 1.667376954741708166e-08
1.771999999999999886e+01 1.601027105386878028e-08
1.775999999999999801e+01 1.537291829034987954e-08
1.780000000000000426e+01 1.476074384117513516e-08
1.784000000000000341e+01 1.417281251006911611e-08
1.788000000000000256e+01 1.360821948194927855e-08
1.792000000000000171e+01 1.306608888553625355e-08
1.796000000000000085e+01 1.254557271385778965e-08
1.800000000000000000e+01 1.204585004856922584e-08
1.803999999999999915e+01 1.156612652685573026e-08
1.807999999999999829e+01 1.110563398643761561e-08
1.811999999999999744e+01 1.066363022463255850e-08
1.816000000000000369e+01 1.023939881115634173e-08
1.820000000000000284e+01 9.832248900705909212e-09
1.824000000000000199e+01 9.441514999844569808e-09
1.828000000000000114e+01 9.066556652544192016e-09
1.832000000000000028e+01 8.706758019305755686e-09
1.835999999999999943e+01 8.361527335446418615e-09
1.839999999999999858e+01 8.030296244323968439e-09
1.843999999999999773e+01 7.712519010548034962e-09
1.848000000000000398e+01 7.407671626093091905e-09
1.852000000000000313e+01 7.115250828620728842e-09
1.856000000000000227e+01 6.834773055800007757e-09
1.860000000000000142e+01 6.565773362244232239e-09
1.864000000000000057e+01 6.307804326577135857e-09
1.867999999999999972e+01 6.060434975615806459e-09
1.871999999999999886e+01 5.823249750534469156e-09
1.875999999999999801e+01 5.595847536802332821e-09
1.880000000000000426e+01 5.377840775658945673e-09
1.884000000000000341e+01 5.168854670429818258e-09
1.888000000000000256e+01 4.968526496279486492e-09
1.892000000000000171e+01 4.776505017339976807e-09
1.896000000000000085e+01 4.592450010807356444e-09
1.900000000000000000e+01 4.416031893672418921e-09
1.903999999999999915e+01 4.246931444449714438e-09
1.907999999999999829e+01 4.084839609559264779e-09
1.911999999999999744e+01 3.929457382052409332e-09
1.916000000000000369e+01 3.780495739009082264e-09
1.920000000000000284e+01 3.637675623221889708e-09
1.924000000000000199e+01 3.500727954652971529e-09
1.928000000000000114e+01 3.369393657448634867e-09
1.932000000000000028e+01 3.243423689119850930e-09
1.935999999999999943e+01 3.122579059571061911e-09
1.939999999999999858e+01 3.006630829126064827e-09
1.943999999999999773e+01 2.895360076309736938e-09
1.948000000000000398e+01 2.788557828034097933e-09
1.952000000000000313e+01 2.686024946741757613e-09
1.956000000000000227e+01 2.587571971148898736e-09
1.960000000000000142e+01 2.493018909244824264e-09
1.964000000000000057e+01 2.402194984199860884e-09
1.967999999999999972e+01 2.314938335740505316e-09
1.971999999999999886e+01 2.231095681210037506e-09
1.975999999999999801e+01 2.150521941989721434e-09
1.980000000000000426e+01 2.073079842089573775e-09
1.984000000000000341e+01 1.998639486492080505e-09
1.988000000000000256e+01 1.927077927241146699e-09
1.992000000000000171e+01 1.858278725276823359e-09
1.996000000000000085e+01 1.792131515668012783e-09
2.000000000000000000e+01 1.728531583235091830e-09
