-4.000000000000000000e+01 3.669998971159551198e-12
-3.992000000000000171e+01 3.681216959546788915e-12
-3.984000000000000341e+01 3.692501323055548216e-12
-3.975999999999999801e+01 3.703852641870439991e-12
-3.967999999999999972e+01 3.715271502900562373e-12
-3.960000000000000142e+01 3.726758499880907911e-12
-3.952000000000000313e+01 3.738314233469608988e-12
-3.943999999999999773e+01 3.749939311348388570e-12
-3.935999999999999943e+01 3.761634348327069301e-12
-3.928000000000000114e+01 3.773399966446583347e-12
-3.920000000000000284e+01 3.785236795086867760e-12
-3.911999999999999744e+01 3.797145471073493231e-12
-3.903999999999999915e+01 3.809126638790212353e-12
-3.896000000000000085e+01 3.821180950288173311e-12
-3.888000000000000256e+01 3.833309065404180860e-12
-3.879999999999999716e+01 3.845511651873503081e-12
-3.871999999999999886e+01 3.857789385450019365e-12
-3.864000000000000057e+01 3.870142950026833683e-12
-3.856000000000000227e+01 3.882573037757223910e-12
-3.847999999999999687e+01 3.895080349183035754e-12
-3.839999999999999858e+01 3.907665593358294568e-12
-3.832000000000000028e+01 3.920329487981140654e-12
-3.824000000000000199e+01 3.933072759525790421e-12
-3.815999999999999659e+01 3.945896143375350568e-12
-3.807999999999999829e+01 3.958800383960008953e-12
-3.800000000000000000e+01 3.971786234896724713e-12
-3.792000000000000171e+01 3.984854459130185011e-12
-3.784000000000000341e+01 3.998005829077768441e-12
-3.775999999999999801e+01 4.011241126777946395e-12
-3.767999999999999972e+01 4.024561144040209555e-12
-3.760000000000000142e+01 4.037966682595459664e-12
-3.752000000000000313e+01 4.051458554256456717e-12
-3.743999999999999773e+01 4.065037581073380613e-12
-3.735999999999999943e+01 4.078704595496475546e-12
-3.728000000000000114e+01 4.092460440541331028e-12
-3.720000000000000284e+01 4.106305969956928805e-12
-3.711999999999999744e+01 4.120242048396739991e-12
-3.703999999999999915e+01 4.134269551593803017e-12
-3.696000000000000085e+01 4.148389366539730687e-12
-3.688000000000000256e+01 4.162602391663070997e-12
-3.679999999999999716e+01 4.176909537017516571e-12
-3.671999999999999886e+01 4.191311724469235224e-12
-3.664000000000000057e+01 4.205809887889706440e-12
-3.656000000000000227e+01 4.220404973352099219e-12
-3.647999999999999687e+01 4.235097939329640332e-12
-3.639999999999999858e+01 4.249889756901556435e-12
-3.632000000000000028e+01 4.264781409960593018e-12
-3.624000000000000199e+01 4.279773895424798478e-12
-3.615999999999999659e+01 4.294868223453676762e-12
-3.607999999999999829e+01 4.310065417671138389e-12
-3.600000000000000000e+01 4.325366515387701839e-12
-3.592000000000000171e+01 4.340772567831768087e-12
-3.584000000000000341e+01 4.356284640385625569e-12
-3.575999999999999801e+01 4.371903812821558547e-12
-3.567999999999999972e+01 4.387631179548424484e-12
-3.560000000000000142e+01 4.403467849860480306e-12
-3.551999999999999602e+01 4.419414948190344579e-12
-3.543999999999999773e+01 4.435473614369688644e-12
-3.535999999999999943e+01 4.451645003894580653e-12
-3.528000000000000114e+01 4.467930288196025321e-12
-3.520000000000000284e+01 4.484330654912830140e-12
-3.511999999999999744e+01 4.500847308177990806e-12
-3.503999999999999915e+01 4.517481468904714776e-12
-3.496000000000000085e+01 4.534234375079217345e-12
-3.488000000000000256e+01 4.551107282062797674e-12
-3.479999999999999716e+01 4.568101462897482023e-12
-3.471999999999999886e+01 4.585218208617147060e-12
-3.464000000000000057e+01 4.602458828572291646e-12
-3.456000000000000227e+01 4.619824650751060465e-12
-3.447999999999999687e+01 4.637317022116759561e-12
-3.439999999999999858e+01 4.654937308948163612e-12
-3.432000000000000028e+01 4.672686897184734590e-12
-3.424000000000000199e+01 4.690567192788694223e-12
-3.415999999999999659e+01 4.708579622103063954e-12
-3.407999999999999829e+01 4.726725632226300211e-12
-3.400000000000000000e+01 4.745006691392047855e-12
-3.392000000000000171e+01 4.763424289356648450e-12
-3.384000000000000341e+01 4.781979937797272628e-12
-3.375999999999999801e+01 4.800675170718014073e-12
-3.367999999999999972e+01 4.819511544863143788e-12
-3.360000000000000142e+01 4.838490640143366597e-12
-3.351999999999999602e+01 4.857614060069418891e-12
-3.343999999999999773e+01 4.876883432195489127e-12
-3.335999999999999943e+01 4.896300408574503214e-12
-3.328000000000000114e+01 4.915866666220518472e-12
-3.320000000000000284e+01 4.935583907585257211e-12
-3.311999999999999744e+01 4.955453861041645503e-12
-3.303999999999999915e+01 4.975478281387049183e-12
-3.296000000000000085e+01 4.995658950344390206e-12
-3.288000000000000256e+01 5.015997677087535581e-12
-3.279999999999999716e+01 5.036496298774363579e-12
-3.271999999999999886e+01 5.057156681088747979e-12
-3.264000000000000057e+01 5.077980718803376927e-12
-3.256000000000000227e+01 5.098970336347896769e-12
-3.247999999999999687e+01 5.120127488395176311e-12
-3.239999999999999858e+01 5.141454160459797842e-12
-3.232000000000000028e+01 5.162952369515340665e-12
-3.224000000000000199e+01 5.184624164615671285e-12
-3.215999999999999659e+01 5.206471627546141349e-12
-3.207999999999999829e+01 5.228496873477189572e-12
-3.200000000000000000e+01 5.250702051642035310e-12
-3.192000000000000171e+01 5.273089346029804205e-12
-3.183999999999999986e+01 5.295660976092250632e-12
-3.175999999999999801e+01 5.318419197470125665e-12
-3.167999999999999972e+01 5.341366302739940231e-12
-3.160000000000000142e+01 5.364504622175746750e-12
-3.151999999999999957e+01 5.387836524530411227e-12
-3.143999999999999773e+01 5.411364417839219218e-12
-3.135999999999999943e+01 5.435090750241628066e-12
-3.128000000000000114e+01 5.459018010823931303e-12
-3.119999999999999929e+01 5.483148730484075980e-12
-3.111999999999999744e+01 5.507485482818167641e-12
-3.103999999999999915e+01 5.532030885030007100e-12
-3.096000000000000085e+01 5.556787598864382823e-12
-3.087999999999999901e+01 5.581758331564584182e-12
-3.079999999999999716e+01 5.606945836852455384e-12
-3.071999999999999886e+01 5.632352915941148888e-12
-3.064000000000000057e+01 5.657982418562690517e-12
-3.056000000000000227e+01 5.683837244036257369e-12
-3.048000000000000043e+01 5.709920342353542184e-12
-3.039999999999999858e+01 5.736234715299789863e-12
-3.032000000000000028e+01 5.762783417603681921e-12
-3.024000000000000199e+01 5.789569558113639014e-12
-3.016000000000000014e+01 5.816596301013828141e-12
-3.007999999999999829e+01 5.843866867064726765e-12
-3.000000000000000000e+01 5.871384534887320716e-12
-2.992000000000000171e+01 5.899152642268860485e-12
-2.983999999999999986e+01 5.927174587521815575e-12
-2.975999999999999801e+01 5.955453830862422690e-12
-2.967999999999999972e+01 5.983993895842897264e-12
-2.960000000000000142e+01 6.012798370814095583e-12
-2.951999999999999957e+01 6.041870910432224269e-12
-2.943999999999999773e+01 6.071215237209183543e-12
-2.935999999999999943e+01 6.100835143105355194e-12
-2.928000000000000114e+01 6.130734491166799805e-12
-2.919999999999999929e+01 6.160917217211567830e-12
-2.911999999999999744e+01 6.191387331563780353e-12
-2.903999999999999915e+01 6.222148920839253532e-12
-2.896000000000000085e+01 6.253206149774860226e-12
-2.887999999999999901e+01 6.284563263125203440e-12
-2.879999999999999716e+01 6.316224587603699028e-12
-2.871999999999999886e+01 6.348194533882801814e-12
-2.864000000000000057e+01 6.380477598658441606e-12
-2.856000000000000227e+01 6.413078366770500694e-12
-2.848000000000000043e+01 6.446001513390965066e-12
-2.839999999999999858e+01 6.479251806271167338e-12
-2.832000000000000028e+01 6.512834108065078596e-12
-2.824000000000000199e+01 6.546753378720480759e-12
-2.816000000000000014e+01 6.581014677936882064e-12
-2.807999999999999829e+01 6.615623167708580465e-12
-2.800000000000000000e+01 6.650584114940208729e-12
-2.792000000000000171e+01 6.685902894144118715e-12
-2.783999999999999986e+01 6.721584990221776184e-12
-2.775999999999999801e+01 6.757636001333870727e-12
-2.767999999999999972e+01 6.794061641859451014e-12
-2.760000000000000142e+01 6.830867745448893333e-12
-2.751999999999999957e+01 6.868060268172357799e-12
-2.743999999999999773e+01 6.905645291772986307e-12
-2.735999999999999943e+01 6.943629027019879143e-12
-2.728000000000000114e+01 6.982017817172534183e-12
-2.719999999999999929e+01 7.020818141557369071e-12
-2.711999999999999744e+01 7.060036619259893579e-12
-2.703999999999999915e+01 7.099680012938632617e-12
-2.696000000000000085e+01 7.139755232766228259e-12
-2.687999999999999901e+01 7.180269340497927591e-12
-2.679999999999999716e+01 7.221229553681466736e-12
-2.671999999999999886e+01 7.262643250002870998e-12
-2.664000000000000057e+01 7.304517971778665972e-12
-2.656000000000000227e+01 7.346861430606907339e-12
-2.648000000000000043e+01 7.389681512169843194e-12
-2.639999999999999858e+01 7.432986281205011038e-12
-2.632000000000000028e+01 7.476783986645596597e-12
-2.624000000000000199e+01 7.521083066941479907e-12
-2.616000000000000014e+01 7.565892155564225689e-12
-2.607999999999999829e+01 7.611220086705840782e-12
-2.600000000000000000e+01 7.657075901174452258e-12
-2.592000000000000171e+01 7.703468852510635970e-12
-2.583999999999999986e+01 7.750408413307696817e-12
-2.575999999999999801e+01 7.797904281765575830e-12
-2.567999999999999972e+01 7.845966388483709069e-12
-2.560000000000000142e+01 7.894604903493458686e-12
-2.551999999999999957e+01 7.943830243557154662e-12
-2.543999999999999773e+01 7.993653079721236068e-12
-2.535999999999999943e+01 8.044084345164075429e-12
-2.528000000000000114e+01 8.095135243320598405e-12
-2.519999999999999929e+01 8.146817256321387188e-12
-2.511999999999999744e+01 8.199142153743889496e-12
-2.503999999999999915e+01 8.252122001694344709e-12
-2.496000000000000085e+01 8.305769172235213010e-12
-2.487999999999999901e+01 8.360096353176150404e-12
-2.479999999999999716e+01 8.415116558240523735e-12
-2.471999999999999886e+01 8.470843137617702061e-12
-2.464000000000000057e+01 8.527289788943000410e-12
-2.456000000000000227e+01 8.584470568688835687e-12
-2.448000000000000043e+01 8.642399904020086016e-12
-2.439999999999999858e+01 8.701092605112257622e-12
-2.432000000000000028e+01 8.760563877959342643e-12
-2.424000000000000199e+01 8.820829337702645628e-12
-2.416000000000000014e+01 8.881905022493968711e-12
-2.407999999999999829e+01 8.943807407920038834e-12
-2.400000000000000000e+01 9.006553422025762032e-12
-2.391999999999999815e+01 9.070160460938889718e-12
-2.383999999999999986e+01 9.134646405163046914e-12
-2.375999999999999801e+01 9.200029636535038199e-12
-2.367999999999999972e+01 9.266329055895752045e-12
-2.360000000000000142e+01 9.333564101508629620e-12
-2.351999999999999957e+01 9.401754768261577037e-12
-2.344000000000000128e+01 9.470921627688716983e-12
-2.335999999999999943e+01 9.541085848849409658e-12
-2.328000000000000114e+01 9.612269220117999566e-12
-2.319999999999999929e+01 9.684494171916082917e-12
-2.312000000000000099e+01 9.757783800448662099e-12
-2.303999999999999915e+01 9.832161892480789965e-12
-2.296000000000000085e+01 9.907652951221291969e-12
-2.287999999999999901e+01 9.984282223358389004e-12
-2.280000000000000071e+01 1.006207572731815169e-11
-2.271999999999999886e+01 1.014106028279846713e-11
-2.264000000000000057e+01 1.022126354165239582e-11
-2.255999999999999872e+01 1.030271402019257303e-11
-2.248000000000000043e+01 1.038544113297626361e-11
-2.239999999999999858e+01 1.046947522818563451e-11
-2.232000000000000028e+01 1.055484762464129548e-11
-2.223999999999999844e+01 1.064159065057535629e-11
-2.216000000000000014e+01 1.072973768424428876e-11
-2.207999999999999829e+01 1.081932319648163070e-11
-2.200000000000000000e+01 1.091038279529760000e-11
-2.191999999999999815e+01 1.100295327264752455e-11
-2.183999999999999986e+01 1.109707265346995240e-11
-2.175999999999999801e+01 1.119278024715207171e-11
-2.167999999999999972e+01 1.129011670152847475e-11
-2.159999999999999787e+01 1.138912405957642723e-11
-2.151999999999999957e+01 1.148984581895570844e-11
-2.144000000000000128e+01 1.159232699456052615e-11
-2.135999999999999943e+01 1.169661418425018324e-11
-2.128000000000000114e+01 1.180275563795546834e-11
-2.119999999999999929e+01 1.191080133034802362e-11
-2.112000000000000099e+01 1.202080303728961781e-11
-2.103999999999999915e+01 1.213281441629562325e-11
-2.096000000000000085e+01 1.224689109122373160e-11
-2.087999999999999901e+01 1.236309074148683042e-11
-2.080000000000000071e+01 1.248147319602371933e-11
-2.071999999999999886e+01 1.260210053234778448e-11
-2.064000000000000057e+01 1.272503718097513881e-11
-2.055999999999999872e+01 1.285035003556320354e-11
-2.048000000000000043e+01 1.297810856913382362e-11
-2.039999999999999858e+01 1.310838495674094721e-11
-2.032000000000000028e+01 1.324125420501465761e-11
-2.023999999999999844e+01 1.337679428900765909e-11
-2.016000000000000014e+01 1.351508629681653665e-11
-2.007999999999999829e+01 1.365621458249229608e-11
-2.000000000000000000e+01 1.380026692776885620e-11
-1.991999999999999815e+01 1.394733471319803219e-11
-1.983999999999999986e+01 1.409751309932101149e-11
-1.975999999999999801e+01 1.425090121853248329e-11
-1.967999999999999972e+01 1.440760237837226822e-11
-1.959999999999999787e+01 1.456772427701558722e-11
-1.951999999999999957e+01 1.473137923179535430e-11
-1.944000000000000128e+01 1.489868442166060140e-11
-1.935999999999999943e+01 1.506976214452632559e-11
-1.928000000000000114e+01 1.524474009058730177e-11
-1.919999999999999929e+01 1.542375163267688244e-11
-1.912000000000000099e+01 1.560693613494329855e-11
-1.903999999999999915e+01 1.579443928109591629e-11
-1.896000000000000085e+01 1.598641342368390505e-11
-1.887999999999999901e+01 1.618301795592664071e-11
-1.880000000000000071e+01 1.638441970773035300e-11
-1.871999999999999886e+01 1.659079336773314820e-11
-1.864000000000000057e+01 1.680232193327316780e-11
-1.855999999999999872e+01 1.701919719041638722e-11
-1.848000000000000043e+01 1.724162022631642313e-11
-1.839999999999999858e+01 1.746980197639523243e-11
-1.832000000000000028e+01 1.770396380901463511e-11
-1.823999999999999844e+01 1.794433815058921432e-11
-1.816000000000000014e+01 1.819116915431252090e-11
-1.807999999999999829e+01 1.844471341594323747e-11
-1.800000000000000000e+01 1.870524074044216713e-11
-1.791999999999999815e+01 1.897303496355479788e-11
-1.783999999999999986e+01 1.924839483282648376e-11
-1.775999999999999801e+01 1.953163495292388766e-11
-1.767999999999999972e+01 1.982308680062715868e-11
-1.759999999999999787e+01 2.012309981530957837e-11
-1.751999999999999957e+01 2.043204257130581272e-11
-1.744000000000000128e+01 2.075030403913838716e-11
-1.735999999999999943e+01 2.107829494330395302e-11
-1.728000000000000114e+01 2.141644922497883262e-11
-1.719999999999999929e+01 2.176522561890754220e-11
-1.712000000000000099e+01 2.212510935458099212e-11
-1.703999999999999915e+01 2.249661399286695994e-11
-1.696000000000000085e+01 2.288028341036747292e-11
-1.687999999999999901e+01 2.327669394499307142e-11
-1.680000000000000071e+01 2.368645671770658714e-11
-1.671999999999999886e+01 2.411022014683829024e-11
-1.664000000000000057e+01 2.454867267322125046e-11
-1.655999999999999872e+01 2.500254571621214251e-11
-1.648000000000000043e+01 2.547261688290872834e-11
-1.639999999999999858e+01 2.595971345524967049e-11
-1.632000000000000028e+01 2.646471618241430191e-11
-1.623999999999999844e+01 2.698856340897190446e-11
-1.616000000000000014e+01 2.753225557267442849e-11
-1.607999999999999829e+01 2.809686010960412788e-11
-1.600000000000000000e+01 2.868351680878859924e-11
-1.591999999999999815e+01 2.929344366323637505e-11
-1.583999999999999986e+01 2.992794326994075302e-11
-1.575999999999999801e+01 3.058840983763886418e-11
-1.567999999999999972e+01 3.127633686827429805e-11
-1.559999999999999787e+01 3.199332558613918452e-11
-1.551999999999999957e+01 3.274109419792726612e-11
-1.543999999999999773e+01 3.352148807736230956e-11
-1.535999999999999943e+01 3.433649098006363357e-11
-1.528000000000000114e+01 3.518823740797038324e-11
-1.519999999999999929e+01 3.607902625834669006e-11
-1.512000000000000099e+01 3.701133591034195056e-11
-1.503999999999999915e+01 3.798784092283710642e-11
-1.496000000000000085e+01 3.901143054113495333e-11
-1.487999999999999901e+01 4.008522923759348433e-11
-1.480000000000000071e+01 4.121261954323913043e-11
-1.471999999999999886e+01 4.239726746439138007e-11
-1.464000000000000057e+01 4.364315082138252871e-11
-1.455999999999999872e+01 4.495459089662832894e-11
-1.448000000000000043e+01 4.633628783800887261e-11
-1.439999999999999858e+01 4.779336033222672564e-11
-1.432000000000000028e+01 4.933139014363046571e-11
-1.423999999999999844e+01 5.095647220924224097e-11
-1.416000000000000014e+01 5.267527109325058728e-11
-1.407999999999999829e+01 5.449508473779232028e-11
-1.400000000000000000e+01 5.642391660564386929e-11
-1.391999999999999815e+01 5.847055750003490454e-11
-1.383999999999999986e+01 6.064467857399736059e-11
-1.375999999999999801e+01 6.295693731479903117e-11
-1.367999999999999972e+01 6.541909861879293142e-11
-1.359999999999999787e+01 6.804417347173066358e-11
-1.351999999999999957e+01 7.084657823626904116e-11
-1.343999999999999773e+01 7.384231814340719854e-11
-1.335999999999999943e+01 7.704919931582424431e-11
-1.328000000000000114e+01 8.048707455382714909e-11
-1.319999999999999929e+01 8.417812923527065137e-11
-1.312000000000000099e+01 8.814721507938933344e-11
-1.303999999999999915e+01 9.242224128025372590e-11
-1.296000000000000085e+01 9.703463473306767265e-11
-1.287999999999999901e+01 1.020198838955236615e-10
-1.280000000000000071e+01 1.074181844343452640e-10
-1.271999999999999886e+01 1.132752094581435617e-10
-1.264000000000000057e+01 1.196430331791912050e-10
-1.255999999999999872e+01 1.265812447574715285e-10
-1.248000000000000043e+01 1.341582995274813012e-10
-1.239999999999999858e+01 1.424531687296421919e-10
-1.232000000000000028e+01 1.515573675970582197e-10
-1.223999999999999844e+01 1.615774671011261815e-10
-1.216000000000000014e+01 1.726382296231932883e-10
-1.207999999999999829e+01 1.848865573974736392e-10
-1.200000000000000000e+01 1.984965108847979310e-10
-1.191999999999999815e+01 2.136757515456691964e-10
-1.183999999999999986e+01 2.306739039926754917e-10
-1.175999999999999801e+01 2.497935383552591689e-10
-1.167999999999999972e+01 2.714047799419318251e-10
-1.159999999999999787e+01 2.959650164020152888e-10
-1.151999999999999957e+01 3.240458851487400031e-10
-1.143999999999999773e+01 3.563708404410375029e-10
-1.135999999999999943e+01 3.938683835294918128e-10
-1.128000000000000114e+01 4.377489478654692587e-10
-1.119999999999999929e+01 4.896182741653905600e-10
-1.112000000000000099e+01 5.516483475613348046e-10
-1.103999999999999915e+01 6.268412774309968335e-10
-1.096000000000000085e+01 7.194468304553391198e-10
-1.087999999999999901e+01 8.356397947385251457e-10
-1.080000000000000071e+01 9.846451175435515982e-10
-1.071999999999999886e+01 1.180641860765062019e-09
-1.064000000000000057e+01 1.446001570018809192e-09
-1.055999999999999872e+01 1.816632694439571769e-09
-1.048000000000000043e+01 2.349669853473711655e-09
-1.039999999999999858e+01 3.128794876509503920e-09
-1.032000000000000028e+01 4.240015352059716299e-09
-1.023999999999999844e+01 5.635160959323627176e-09
-1.016000000000000014e+01 6.861698335141358260e-09
-1.007999999999999829e+01 7.248442882218672785e-09
-1.000000000000000000e+01 6.830896866239887542e-09
-9.919999999999998153e+00 6.240622611564511780e-09
-9.839999999999999858e+00 5.887165369687254903e-09
-9.759999999999998010e+00 5.880493487924754249e-09
-9.679999999999999716e+00 6.237682791705844255e-09
-9.599999999999997868e+00 6.992742896177721724e-09
-9.519999999999999574e+00 8.241058569820645854e-09
-9.439999999999997726e+00 1.018064593465385322e-08
-9.359999999999999432e+00 1.319275885573330576e-08
-9.280000000000001137e+00 1.802863508749604999e-08
-9.199999999999999289e+00 2.628674627799341825e-08
-9.120000000000000995e+00 4.181581273894742877e-08
-9.039999999999999147e+00 7.578746991829426212e-08
-8.960000000000000853e+00 1.720000484051173765e-07
-8.879999999999999005e+00 6.278381750066126139e-07
-8.800000000000000711e+00 3.467223258255595481e-06
-8.719999999999998863e+00 6.155864389639782514e-07
-8.640000000000000568e+00 1.883124724834371897e-07
-8.559999999999998721e+00 9.046782350255824613e-08
-8.480000000000000426e+00 5.385521798216792971e-08
-8.399999999999998579e+00 3.625917578927721843e-08
-8.320000000000000284e+00 2.643718524888867036e-08
-8.239999999999998437e+00 2.038232072747334966e-08
-8.160000000000000142e+00 1.637710295807353480e-08
-8.079999999999998295e+00 1.358498615992111851e-08
-8.000000000000000000e+00 1.155832670408200555e-08
-7.920000000000001705e+00 1.003965155393083821e-08
-7.839999999999996305e+00 8.872148648100854730e-09
-7.759999999999998010e+00 7.955770818704090518e-09
-7.679999999999999716e+00 7.224184618466752566e-09
-7.600000000000001421e+00 6.631964718073384947e-09
-7.519999999999996021e+00 6.147136618580374197e-09
-7.439999999999997726e+00 5.746656312453773786e-09
-7.359999999999999432e+00 5.413574008986210985e-09
-7.280000000000001137e+00 5.135200297667352639e-09
-7.200000000000002842e+00 4.901888822994589479e-09
-7.119999999999997442e+00 4.706209200681379875e-09
-7.039999999999999147e+00 4.542373358836144446e-09
-6.960000000000000853e+00 4.405830277060996555e-09
-6.880000000000002558e+00 4.292974969333092172e-09
-6.799999999999997158e+00 4.200936450142487938e-09
-6.719999999999998863e+00 4.127421263482215756e-09
-6.640000000000000568e+00 4.070596736008127632e-09
-6.560000000000002274e+00 4.029003067415428547e-09
-6.479999999999996874e+00 4.001486664565334719e-09
-6.399999999999998579e+00 3.987149353916432223e-09
-6.320000000000000284e+00 3.985309638356059815e-09
-6.240000000000001990e+00 3.995473233617794529e-09
-6.159999999999996589e+00 4.017310877168350502e-09
-6.079999999999998295e+00 4.050641947885242645e-09
-6.000000000000000000e+00 4.095422834139641817e-09
-5.920000000000001705e+00 4.151739285855305990e-09
-5.839999999999996305e+00 4.219802213625543759e-09
-5.759999999999998010e+00 4.299946576746209260e-09
-5.679999999999999716e+00 4.392633147686933894e-09
-5.600000000000001421e+00 4.498453064670725264e-09
-5.519999999999996021e+00 4.618135195639273030e-09
-5.439999999999997726e+00 4.752556443297032566e-09
-5.359999999999999432e+00 4.902755228616247793e-09
-5.280000000000001137e+00 5.069948505316898798e-09
-5.199999999999995737e+00 5.255552786810168150e-09
-5.119999999999997442e+00 5.461209817049560522e-09
-5.039999999999999147e+00 5.688817696114534447e-09
-4.960000000000000853e+00 5.940568490573648912e-09
-4.880000000000002558e+00 6.218993630983026492e-09
-4.799999999999997158e+00 6.527018741466155962e-09
-4.719999999999998863e+00 6.868029981871817728e-09
-4.640000000000000568e+00 7.245954541794196671e-09
-4.560000000000002274e+00 7.665358648599848408e-09
-4.479999999999996874e+00 8.131567394153506323e-09
-4.399999999999998579e+00 8.650811923579701963e-09
-4.320000000000000284e+00 9.230411170099326004e-09
-4.240000000000001990e+00 9.878997511020768358e-09
-4.159999999999996589e+00 1.060679867087715172e-08
-4.079999999999998295e+00 1.142599220753562534e-08
-4.000000000000000000e+00 1.235115441725839934e-08
-3.920000000000001705e+00 1.339983311445761556e-08
-3.839999999999996305e+00 1.459328441025113026e-08
-3.759999999999998010e+00 1.595742871973544537e-08
-3.679999999999999716e+00 1.752410287571899985e-08
-3.600000000000001421e+00 1.933271665188240332e-08
-3.519999999999996021e+00 2.143246825214066152e-08
-3.439999999999997726e+00 2.388534242301239800e-08
-3.359999999999999432e+00 2.677021974693533279e-08
-3.280000000000001137e+00 3.018858771452217719e-08
-3.199999999999995737e+00 3.427259923396873090e-08
-3.119999999999997442e+00 3.919663402202216775e-08
-3.039999999999999147e+00 4.519419156424016397e-08
-2.960000000000000853e+00 5.258307776101298264e-08
-2.880000000000002558e+00 6.180380732435515045e-08
-2.799999999999997158e+00 7.347963432582226370e-08
-2.719999999999998863e+00 8.851304323170136652e-08
-2.640000000000000568e+00 1.082457680203214792e-07
-2.560000000000002274e+00 1.347336474741951536e-07
-2.479999999999996874e+00 1.712377006977831593e-07
-2.399999999999998579e+00 2.231408661949645808e-07
-2.320000000000000284e+00 2.997429665554183717e-07
-2.240000000000001990e+00 4.179495597447336502e-07
-2.159999999999996589e+00 6.101499694548483159e-07
-2.079999999999998295e+00 9.408804887943586303e-07
-2.000000000000000000e+00 1.534491686704696683e-06
-1.920000000000001705e+00 2.547262815942221293e-06
-1.839999999999996305e+00 3.670871139560566296e-06
-1.759999999999998010e+00 3.597838882405015477e-06
-1.679999999999999716e+00 2.526238627052176479e-06
-1.600000000000001421e+00 1.631903616910643410e-06
-1.519999999999996021e+00 1.092334744694624130e-06
-1.439999999999997726e+00 7.747302872534219198e-07
-1.359999999999999432e+00 5.794427412184430699e-07
-1.280000000000001137e+00 4.528968292576075717e-07
-1.199999999999995737e+00 3.669351507045153770e-07
-1.119999999999997442e+00 3.061991499989459363e-07
-1.039999999999999147e+00 2.618974336024028324e-07
-9.600000000000008527e-01 2.287574379923287557e-07
-8.800000000000025580e-01 2.034838571129637896e-07
-7.999999999999971578e-01 1.839456986592099172e-07
-7.199999999999988631e-01 1.687302319212555529e-07
-6.400000000000005684e-01 1.568913866166574779e-07
-5.600000000000022737e-01 1.478095438174902194e-07
-4.799999999999968736e-01 1.411270918962020746e-07
-3.999999999999985789e-01 1.367620982883758101e-07
-3.200000000000002842e-01 1.350743688479435810e-07
-2.400000000000019895e-01 1.375266603855308530e-07
-1.599999999999965894e-01 1.496020810918080958e-07
-7.999999999999829470e-02 1.964355379737641251e-07
0.000000000000000000e+00 3.019617919670779213e-07
7.999999999999829470e-02 1.983190344973172184e-07
1.600000000000036948e-01 1.505563677101646482e-07
2.400000000000019895e-01 1.378728069673303308e-07
3.200000000000002842e-01 1.351095550981850919e-07
3.999999999999985789e-01 1.366520007431089645e-07
4.800000000000039790e-01 1.409628402023747711e-07
5.600000000000022737e-01 1.476449830106841435e-07
6.400000000000005684e-01 1.567640108485267659e-07
7.199999999999988631e-01 1.686736040293945165e-07
8.000000000000042633e-01 1.839982732618584244e-07
8.800000000000025580e-01 2.036968066289924377e-07
9.600000000000008527e-01 2.292016438827350868e-07
1.039999999999999147e+00 2.626641563004742828e-07
1.119999999999997442e+00 3.073734497646075853e-07
1.200000000000002842e+00 3.684938884940482799e-07
1.280000000000001137e+00 4.545080209039872067e-07
1.359999999999999432e+00 5.803838794459582430e-07
1.439999999999997726e+00 7.742355082275076371e-07
1.520000000000003126e+00 1.089913982327422110e-06
1.600000000000001421e+00 1.627142970118962678e-06
1.679999999999999716e+00 2.518611972294624878e-06
1.759999999999998010e+00 3.587766461873373103e-06
1.840000000000003411e+00 3.661974592230412016e-06
1.920000000000001705e+00 2.542247513909685720e-06
2.000000000000000000e+00 1.532243895139128770e-06
2.079999999999998295e+00 9.400198824794865229e-07
2.160000000000003695e+00 6.099629237619064066e-07
2.240000000000001990e+00 4.181095418510663650e-07
2.320000000000000284e+00 3.000991729349576750e-07
2.399999999999998579e+00 2.236229605393961433e-07
2.480000000000003979e+00 1.718149298289256204e-07
2.560000000000002274e+00 1.353968562585035352e-07
2.640000000000000568e+00 1.089992082713575485e-07
2.719999999999998863e+00 8.937019738413394026e-08
2.800000000000004263e+00 7.445958514868944381e-08
2.880000000000002558e+00 6.292449424366248070e-08
2.960000000000000853e+00 5.384684795310716106e-08
3.039999999999999147e+00 4.656467833624321178e-08
3.119999999999997442e+00 4.058339064841769592e-08
3.200000000000002842e+00 3.555662220910033739e-08
3.280000000000001137e+00 3.128291604749636266e-08
3.359999999999999432e+00 2.765239078611964848e-08
3.439999999999997726e+00 2.457929808050437072e-08
3.520000000000003126e+00 2.197766375328160864e-08
3.600000000000001421e+00 1.976624208206411625e-08
3.679999999999999716e+00 1.787519293726964476e-08
3.759999999999998010e+00 1.624758877632840259e-08
3.840000000000003411e+00 1.483795745596856051e-08
3.920000000000001705e+00 1.361007608931466470e-08
4.000000000000000000e+00 1.253494178706664141e-08
4.079999999999998295e+00 1.158914552258631764e-08
4.160000000000003695e+00 1.075362873863883955e-08
4.240000000000001990e+00 1.001274440919200615e-08
4.320000000000000284e+00 9.353546655416753357e-09
4.399999999999998579e+00 8.765249065643100638e-09
4.480000000000003979e+00 8.238807552810461163e-09
4.560000000000002274e+00 7.766595822841225644e-09
4.640000000000000568e+00 7.342150418135877490e-09
4.719999999999998863e+00 6.959968608908517519e-09
4.800000000000004263e+00 6.615346866010293073e-09
4.880000000000002558e+00 6.304250821192200479e-09
4.960000000000000853e+00 6.023209898784663537e-09
5.039999999999999147e+00 5.769231457430558881e-09
5.119999999999997442e+00 5.539730496785309386e-09
5.200000000000002842e+00 5.332471888819614336e-09
5.280000000000001137e+00 5.145522774243812874e-09
5.359999999999999432e+00 4.977213282995716636e-09
5.439999999999997726e+00 4.826104137198655195e-09
5.520000000000003126e+00 4.690960006772563704e-09
5.600000000000001421e+00 4.570727734803475468e-09
5.679999999999999716e+00 4.464518748822591344e-09
5.759999999999998010e+00 4.371595138238127982e-09
5.840000000000003411e+00 4.291359017438315253e-09
5.920000000000001705e+00 4.223344916848654052e-09
6.000000000000000000e+00 4.167215057690137767e-09
6.079999999999998295e+00 4.122757477095904405e-09
6.160000000000003695e+00 4.089887085487553870e-09
6.240000000000001990e+00 4.068649865361126092e-09
6.320000000000000284e+00 4.059230569122624111e-09
6.399999999999998579e+00 4.061964455171107682e-09
6.480000000000003979e+00 4.077353831904204189e-09
6.560000000000002274e+00 4.106090480678073761e-09
6.640000000000000568e+00 4.149085432186372260e-09
6.719999999999998863e+00 4.207508121436196869e-09
6.800000000000004263e+00 4.282837711154301182e-09
6.880000000000002558e+00 4.376930451966224280e-09
6.960000000000000853e+00 4.492108492250998955e-09
7.039999999999999147e+00 4.631277796916102219e-09
7.119999999999997442e+00 4.798086154041781009e-09
7.200000000000002842e+00 4.997137238211170725e-09
7.280000000000001137e+00 5.234284337491953373e-09
7.359999999999999432e+00 5.517039276153889226e-09
7.439999999999997726e+00 5.855151089351004520e-09
7.520000000000003126e+00 6.261440083661471746e-09
7.600000000000001421e+00 6.753025035502116111e-09
7.679999999999999716e+00 7.353171274769063732e-09
7.759999999999998010e+00 8.094147976524627860e-09
7.840000000000003411e+00 9.021780294580520183e-09
7.920000000000001705e+00 1.020295616081592635e-08
8.000000000000000000e+00 1.173851162736090947e-08
8.079999999999998295e+00 1.378641564535794791e-08
8.160000000000003695e+00 1.660590083291896744e-08
8.240000000000001990e+00 2.064740966015016314e-08
8.320000000000000284e+00 2.675219796008731173e-08
8.399999999999998579e+00 3.664627268817853220e-08
8.480000000000003979e+00 5.435359934315738532e-08
8.560000000000002274e+00 9.115584626839445592e-08
8.640000000000000568e+00 1.893795120461087636e-07
8.719999999999998863e+00 6.176486575775513479e-07
8.800000000000004263e+00 3.469072748660998456e-06
8.880000000000002558e+00 6.259821148064714411e-07
8.960000000000000853e+00 1.707335874455658359e-07
9.039999999999999147e+00 7.479975877990717807e-08
9.120000000000004547e+00 4.096050815838353492e-08
9.200000000000002842e+00 2.548974988948751045e-08
9.280000000000001137e+00 1.724257935863900652e-08
9.359999999999999432e+00 1.237949726345194702e-08
9.439999999999997726e+00 9.302362438330513191e-09
9.520000000000003126e+00 7.253688926963314497e-09
9.600000000000001421e+00 5.839007725452108572e-09
9.679999999999999716e+00 4.838096952984330681e-09
9.759999999999998010e+00 4.121796939372388695e-09
9.840000000000003411e+00 3.612304405522480469e-09
9.920000000000001705e+00 3.263273093311620017e-09
1.000000000000000000e+01 3.049946896374505057e-09
1.007999999999999829e+01 2.965234163542354267e-09
1.016000000000000369e+01 3.020326191491990466e-09
1.024000000000000199e+01 3.249787746136534983e-09
1.032000000000000028e+01 3.719760851212383990e-09
1.039999999999999858e+01 4.523224635930325991e-09
1.048000000000000398e+01 5.674859928948063541e-09
1.056000000000000227e+01 6.693869300589351245e-09
1.064000000000000057e+01 6.420409606570676560e-09
1.071999999999999886e+01 4.831475739824446626e-09
1.080000000000000426e+01 3.232353055751730131e-09
1.088000000000000256e+01 2.154590103296878601e-09
1.096000000000000085e+01 1.494986442287981871e-09
1.103999999999999915e+01 1.087258836451598689e-09
1.112000000000000455e+01 8.247287261190110819e-10
1.120000000000000284e+01 6.477721029451360133e-10
1.128000000000000114e+01 5.233021834616948576e-10
1.135999999999999943e+01 4.324176197228793864e-10
1.143999999999999773e+01 3.638972656184176706e-10
1.152000000000000313e+01 3.108139201713427851e-10
1.160000000000000142e+01 2.687310952566602672e-10
1.167999999999999972e+01 2.347104932826313334e-10
1.175999999999999801e+01 2.067462172270954229e-10
1.184000000000000341e+01 1.834310939046723248e-10
1.192000000000000171e+01 1.637535296965254104e-10
1.200000000000000000e+01 1.469701554473855229e-10
1.207999999999999829e+01 1.325238096221026282e-10
1.216000000000000369e+01 1.199894032207314551e-10
1.224000000000000199e+01 1.090373731588227824e-10
1.232000000000000028e+01 9.940849381948979575e-11
1.239999999999999858e+01 9.089618339758864379e-11
1.248000000000000398e+01 8.333385519791399323e-11
1.256000000000000227e+01 7.658572792621296249e-11
1.264000000000000057e+01 7.054004838790301184e-11
1.271999999999999886e+01 6.510402354045878620e-11
1.280000000000000426e+01 6.019998172599317685e-11
1.288000000000000256e+01 5.576243002775386473e-11
1.296000000000000085e+01 5.173577337736876832e-11
1.303999999999999915e+01 4.807252823861392908e-11
1.312000000000000455e+01 4.473191010340640513e-11
1.320000000000000284e+01 4.167870651602077415e-11
1.328000000000000114e+01 3.888237035840989909e-11
1.335999999999999943e+01 3.631628463319464595e-11
1.343999999999999773e+01 3.395716194665285544e-11
1.352000000000000313e+01 3.178455066113203581e-11
1.360000000000000142e+01 2.978042617398498231e-11
1.367999999999999972e+01 2.792885062648526625e-11
1.375999999999999801e+01 2.621568799886601919e-11
1.384000000000000341e+01 2.462836432424265956e-11
1.392000000000000171e+01 2.315566488174974845e-11
1.400000000000000000e+01 2.178756187218897409e-11
1.407999999999999829e+01 2.051506735743050673e-11
1.416000000000000369e+01 1.933010724571381012e-11
1.424000000000000199e+01 1.822541289428746125e-11
1.432000000000000028e+01 1.719442752696954618e-11
1.439999999999999858e+01 1.623122516410625644e-11
1.448000000000000398e+01 1.533044016373780021e-11
1.456000000000000227e+01 1.448720579666372454e-11
1.464000000000000057e+01 1.369710054105053604e-11
1.471999999999999886e+01 1.295610099654472872e-11
1.480000000000000426e+01 1.226054049357582139e-11
1.488000000000000256e+01 1.160707261808257777e-11
1.496000000000000085e+01 1.099263899150300418e-11
1.503999999999999915e+01 1.041444074507869443e-11
1.512000000000000455e+01 9.869913210263245597e-12
1.520000000000000284e+01 9.356703416258038494e-12
1.528000000000000114e+01 8.872650043793638612e-12
1.535999999999999943e+01 8.415765533285524921e-12
1.543999999999999773e+01 7.984220086891589001e-12
1.552000000000000313e+01 7.576327339127346556e-12
1.560000000000000142e+01 7.190531500598002828e-12
1.567999999999999972e+01 6.825395804890914162e-12
1.575999999999999801e+01 6.479592110521963837e-12
1.584000000000000341e+01 6.151891528544538420e-12
1.592000000000000171e+01 5.841155962566637127e-12
1.600000000000000000e+01 5.546330461780850993e-12
1.607999999999999829e+01 5.266436299686510876e-12
1.616000000000000369e+01 5.000564701540018184e-12
1.624000000000000199e+01 4.747871152673115233e-12
1.632000000000000028e+01 4.507570227637776864e-12
1.639999999999999858e+01 4.278930887061974677e-12
1.648000000000000398e+01 4.061272195050268525e-12
1.656000000000000227e+01 3.853959415263339748e-12
1.664000000000000057e+01 3.656400448396573297e-12
1.671999999999999886e+01 3.468042577851660436e-12
1.680000000000000426e+01 3.288369493941627176e-12
1.688000000000000256e+01 3.116898570155372953e-12
1.696000000000000085e+01 2.953178367746392235e-12
1.703999999999999915e+01 2.796786347389929072e-12
1.712000000000000455e+01 2.647326768868934822e-12
1.720000000000000284e+01 2.504428761605702804e-12
1.728000000000000114e+01 2.367744550666028187e-12
1.735999999999999943e+01 2.236947824318889499e-12
1.743999999999999773e+01 2.111732230662361891e-12
1.752000000000000313e+01 1.991809991981629990e-12
1.760000000000000142e+01 1.876910626656713807e-12
1.767999999999999972e+01 1.766779769366961968e-12
1.775999999999999801e+01 1.661178081218659527e-12
1.784000000000000341e+01 1.559880242226634167e-12
1.792000000000000171e+01 1.462674019261307442e-12
1.800000000000000000e+01 1.369359403212461922e-12
1.807999999999999829e+01 1.279747809677584245e-12
1.816000000000000369e+01 1.193661338018553740e-12
1.824000000000000199e+01 1.110932084079812121e-12
1.832000000000000028e+01 1.031401502254577579e-12
1.839999999999999858e+01 9.549198130041165275e-13
1.848000000000000398e+01 8.813454522518965012e-13
1.856000000000000227e+01 8.105445593750204010e-13
1.864000000000000057e+01 7.423905008111627891e-13
1.871999999999999886e+01 6.767634265546209280e-13
1.880000000000000426e+01 6.135498570237495753e-13
1.888000000000000256e+01 5.526422980116945624e-13
1.896000000000000085e+01 4.939388816084262593e-13
1.903999999999999915e+01 4.373430311735663358e-13
1.912000000000000455e+01 3.827631485683346150e-13
1.920000000000000284e+01 3.301123220239978479e-13
1.928000000000000114e+01 2.793080531492099118e-13
1.935999999999999943e+01 2.302720016777912075e-13
1.943999999999999773e+01 1.829297467109030622e-13
1.952000000000000313e+01 1.372105632488285741e-13
1.960000000000000142e+01 9.304721295729102820e-14
1.967999999999999972e+01 5.037574815790876536e-14
1.975999999999999801e+01 9.135328119859735428e-15
1.984000000000000341e+01 -3.073195318672918919e-14
1.992000000000000171e+01 -6.928122868909687468e-14
2.000000000000000000e+01 -1.065650098462551208e-13
2.007999999999999829e+01 -1.426333290469937384e-13
2.016000000000000369e+01 -1.775338733404803740e-13
2.024000000000000199e+01 -2.113121101284225382e-13
2.032000000000000028e+01 -2.440114053132390511e-13
2.039999999999999858e+01 -2.756731344196423758e-13
2.048000000000000398e+01 -3.063367871581262616e-13
2.056000000000000227e+01 -3.360400658312310986e-13
2.064000000000000057e+01 -3.648189780039321111e-13
2.071999999999999886e+01 -3.927079238050049892e-13
2.080000000000000426e+01 -4.197397781866222898e-13
2.088000000000000256e+01 -4.459459684862877409e-13
2.096000000000000085e+01 -4.713565475599421491e-13
2.103999999999999915e+01 -4.960002627918841461e-13
2.112000000000000455e+01 -5.199046212215949470e-13
2.120000000000000284e+01 -5.430959510246611615e-13
2.128000000000000114e+01 -5.655994595934682994e-13
2.135999999999999943e+01 -5.874392884031602232e-13
2.143999999999999773e+01 -6.086385648658339898e-13
2.152000000000000313e+01 -6.292194513659099607e-13
2.160000000000000142e+01 -6.492031916299123876e-13
2.167999999999999972e+01 -6.686101546005426926e-13
2.175999999999999801e+01 -6.874598759594918568e-13
2.184000000000000341e+01 -7.057710974395092250e-13
2.192000000000000171e+01 -7.235618040542509131e-13
2.200000000000000000e+01 -7.408492593680203559e-13
2.207999999999999829e+01 -7.576500389208960900e-13
2.216000000000000369e+01 -7.739800619145055031e-13
2.224000000000000199e+01 -7.898546212558450669e-13
2.232000000000000028e+01 -8.052884120566509697e-13
2.239999999999999858e+01 -8.202955586779141473e-13
2.248000000000000398e+01 -8.348896403947614501e-13
2.256000000000000227e+01 -8.490837157628700430e-13
2.264000000000000057e+01 -8.628903457646353063e-13
2.271999999999999886e+01 -8.763216157880317953e-13
2.280000000000000426e+01 -8.893891565223845854e-13
2.288000000000000256e+01 -9.021041638139609973e-13
2.296000000000000085e+01 -9.144774175478673432e-13
2.303999999999999915e+01 -9.265192996023143150e-13
2.312000000000000455e+01 -9.382398109291728505e-13
2.320000000000000284e+01 -9.496485878192401086e-13
2.328000000000000114e+01 -9.607549173635892857e-13
2.335999999999999943e+01 -9.715677521969783609e-13
2.344000000000000483e+01 -9.820957245180961888e-13
2.352000000000000313e+01 -9.923471594648662098e-13
2.360000000000000142e+01 -1.002330087843722101e-12
2.367999999999999972e+01 -1.012052258274015038e-12
2.375999999999999801e+01 -1.021521148759856869e-12
2.384000000000000341e+01 -1.030743977724244203e-12
2.392000000000000171e+01 -1.039727714538757413e-12
2.400000000000000000e+01 -1.048479089569307281e-12
2.407999999999999829e+01 -1.057004603760056375e-12
2.415999999999999659e+01 -1.065310537780123764e-12
2.423999999999999488e+01 -1.073402960768073168e-12
2.432000000000000739e+01 -1.081287738672013183e-12
2.440000000000000568e+01 -1.088970542221705527e-12
2.448000000000000398e+01 -1.096456854538626682e-12
2.456000000000000227e+01 -1.103751978427564986e-12
2.464000000000000057e+01 -1.110861043325971760e-12
2.471999999999999886e+01 -1.117789011959559912e-12
2.479999999999999716e+01 -1.124540686708596126e-12
2.487999999999999545e+01 -1.131120715693158430e-12
2.496000000000000796e+01 -1.137533598597625090e-12
2.504000000000000625e+01 -1.143783692250111231e-12
2.512000000000000455e+01 -1.149875215953544495e-12
2.520000000000000284e+01 -1.155812256598158209e-12
2.528000000000000114e+01 -1.161598773556384359e-12
2.535999999999999943e+01 -1.167238603368780066e-12
2.543999999999999773e+01 -1.172735464234532631e-12
2.551999999999999602e+01 -1.178092960320243352e-12
2.559999999999999432e+01 -1.183314585879235269e-12
2.568000000000000682e+01 -1.188403729212404137e-12
2.576000000000000512e+01 -1.193363676457326013e-12
2.584000000000000341e+01 -1.198197615230798780e-12
2.592000000000000171e+01 -1.202908638114684650e-12
2.600000000000000000e+01 -1.207499746006146741e-12
2.607999999999999829e+01 -1.211973851331711042e-12
2.615999999999999659e+01 -1.216333781135028246e-12
2.623999999999999488e+01 -1.220582280033320655e-12
2.632000000000000739e+01 -1.224722013068570355e-12
2.640000000000000568e+01 -1.228755568433699718e-12
2.648000000000000398e+01 -1.232685460101041198e-12
2.656000000000000227e+01 -1.236514130344204222e-12
2.664000000000000057e+01 -1.240243952161197397e-12
2.671999999999999886e+01 -1.243877231603510623e-12
2.679999999999999716e+01 -1.247416210016895672e-12
2.687999999999999545e+01 -1.250863066197670947e-12
2.696000000000000796e+01 -1.254219918460776415e-12
2.704000000000000625e+01 -1.257488826635708721e-12
2.712000000000000455e+01 -1.260671793981030722e-12
2.720000000000000284e+01 -1.263770769034309222e-12
2.728000000000000114e+01 -1.266787647383418861e-12
2.735999999999999943e+01 -1.269724273379839957e-12
2.743999999999999773e+01 -1.272582441782783369e-12
2.751999999999999602e+01 -1.275363899347170481e-12
2.759999999999999432e+01 -1.278070346347713480e-12
2.768000000000000682e+01 -1.280703438051917231e-12
2.776000000000000512e+01 -1.283264786138797424e-12
2.784000000000000341e+01 -1.285755960060885155e-12
2.792000000000000171e+01 -1.288178488367612503e-12
2.800000000000000000e+01 -1.290533859965315406e-12
2.807999999999999829e+01 -1.292823525352472800e-12
2.815999999999999659e+01 -1.295048897789236615e-12
2.823999999999999488e+01 -1.297211354444110897e-12
2.832000000000000739e+01 -1.299312237488311755e-12
2.840000000000000568e+01 -1.301352855155282335e-12
2.848000000000000398e+01 -1.303334482763966928e-12
2.856000000000000227e+01 -1.305258363708274088e-12
2.864000000000000057e+01 -1.307125710404301824e-12
2.871999999999999886e+01 -1.308937705216004406e-12
2.879999999999999716e+01 -1.310695501339706937e-12
2.887999999999999545e+01 -1.312400223663701101e-12
2.896000000000000796e+01 -1.314052969594701995e-12
2.904000000000000625e+01 -1.315654809863056759e-12
2.912000000000000455e+01 -1.317206789290523274e-12
2.920000000000000284e+01 -1.318709927542435840e-12
2.928000000000000114e+01 -1.320165219847920992e-12
2.935999999999999943e+01 -1.321573637698089634e-12
2.943999999999999773e+01 -1.322936129523032677e-12
2.951999999999999602e+01 -1.324253621344518236e-12
2.960000000000000853e+01 -1.325527017405062488e-12
2.968000000000000682e+01 -1.326757200781956181e-12
2.976000000000000512e+01 -1.327945033977819891e-12
2.984000000000000341e+01 -1.329091359490945056e-12
2.992000000000000171e+01 -1.330197000369711779e-12
3.000000000000000000e+01 -1.331262760746378821e-12
3.007999999999999829e+01 -1.332289426359241360e-12
3.015999999999999659e+01 -1.333277765051265803e-12
3.023999999999999488e+01 -1.334228527257247470e-12
3.032000000000000739e+01 -1.335142446474114472e-12
3.040000000000000568e+01 -1.336020239716755923e-12
3.048000000000000398e+01 -1.336862607960046586e-12
3.056000000000000227e+01 -1.337670236566344148e-12
3.064000000000000057e+01 -1.338443795699544816e-12
3.071999999999999886e+01 -1.339183940727713484e-12
3.079999999999999716e+01 -1.339891312611600124e-12
3.087999999999999545e+01 -1.340566538281162059e-12
3.096000000000000796e+01 -1.341210231003762740e-12
3.104000000000000625e+01 -1.341822990737532956e-12
3.112000000000000455e+01 -1.342405404473461720e-12
3.120000000000000284e+01 -1.342958046573558046e-12
3.128000000000000114e+01 -1.343481479089548122e-12
3.135999999999999943e+01 -1.343976252080383425e-12
3.143999999999999773e+01 -1.344442903915143918e-12
3.151999999999999602e+01 -1.344881961568858519e-12
3.160000000000000853e+01 -1.345293940908347699e-12
3.168000000000000682e+01 -1.345679346974136974e-12
3.176000000000000512e+01 -1.346038674245154707e-12
3.184000000000000341e+01 -1.346372406906686918e-12
3.192000000000000171e+01 -1.346681019101064717e-12
3.200000000000000000e+01 -1.346964975177550393e-12
3.207999999999999829e+01 -1.347224729930539581e-12
3.215999999999999659e+01 -1.347460728835850576e-12
3.223999999999999488e+01 -1.347673408273752904e-12
3.232000000000000739e+01 -1.347863195751246261e-12
3.240000000000000568e+01 -1.348030510118239000e-12
3.248000000000000398e+01 -1.348175761769716239e-12
3.256000000000000227e+01 -1.348299352855430149e-12
3.264000000000000057e+01 -1.348401677468703925e-12
3.271999999999999886e+01 -1.348483121842706241e-12
3.279999999999999716e+01 -1.348544064534912522e-12
3.287999999999999545e+01 -1.348584876607559566e-12
3.296000000000000796e+01 -1.348605921802464999e-12
3.304000000000000625e+01 -1.348607556712796495e-12
3.312000000000000455e+01 -1.348590130947913365e-12
3.320000000000000284e+01 -1.348553987296967371e-12
3.328000000000000114e+01 -1.348499461885550058e-12
3.335999999999999943e+01 -1.348426884327144350e-12
3.343999999999999773e+01 -1.348336577873102735e-12
3.351999999999999602e+01 -1.348228859558773894e-12
3.360000000000000853e+01 -1.348104040342520740e-12
3.368000000000000682e+01 -1.347962425243394291e-12
3.376000000000000512e+01 -1.347804313476274302e-12
3.384000000000000341e+01 -1.347629998580237359e-12
3.392000000000000171e+01 -1.347439768546382131e-12
3.400000000000000000e+01 -1.347233905940226252e-12
3.407999999999999829e+01 -1.347012688023043375e-12
3.415999999999999659e+01 -1.346776386869193577e-12
3.423999999999999488e+01 -1.346525269478361422e-12
3.432000000000000739e+01 -1.346259597887457993e-12
3.440000000000000568e+01 -1.345979629280584214e-12
3.448000000000000398e+01 -1.345685616091833886e-12
3.456000000000000227e+01 -1.345377806110087140e-12
3.464000000000000057e+01 -1.345056442578168701e-12
3.471999999999999886e+01 -1.344721764291385791e-12
3.479999999999999716e+01 -1.344374005690560088e-12
3.487999999999999545e+01 -1.344013396960074483e-12
3.496000000000000796e+01 -1.343640164111289077e-12
3.504000000000000625e+01 -1.343254529075805790e-12
3.512000000000000455e+01 -1.342856709790719664e-12
3.520000000000000284e+01 -1.342446920281388628e-12
3.528000000000000114e+01 -1.342025370744384196e-12
3.535999999999999943e+01 -1.341592267625608343e-12
3.543999999999999773e+01 -1.341147813701176256e-12
3.551999999999999602e+01 -1.340692208151009557e-12
3.560000000000000853e+01 -1.340225646633980498e-12
3.568000000000000682e+01 -1.339748321360936493e-12
3.576000000000000512e+01 -1.339260421163304415e-12
3.584000000000000341e+01 -1.338762131563297546e-12
3.592000000000000171e+01 -1.338253634843191957e-12
3.600000000000000000e+01 -1.337735110107494299e-12
3.607999999999999829e+01 -1.337206733349219651e-12
3.615999999999999659e+01 -1.336668677512395352e-12
3.623999999999999488e+01 -1.336121112552574438e-12
3.632000000000000739e+01 -1.335564205496780382e-12
3.640000000000000568e+01 -1.334998120502831454e-12
3.648000000000000398e+01 -1.334423018914865223e-12
3.656000000000000227e+01 -1.333839059319560988e-12
3.664000000000000057e+01 -1.333246397601276532e-12
3.671999999999999886e+01 -1.332645186992971434e-12
3.679999999999999716e+01 -1.332035578131705715e-12
3.687999999999999545e+01 -1.331417719105970079e-12
3.696000000000000796e+01 -1.330791755507307154e-12
3.704000000000000625e+01 -1.330157830477073044e-12
3.712000000000000455e+01 -1.329516084755344386e-12
3.720000000000000284e+01 -1.328866656725637798e-12
3.728000000000000114e+01 -1.328209682463765239e-12
3.735999999999999943e+01 -1.327545295776272051e-12
3.743999999999999773e+01 -1.326873628247793057e-12
3.751999999999999602e+01 -1.326194809282489134e-12
3.760000000000000853e+01 -1.325508966144940956e-12
3.768000000000000682e+01 -1.324816224001921616e-12
3.776000000000000512e+01 -1.324116705958818423e-12
3.784000000000000341e+01 -1.323410533101302121e-12
3.792000000000000171e+01 -1.322697824532679269e-12
3.800000000000000000e+01 -1.321978697409512704e-12
3.807999999999999829e+01 -1.321253266978999764e-12
3.815999999999999659e+01 -1.320521646613067638e-12
3.823999999999999488e+01 -1.319783947845880841e-12
3.832000000000000739e+01 -1.319040280404136700e-12
3.840000000000000568e+01 -1.318290752242375628e-12
3.848000000000000398e+01 -1.317535469575318717e-12
3.856000000000000227e+01 -1.316774536909171350e-12
3.864000000000000057e+01 -1.316008057071970397e-12
3.871999999999999886e+01 -1.315236131246593884e-12
3.879999999999999716e+01 -1.314458858997540970e-12
3.887999999999999545e+01 -1.313676338301330833e-12
3.896000000000000796e+01 -1.312888665576953256e-12
3.904000000000000625e+01 -1.312095935709520824e-12
3.912000000000000455e+01 -1.311298242081288193e-12
3.920000000000000284e+01 -1.310495676598509618e-12
3.928000000000000114e+01 -1.309688329714832646e-12
3.935999999999999943e+01 -1.308876290459370564e-12
3.943999999999999773e+01 -1.308059646461104227e-12
3.951999999999999602e+01 -1.307238483973800868e-12
3.960000000000000853e+01 -1.306412887900054044e-12
3.968000000000000682e+01 -1.305582941815659604e-12
3.976000000000000512e+01 -1.304748727990760503e-12
3.984000000000000341e+01 -1.303910327414326173e-12
3.992000000000000171e+01 -1.303067819817416979e-12
4.000000000000000000e+01 -1.302221283692105973e-12
