-2.000000000000000000e+01 -3.611303284632936310e-12
-1.996000000000000085e+01 -3.589046188510858087e-12
-1.992000000000000171e+01 -3.566103446776326796e-12
-1.987999999999999901e+01 -3.542456218354889861e-12
-1.983999999999999986e+01 -3.518085084629007554e-12
-1.980000000000000071e+01 -3.492970029409218626e-12
-1.976000000000000156e+01 -3.467090418110385380e-12
-1.971999999999999886e+01 -3.440424976127331297e-12
-1.967999999999999972e+01 -3.412951766344420569e-12
-1.964000000000000057e+01 -3.384648165761812133e-12
-1.960000000000000142e+01 -3.355490841195685005e-12
-1.955999999999999872e+01 -3.325455723998254597e-12
-1.951999999999999957e+01 -3.294517983773281569e-12
-1.948000000000000043e+01 -3.262652001012937166e-12
-1.944000000000000128e+01 -3.229831338666985182e-12
-1.939999999999999858e+01 -3.196028712500040923e-12
-1.935999999999999943e+01 -3.161215960280334159e-12
-1.932000000000000028e+01 -3.125364009687376110e-12
-1.928000000000000114e+01 -3.088442844886521464e-12
-1.923999999999999844e+01 -3.050421471739819768e-12
-1.919999999999999929e+01 -3.011267881530630050e-12
-1.916000000000000014e+01 -2.970949013218128696e-12
-1.912000000000000099e+01 -2.929430714054930295e-12
-1.907999999999999829e+01 -2.886677698570199590e-12
-1.903999999999999915e+01 -2.842653505798830343e-12
-1.900000000000000000e+01 -2.797320454685967161e-12
-1.896000000000000085e+01 -2.750639597565747460e-12
-1.892000000000000171e+01 -2.702570671659049263e-12
-1.887999999999999901e+01 -2.653072048435355252e-12
-1.883999999999999986e+01 -2.602100680788171674e-12
-1.880000000000000071e+01 -2.549612047892273571e-12
-1.876000000000000156e+01 -2.495560097622938564e-12
-1.871999999999999886e+01 -2.439897186439355057e-12
-1.867999999999999972e+01 -2.382574016573593006e-12
-1.864000000000000057e+01 -2.323539570430114862e-12
-1.860000000000000142e+01 -2.262741042006298933e-12
-1.855999999999999872e+01 -2.200123765242985307e-12
-1.851999999999999957e+01 -2.135631139076535676e-12
-1.848000000000000043e+01 -2.069204549104622536e-12
-1.844000000000000128e+01 -2.000783285612216890e-12
-1.839999999999999858e+01 -1.930304457819221714e-12
-1.835999999999999943e+01 -1.857702904150504041e-12
-1.832000000000000028e+01 -1.782911098291131644e-12
-1.828000000000000114e+01 -1.705859050826533187e-12
-1.823999999999999844e+01 -1.626474206222839799e-12
-1.819999999999999929e+01 -1.544681334920346991e-12
-1.816000000000000014e+01 -1.460402420236108024e-12
-1.812000000000000099e+01 -1.373556539829365723e-12
-1.807999999999999829e+01 -1.284059741430486746e-12
-1.803999999999999915e+01 -1.191824912491152311e-12
-1.800000000000000000e+01 -1.096761643457813598e-12
-1.796000000000000085e+01 -9.987760842909072485e-13
-1.792000000000000171e+01 -8.977707938593574515e-13
-1.787999999999999901e+01 -7.936445818021509934e-13
-1.783999999999999986e+01 -6.862923424456696991e-13
-1.780000000000000071e+01 -5.756048803097334192e-13
-1.775999999999999801e+01 -4.614687267240363714e-13
-1.771999999999999886e+01 -3.437659470468811450e-13
-1.767999999999999972e+01 -2.223739379344808997e-13
-1.764000000000000057e+01 -9.716521405822868332e-14
-1.760000000000000142e+01 3.199281629740863506e-14
-1.755999999999999872e+01 1.652380874813956229e-13
-1.751999999999999957e+01 3.027141252452174380e-13
-1.748000000000000043e+01 4.445703087767406827e-13
-1.744000000000000128e+01 5.909621468363663291e-13
-1.739999999999999858e+01 7.420515688372343851e-13
-1.735999999999999943e+01 8.980072317870303970e-13
-1.732000000000000028e+01 1.059004844109239532e-12
-1.728000000000000114e+01 1.225227507342668829e-12
-1.723999999999999844e+01 1.396866076916064571e-12
-1.719999999999999929e+01 1.574119543154016470e-12
-1.716000000000000014e+01 1.757195433839395418e-12
-1.712000000000000099e+01 1.946310239726020728e-12
-1.707999999999999829e+01 2.141689864476523291e-12
-1.703999999999999915e+01 2.343570100644093733e-12
-1.700000000000000000e+01 2.552197133445327783e-12
-1.696000000000000085e+01 2.767828074107260104e-12
-1.692000000000000171e+01 2.990731524873908869e-12
-1.687999999999999901e+01 3.221188177756929657e-12
-1.683999999999999986e+01 3.459491449357858098e-12
-1.680000000000000071e+01 3.705948154277294118e-12
-1.675999999999999801e+01 3.960879219769586271e-12
-1.671999999999999886e+01 4.224620444574130667e-12
-1.667999999999999972e+01 4.497523305040514618e-12
-1.664000000000000057e+01 4.779955811951766831e-12
-1.660000000000000142e+01 5.072303421714053353e-12
-1.655999999999999872e+01 5.374970005866329025e-12
-1.651999999999999957e+01 5.688378883251608659e-12
-1.648000000000000043e+01 6.012973919462217063e-12
-1.644000000000000128e+01 6.349220698684022168e-12
-1.639999999999999858e+01 6.697607773396561780e-12
-1.635999999999999943e+01 7.058647997913922464e-12
-1.632000000000000028e+01 7.432879952296341128e-12
-1.628000000000000114e+01 7.820869463692515823e-12
-1.623999999999999844e+01 8.223211232847591674e-12
-1.619999999999999929e+01 8.640530574182217730e-12
-1.616000000000000014e+01 9.073485278688072449e-12
-1.612000000000000099e+01 9.522767609624961780e-12
-1.607999999999999829e+01 9.989106442105157613e-12
-1.603999999999999915e+01 1.047326955855206445e-11
-1.600000000000000000e+01 1.097606611328692248e-11
-1.596000000000000085e+01 1.149834928073637169e-11
-1.591999999999999993e+01 1.204101910323538914e-11
-1.587999999999999901e+01 1.260502555590764792e-11
-1.583999999999999986e+01 1.319137184802419875e-11
-1.580000000000000071e+01 1.380111798209384611e-11
-1.575999999999999979e+01 1.443538459424001389e-11
-1.571999999999999886e+01 1.509535710190167849e-11
-1.567999999999999972e+01 1.578229018764156613e-11
-1.564000000000000057e+01 1.649751265099885125e-11
-1.559999999999999964e+01 1.724243266387716039e-11
-1.555999999999999872e+01 1.801854346885346610e-11
-1.551999999999999957e+01 1.882742956431958089e-11
-1.548000000000000043e+01 1.967077342540094163e-11
-1.543999999999999950e+01 2.055036281531794918e-11
-1.539999999999999858e+01 2.146809874834725503e-11
-1.535999999999999943e+01 2.242600417291925135e-11
-1.532000000000000028e+01 2.342623345178369746e-11
-1.528000000000000114e+01 2.447108272571425544e-11
-1.524000000000000021e+01 2.556300125824716432e-11
-1.519999999999999929e+01 2.670460387141654831e-11
-1.516000000000000014e+01 2.789868459687074854e-11
-1.512000000000000099e+01 2.914823168331339643e-11
-1.508000000000000007e+01 3.045644412034770256e-11
-1.503999999999999915e+01 3.182674986080130281e-11
-1.500000000000000000e+01 3.326282594929771844e-11
-1.496000000000000085e+01 3.476862079446513277e-11
-1.491999999999999993e+01 3.634837885686679664e-11
-1.487999999999999901e+01 3.800666806516665434e-11
-1.483999999999999986e+01 3.974841032036719812e-11
-1.480000000000000071e+01 4.157891550362829622e-11
-1.475999999999999979e+01 4.350391946873228446e-11
-1.471999999999999886e+01 4.552962657768223510e-11
-1.467999999999999972e+01 4.766275742984696627e-11
-1.464000000000000057e+01 4.991060254424923284e-11
-1.459999999999999964e+01 5.228108288511436877e-11
-1.455999999999999872e+01 5.478281827703824697e-11
-1.451999999999999957e+01 5.742520494412758809e-11
-1.448000000000000043e+01 6.021850363433482167e-11
-1.443999999999999950e+01 6.317394006534651847e-11
-1.439999999999999858e+01 6.630381976331315162e-11
-1.435999999999999943e+01 6.962165977523906842e-11
-1.432000000000000028e+01 7.314234023908776638e-11
-1.428000000000000114e+01 7.688227941699407782e-11
-1.424000000000000021e+01 8.085963656801659251e-11
-1.419999999999999929e+01 8.509454799905854123e-11
-1.416000000000000014e+01 8.960940284006040133e-11
-1.412000000000000099e+01 9.442916661416102923e-11
-1.408000000000000007e+01 9.958176261081772250e-11
-1.403999999999999915e+01 1.050985235485030874e-10
-1.400000000000000000e+01 1.110147292078583348e-10
-1.396000000000000085e+01 1.173702498645823199e-10
-1.391999999999999993e+01 1.242103207838496938e-10
-1.387999999999999901e+01 1.315864802153086949e-10
-1.383999999999999986e+01 1.395577129007214198e-10
-1.380000000000000071e+01 1.481918540063744913e-10
-1.375999999999999979e+01 1.575673259679556687e-10
-1.371999999999999886e+01 1.677753049675169133e-10
-1.367999999999999972e+01 1.789224476008498944e-10
-1.364000000000000057e+01 1.911343562023113665e-10
-1.359999999999999964e+01 2.045600301318648878e-10
-1.355999999999999872e+01 2.193776508130947574e-10
-1.351999999999999957e+01 2.358021974743758781e-10
-1.348000000000000043e+01 2.540956159296527699e-10
-1.343999999999999950e+01 2.745806096430700406e-10
-1.339999999999999858e+01 2.976596665045882231e-10
-1.335999999999999943e+01 3.238418047660233475e-10
-1.332000000000000028e+01 3.537809382730603373e-10
-1.328000000000000114e+01 3.883321063157902147e-10
-1.324000000000000021e+01 4.286357455318720143e-10
-1.319999999999999929e+01 4.762468123950248884e-10
-1.316000000000000014e+01 5.333366662013529426e-10
-1.312000000000000099e+01 6.030136007768788072e-10
-1.308000000000000007e+01 6.898344674082592413e-10
-1.303999999999999915e+01 8.006095631788727683e-10
-1.300000000000000000e+01 9.456013563891506388e-10
-1.296000000000000085e+01 1.140062348412898707e-09
-1.291999999999999993e+01 1.405444390853153227e-09
-1.287999999999999901e+01 1.768169887205291131e-09
-1.283999999999999986e+01 2.252425744913323688e-09
-1.280000000000000071e+01 2.866675889360620367e-09
-1.275999999999999979e+01 3.594989095125821214e-09
-1.271999999999999886e+01 4.406403023999030122e-09
-1.267999999999999972e+01 5.269261936174789303e-09
-1.264000000000000057e+01 6.143849674172236986e-09
-1.259999999999999964e+01 6.958511649372535841e-09
-1.255999999999999872e+01 7.604169549149398674e-09
-1.251999999999999957e+01 7.973362817926120074e-09
-1.248000000000000043e+01 8.024220956410795041e-09
-1.243999999999999950e+01 7.808866637239113133e-09
-1.239999999999999858e+01 7.438149283807919437e-09
-1.235999999999999943e+01 7.023619552004692119e-09
-1.232000000000000028e+01 6.644123590368533440e-09
-1.228000000000000114e+01 6.342991279252284300e-09
-1.224000000000000021e+01 6.139078536130955299e-09
-1.219999999999999929e+01 6.038556053909461815e-09
-1.216000000000000014e+01 6.043124316395541792e-09
-1.212000000000000099e+01 6.154882796849004568e-09
-1.208000000000000007e+01 6.379175605878651982e-09
-1.203999999999999915e+01 6.726570989284204562e-09
-1.200000000000000000e+01 7.214802893079162248e-09
-1.195999999999999908e+01 7.871332301647647682e-09
-1.191999999999999993e+01 8.737236508641605524e-09
-1.187999999999999901e+01 9.873454344522099172e-09
-1.183999999999999986e+01 1.137115602110670263e-08
-1.180000000000000071e+01 1.336955829809032097e-08
-1.175999999999999979e+01 1.608782037486402649e-08
-1.172000000000000064e+01 1.988513103840040852e-08
-1.167999999999999972e+01 2.538122699604109406e-08
-1.164000000000000057e+01 3.371769226476692085e-08
-1.159999999999999964e+01 4.718318112081857053e-08
-1.156000000000000050e+01 7.091461956931477687e-08
-1.151999999999999957e+01 1.184088699350698589e-07
-1.148000000000000043e+01 2.344413004500597642e-07
-1.143999999999999950e+01 6.325382082315392977e-07
-1.140000000000000036e+01 2.541670679682195885e-06
-1.135999999999999943e+01 1.448240297247107802e-06
-1.132000000000000028e+01 4.084893236324242390e-07
-1.127999999999999936e+01 1.775324218315573340e-07
-1.124000000000000021e+01 9.800087946077963973e-08
-1.119999999999999929e+01 6.205308509390282409e-08
-1.116000000000000014e+01 4.288970268845429087e-08
-1.111999999999999922e+01 3.149512513398597638e-08
-1.108000000000000007e+01 2.417525036164796297e-08
-1.103999999999999915e+01 1.919444174432660050e-08
-1.100000000000000000e+01 1.565113901404359811e-08
-1.095999999999999908e+01 1.303967934298821742e-08
-1.091999999999999993e+01 1.105872853889509891e-08
-1.087999999999999901e+01 9.519680836780125401e-09
-1.083999999999999986e+01 8.299598412394787870e-09
-1.079999999999999893e+01 7.315566424524374763e-09
-1.075999999999999979e+01 6.510012892897024105e-09
-1.072000000000000064e+01 5.841946720098683829e-09
-1.067999999999999972e+01 5.281536789563812270e-09
-1.064000000000000057e+01 4.806651811697431837e-09
-1.059999999999999964e+01 4.400590403487276958e-09
-1.056000000000000050e+01 4.050555475147364217e-09
-1.051999999999999957e+01 3.746606497529769724e-09
-1.048000000000000043e+01 3.480925899526163058e-09
-1.043999999999999950e+01 3.247296369424805801e-09
-1.040000000000000036e+01 3.040722487346621263e-09
-1.035999999999999943e+01 2.857152859096189504e-09
-1.032000000000000028e+01 2.693273348475977189e-09
-1.027999999999999936e+01 2.546351342052370937e-09
-1.024000000000000021e+01 2.414117135255093082e-09
-1.019999999999999929e+01 2.294672655018710656e-09
-1.016000000000000014e+01 2.186420543878354082e-09
-1.011999999999999922e+01 2.088008571326280041e-09
-1.008000000000000007e+01 1.998285696974419827e-09
-1.003999999999999915e+01 1.916267073135417377e-09
-1.000000000000000000e+01 1.841105964994947353e-09
-9.959999999999999076e+00 1.772071067091805508e-09
-9.919999999999999929e+00 1.708528061329242161e-09
-9.879999999999999005e+00 1.649924532667935555e-09
-9.839999999999999858e+00 1.595777560724277206e-09
-9.799999999999998934e+00 1.545663457491023810e-09
-9.759999999999999787e+00 1.499209236636650709e-09
-9.720000000000000639e+00 1.456085487872079998e-09
-9.679999999999999716e+00 1.416000397603534716e-09
-9.640000000000000568e+00 1.378694709553729871e-09
-9.599999999999999645e+00 1.343937459933230881e-09
-9.560000000000000497e+00 1.311522353824144439e-09
-9.519999999999999574e+00 1.281264674747297585e-09
-9.480000000000000426e+00 1.252998639462565718e-09
-9.439999999999999503e+00 1.226575126064983266e-09
-9.400000000000000355e+00 1.201859716274987138e-09
-9.359999999999999432e+00 1.178731003159723265e-09
-9.320000000000000284e+00 1.157079123888305684e-09
-9.279999999999999361e+00 1.136804483923700779e-09
-9.240000000000000213e+00 1.117816644604371940e-09
-9.199999999999999289e+00 1.100033350617914059e-09
-9.160000000000000142e+00 1.083379677612073767e-09
-9.119999999999999218e+00 1.067787283280180554e-09
-9.080000000000000071e+00 1.053193747820820093e-09
-9.039999999999999147e+00 1.039541991803357840e-09
-9.000000000000000000e+00 1.026779761250425575e-09
-8.959999999999999076e+00 1.014859171238403293e-09
-8.919999999999999929e+00 1.003736300568627682e-09
-8.879999999999999005e+00 9.933708311166913757e-10
-8.839999999999999858e+00 9.837257263583109632e-10
-8.799999999999998934e+00 9.747669443255440948e-10
-8.759999999999999787e+00 9.664631808889458690e-10
-8.720000000000000639e+00 9.587856398079780555e-10
-8.679999999999999716e+00 9.517078264592718605e-10
-8.640000000000000568e+00 9.452053625523161302e-10
-8.599999999999999645e+00 9.392558194855688419e-10
-8.560000000000000497e+00 9.338385682916079497e-10
-8.519999999999999574e+00 9.289346443747891087e-10
-8.480000000000000426e+00 9.245266254653081929e-10
-8.439999999999999503e+00 9.205985214043739358e-10
-8.400000000000000355e+00 9.171356745411023911e-10
-8.359999999999999432e+00 9.141246696658219926e-10
-8.320000000000000284e+00 9.115532525303728141e-10
-8.279999999999999361e+00 9.094102561157083078e-10
-8.240000000000000213e+00 9.076855339033903861e-10
-8.199999999999999289e+00 9.063698994918526235e-10
-8.160000000000000142e+00 9.054550719725822122e-10
-8.119999999999999218e+00 9.049336265464857211e-10
-8.080000000000000071e+00 9.047989499185509315e-10
-8.039999999999999147e+00 9.050452000597166629e-10
-8.000000000000000000e+00 9.056672699701353415e-10
-7.959999999999999076e+00 9.066607551179691931e-10
-7.919999999999999929e+00 9.080219242637663726e-10
-7.879999999999999005e+00 9.097476934120264876e-10
-7.839999999999999858e+00 9.118356026602507660e-10
-7.799999999999998934e+00 9.142837957410933625e-10
-7.759999999999999787e+00 9.170910020763185589e-10
-7.719999999999998863e+00 9.202565211817487818e-10
-7.679999999999999716e+00 9.237802092811484013e-10
-7.640000000000000568e+00 9.276624680039665717e-10
-7.599999999999999645e+00 9.319042350571093801e-10
-7.560000000000000497e+00 9.365069767751394925e-10
-7.519999999999999574e+00 9.414726824661285708e-10
-7.480000000000000426e+00 9.468038604822970735e-10
-7.439999999999999503e+00 9.525035359556031930e-10
-7.400000000000000355e+00 9.585752501486988964e-10
-7.359999999999999432e+00 9.650230613812737771e-10
-7.320000000000000284e+00 9.718515475008344457e-10
-7.279999999999999361e+00 9.790658098755897191e-10
-7.240000000000000213e+00 9.866714788952968199e-10
-7.199999999999999289e+00 9.946747209737456167e-10
-7.160000000000000142e+00 1.003082247054299521e-09
-7.119999999999999218e+00 1.011901322627286799e-09
-7.080000000000000071e+00 1.021139779275385548e-09
-7.039999999999999147e+00 1.030806027770515787e-09
-7.000000000000000000e+00 1.040909072752842675e-09
-6.959999999999999076e+00 1.051458529030016450e-09
-6.919999999999999929e+00 1.062464639542066258e-09
-6.879999999999999005e+00 1.073938295044939554e-09
-6.839999999999999858e+00 1.085891055573603956e-09
-6.799999999999998934e+00 1.098335173753471766e-09
-6.759999999999999787e+00 1.111283620037384333e-09
-6.719999999999998863e+00 1.124750109954178064e-09
-6.679999999999999716e+00 1.138749133463858596e-09
-6.640000000000000568e+00 1.153295986524241517e-09
-6.599999999999999645e+00 1.168406804983980650e-09
-6.560000000000000497e+00 1.184098600927920503e-09
-6.519999999999999574e+00 1.200389301612091481e-09
-6.480000000000000426e+00 1.217297791138142003e-09
-6.439999999999999503e+00 1.234843955030131488e-09
-6.400000000000000355e+00 1.253048727890882852e-09
-6.359999999999999432e+00 1.271934144330113911e-09
-6.320000000000000284e+00 1.291523393373282768e-09
-6.279999999999999361e+00 1.311840876577640803e-09
-6.240000000000000213e+00 1.332912270100990565e-09
-6.199999999999999289e+00 1.354764590989817513e-09
-6.160000000000000142e+00 1.377426267975339378e-09
-6.119999999999999218e+00 1.400927217090946472e-09
-6.080000000000000071e+00 1.425298922450595539e-09
-6.039999999999999147e+00 1.450574522556655379e-09
-6.000000000000000000e+00 1.476788902537253575e-09
-5.959999999999999076e+00 1.503978792746898688e-09
-5.919999999999999929e+00 1.532182874201885752e-09
-5.879999999999999005e+00 1.561441891362552047e-09
-5.839999999999999858e+00 1.591798772818659632e-09
-5.799999999999998934e+00 1.623298760483466209e-09
-5.759999999999999787e+00 1.655989547954701686e-09
-5.719999999999998863e+00 1.689921428759512652e-09
-5.679999999999999716e+00 1.725147455264376352e-09
-5.640000000000000568e+00 1.761723609101206790e-09
-5.599999999999999645e+00 1.799708984038472548e-09
-5.560000000000000497e+00 1.839165982310829388e-09
-5.519999999999999574e+00 1.880160525514601891e-09
-5.480000000000000426e+00 1.922762281279472124e-09
-5.439999999999999503e+00 1.967044907040526043e-09
-5.400000000000000355e+00 2.013086312360151869e-09
-5.359999999999999432e+00 2.060968941388429690e-09
-5.320000000000000284e+00 2.110780077203414400e-09
-5.279999999999999361e+00 2.162612169943288693e-09
-5.240000000000000213e+00 2.216563190829828406e-09
-5.199999999999999289e+00 2.272737014391914087e-09
-5.160000000000000142e+00 2.331243831429282699e-09
-5.119999999999999218e+00 2.392200595514371856e-09
-5.080000000000000071e+00 2.455731506116915658e-09
-5.039999999999999147e+00 2.521968531754832645e-09
-5.000000000000000000e+00 2.591051976931421515e-09
-4.959999999999999076e+00 2.663131097015766467e-09
-4.919999999999999929e+00 2.738364765667853706e-09
-4.879999999999999005e+00 2.816922199906357888e-09
-4.839999999999999858e+00 2.898983748474054231e-09
-4.799999999999998934e+00 2.984741749779856957e-09
-4.759999999999999787e+00 3.074401466397612908e-09
-4.719999999999998863e+00 3.168182103890014486e-09
-4.679999999999999716e+00 3.266317922613150601e-09
-4.640000000000000568e+00 3.369059452157937384e-09
-4.599999999999999645e+00 3.476674819213232657e-09
-4.560000000000000497e+00 3.589451200912381681e-09
-4.519999999999999574e+00 3.707696417169232127e-09
-4.480000000000000426e+00 3.831740677147902315e-09
-4.439999999999999503e+00 3.961938496869465083e-09
-4.400000000000000355e+00 4.098670807073196726e-09
-4.359999999999999432e+00 4.242347272857374218e-09
-4.320000000000000284e+00 4.393408849370291052e-09
-4.279999999999999361e+00 4.552330600959598498e-09
-4.240000000000000213e+00 4.719624814777549966e-09
-4.199999999999999289e+00 4.895844443955181314e-09
-4.160000000000000142e+00 5.081586920183868143e-09
-4.119999999999999218e+00 5.277498380979479706e-09
-4.080000000000000071e+00 5.484278363169750878e-09
-4.039999999999999147e+00 5.702685021381533925e-09
-4.000000000000000000e+00 5.933540938676086485e-09
-3.960000000000000853e+00 6.177739606186540553e-09
-3.919999999999998153e+00 6.436252659887525605e-09
-3.879999999999999005e+00 6.710137975755272900e-09
-3.839999999999999858e+00 7.000548739893995519e-09
-3.800000000000000711e+00 7.308743628117556927e-09
-3.759999999999998010e+00 7.636098250472891285e-09
-3.719999999999998863e+00 7.984118040862535436e-09
-3.679999999999999716e+00 8.354452800983794333e-09
-3.640000000000000568e+00 8.748913142117735460e-09
-3.600000000000001421e+00 9.169489108932130828e-09
-3.559999999999998721e+00 9.618371317698470277e-09
-3.519999999999999574e+00 1.009797499875105071e-08
-3.480000000000000426e+00 1.061096740158475999e-08
-3.440000000000001279e+00 1.116029910310175828e-08
-3.399999999999998579e+00 1.174923985816150925e-08
-3.359999999999999432e+00 1.238141975046481342e-08
-3.320000000000000284e+00 1.306087654554128125e-08
-3.280000000000001137e+00 1.379211032200356258e-08
-3.239999999999998437e+00 1.458014666957667523e-08
-3.199999999999999289e+00 1.543061000191698024e-08
-3.160000000000000142e+00 1.634980885059583170e-08
-3.120000000000000995e+00 1.734483539873352158e-08
-3.079999999999998295e+00 1.842368199771937499e-08
-3.039999999999999147e+00 1.959537801278852907e-08
-3.000000000000000000e+00 2.087015109471155091e-08
-2.960000000000000853e+00 2.225961791676369302e-08
-2.919999999999998153e+00 2.377701060245602679e-08
-2.879999999999999005e+00 2.543744657115751385e-08
-2.839999999999999858e+00 2.725825143952835655e-08
-2.800000000000000711e+00 2.925934706138999556e-08
-2.759999999999998010e+00 3.146371993434810394e-08
-2.719999999999998863e+00 3.389798927326517362e-08
-2.679999999999999716e+00 3.659309935401455889e-08
-2.640000000000000568e+00 3.958516768321587237e-08
-2.599999999999997868e+00 4.291652972547246156e-08
-2.559999999999998721e+00 4.663703311605517032e-08
-2.519999999999999574e+00 5.080565061854705321e-08
-2.480000000000000426e+00 5.549250312487662785e-08
-2.440000000000001279e+00 6.078141397340736065e-08
-2.399999999999998579e+00 6.677315698329395481e-08
-2.359999999999999432e+00 7.358961750663318253e-08
-2.320000000000000284e+00 8.137916525439776286e-08
-2.280000000000001137e+00 9.032364963433003640e-08
-2.239999999999998437e+00 1.006475876827527333e-07
-2.199999999999999289e+00 1.126303436240081765e-07
-2.160000000000000142e+00 1.266224312783818604e-07
-2.120000000000000995e+00 1.430675571268905404e-07
-2.079999999999998295e+00 1.625327410123977603e-07
-2.039999999999999147e+00 1.857499227209919439e-07
-2.000000000000000000e+00 2.136740675363644130e-07
-1.960000000000000853e+00 2.475651926414591779e-07
-1.919999999999998153e+00 2.891053338349939991e-07
-1.879999999999999005e+00 3.405667499358458846e-07
-1.839999999999999858e+00 4.050550672765701287e-07
-1.800000000000000711e+00 4.868603667595909411e-07
-1.759999999999998010e+00 5.919573830278343474e-07
-1.719999999999998863e+00 7.286907639518686904e-07
-1.679999999999999716e+00 9.086229364950044155e-07
-1.640000000000000568e+00 1.147295257753444340e-06
-1.599999999999997868e+00 1.463961805637090032e-06
-1.559999999999998721e+00 1.877601823896703780e-06
-1.519999999999999574e+00 2.393274683770554961e-06
-1.480000000000000426e+00 2.971624125868258545e-06
-1.440000000000001279e+00 3.491909585462370208e-06
-1.399999999999998579e+00 3.770716003661363628e-06
-1.359999999999999432e+00 3.692532768935627591e-06
-1.320000000000000284e+00 3.321288816067454266e-06
-1.280000000000001137e+00 2.825464443038860780e-06
-1.239999999999998437e+00 2.340391435963505509e-06
-1.199999999999999289e+00 1.926218959702430588e-06
-1.160000000000000142e+00 1.593399871699259708e-06
-1.120000000000000995e+00 1.332117608648755926e-06
-1.079999999999998295e+00 1.127927335040508699e-06
-1.039999999999999147e+00 9.676098079718724299e-07
-1.000000000000000000e+00 8.406146657397981420e-07
-9.600000000000008527e-01 7.389505655623211069e-07
-9.199999999999981526e-01 6.566786620608872610e-07
-8.799999999999990052e-01 5.894016909775480319e-07
-8.399999999999998579e-01 5.338512335270196698e-07
-8.000000000000007105e-01 4.875795148733784378e-07
-7.599999999999980105e-01 4.487364383129985027e-07
-7.199999999999988631e-01 4.159101102364848742e-07
-6.799999999999997158e-01 3.880129649313185986e-07
-6.400000000000005684e-01 3.642002159614753350e-07
-5.999999999999978684e-01 3.438112191391682355e-07
-5.599999999999987210e-01 3.263272275647715366e-07
-5.199999999999995737e-01 3.113411258115460638e-07
-4.800000000000004263e-01 2.985362978763655255e-07
-4.400000000000012790e-01 2.876730716778030211e-07
-3.999999999999985789e-01 2.785825004991459940e-07
-3.599999999999994316e-01 2.711690913140617615e-07
-3.200000000000002842e-01 2.654275546368457808e-07
-2.800000000000011369e-01 2.614865177596931160e-07
-2.399999999999984368e-01 2.597125291028462670e-07
-1.999999999999992895e-01 2.609671446947358440e-07
-1.600000000000001421e-01 2.673073324406920644e-07
-1.200000000000009948e-01 2.841789769378766340e-07
-7.999999999999829470e-02 3.284689365711177160e-07
-3.999999999999914735e-02 4.564592031328886365e-07
0.000000000000000000e+00 6.449513983509708054e-07
3.999999999999914735e-02 4.588881916523716510e-07
8.000000000000184741e-02 3.303571275713505721e-07
1.200000000000009948e-01 2.854342817313524404e-07
1.600000000000001421e-01 2.681204969267710348e-07
1.999999999999992895e-01 2.614776745273870280e-07
2.400000000000019895e-01 2.600144661192343509e-07
2.800000000000011369e-01 2.616452028716856058e-07
3.200000000000002842e-01 2.654898716842186950e-07
3.599999999999994316e-01 2.711695957157434481e-07
4.000000000000021316e-01 2.785473564001016312e-07
4.400000000000012790e-01 2.876227531842446593e-07
4.800000000000004263e-01 2.984875345131803865e-07
5.199999999999995737e-01 3.113083602864063833e-07
5.599999999999987210e-01 3.263237525501729178e-07
6.000000000000014211e-01 3.438501029473665390e-07
6.400000000000005684e-01 3.642950867835653128e-07
6.799999999999997158e-01 3.881786847184459507e-07
7.199999999999988631e-01 4.161633184161584649e-07
7.600000000000015632e-01 4.490958624189744604e-07
8.000000000000007105e-01 4.880657972342086887e-07
8.399999999999998579e-01 5.344857596015661195e-07
8.799999999999990052e-01 5.902034621016392315e-07
9.200000000000017053e-01 6.576576074010576356e-07
9.600000000000008527e-01 7.400950254562556425e-07
1.000000000000000000e+00 8.418709230468044139e-07
1.039999999999999147e+00 9.688544206342563547e-07
1.080000000000001847e+00 1.128940792089510270e-06
1.120000000000000995e+00 1.332578025452613717e-06
1.160000000000000142e+00 1.592915331274664042e-06
1.199999999999999289e+00 1.924395887678319399e-06
1.240000000000001990e+00 2.336915634913402831e-06
1.280000000000001137e+00 2.820189342976799876e-06
1.320000000000000284e+00 3.314361060975813898e-06
1.359999999999999432e+00 3.684539413583869312e-06
1.400000000000002132e+00 3.762661986445439330e-06
1.440000000000001279e+00 3.484823235688185234e-06
1.480000000000000426e+00 2.966072811308204812e-06
1.519999999999999574e+00 2.389282103345845375e-06
1.559999999999998721e+00 1.874897901372887987e-06
1.600000000000001421e+00 1.462220227585502369e-06
1.640000000000000568e+00 1.146240030376501356e-06
1.679999999999999716e+00 9.080495275550895024e-07
1.719999999999998863e+00 7.284557452066877616e-07
1.760000000000001563e+00 5.919623343856499296e-07
1.800000000000000711e+00 4.870381999598359551e-07
1.839999999999999858e+00 4.053600944231645794e-07
1.879999999999999005e+00 3.409678826133414888e-07
1.920000000000001705e+00 2.895815242736051406e-07
1.960000000000000853e+00 2.481023895871785803e-07
2.000000000000000000e+00 2.142631708163284518e-07
2.039999999999999147e+00 1.863853873662654228e-07
2.080000000000001847e+00 1.632115956420187397e-07
2.120000000000000995e+00 1.437886733801311248e-07
2.160000000000000142e+00 1.273859239371044045e-07
2.199999999999999289e+00 1.134370050310510005e-07
2.240000000000001990e+00 1.014982744564943925e-07
2.280000000000001137e+00 9.121855544671596971e-08
2.320000000000000284e+00 8.231694567097793750e-08
2.359999999999999432e+00 7.456640030973762412e-08
2.400000000000002132e+00 6.778158689487120896e-08
2.440000000000001279e+00 6.181002694063478361e-08
2.480000000000000426e+00 5.652582406185780652e-08
2.519999999999999574e+00 5.182532670672124525e-08
2.559999999999998721e+00 4.762396617979256920e-08
2.600000000000001421e+00 4.385347587339392767e-08
2.640000000000000568e+00 4.045896635353285883e-08
2.679999999999999716e+00 3.739584692593262041e-08
2.719999999999998863e+00 3.462698592508286583e-08
2.760000000000001563e+00 3.212051441181594181e-08
2.800000000000000711e+00 2.984840189272303843e-08
2.839999999999999858e+00 2.778566059429694285e-08
2.879999999999999005e+00 2.590993180298233667e-08
2.920000000000001705e+00 2.420124659620536715e-08
2.960000000000000853e+00 2.264183944930638040e-08
3.000000000000000000e+00 2.121596433793952195e-08
3.039999999999999147e+00 1.990970290475605413e-08
3.080000000000001847e+00 1.871077017406923193e-08
3.120000000000000995e+00 1.760832636861462622e-08
3.160000000000000142e+00 1.659280146264814626e-08
3.199999999999999289e+00 1.565573617401095459e-08
3.240000000000001990e+00 1.478964066530570753e-08
3.280000000000001137e+00 1.398787061563453847e-08
3.320000000000000284e+00 1.324451942356325501e-08
3.359999999999999432e+00 1.255432489439950463e-08
3.400000000000002132e+00 1.191258866115724464e-08
3.440000000000001279e+00 1.131510665344502278e-08
3.480000000000000426e+00 1.075810907533787091e-08
3.519999999999999574e+00 1.023820853076409177e-08
3.559999999999998721e+00 9.752355114786590578e-09
3.600000000000001421e+00 9.297797457190347609e-09
3.640000000000000568e+00 8.872048854955114441e-09
3.679999999999999716e+00 8.472857760914779856e-09
3.719999999999998863e+00 8.098182007901248303e-09
3.760000000000001563e+00 7.746166242688431022e-09
3.800000000000000711e+00 7.415122124214853590e-09
3.839999999999999858e+00 7.103510907984483168e-09
3.879999999999999005e+00 6.809928095185552088e-09
3.920000000000001705e+00 6.533089872649389055e-09
3.960000000000000853e+00 6.271821109782197287e-09
4.000000000000000000e+00 6.025044712293897779e-09
4.039999999999999147e+00 5.791772160974134887e-09
4.080000000000001847e+00 5.571095087796484909e-09
4.120000000000000995e+00 5.362177761997369590e-09
4.160000000000000142e+00 5.164250376072617449e-09
4.199999999999999289e+00 4.976603036364495565e-09
4.240000000000001990e+00 4.798580375481872725e-09
4.280000000000001137e+00 4.629576714552867933e-09
4.320000000000000284e+00 4.469031712533085313e-09
4.359999999999999432e+00 4.316426447723009856e-09
4.400000000000002132e+00 4.171279883479278796e-09
4.440000000000001279e+00 4.033145676004801252e-09
4.480000000000000426e+00 3.901609287207417235e-09
4.519999999999999574e+00 3.776285370044428540e-09
4.560000000000002274e+00 3.656815397616907519e-09
4.600000000000001421e+00 3.542865510627630574e-09
4.640000000000000568e+00 3.434124560737818815e-09
4.679999999999999716e+00 3.330302329912253307e-09
4.719999999999998863e+00 3.231127908077329698e-09
4.760000000000001563e+00 3.136348213378206365e-09
4.800000000000000711e+00 3.045726641043869995e-09
4.839999999999999858e+00 2.959041828384716269e-09
4.879999999999999005e+00 2.876086524784475062e-09
4.920000000000001705e+00 2.796666556727063451e-09
4.960000000000000853e+00 2.720599878942850125e-09
5.000000000000000000e+00 2.647715703681809349e-09
5.039999999999999147e+00 2.577853700940599985e-09
5.080000000000001847e+00 2.510863263197111174e-09
5.120000000000000995e+00 2.446602828853453847e-09
5.160000000000000142e+00 2.384939259163261159e-09
5.199999999999999289e+00 2.325747263933124650e-09
5.240000000000001990e+00 2.268908871745739771e-09
5.280000000000001137e+00 2.214312940861871579e-09
5.320000000000000284e+00 2.161854707324775091e-09
5.359999999999999432e+00 2.111435367118764648e-09
5.400000000000002132e+00 2.062961689528202193e-09
5.440000000000001279e+00 2.016345659107442002e-09
5.480000000000000426e+00 1.971504143909792727e-09
5.519999999999999574e+00 1.928358587837582243e-09
5.560000000000002274e+00 1.886834725167963619e-09
5.600000000000001421e+00 1.846862315482625605e-09
5.640000000000000568e+00 1.808374897386708083e-09
5.679999999999999716e+00 1.771309559543606263e-09
5.719999999999998863e+00 1.735606727680648096e-09
5.760000000000001563e+00 1.701209966336552965e-09
5.800000000000000711e+00 1.668065794226892178e-09
5.839999999999999858e+00 1.636123512198935637e-09
5.879999999999999005e+00 1.605335042833933591e-09
5.920000000000001705e+00 1.575654780833757346e-09
5.960000000000000853e+00 1.547039453400006686e-09
6.000000000000000000e+00 1.519447989879287983e-09
6.039999999999999147e+00 1.492841400007426860e-09
6.080000000000001847e+00 1.467182660139739089e-09
6.120000000000000995e+00 1.442436606903867754e-09
6.160000000000000142e+00 1.418569837756791752e-09
6.199999999999999289e+00 1.395550617969114510e-09
6.240000000000001990e+00 1.373348793597420690e-09
6.280000000000001137e+00 1.351935710040284838e-09
6.320000000000000284e+00 1.331284135805120835e-09
6.359999999999999432e+00 1.311368191142528532e-09
6.400000000000002132e+00 1.292163281231439850e-09
6.440000000000001279e+00 1.273646033623116779e-09
6.480000000000000426e+00 1.255794239674839158e-09
6.519999999999999574e+00 1.238586799725077604e-09
6.560000000000002274e+00 1.222003671781380733e-09
6.600000000000001421e+00 1.206025823510165551e-09
6.640000000000000568e+00 1.190635187334026057e-09
6.679999999999999716e+00 1.175814618457963492e-09
6.719999999999998863e+00 1.161547855659917708e-09
6.760000000000001563e+00 1.147819484694597839e-09
6.800000000000000711e+00 1.134614904171970189e-09
6.839999999999999858e+00 1.121920293783465018e-09
6.879999999999999005e+00 1.109722584760052282e-09
6.920000000000001705e+00 1.098009432456446998e-09
6.960000000000000853e+00 1.086769190965741091e-09
7.000000000000000000e+00 1.075990889677820346e-09
7.039999999999999147e+00 1.065664211703852844e-09
7.080000000000001847e+00 1.055779474097627932e-09
7.120000000000000995e+00 1.046327609812583980e-09
7.160000000000000142e+00 1.037300151341256170e-09
7.199999999999999289e+00 1.028689215991598899e-09
7.240000000000001990e+00 1.020487492762111001e-09
7.280000000000001137e+00 1.012688230785091098e-09
7.320000000000000284e+00 1.005285229314708986e-09
7.359999999999999432e+00 9.982728292440591798e-10
7.400000000000002132e+00 9.916459061425873105e-10
7.440000000000001279e+00 9.853998648130919721e-10
7.480000000000000426e+00 9.795306353750278320e-10
7.519999999999999574e+00 9.740346708889603706e-10
7.560000000000002274e+00 9.689089465453233850e-10
7.600000000000001421e+00 9.641509604492347192e-10
7.640000000000000568e+00 9.597587360424517331e-10
7.679999999999999716e+00 9.557308262132194159e-10
7.719999999999998863e+00 9.520663191551447575e-10
7.760000000000001563e+00 9.487648460475133137e-10
7.800000000000000711e+00 9.458265906414398311e-10
7.839999999999999858e+00 9.432523008494598268e-10
7.879999999999999005e+00 9.410433024503638562e-10
7.920000000000001705e+00 9.392015150367930457e-10
7.960000000000000853e+00 9.377294703503156876e-10
8.000000000000000000e+00 9.366303331675855054e-10
8.039999999999999147e+00 9.359079249222600022e-10
8.080000000000001847e+00 9.355667502706159677e-10
8.120000000000000995e+00 9.356120268346796323e-10
8.160000000000000142e+00 9.360497183855827916e-10
8.199999999999999289e+00 9.368865717623044492e-10
8.240000000000001990e+00 9.381301578570858824e-10
8.280000000000001137e+00 9.397889170395791783e-10
8.320000000000000284e+00 9.418722094377230446e-10
8.359999999999999432e+00 9.443903705450587502e-10
8.400000000000002132e+00 9.473547726827320063e-10
8.440000000000001279e+00 9.507778929108049502e-10
8.480000000000000426e+00 9.546733880587803737e-10
8.519999999999999574e+00 9.590561776309606578e-10
8.560000000000002274e+00 9.639425354398823498e-10
8.600000000000001421e+00 9.693501909326705282e-10
8.640000000000000568e+00 9.752984413028225051e-10
8.679999999999999716e+00 9.818082756263248356e-10
8.719999999999998863e+00 9.889025124293376225e-10
8.760000000000001563e+00 9.966059522883785031e-10
8.800000000000000711e+00 1.004945547287708848e-09
8.839999999999999858e+00 1.013950589417235687e-09
8.879999999999999005e+00 1.023652920294136799e-09
8.920000000000001705e+00 1.034087164939906755e-09
8.960000000000000853e+00 1.045290992750419254e-09
9.000000000000000000e+00 1.057305409270247994e-09
9.039999999999999147e+00 1.070175082937359841e-09
9.080000000000001847e+00 1.083948711614919607e-09
9.120000000000000995e+00 1.098679434492813629e-09
9.160000000000000142e+00 1.114425295844982032e-09
9.199999999999999289e+00 1.131249768197616258e-09
9.240000000000001990e+00 1.149222343731925391e-09
9.280000000000001137e+00 1.168419204254991157e-09
9.320000000000000284e+00 1.188923981875242036e-09
9.359999999999999432e+00 1.210828624678552673e-09
9.400000000000002132e+00 1.234234384296990136e-09
9.440000000000001279e+00 1.259252945392867320e-09
9.480000000000000426e+00 1.286007720871055891e-09
9.519999999999999574e+00 1.314635341237689924e-09
9.560000000000002274e+00 1.345287372141415596e-09
9.600000000000001421e+00 1.378132301014730153e-09
9.640000000000000568e+00 1.413357842197404120e-09
9.679999999999999716e+00 1.451173620382744804e-09
9.719999999999998863e+00 1.491814305209244939e-09
9.760000000000001563e+00 1.535543286012763863e-09
9.800000000000000711e+00 1.582656996053344971e-09
9.839999999999999858e+00 1.633490021112815175e-09
9.879999999999999005e+00 1.688421159778431034e-09
9.920000000000001705e+00 1.747880644050715789e-09
9.960000000000000853e+00 1.812358781908036714e-09
1.000000000000000000e+01 1.882416351860801801e-09
1.003999999999999915e+01 1.958697168411037200e-09
1.008000000000000185e+01 2.041943353658726882e-09
1.012000000000000099e+01 2.133014003686301337e-09
1.016000000000000014e+01 2.232908142233186941e-09
1.019999999999999929e+01 2.342793127455608584e-09
1.024000000000000199e+01 2.464040047169820681e-09
1.028000000000000114e+01 2.598268142621229430e-09
1.032000000000000028e+01 2.747400996862244360e-09
1.035999999999999943e+01 2.913738194279853079e-09
1.040000000000000213e+01 3.100047526621427751e-09
1.044000000000000128e+01 3.309684775626460235e-09
1.048000000000000043e+01 3.546750931386917796e-09
1.051999999999999957e+01 3.816300859120839202e-09
1.056000000000000227e+01 4.124623620862404617e-09
1.060000000000000142e+01 4.479624051961009004e-09
1.064000000000000057e+01 4.891349702156703437e-09
1.067999999999999972e+01 5.372730118856132496e-09
1.071999999999999886e+01 5.940632293765757580e-09
1.076000000000000156e+01 6.617396915639310864e-09
1.080000000000000071e+01 7.433123220989471323e-09
1.083999999999999986e+01 8.429150509853480248e-09
1.087999999999999901e+01 9.663510286636315646e-09
1.092000000000000171e+01 1.121973506675251304e-08
1.096000000000000085e+01 1.322161071378177615e-08
1.100000000000000000e+01 1.585893645700745760e-08
1.103999999999999915e+01 1.943477579697826256e-08
1.108000000000000185e+01 2.445738621460514021e-08
1.112000000000000099e+01 3.183238905608455781e-08
1.116000000000000014e+01 4.330211611535789038e-08
1.119999999999999929e+01 6.257244215741837466e-08
1.124000000000000199e+01 9.868138016190326460e-08
1.128000000000000114e+01 1.784747336472027865e-07
1.132000000000000028e+01 4.098887598871377052e-07
1.135999999999999943e+01 1.450059825549500292e-06
1.140000000000000213e+01 2.538495657956212684e-06
1.144000000000000128e+01 6.299149034935889203e-07
1.148000000000000043e+01 2.326821492906897728e-07
1.151999999999999957e+01 1.170596556363162664e-07
1.156000000000000227e+01 6.978645876634916211e-08
1.160000000000000142e+01 4.618532073233105665e-08
1.164000000000000057e+01 3.279947617631221840e-08
1.167999999999999972e+01 2.451075995623897899e-08
1.172000000000000242e+01 1.904015791039658444e-08
1.176000000000000156e+01 1.525128947392096730e-08
1.180000000000000071e+01 1.252720500475533175e-08
1.183999999999999986e+01 1.051003299578435349e-08
1.187999999999999901e+01 8.980924202458316402e-09
1.192000000000000171e+01 7.800185050162356322e-09
1.196000000000000085e+01 6.875468534199743524e-09
1.200000000000000000e+01 6.143964665711398019e-09
1.203999999999999915e+01 5.561985575922267895e-09
1.207999999999999829e+01 5.098651998135597541e-09
1.211999999999999744e+01 4.731954804261842408e-09
1.216000000000000369e+01 4.446247854166666905e-09
1.220000000000000284e+01 4.230638175098973835e-09
1.224000000000000199e+01 4.077963169372858652e-09
1.228000000000000114e+01 3.984170832004336049e-09
1.232000000000000028e+01 3.947990799129061924e-09
1.235999999999999943e+01 3.970820562436905680e-09
1.239999999999999858e+01 4.056755270219004113e-09
1.243999999999999773e+01 4.212646256507346302e-09
1.248000000000000398e+01 4.447939076701460436e-09
1.252000000000000313e+01 4.773723061849887197e-09
1.256000000000000227e+01 5.199764510663489296e-09
1.260000000000000142e+01 5.727173179927658800e-09
1.264000000000000057e+01 6.333285639704722754e-09
1.267999999999999972e+01 6.947421679751664686e-09
1.271999999999999886e+01 7.429306338310841864e-09
1.275999999999999801e+01 7.589141519849391364e-09
1.279999999999999716e+01 7.287657137778759201e-09
1.284000000000000341e+01 6.555245067926525220e-09
1.288000000000000256e+01 5.583713314822309121e-09
1.292000000000000171e+01 4.589876023540298206e-09
1.296000000000000085e+01 3.709347610754904176e-09
1.300000000000000000e+01 2.988246939169555241e-09
1.303999999999999915e+01 2.420369580014698356e-09
1.307999999999999829e+01 1.980067419448586776e-09
1.311999999999999744e+01 1.639380065802911091e-09
1.316000000000000369e+01 1.374344815063023797e-09
1.320000000000000284e+01 1.166243247743491923e-09
1.324000000000000199e+01 1.001025799304401604e-09
1.328000000000000114e+01 8.683111838682011089e-10
1.332000000000000028e+01 7.604536114342736396e-10
1.335999999999999943e+01 6.718028962268174871e-10
1.339999999999999858e+01 5.981543752602291555e-10
1.343999999999999773e+01 5.363512628187845544e-10
1.348000000000000398e+01 4.840002750910337786e-10
1.352000000000000313e+01 4.392686019754380411e-10
1.356000000000000227e+01 4.007384721314403441e-10
1.360000000000000142e+01 3.673023299175261655e-10
1.364000000000000057e+01 3.380866972107926767e-10
1.367999999999999972e+01 3.123963954452974267e-10
1.371999999999999886e+01 2.896733172810285790e-10
1.375999999999999801e+01 2.694656771316574332e-10
1.379999999999999716e+01 2.514048719665980854e-10
1.384000000000000341e+01 2.351879165930510207e-10
1.388000000000000256e+01 2.205639973704837652e-10
1.392000000000000171e+01 2.073240944769561274e-10
1.396000000000000085e+01 1.952929094613573475e-10
1.400000000000000000e+01 1.843225386215998586e-10
1.403999999999999915e+01 1.742874788152078757e-10
1.407999999999999829e+01 1.650806578245533041e-10
1.411999999999999744e+01 1.566102582214804747e-10
1.416000000000000369e+01 1.487971600408272646e-10
1.420000000000000284e+01 1.415728692394058996e-10
1.424000000000000199e+01 1.348778299451501753e-10
1.428000000000000114e+01 1.286600417713249987e-10
1.432000000000000028e+01 1.228739210424799053e-10
1.435999999999999943e+01 1.174793581360958667e-10
1.439999999999999858e+01 1.124409333623271486e-10
1.443999999999999773e+01 1.077272616697918601e-10
1.448000000000000398e+01 1.033104425559159457e-10
1.452000000000000313e+01 9.916559630344918739e-11
1.456000000000000227e+01 9.527047137894549244e-11
1.460000000000000142e+01 9.160511075300297344e-11
1.464000000000000057e+01 8.815156721573726683e-11
1.467999999999999972e+01 8.489365960087136667e-11
1.471999999999999886e+01 8.181676330186974880e-11
1.475999999999999801e+01 7.890762964355017114e-11
1.480000000000000426e+01 7.615422962396970587e-11
1.484000000000000341e+01 7.354561831181923604e-11
1.488000000000000256e+01 7.107181681079034667e-11
1.492000000000000171e+01 6.872370921389979291e-11
1.496000000000000085e+01 6.649295238960231980e-11
1.500000000000000000e+01 6.437189678640770613e-11
1.503999999999999915e+01 6.235351672721220083e-11
1.507999999999999829e+01 6.043134890033718429e-11
1.511999999999999744e+01 5.859943795032851045e-11
1.516000000000000369e+01 5.685228823503204129e-11
1.520000000000000284e+01 5.518482095222320588e-11
1.524000000000000199e+01 5.359233595396380295e-11
1.528000000000000114e+01 5.207047766348988472e-11
1.532000000000000028e+01 5.061520459101214594e-11
1.535999999999999943e+01 4.922276201405559890e-11
1.539999999999999858e+01 4.788965744647572902e-11
1.543999999999999773e+01 4.661263857041092149e-11
1.548000000000000398e+01 4.538867334801565451e-11
1.552000000000000313e+01 4.421493206626515336e-11
1.556000000000000227e+01 4.308877109956312727e-11
1.560000000000000142e+01 4.200771820168548392e-11
1.564000000000000057e+01 4.096945916190245179e-11
1.567999999999999972e+01 3.997182568007706664e-11
1.571999999999999886e+01 3.901278433304463536e-11
1.575999999999999801e+01 3.809042651946518034e-11
1.580000000000000426e+01 3.720295928359292146e-11
1.584000000000000341e+01 3.634869692975597736e-11
1.588000000000000256e+01 3.552605334931567968e-11
1.592000000000000171e+01 3.473353499057559300e-11
1.596000000000000085e+01 3.396973440980973058e-11
1.600000000000000000e+01 3.323332434823329659e-11
1.603999999999999915e+01 3.252305228566231260e-11
1.607999999999999829e+01 3.183773542680855669e-11
1.611999999999999744e+01 3.117625608077852910e-11
1.616000000000000369e+01 3.053755739833609782e-11
1.620000000000000284e+01 2.992063943515412841e-11
1.624000000000000199e+01 2.932455551245346729e-11
1.628000000000000114e+01 2.874840884921710750e-11
1.632000000000000028e+01 2.819134944276491969e-11
1.635999999999999943e+01 2.765257117664547373e-11
1.639999999999999858e+01 2.713130913687128876e-11
1.643999999999999773e+01 2.662683711929505004e-11
1.648000000000000398e+01 2.613846531248108503e-11
1.652000000000000313e+01 2.566553814196184478e-11
1.656000000000000227e+01 2.520743226296937638e-11
1.660000000000000142e+01 2.476355468994172985e-11
1.664000000000000057e+01 2.433334105212705253e-11
1.667999999999999972e+01 2.391625396555731313e-11
1.671999999999999886e+01 2.351178151251724828e-11
1.675999999999999801e+01 2.311943582036100946e-11
1.680000000000000426e+01 2.273875173228275621e-11
1.684000000000000341e+01 2.236928556323794543e-11
1.688000000000000256e+01 2.201061393474714888e-11
1.692000000000000171e+01 2.166233268291714212e-11
1.696000000000000085e+01 2.132405583437455575e-11
1.700000000000000000e+01 2.099541464534484032e-11
1.703999999999999915e+01 2.067605669937544144e-11
1.707999999999999829e+01 2.036564505967057635e-11
1.711999999999999744e+01 2.006385747222503306e-11
1.716000000000000369e+01 1.977038561632129738e-11
1.720000000000000284e+01 1.948493439916059138e-11
1.724000000000000199e+01 1.920722129167189325e-11
1.728000000000000114e+01 1.893697570276882907e-11
1.732000000000000028e+01 1.867393838949813815e-11
1.735999999999999943e+01 1.841786090078046001e-11
1.739999999999999858e+01 1.816850505250085302e-11
1.743999999999999773e+01 1.792564243202615990e-11
1.748000000000000398e+01 1.768905393017474001e-11
1.752000000000000313e+01 1.745852929900654107e-11
1.756000000000000227e+01 1.723386673372672646e-11
1.760000000000000142e+01 1.701487247729985654e-11
1.764000000000000057e+01 1.680136044627877097e-11
1.767999999999999972e+01 1.659315187663935132e-11
1.771999999999999886e+01 1.639007498835991999e-11
1.775999999999999801e+01 1.619196466762320519e-11
1.780000000000000426e+01 1.599866216562302610e-11
1.784000000000000341e+01 1.581001481294999428e-11
1.788000000000000256e+01 1.562587574866463406e-11
1.792000000000000171e+01 1.544610366322071169e-11
1.796000000000000085e+01 1.527056255439080976e-11
1.800000000000000000e+01 1.509912149549807441e-11
1.803999999999999915e+01 1.493165441520760470e-11
1.807999999999999829e+01 1.476803988827705468e-11
1.811999999999999744e+01 1.460816093659229566e-11
1.816000000000000369e+01 1.445190483996205201e-11
1.820000000000000284e+01 1.429916295610737326e-11
1.824000000000000199e+01 1.414983054933991473e-11
1.828000000000000114e+01 1.400380662748875983e-11
1.832000000000000028e+01 1.386099378655435006e-11
1.835999999999999943e+01 1.372129806277643483e-11
1.839999999999999858e+01 1.358462879161404594e-11
1.843999999999999773e+01 1.345089847336028760e-11
1.848000000000000398e+01 1.332002264497669768e-11
1.852000000000000313e+01 1.319191975785994132e-11
1.856000000000000227e+01 1.306651106120582911e-11
1.860000000000000142e+01 1.294372049071723214e-11
1.864000000000000057e+01 1.282347456233391390e-11
1.867999999999999972e+01 1.270570227076331860e-11
1.871999999999999886e+01 1.259033499255175374e-11
1.875999999999999801e+01 1.247730639348999913e-11
1.880000000000000426e+01 1.236655234008750717e-11
1.884000000000000341e+01 1.225801081497167853e-11
1.888000000000000256e+01 1.215162183597171044e-11
1.892000000000000171e+01 1.204732737873812514e-11
1.896000000000000085e+01 1.194507130268694401e-11
1.900000000000000000e+01 1.184479928016779812e-11
1.903999999999999915e+01 1.174645872861226712e-11
1.907999999999999829e+01 1.164999874561705501e-11
1.911999999999999744e+01 1.155537004674921038e-11
1.916000000000000369e+01 1.146252490595727593e-11
1.920000000000000284e+01 1.137141709851609207e-11
1.924000000000000199e+01 1.128200184629732233e-11
1.928000000000000114e+01 1.119423576534460723e-11
1.932000000000000028e+01 1.110807681559370097e-11
1.935999999999999943e+01 1.102348425264608396e-11
1.939999999999999858e+01 1.094041858151881324e-11
1.943999999999999773e+01 1.085884151225914814e-11
1.948000000000000398e+01 1.077871591736429093e-11
1.952000000000000313e+01 1.070000579089664084e-11
1.956000000000000227e+01 1.062267620923169587e-11
1.960000000000000142e+01 1.054669329337728753e-11
1.964000000000000057e+01 1.047202417275940686e-11
1.967999999999999972e+01 1.039863695046655659e-11
1.971999999999999886e+01 1.032650066981883312e-11
1.975999999999999801e+01 1.025558528225780914e-11
1.980000000000000426e+01 1.018586161647966862e-11
1.984000000000000341e+01 1.011730134875400194e-11
1.988000000000000256e+01 1.004987697438607473e-11
1.992000000000000171e+01 9.983561780260118394e-12
1.996000000000000085e+01 9.918329818443273010e-12
2.000000000000000000e+01 9.854155880767567843e-12
