-2.000000000000000000e+01 7.012281749499798759e-12
-1.996000000000000085e+01 7.032731131736351615e-12
-1.992000000000000171e+01 7.053301905169168507e-12
-1.987999999999999901e+01 7.073995184247314994e-12
-1.983999999999999986e+01 7.094812097595250793e-12
-1.980000000000000071e+01 7.115753788233945495e-12
-1.976000000000000156e+01 7.136821413824896848e-12
-1.971999999999999886e+01 7.158016146912442974e-12
-1.967999999999999972e+01 7.179339175183600482e-12
-1.964000000000000057e+01 7.200791701700709015e-12
-1.960000000000000142e+01 7.222374945180087719e-12
-1.955999999999999872e+01 7.244090140241843785e-12
-1.951999999999999957e+01 7.265938537703314775e-12
-1.948000000000000043e+01 7.287921404823707286e-12
-1.944000000000000128e+01 7.310040025603743129e-12
-1.939999999999999858e+01 7.332295701082306974e-12
-1.935999999999999943e+01 7.354689749604556265e-12
-1.932000000000000028e+01 7.377223507149898338e-12
-1.928000000000000114e+01 7.399898327622744401e-12
-1.923999999999999844e+01 7.422715583160530917e-12
-1.919999999999999929e+01 7.445676664474207823e-12
-1.916000000000000014e+01 7.468782981155742923e-12
-1.912000000000000099e+01 7.492035962026778518e-12
-1.907999999999999829e+01 7.515437055469813839e-12
-1.903999999999999915e+01 7.538987729782962137e-12
-1.900000000000000000e+01 7.562689473537706295e-12
-1.896000000000000085e+01 7.586543795937171434e-12
-1.892000000000000171e+01 7.610552227192181893e-12
-1.887999999999999901e+01 7.634716318917273955e-12
-1.883999999999999986e+01 7.659037644497240251e-12
-1.880000000000000071e+01 7.683517799498238523e-12
-1.876000000000000156e+01 7.708158402071352372e-12
-1.871999999999999886e+01 7.732961093380243627e-12
-1.867999999999999972e+01 7.757927538018981957e-12
-1.864000000000000057e+01 7.783059424446004498e-12
-1.860000000000000142e+01 7.808358465441753528e-12
-1.855999999999999872e+01 7.833826398554009827e-12
-1.851999999999999957e+01 7.859464986574038520e-12
-1.848000000000000043e+01 7.885276018018111588e-12
-1.844000000000000128e+01 7.911261307604067303e-12
-1.839999999999999858e+01 7.937422696767987911e-12
-1.835999999999999943e+01 7.963762054170123983e-12
-1.832000000000000028e+01 7.990281276221188071e-12
-1.828000000000000114e+01 8.016982287628707509e-12
-1.823999999999999844e+01 8.043867041932313664e-12
-1.819999999999999929e+01 8.070937522087214461e-12
-1.816000000000000014e+01 8.098195741031330091e-12
-1.812000000000000099e+01 8.125643742288824665e-12
-1.807999999999999829e+01 8.153283600556887461e-12
-1.803999999999999915e+01 8.181117422349176042e-12
-1.800000000000000000e+01 8.209147346632124945e-12
-1.796000000000000085e+01 8.237375545463115522e-12
-1.792000000000000171e+01 8.265804224675795075e-12
-1.787999999999999901e+01 8.294435624560226120e-12
-1.783999999999999986e+01 8.323272020569608818e-12
-1.780000000000000071e+01 8.352315724038997532e-12
-1.775999999999999801e+01 8.381569082927281837e-12
-1.771999999999999886e+01 8.411034482589980004e-12
-1.767999999999999972e+01 8.440714346526906882e-12
-1.764000000000000057e+01 8.470611137214627780e-12
-1.760000000000000142e+01 8.500727356910374631e-12
-1.755999999999999872e+01 8.531065548491324117e-12
-1.751999999999999957e+01 8.561628296326342639e-12
-1.748000000000000043e+01 8.592418227154141934e-12
-1.744000000000000128e+01 8.623438011006309240e-12
-1.739999999999999858e+01 8.654690362118963732e-12
-1.735999999999999943e+01 8.686178039915343689e-12
-1.732000000000000028e+01 8.717903849972263643e-12
-1.728000000000000114e+01 8.749870645053056168e-12
-1.723999999999999844e+01 8.782081326113630304e-12
-1.719999999999999929e+01 8.814538843398692658e-12
-1.716000000000000014e+01 8.847246197529696709e-12
-1.712000000000000099e+01 8.880206440622880802e-12
-1.707999999999999829e+01 8.913422677458591341e-12
-1.703999999999999915e+01 8.946898066665391837e-12
-1.700000000000000000e+01 8.980635821944290212e-12
-1.696000000000000085e+01 9.014639213322537816e-12
-1.692000000000000171e+01 9.048911568457679661e-12
-1.687999999999999901e+01 9.083456273952978389e-12
-1.683999999999999986e+01 9.118276776738288911e-12
-1.680000000000000071e+01 9.153376585470578574e-12
-1.675999999999999801e+01 9.188759271983354400e-12
-1.671999999999999886e+01 9.224428472776415358e-12
-1.667999999999999972e+01 9.260387890547377277e-12
-1.664000000000000057e+01 9.296641295771277620e-12
-1.660000000000000142e+01 9.333192528324227625e-12
-1.655999999999999872e+01 9.370045499167345245e-12
-1.651999999999999957e+01 9.407204192045163733e-12
-1.648000000000000043e+01 9.444672665280199987e-12
-1.644000000000000128e+01 9.482455053595440231e-12
-1.639999999999999858e+01 9.520555569993073981e-12
-1.635999999999999943e+01 9.558978507701056825e-12
-1.632000000000000028e+01 9.597728242167649669e-12
-1.628000000000000114e+01 9.636809233118616928e-12
-1.623999999999999844e+01 9.676226026697969946e-12
-1.619999999999999929e+01 9.715983257634766612e-12
-1.616000000000000014e+01 9.756085651526129849e-12
-1.612000000000000099e+01 9.796538027149631021e-12
-1.607999999999999829e+01 9.837345298879070907e-12
-1.603999999999999915e+01 9.878512479155371590e-12
-1.600000000000000000e+01 9.920044681051353346e-12
-1.596000000000000085e+01 9.961947120917988817e-12
-1.591999999999999993e+01 1.000422512109435010e-11
-1.587999999999999901e+01 1.004688411275062851e-11
-1.583999999999999986e+01 1.008992963876610271e-11
-1.580000000000000071e+01 1.013336735675506884e-11
-1.575999999999999979e+01 1.017720304215739402e-11
-1.571999999999999886e+01 1.022144259145842031e-11
-1.567999999999999972e+01 1.026609202547349213e-11
-1.564000000000000057e+01 1.031115749280950032e-11
-1.559999999999999964e+01 1.035664527337068037e-11
-1.555999999999999872e+01 1.040256178205383505e-11
-1.551999999999999957e+01 1.044891357250207994e-11
-1.548000000000000043e+01 1.049570734104346402e-11
-1.543999999999999950e+01 1.054294993072688721e-11
-1.539999999999999858e+01 1.059064833552986476e-11
-1.535999999999999943e+01 1.063880970470019151e-11
-1.532000000000000028e+01 1.068744134723088559e-11
-1.528000000000000114e+01 1.073655073653551664e-11
-1.524000000000000021e+01 1.078614551524843832e-11
-1.519999999999999929e+01 1.083623350022685283e-11
-1.516000000000000014e+01 1.088682268772523929e-11
-1.512000000000000099e+01 1.093792125875155495e-11
-1.508000000000000007e+01 1.098953758462092585e-11
-1.503999999999999915e+01 1.104168023272399081e-11
-1.500000000000000000e+01 1.109435797250111003e-11
-1.496000000000000085e+01 1.114757978162574691e-11
-1.491999999999999993e+01 1.120135485245544294e-11
-1.487999999999999901e+01 1.125569259868245311e-11
-1.483999999999999986e+01 1.131060266228185637e-11
-1.480000000000000071e+01 1.136609492068083332e-11
-1.475999999999999979e+01 1.142217949423999790e-11
-1.471999999999999886e+01 1.147886675399663509e-11
-1.467999999999999972e+01 1.153616732974460114e-11
-1.464000000000000057e+01 1.159409211838285069e-11
-1.459999999999999964e+01 1.165265229263764276e-11
-1.455999999999999872e+01 1.171185931010796749e-11
-1.451999999999999957e+01 1.177172492267431210e-11
-1.448000000000000043e+01 1.183226118630633454e-11
-1.443999999999999950e+01 1.189348047123511713e-11
-1.439999999999999858e+01 1.195539547256506658e-11
-1.435999999999999943e+01 1.201801922131863640e-11
-1.432000000000000028e+01 1.208136509592855386e-11
-1.428000000000000114e+01 1.214544683422470112e-11
-1.424000000000000021e+01 1.221027854589248919e-11
-1.419999999999999929e+01 1.227587472550839718e-11
-1.416000000000000014e+01 1.234225026608402091e-11
-1.412000000000000099e+01 1.240942047320031481e-11
-1.408000000000000007e+01 1.247740107978124444e-11
-1.403999999999999915e+01 1.254620826145887316e-11
-1.400000000000000000e+01 1.261585865266554060e-11
-1.396000000000000085e+01 1.268636936339150787e-11
-1.391999999999999993e+01 1.275775799670340214e-11
-1.387999999999999901e+01 1.283004266706978277e-11
-1.383999999999999986e+01 1.290324201944543878e-11
-1.380000000000000071e+01 1.297737524931356153e-11
-1.375999999999999979e+01 1.305246212356729886e-11
-1.371999999999999886e+01 1.312852300239343862e-11
-1.367999999999999972e+01 1.320557886216297773e-11
-1.364000000000000057e+01 1.328365131937841453e-11
-1.359999999999999964e+01 1.336276265578509099e-11
-1.355999999999999872e+01 1.344293584464306940e-11
-1.351999999999999957e+01 1.352419457824825846e-11
-1.348000000000000043e+01 1.360656329683369036e-11
-1.343999999999999950e+01 1.369006721882799434e-11
-1.339999999999999858e+01 1.377473237260899927e-11
-1.335999999999999943e+01 1.386058562983828513e-11
-1.332000000000000028e+01 1.394765474044058321e-11
-1.328000000000000114e+01 1.403596836935830580e-11
-1.324000000000000021e+01 1.412555613515709940e-11
-1.319999999999999929e+01 1.421644865059202272e-11
-1.316000000000000014e+01 1.430867756529068664e-11
-1.312000000000000099e+01 1.440227561062697531e-11
-1.308000000000000007e+01 1.449727664694912999e-11
-1.303999999999999915e+01 1.459371571333673084e-11
-1.300000000000000000e+01 1.469162907993538034e-11
-1.296000000000000085e+01 1.479105430319168864e-11
-1.291999999999999993e+01 1.489203028401316964e-11
-1.287999999999999901e+01 1.499459732916841031e-11
-1.283999999999999986e+01 1.509879721599534200e-11
-1.280000000000000071e+01 1.520467326082624117e-11
-1.275999999999999979e+01 1.531227039114021262e-11
-1.271999999999999886e+01 1.542163522191506200e-11
-1.267999999999999972e+01 1.553281613627078804e-11
-1.264000000000000057e+01 1.564586337079657152e-11
-1.259999999999999964e+01 1.576082910589771647e-11
-1.255999999999999872e+01 1.587776756141814259e-11
-1.251999999999999957e+01 1.599673509794457447e-11
-1.248000000000000043e+01 1.611779032423621009e-11
-1.243999999999999950e+01 1.624099421114920462e-11
-1.239999999999999858e+01 1.636641021251608888e-11
-1.235999999999999943e+01 1.649410439355439246e-11
-1.232000000000000028e+01 1.662414556726893359e-11
-1.228000000000000114e+01 1.675660543945616685e-11
-1.224000000000000021e+01 1.689155876300831588e-11
-1.219999999999999929e+01 1.702908350212506170e-11
-1.216000000000000014e+01 1.716926100722171050e-11
-1.212000000000000099e+01 1.731217620141954420e-11
-1.208000000000000007e+01 1.745791777935454483e-11
-1.203999999999999915e+01 1.760657841947329875e-11
-1.200000000000000000e+01 1.775825501067262621e-11
-1.195999999999999908e+01 1.791304889464737087e-11
-1.191999999999999993e+01 1.807106612498694226e-11
-1.187999999999999901e+01 1.823241774462575534e-11
-1.183999999999999986e+01 1.839722008294603377e-11
-1.180000000000000071e+01 1.856559507437862374e-11
-1.175999999999999979e+01 1.873767060016176310e-11
-1.172000000000000064e+01 1.891358085535222687e-11
-1.167999999999999972e+01 1.909346674321180851e-11
-1.164000000000000057e+01 1.927747629944736969e-11
-1.159999999999999964e+01 1.946576514883831994e-11
-1.156000000000000050e+01 1.965849699734332021e-11
-1.151999999999999957e+01 1.985584416271327802e-11
-1.148000000000000043e+01 2.005798814736479319e-11
-1.143999999999999950e+01 2.026512025731143381e-11
-1.140000000000000036e+01 2.047744227161258648e-11
-1.135999999999999943e+01 2.069516716709554905e-11
-1.132000000000000028e+01 2.091851990387415770e-11
-1.127999999999999936e+01 2.114773827743105144e-11
-1.124000000000000021e+01 2.138307384414406238e-11
-1.119999999999999929e+01 2.162479292752764954e-11
-1.116000000000000014e+01 2.187317771352528855e-11
-1.111999999999999922e+01 2.212852744412034221e-11
-1.108000000000000007e+01 2.239115971964135872e-11
-1.103999999999999915e+01 2.266141192138988893e-11
-1.100000000000000000e+01 2.293964276764166478e-11
-1.095999999999999908e+01 2.322623401769325513e-11
-1.091999999999999993e+01 2.352159234061402994e-11
-1.087999999999999901e+01 2.382615136718057988e-11
-1.083999999999999986e+01 2.414037394632161619e-11
-1.079999999999999893e+01 2.446475462982253343e-11
-1.075999999999999979e+01 2.479982241243894355e-11
-1.072000000000000064e+01 2.514614375825482011e-11
-1.067999999999999972e+01 2.550432594827912861e-11
-1.064000000000000057e+01 2.587502078934998519e-11
-1.059999999999999964e+01 2.625892872996163242e-11
-1.056000000000000050e+01 2.665680343539709851e-11
-1.051999999999999957e+01 2.706945688217228989e-11
-1.048000000000000043e+01 2.749776504076638582e-11
-1.043999999999999950e+01 2.794267422629561459e-11
-1.040000000000000036e+01 2.840520820881097446e-11
-1.035999999999999943e+01 2.888647618963792598e-11
-1.032000000000000028e+01 2.938768176704353554e-11
-1.027999999999999936e+01 2.991013303464268192e-11
-1.024000000000000021e+01 3.045525397981289403e-11
-1.019999999999999929e+01 3.102459737749084944e-11
-1.016000000000000014e+01 3.161985940852464489e-11
-1.011999999999999922e+01 3.224289627166410553e-11
-1.008000000000000007e+01 3.289574310650181966e-11
-1.003999999999999915e+01 3.358063560223239938e-11
-1.000000000000000000e+01 3.430003473678950185e-11
-9.959999999999999076e+00 3.505665517464240456e-11
-9.919999999999999929e+00 3.585349795399348166e-11
-9.879999999999999005e+00 3.669388821769540333e-11
-9.839999999999999858e+00 3.758151889422241056e-11
-9.799999999999998934e+00 3.852050142078500517e-11
-9.759999999999999787e+00 3.951542482984033866e-11
-9.720000000000000639e+00 4.057142480308927760e-11
-9.679999999999999716e+00 4.169426464870545422e-11
-9.640000000000000568e+00 4.289043059563714227e-11
-9.599999999999999645e+00 4.416724434754546595e-11
-9.560000000000000497e+00 4.553299652994018148e-11
-9.519999999999999574e+00 4.699710553712907989e-11
-9.480000000000000426e+00 4.857030739611763726e-11
-9.439999999999999503e+00 5.026488368267675821e-11
-9.400000000000000355e+00 5.209493634733342747e-11
-9.359999999999999432e+00 5.407672066327410434e-11
-9.320000000000000284e+00 5.622905056790584192e-11
-9.279999999999999361e+00 5.857379467100275151e-11
-9.240000000000000213e+00 6.113648646760536411e-11
-9.199999999999999289e+00 6.394707926804337648e-11
-9.160000000000000142e+00 6.704088565937081353e-11
-9.119999999999999218e+00 7.045975380552144504e-11
-9.080000000000000071e+00 7.425354979525679397e-11
-9.039999999999999147e+00 7.848203828370601586e-11
-9.000000000000000000e+00 8.321728531076250313e-11
-8.959999999999999076e+00 8.854675096470132013e-11
-8.919999999999999929e+00 9.457730062100860117e-11
-8.879999999999999005e+00 1.014404492869779137e-10
-8.839999999999999858e+00 1.092992750095847501e-10
-8.799999999999998934e+00 1.183576102680026885e-10
-8.759999999999999787e+00 1.288723679492556878e-10
-8.720000000000000639e+00 1.411702143302430930e-10
-8.679999999999999716e+00 1.556703126392492774e-10
-8.640000000000000568e+00 1.729155908146643968e-10
-8.599999999999999645e+00 1.936160133250094392e-10
-8.560000000000000497e+00 2.187087295855720607e-10
-8.519999999999999574e+00 2.494417199206602780e-10
-8.480000000000000426e+00 2.874893550101295793e-10
-8.439999999999999503e+00 3.351089280343389507e-10
-8.400000000000000355e+00 3.953431027311425095e-10
-8.359999999999999432e+00 4.722546254028681055e-10
-8.320000000000000284e+00 5.711224873714798682e-10
-8.279999999999999361e+00 6.983794725565709844e-10
-8.240000000000000213e+00 8.607344975548127210e-10
-8.199999999999999289e+00 1.062328590345925812e-09
-8.160000000000000142e+00 1.298299101805124483e-09
-8.119999999999999218e+00 1.544778898134172301e-09
-8.080000000000000071e+00 1.752888491091172231e-09
-8.039999999999999147e+00 1.863607839268622860e-09
-8.000000000000000000e+00 1.845912351100463522e-09
-7.959999999999999076e+00 1.720335382947000889e-09
-7.919999999999999929e+00 1.538351342285533885e-09
-7.879999999999999005e+00 1.346798561068164524e-09
-7.839999999999999858e+00 1.172369334434012616e-09
-7.799999999999998934e+00 1.024750662007391825e-09
-7.759999999999999787e+00 9.043638738782561964e-10
-7.719999999999998863e+00 8.079453644632973195e-10
-7.679999999999999716e+00 7.313854221965253449e-10
-7.640000000000000568e+00 6.708781506447210025e-10
-7.599999999999999645e+00 6.232642462687635019e-10
-7.560000000000000497e+00 5.860468900823802189e-10
-7.519999999999999574e+00 5.572997473031447567e-10
-7.480000000000000426e+00 5.355556577784826581e-10
-7.439999999999999503e+00 5.197070662897512943e-10
-7.400000000000000355e+00 5.089259960816266056e-10
-7.359999999999999432e+00 5.026029284313114475e-10
-7.320000000000000284e+00 5.003015055121492931e-10
-7.279999999999999361e+00 5.017257723487074459e-10
-7.240000000000000213e+00 5.066971950291857578e-10
-7.199999999999999289e+00 5.151393573593884191e-10
-7.160000000000000142e+00 5.270688520002897767e-10
-7.119999999999999218e+00 5.425913998748135726e-10
-7.080000000000000071e+00 5.619026622182433763e-10
-7.039999999999999147e+00 5.852935780556552835e-10
-7.000000000000000000e+00 6.131603928964294324e-10
-6.959999999999999076e+00 6.460198653064331182e-10
-6.919999999999999929e+00 6.845304634246740380e-10
-6.879999999999999005e+00 7.295206988032814071e-10
-6.839999999999999858e+00 7.820260741173879747e-10
-6.799999999999998934e+00 8.433363855615816353e-10
-6.759999999999999787e+00 9.150551758845779043e-10
-6.719999999999998863e+00 9.991726673504218774e-10
-6.679999999999999716e+00 1.098151879069453323e-09
-6.640000000000000568e+00 1.215023611944458802e-09
-6.599999999999999645e+00 1.353477264404847148e-09
-6.560000000000000497e+00 1.517916991552954774e-09
-6.519999999999999574e+00 1.713420150936435569e-09
-6.480000000000000426e+00 1.945479081673986316e-09
-6.439999999999999503e+00 2.219323232238264566e-09
-6.400000000000000355e+00 2.538523319857816278e-09
-6.359999999999999432e+00 2.902555157233753247e-09
-6.320000000000000284e+00 3.303263550123005397e-09
-6.279999999999999361e+00 3.721059756525140533e-09
-6.240000000000000213e+00 4.123307563743329131e-09
-6.199999999999999289e+00 4.468580848746617629e-09
-6.160000000000000142e+00 4.718551932481280160e-09
-6.119999999999999218e+00 4.852969279051878283e-09
-6.080000000000000071e+00 4.877973100290756069e-09
-6.039999999999999147e+00 4.821836304761593260e-09
-6.000000000000000000e+00 4.722341862194456878e-09
-5.959999999999999076e+00 4.614836550771910364e-09
-5.919999999999999929e+00 4.526169169554427705e-09
-5.879999999999999005e+00 4.474086420665312927e-09
-5.839999999999999858e+00 4.469373629143844578e-09
-5.799999999999998934e+00 4.518553709780352588e-09
-5.759999999999999787e+00 4.626145901640341890e-09
-5.719999999999998863e+00 4.796281412309419387e-09
-5.679999999999999716e+00 5.033802435277936738e-09
-5.640000000000000568e+00 5.345041148870258159e-09
-5.599999999999999645e+00 5.738450967767328839e-09
-5.560000000000000497e+00 6.225222585923092589e-09
-5.519999999999999574e+00 6.819989498304748741e-09
-5.480000000000000426e+00 7.541717578620985965e-09
-5.439999999999999503e+00 8.414880937468558337e-09
-5.400000000000000355e+00 9.471052197516306833e-09
-5.359999999999999432e+00 1.075108300598127496e-08
-5.320000000000000284e+00 1.230812822062358262e-08
-5.279999999999999361e+00 1.421188994239254130e-08
-5.240000000000000213e+00 1.655465199530152801e-08
-5.199999999999999289e+00 1.945998767784335313e-08
-5.160000000000000142e+00 2.309553465007908694e-08
-5.119999999999999218e+00 2.769208611707222374e-08
-5.080000000000000071e+00 3.357271493262889601e-08
-5.039999999999999147e+00 4.119823486054031485e-08
-5.000000000000000000e+00 5.124000513272742166e-08
-4.959999999999999076e+00 6.469991394405924032e-08
-4.919999999999999929e+00 8.311456290798555672e-08
-4.879999999999999005e+00 1.089154484264402759e-07
-4.839999999999999858e+00 1.460902234555667923e-07
-4.799999999999998934e+00 2.014509434678005474e-07
-4.759999999999999787e+00 2.871800196868607879e-07
-4.719999999999998863e+00 4.261573062286610115e-07
-4.679999999999999716e+00 6.633020767553312318e-07
-4.640000000000000568e+00 1.087841046148184617e-06
-4.599999999999999645e+00 1.854915843397188782e-06
-4.560000000000000497e+00 3.043868412900406149e-06
-4.519999999999999574e+00 3.959191611044253546e-06
-4.480000000000000426e+00 3.571966577575858366e-06
-4.439999999999999503e+00 2.611451590019425694e-06
-4.400000000000000355e+00 1.861602592430765143e-06
-4.359999999999999432e+00 1.385713018805302309e-06
-4.320000000000000284e+00 1.088787297594237697e-06
-4.279999999999999361e+00 8.987745084791427567e-07
-4.240000000000000213e+00 7.739943173631787704e-07
-4.199999999999999289e+00 6.910807675948035238e-07
-4.160000000000000142e+00 6.367313282940447458e-07
-4.119999999999999218e+00 6.032623623661315352e-07
-4.080000000000000071e+00 5.863037771934257360e-07
-4.039999999999999147e+00 5.836141341202967147e-07
-4.000000000000000000e+00 5.945053164066722675e-07
-3.960000000000000853e+00 6.196402282064297528e-07
-3.919999999999998153e+00 6.611161949871863980e-07
-3.879999999999999005e+00 7.228456401707578757e-07
-3.839999999999999858e+00 8.113394045684772354e-07
-3.800000000000000711e+00 9.371168645173680114e-07
-3.759999999999998010e+00 1.117110794247575075e-06
-3.719999999999998863e+00 1.378433316516238365e-06
-3.679999999999999716e+00 1.762671812737260762e-06
-3.640000000000000568e+00 2.322591682362572567e-06
-3.600000000000001421e+00 3.073752226404281024e-06
-3.559999999999998721e+00 3.815301258765762500e-06
-3.519999999999999574e+00 3.976865026369370704e-06
-3.480000000000000426e+00 3.288837009283376630e-06
-3.440000000000001279e+00 2.322532248357570175e-06
-3.399999999999998579e+00 1.558805498986406760e-06
-3.359999999999999432e+00 1.055654753974768046e-06
-3.320000000000000284e+00 7.363990825279501386e-07
-3.280000000000001137e+00 5.309724299577323376e-07
-3.239999999999998437e+00 3.948201073409754972e-07
-3.199999999999999289e+00 3.016340561645959495e-07
-3.160000000000000142e+00 2.358947455900745811e-07
-3.120000000000000995e+00 1.882407497386710833e-07
-3.079999999999998295e+00 1.528588493164981627e-07
-3.039999999999999147e+00 1.260301472329169360e-07
-3.000000000000000000e+00 1.053074451200580173e-07
-2.960000000000000853e+00 8.903804716862106371e-08
-2.919999999999998153e+00 7.607923333803962673e-08
-2.879999999999999005e+00 6.562392731041479040e-08
-2.839999999999999858e+00 5.709108330844596395e-08
-2.800000000000000711e+00 5.005508629038219890e-08
-2.759999999999998010e+00 4.419925919667566782e-08
-2.719999999999998863e+00 3.928461510547394260e-08
-2.679999999999999716e+00 3.512845926164418867e-08
-2.640000000000000568e+00 3.158948281421817681e-08
-2.599999999999997868e+00 2.855721420183846616e-08
-2.559999999999998721e+00 2.594444566380656874e-08
-2.519999999999999574e+00 2.368172307239956639e-08
-2.480000000000000426e+00 2.171328765158026618e-08
-2.440000000000001279e+00 1.999405315488713506e-08
-2.399999999999998579e+00 1.848733070776575348e-08
-2.359999999999999432e+00 1.716309959501430936e-08
-2.320000000000000284e+00 1.599668058589504358e-08
-2.280000000000001137e+00 1.496770825846861149e-08
-2.239999999999998437e+00 1.405932614999698006e-08
-2.199999999999999289e+00 1.325754723632464391e-08
-2.160000000000000142e+00 1.255073469980355866e-08
-2.120000000000000995e+00 1.192916582925750769e-08
-2.079999999999998295e+00 1.138464644397344958e-08
-2.039999999999999147e+00 1.091014570341134401e-08
-2.000000000000000000e+00 1.049942337521195755e-08
-1.960000000000000853e+00 1.014662664981267907e-08
-1.919999999999998153e+00 9.845846298229677908e-09
-1.879999999999999005e+00 9.590648730759867646e-09
-1.839999999999999858e+00 9.373646149402921804e-09
-1.800000000000000711e+00 9.186227088594762509e-09
-1.759999999999998010e+00 9.018619147978886499e-09
-1.719999999999998863e+00 8.860443866349447781e-09
-1.679999999999999716e+00 8.701796141069039588e-09
-1.640000000000000568e+00 8.534639739759247726e-09
-1.599999999999997868e+00 8.354071784628305431e-09
-1.559999999999998721e+00 8.158960254031221905e-09
-1.519999999999999574e+00 7.951695180183337745e-09
-1.480000000000000426e+00 7.737188877034308741e-09
-1.440000000000001279e+00 7.521551306448518433e-09
-1.399999999999998579e+00 7.310893050054334093e-09
-1.359999999999999432e+00 7.110525302707090005e-09
-1.320000000000000284e+00 6.924601118411076081e-09
-1.280000000000001137e+00 6.756097210569501078e-09
-1.239999999999998437e+00 6.606993561988943674e-09
-1.199999999999999289e+00 6.478531397829963621e-09
-1.160000000000000142e+00 6.371474544418313775e-09
-1.120000000000000995e+00 6.286338642583052375e-09
-1.079999999999998295e+00 6.223578740538850990e-09
-1.039999999999999147e+00 6.183739687976733649e-09
-1.000000000000000000e+00 6.167579607135244446e-09
-9.600000000000008527e-01 6.176178304433146221e-09
-9.199999999999981526e-01 6.211042367931473681e-09
-8.799999999999990052e-01 6.274218356778301506e-09
-8.399999999999998579e-01 6.368425730543842202e-09
-8.000000000000007105e-01 6.497222453515430731e-09
-7.599999999999980105e-01 6.665218911894714030e-09
-7.199999999999988631e-01 6.878360338983023293e-09
-6.799999999999997158e-01 7.144304979843528122e-09
-6.400000000000005684e-01 7.472935650831892547e-09
-5.999999999999978684e-01 7.877057421610768574e-09
-5.599999999999987210e-01 8.373355454483365160e-09
-5.199999999999995737e-01 8.983716146258725871e-09
-4.800000000000004263e-01 9.737051904606393243e-09
-4.400000000000012790e-01 1.067181029999369386e-08
-3.999999999999985789e-01 1.183937140397217617e-08
-3.599999999999994316e-01 1.330847865705677244e-08
-3.200000000000002842e-01 1.517052960057073437e-08
-2.800000000000011369e-01 1.754450629254531504e-08
-2.399999999999984368e-01 2.057741205800091048e-08
-1.999999999999992895e-01 2.442882593947506623e-08
-1.600000000000001421e-01 2.921263175059742210e-08
-1.200000000000009948e-01 3.484575071116268135e-08
-7.999999999999829470e-02 4.076094359715578783e-08
-3.999999999999914735e-02 4.562368711454335383e-08
0.000000000000000000e+00 4.763852198613732026e-08
3.999999999999914735e-02 4.585344700325698786e-08
8.000000000000184741e-02 4.111189689174374457e-08
1.200000000000009948e-01 3.519797693024937578e-08
1.600000000000001421e-01 2.949888749781264381e-08
1.999999999999992895e-01 2.463172678956054465e-08
2.400000000000019895e-01 2.070513749561035261e-08
2.800000000000011369e-01 1.761310384246055756e-08
3.200000000000002842e-01 1.519577033235968321e-08
3.599999999999994316e-01 1.330326801198543627e-08
4.000000000000021316e-01 1.181350659947254397e-08
4.400000000000012790e-01 1.063249010549498354e-08
4.800000000000004263e-01 9.689504643517740734e-09
5.199999999999995737e-01 8.931742079201826309e-09
5.599999999999987210e-01 8.319744364356976636e-09
6.000000000000014211e-01 7.823895438462345888e-09
6.400000000000005684e-01 7.421826953100989751e-09
6.799999999999997158e-01 7.096532087605385438e-09
7.199999999999988631e-01 6.835001622443526118e-09
7.600000000000015632e-01 6.627237064276348914e-09
8.000000000000007105e-01 6.465533867003692685e-09
8.399999999999998579e-01 6.343957969273195206e-09
8.799999999999990052e-01 6.257961017970078265e-09
9.200000000000017053e-01 6.204095312108259323e-09
9.600000000000008527e-01 6.179800289699494331e-09
1.000000000000000000e+00 6.183239561225313339e-09
1.039999999999999147e+00 6.213171947287253076e-09
1.080000000000001847e+00 6.268842247260194104e-09
1.120000000000000995e+00 6.349877835443678142e-09
1.160000000000000142e+00 6.456175787888436192e-09
1.199999999999999289e+00 6.587762262208256401e-09
1.240000000000001990e+00 6.744601869010312633e-09
1.280000000000001137e+00 6.926331497134600107e-09
1.320000000000000284e+00 7.131894544005674464e-09
1.359999999999999432e+00 7.359065780206541749e-09
1.400000000000002132e+00 7.603896997387755405e-09
1.440000000000001279e+00 7.860193411811418853e-09
1.480000000000000426e+00 8.119251806948972907e-09
1.519999999999999574e+00 8.370211639799189141e-09
1.559999999999998721e+00 8.601373868891320848e-09
1.600000000000001421e+00 8.802568357965870092e-09
1.640000000000000568e+00 8.968057143469980303e-09
1.679999999999999716e+00 9.098847008070753407e-09
1.719999999999998863e+00 9.203230627491298500e-09
1.760000000000001563e+00 9.295174352430637151e-09
1.800000000000000711e+00 9.391319013077937535e-09
1.839999999999999858e+00 9.507954046333949669e-09
1.879999999999999005e+00 9.659012131058636399e-09
1.920000000000001705e+00 9.855365856861214590e-09
1.960000000000000853e+00 1.010511616784758304e-08
2.000000000000000000e+00 1.041438108916121804e-08
2.039999999999999147e+00 1.078819617017273737e-08
2.080000000000001847e+00 1.123132034837862855e-08
2.120000000000000995e+00 1.174888455629584728e-08
2.160000000000000142e+00 1.234689913987111195e-08
2.199999999999999289e+00 1.303266643057029373e-08
2.240000000000001990e+00 1.381514953922827422e-08
2.280000000000001137e+00 1.470534377874859722e-08
2.320000000000000284e+00 1.571669161975088796e-08
2.359999999999999432e+00 1.686557939469953769e-08
2.400000000000002132e+00 1.817195541282229331e-08
2.440000000000001279e+00 1.966011530731774664e-08
2.480000000000000426e+00 2.135971199405410817e-08
2.519999999999999574e+00 2.330706584963940898e-08
2.559999999999998721e+00 2.554687785345366302e-08
2.600000000000001421e+00 2.813448815752059537e-08
2.640000000000000568e+00 3.113888070232511053e-08
2.679999999999999716e+00 3.464672034426083415e-08
2.719999999999998863e+00 3.876783723643398520e-08
2.760000000000001563e+00 4.364276765504959882e-08
2.800000000000000711e+00 4.945325996976218409e-08
2.839999999999999858e+00 5.643712383942135092e-08
2.879999999999999005e+00 6.490955017667811489e-08
2.920000000000001705e+00 7.529425026670681859e-08
2.960000000000000853e+00 8.816979409489906528e-08
3.000000000000000000e+00 1.043399866281202818e-07
3.039999999999999147e+00 1.249431511401498078e-07
3.080000000000001847e+00 1.516259647910935273e-07
3.120000000000000995e+00 1.868272234178761583e-07
3.160000000000000142e+00 2.342538468885275544e-07
3.199999999999999289e+00 2.997016169016879096e-07
3.240000000000001990e+00 3.925060730105973428e-07
3.280000000000001137e+00 5.281478232200648957e-07
3.320000000000000284e+00 7.328767984121508933e-07
3.359999999999999432e+00 1.051166316641923693e-06
3.400000000000002132e+00 1.552996829359898616e-06
3.440000000000001279e+00 2.315082713552301848e-06
3.480000000000000426e+00 3.279970043191824804e-06
3.519999999999999574e+00 3.968143577275206260e-06
3.559999999999998721e+00 3.808817123702674633e-06
3.600000000000001421e+00 3.070012346844080124e-06
3.640000000000000568e+00 2.320858857556833769e-06
3.679999999999999716e+00 1.762162120277095035e-06
3.719999999999998863e+00 1.378643226415954711e-06
3.760000000000001563e+00 1.117754605971665258e-06
3.800000000000000711e+00 9.380360235862521230e-07
3.839999999999999858e+00 8.124456936239993182e-07
3.879999999999999005e+00 7.240903228288454798e-07
3.920000000000001705e+00 6.624736827177329886e-07
3.960000000000000853e+00 6.210994314558311216e-07
4.000000000000000000e+00 5.960651348010911976e-07
4.039999999999999147e+00 5.852813229667209676e-07
4.080000000000001847e+00 5.880923604398289039e-07
4.120000000000000995e+00 6.051942915473388033e-07
4.160000000000000142e+00 6.388384642135411436e-07
4.199999999999999289e+00 6.934086521502670797e-07
4.240000000000001990e+00 7.766087687020288955e-07
4.280000000000001137e+00 9.017730278037674338e-07
4.320000000000000284e+00 1.092318825266028805e-06
4.359999999999999432e+00 1.390010969216072505e-06
4.400000000000002132e+00 1.867028927227128161e-06
4.440000000000001279e+00 2.618480035959893841e-06
4.480000000000000426e+00 3.580697756497132730e-06
4.519999999999999574e+00 3.967878035603616640e-06
4.560000000000002274e+00 3.049865200846928958e-06
4.600000000000001421e+00 1.858283777649263014e-06
4.640000000000000568e+00 1.089789579552676214e-06
4.679999999999999716e+00 6.646157808910326260e-07
4.719999999999998863e+00 4.272218794185728420e-07
4.760000000000001563e+00 2.881841445729049493e-07
4.800000000000000711e+00 2.024933801491670953e-07
4.839999999999999858e+00 1.472270535069572450e-07
4.879999999999999005e+00 1.101801608718516439e-07
4.920000000000001705e+00 8.452569459172451183e-08
4.960000000000000853e+00 6.626231029588079871e-08
5.000000000000000000e+00 5.294247203633659189e-08
5.039999999999999147e+00 4.300963225874556429e-08
5.080000000000001847e+00 3.543914683651542265e-08
5.120000000000000995e+00 2.953860179488780490e-08
5.160000000000000142e+00 2.483493760404815938e-08
5.199999999999999289e+00 2.100777376410935711e-08
5.240000000000001990e+00 1.784453550113328490e-08
5.280000000000001137e+00 1.520513831543411051e-08
5.320000000000000284e+00 1.299374563873500401e-08
5.359999999999999432e+00 1.113912395715813018e-08
5.400000000000002132e+00 9.583627928277838093e-09
5.440000000000001279e+00 8.278344541825886776e-09
5.480000000000000426e+00 7.181362530865445165e-09
5.519999999999999574e+00 6.257100172156011903e-09
5.560000000000002274e+00 5.475764725819302934e-09
5.600000000000001421e+00 4.812704917952219820e-09
5.640000000000000568e+00 4.247686344899989308e-09
5.679999999999999716e+00 3.764170865818861932e-09
5.719999999999998863e+00 3.348658788386042909e-09
5.760000000000001563e+00 2.990120940986524198e-09
5.800000000000000711e+00 2.679525297972882137e-09
5.839999999999999858e+00 2.409450841458662914e-09
5.879999999999999005e+00 2.173776531524495073e-09
5.920000000000001705e+00 1.967432439715653573e-09
5.960000000000000853e+00 1.786201160240867231e-09
6.000000000000000000e+00 1.626559354217217828e-09
6.039999999999999147e+00 1.485551107808788513e-09
6.080000000000001847e+00 1.360686436538454324e-09
6.120000000000000995e+00 1.249859660720902999e-09
6.160000000000000142e+00 1.151283507512412197e-09
6.199999999999999289e+00 1.063435693145232923e-09
6.240000000000001990e+00 9.850154436100340833e-10
6.280000000000001137e+00 9.149079614399656351e-10
6.320000000000000284e+00 8.521552733954774669e-10
6.359999999999999432e+00 7.959322258837759448e-10
6.400000000000002132e+00 7.455266534508264715e-10
6.440000000000001279e+00 7.003229475149865128e-10
6.480000000000000426e+00 6.597884107121255830e-10
6.519999999999999574e+00 6.234619068317426040e-10
6.560000000000002274e+00 5.909444150641440820e-10
6.600000000000001421e+00 5.618911761042066802e-10
6.640000000000000568e+00 5.360051811797391829e-10
6.679999999999999716e+00 5.130318069048169480e-10
6.719999999999998863e+00 4.927544418639806915e-10
6.760000000000001563e+00 4.749909873470017117e-10
6.800000000000000711e+00 4.595911466328802701e-10
6.839999999999999858e+00 4.464344464021777706e-10
6.879999999999999005e+00 4.354289618745835194e-10
6.920000000000001705e+00 4.265107457914537702e-10
6.960000000000000853e+00 4.196439922366969974e-10
7.000000000000000000e+00 4.148220017032776231e-10
7.039999999999999147e+00 4.120690565278053143e-10
7.080000000000001847e+00 4.114433694552195691e-10
7.120000000000000995e+00 4.130413375571299165e-10
7.160000000000000142e+00 4.170034257473787385e-10
7.199999999999999289e+00 4.235221280757698368e-10
7.240000000000001990e+00 4.328526238736705722e-10
7.280000000000001137e+00 4.453269777633370631e-10
7.320000000000000284e+00 4.613730522564037171e-10
7.359999999999999432e+00 4.815397419342779591e-10
7.400000000000002132e+00 5.065307397255111726e-10
7.440000000000001279e+00 5.372498519632382563e-10
7.480000000000000426e+00 5.748619162520898190e-10
7.519999999999999574e+00 6.208745978200771294e-10
7.560000000000002274e+00 6.772474771307303364e-10
7.600000000000001421e+00 7.465350315212812819e-10
7.640000000000000568e+00 8.320669991557474934e-10
7.679999999999999716e+00 9.381572256483407926e-10
7.719999999999998863e+00 1.070296109433411634e-09
7.760000000000001563e+00 1.235189847008052265e-09
7.800000000000000711e+00 1.440296118433645584e-09
7.839999999999999858e+00 1.692066778013161445e-09
7.879999999999999005e+00 1.991403974847579145e-09
7.920000000000001705e+00 2.324430036714191051e-09
7.960000000000000853e+00 2.649146547884535870e-09
8.000000000000000000e+00 2.888707126033658086e-09
8.039999999999999147e+00 2.955074719435245070e-09
8.080000000000001847e+00 2.807897255141033949e-09
8.120000000000000995e+00 2.492200455080527063e-09
8.160000000000000142e+00 2.103093693261555909e-09
8.199999999999999289e+00 1.722673670684883853e-09
8.240000000000001990e+00 1.393143485023339856e-09
8.280000000000001137e+00 1.125029655064812502e-09
8.320000000000000284e+00 9.131924885019179613e-10
8.359999999999999432e+00 7.475565432533697411e-10
8.400000000000002132e+00 6.180399671021490567e-10
8.440000000000001279e+00 5.161935094465927767e-10
8.480000000000000426e+00 4.354257539295813718e-10
8.519999999999999574e+00 3.707504069766756990e-10
8.560000000000002274e+00 3.184382640152890577e-10
8.600000000000001421e+00 2.757042374053425127e-10
8.640000000000000568e+00 2.404601033538669134e-10
8.679999999999999716e+00 2.111294092115570124e-10
8.719999999999998863e+00 1.865121242980932703e-10
8.760000000000001563e+00 1.656865244988544894e-10
8.800000000000000711e+00 1.479381303336618614e-10
8.839999999999999858e+00 1.327080591739829118e-10
8.879999999999999005e+00 1.195552634212090123e-10
8.920000000000001705e+00 1.081287183299730114e-10
8.960000000000000853e+00 9.814677270887299173e-11
9.000000000000000000e+00 8.938168942407574306e-11
9.039999999999999147e+00 8.164797388987584621e-11
9.080000000000001847e+00 7.479348913134986945e-11
9.120000000000000995e+00 6.869263727108429061e-11
9.160000000000000142e+00 6.324108576551766378e-11
9.199999999999999289e+00 5.835165759902954711e-11
9.240000000000001990e+00 5.395110532103713525e-11
9.280000000000001137e+00 4.997756127671497167e-11
9.320000000000000284e+00 4.637850892759609044e-11
9.359999999999999432e+00 4.310915854505863065e-11
9.400000000000002132e+00 4.013113881151894835e-11
9.440000000000001279e+00 3.741143680827809293e-11
9.480000000000000426e+00 3.492153450690112696e-11
9.519999999999999574e+00 3.263670163796090702e-11
9.560000000000002274e+00 3.053541370987382632e-11
9.600000000000001421e+00 2.859887072948377463e-11
9.640000000000000568e+00 2.681059737347161800e-11
9.679999999999999716e+00 2.515610936749860354e-11
9.719999999999998863e+00 2.362263393966097435e-11
9.760000000000001563e+00 2.219887464033425859e-11
9.800000000000000711e+00 2.087481272335927427e-11
9.839999999999999858e+00 1.964153878329298651e-11
9.879999999999999005e+00 1.849110953242022256e-11
9.920000000000001705e+00 1.741642554740809679e-11
9.960000000000000853e+00 1.641112657284991183e-11
1.000000000000000000e+01 1.546950157698757281e-11
1.003999999999999915e+01 1.458641124618231526e-11
1.008000000000000185e+01 1.375722100222338837e-11
1.012000000000000099e+01 1.297774295051680136e-11
1.016000000000000014e+01 1.224418543135140570e-11
1.019999999999999929e+01 1.155310906343718523e-11
1.024000000000000199e+01 1.090138834700385258e-11
1.028000000000000114e+01 1.028617804117873247e-11
1.032000000000000028e+01 9.704883652322422084e-12
1.035999999999999943e+01 9.155135471377492882e-12
1.040000000000000213e+01 8.634765682792751318e-12
1.044000000000000128e+01 8.141788138437731121e-12
1.048000000000000043e+01 7.674380449047719344e-12
1.051999999999999957e+01 7.230868095837812121e-12
1.056000000000000227e+01 6.809710306842287214e-12
1.060000000000000142e+01 6.409487478305351671e-12
1.064000000000000057e+01 6.028889951435033703e-12
1.067999999999999972e+01 5.666707980776921392e-12
1.071999999999999886e+01 5.321822752097705404e-12
1.076000000000000156e+01 4.993198326512898004e-12
1.080000000000000071e+01 4.679874403531630304e-12
1.083999999999999986e+01 4.380959809524784653e-12
1.087999999999999901e+01 4.095626629750810529e-12
1.092000000000000171e+01 3.823104912556432201e-12
1.096000000000000085e+01 3.562677882846403360e-12
1.100000000000000000e+01 3.313677609813970782e-12
1.103999999999999915e+01 3.075481080327741434e-12
1.108000000000000185e+01 2.847506635234117162e-12
1.112000000000000099e+01 2.629210730812434058e-12
1.116000000000000014e+01 2.420084991906393521e-12
1.119999999999999929e+01 2.219653527151392723e-12
1.124000000000000199e+01 2.027470480041387463e-12
1.128000000000000114e+01 1.843117792419458644e-12
1.132000000000000028e+01 1.666203159661075058e-12
1.135999999999999943e+01 1.496358158985017607e-12
1.140000000000000213e+01 1.333236534365103116e-12
1.144000000000000128e+01 1.176512623243412603e-12
1.148000000000000043e+01 1.025879911810341009e-12
1.151999999999999957e+01 8.810497070213380443e-13
1.156000000000000227e+01 7.417499146234619894e-13
1.160000000000000142e+01 6.077239137441030635e-13
1.164000000000000057e+01 4.787295193041607714e-13
1.167999999999999972e+01 3.545380245800595202e-13
1.172000000000000242e+01 2.349333169433311022e-13
1.176000000000000156e+01 1.197110603726977641e-13
1.180000000000000071e+01 8.677939104315122126e-15
1.183999999999999986e+01 -9.834904275921648507e-14
1.187999999999999901e+01 -2.015432103891774545e-13
1.192000000000000171e+01 -3.010688203003416204e-13
1.196000000000000085e+01 -3.970816192984228522e-13
1.200000000000000000e+01 -4.897293637029999153e-13
1.203999999999999915e+01 -5.791523021263111087e-13
1.207999999999999829e+01 -6.654836246236414850e-13
1.211999999999999744e+01 -7.488498809090163172e-13
1.216000000000000369e+01 -8.293713700577720553e-13
1.220000000000000284e+01 -9.071625038377821749e-13
1.224000000000000199e+01 -9.823321457519719032e-13
1.228000000000000114e+01 -1.054983927587103754e-12
1.232000000000000028e+01 -1.125216545176755038e-12
1.235999999999999943e+01 -1.193124034916629702e-12
1.239999999999999858e+01 -1.258796032434896019e-12
1.243999999999999773e+01 -1.322318014765854521e-12
1.248000000000000398e+01 -1.383771527138666933e-12
1.252000000000000313e+01 -1.443234395581385159e-12
1.256000000000000227e+01 -1.500780926267963393e-12
1.260000000000000142e+01 -1.556482092574813886e-12
1.264000000000000057e+01 -1.610405710708621789e-12
1.267999999999999972e+01 -1.662616604676351385e-12
1.271999999999999886e+01 -1.713176761359690657e-12
1.275999999999999801e+01 -1.762145476307495407e-12
1.279999999999999716e+01 -1.809579490973117889e-12
1.284000000000000341e+01 -1.855533121835025685e-12
1.288000000000000256e+01 -1.900058382062041711e-12
1.292000000000000171e+01 -1.943205096144653897e-12
1.296000000000000085e+01 -1.985021007965955417e-12
1.300000000000000000e+01 -2.025551882728287333e-12
1.303999999999999915e+01 -2.064841603170060271e-12
1.307999999999999829e+01 -2.102932260389151702e-12
1.311999999999999744e+01 -2.139864239600855947e-12
1.316000000000000369e+01 -2.175676301259280054e-12
1.320000000000000284e+01 -2.210405657644135562e-12
1.324000000000000199e+01 -2.244088045385039474e-12
1.328000000000000114e+01 -2.276757794045953978e-12
1.332000000000000028e+01 -2.308447891044388868e-12
1.335999999999999943e+01 -2.339190043141733541e-12
1.339999999999999858e+01 -2.369014734706964207e-12
1.343999999999999773e+01 -2.397951282919989636e-12
1.348000000000000398e+01 -2.426027890110263647e-12
1.352000000000000313e+01 -2.453271693429808073e-12
1.356000000000000227e+01 -2.479708811939021562e-12
1.360000000000000142e+01 -2.505364391364802137e-12
1.364000000000000057e+01 -2.530262646534085445e-12
1.367999999999999972e+01 -2.554426901731780039e-12
1.371999999999999886e+01 -2.577879629038314030e-12
1.375999999999999801e+01 -2.600642484762184780e-12
1.379999999999999716e+01 -2.622736344095311050e-12
1.384000000000000341e+01 -2.644181334092103635e-12
1.388000000000000256e+01 -2.664996865007823260e-12
1.392000000000000171e+01 -2.685201660197230612e-12
1.396000000000000085e+01 -2.704813784516453061e-12
1.400000000000000000e+01 -2.723850671428866149e-12
1.403999999999999915e+01 -2.742329148792862781e-12
1.407999999999999829e+01 -2.760265463477507478e-12
1.411999999999999744e+01 -2.777675304800699041e-12
1.416000000000000369e+01 -2.794573826898409054e-12
1.420000000000000284e+01 -2.810975670064494126e-12
1.424000000000000199e+01 -2.826894981114641800e-12
1.428000000000000114e+01 -2.842345432817670323e-12
1.432000000000000028e+01 -2.857340242463045059e-12
1.435999999999999943e+01 -2.871892189574951309e-12
1.439999999999999858e+01 -2.886013632865981352e-12
1.443999999999999773e+01 -2.899716526405206691e-12
1.448000000000000398e+01 -2.913012435110236959e-12
1.452000000000000313e+01 -2.925912549518597703e-12
1.456000000000000227e+01 -2.938427699949476063e-12
1.460000000000000142e+01 -2.950568370039497517e-12
1.464000000000000057e+01 -2.962344709701544157e-12
1.467999999999999972e+01 -2.973766547515093084e-12
1.471999999999999886e+01 -2.984843402599773711e-12
1.475999999999999801e+01 -2.995584495989928372e-12
1.480000000000000426e+01 -3.005998761515863085e-12
1.484000000000000341e+01 -3.016094856252896446e-12
1.488000000000000256e+01 -3.025881170509979118e-12
1.492000000000000171e+01 -3.035365837418681684e-12
1.496000000000000085e+01 -3.044556742129892092e-12
1.500000000000000000e+01 -3.053461530628252269e-12
1.503999999999999915e+01 -3.062087618178499350e-12
1.507999999999999829e+01 -3.070442197463682134e-12
1.511999999999999744e+01 -3.078532246341220103e-12
1.516000000000000369e+01 -3.086364535353289789e-12
1.520000000000000284e+01 -3.093945634872527896e-12
1.524000000000000199e+01 -3.101281922015917051e-12
1.528000000000000114e+01 -3.108379587264195256e-12
1.532000000000000028e+01 -3.115244640806434590e-12
1.535999999999999943e+01 -3.121882918677617951e-12
1.539999999999999858e+01 -3.128300088614664204e-12
1.543999999999999773e+01 -3.134501655721684801e-12
1.548000000000000398e+01 -3.140492967890601730e-12
1.552000000000000313e+01 -3.146279221023242121e-12
1.556000000000000227e+01 -3.151865464074451644e-12
1.560000000000000142e+01 -3.157256603863287148e-12
1.564000000000000057e+01 -3.162457409744415767e-12
1.567999999999999972e+01 -3.167472518082645053e-12
1.571999999999999886e+01 -3.172306436555089335e-12
1.575999999999999801e+01 -3.176963548319539626e-12
1.580000000000000426e+01 -3.181448115992995572e-12
1.584000000000000341e+01 -3.185764285527316814e-12
1.588000000000000256e+01 -3.189916089898551920e-12
1.592000000000000171e+01 -3.193907452687286265e-12
1.596000000000000085e+01 -3.197742191529432755e-12
1.600000000000000000e+01 -3.201424021446357575e-12
1.603999999999999915e+01 -3.204956558023425088e-12
1.607999999999999829e+01 -3.208343320514199881e-12
1.611999999999999744e+01 -3.211587734828843523e-12
1.616000000000000369e+01 -3.214693136380236256e-12
1.620000000000000284e+01 -3.217662772879950863e-12
1.624000000000000199e+01 -3.220499806995673786e-12
1.628000000000000114e+01 -3.223207318952067766e-12
1.632000000000000028e+01 -3.225788308998768595e-12
1.635999999999999943e+01 -3.228245699831956364e-12
1.639999999999999858e+01 -3.230582338914700475e-12
1.643999999999999773e+01 -3.232801000720170068e-12
1.648000000000000398e+01 -3.234904388894711318e-12
1.652000000000000313e+01 -3.236895138349166826e-12
1.656000000000000227e+01 -3.238775817287329267e-12
1.660000000000000142e+01 -3.240548929160155596e-12
1.664000000000000057e+01 -3.242216914549360695e-12
1.667999999999999972e+01 -3.243782152993728768e-12
1.671999999999999886e+01 -3.245246964760934216e-12
1.675999999999999801e+01 -3.246613612540883747e-12
1.680000000000000426e+01 -3.247884303111658128e-12
1.684000000000000341e+01 -3.249061188929663519e-12
1.688000000000000256e+01 -3.250146369663534516e-12
1.692000000000000171e+01 -3.251141893707667882e-12
1.696000000000000085e+01 -3.252049759614278980e-12
1.700000000000000000e+01 -3.252871917490406430e-12
1.703999999999999915e+01 -3.253610270362656722e-12
1.707999999999999829e+01 -3.254266675485080164e-12
1.711999999999999744e+01 -3.254842945595554831e-12
1.716000000000000369e+01 -3.255340850166380258e-12
1.720000000000000284e+01 -3.255762116577529739e-12
1.724000000000000199e+01 -3.256108431272945426e-12
1.728000000000000114e+01 -3.256381440880540878e-12
1.732000000000000028e+01 -3.256582753294877086e-12
1.735999999999999943e+01 -3.256713938715377539e-12
1.739999999999999858e+01 -3.256776530680510786e-12
1.743999999999999773e+01 -3.256772027029181099e-12
1.748000000000000398e+01 -3.256701890872458904e-12
1.752000000000000313e+01 -3.256567551510924074e-12
1.756000000000000227e+01 -3.256370405335672416e-12
1.760000000000000142e+01 -3.256111816688790300e-12
1.764000000000000057e+01 -3.255793118726414232e-12
1.767999999999999972e+01 -3.255415614212410652e-12
1.771999999999999886e+01 -3.254980576331494476e-12
1.775999999999999801e+01 -3.254489249444755186e-12
1.780000000000000426e+01 -3.253942849847871263e-12
1.784000000000000341e+01 -3.253342566486414617e-12
1.788000000000000256e+01 -3.252689561670431244e-12
1.792000000000000171e+01 -3.251984971747869636e-12
1.796000000000000085e+01 -3.251229907764670915e-12
1.800000000000000000e+01 -3.250425456125686141e-12
1.803999999999999915e+01 -3.249572679198207964e-12
1.807999999999999829e+01 -3.248672615934113846e-12
1.811999999999999744e+01 -3.247726282447341523e-12
1.816000000000000369e+01 -3.246734672597775123e-12
1.820000000000000284e+01 -3.245698758536253787e-12
1.824000000000000199e+01 -3.244619491253923000e-12
1.828000000000000114e+01 -3.243497801106150106e-12
1.832000000000000028e+01 -3.242334598310280245e-12
1.835999999999999943e+01 -3.241130773453525247e-12
1.839999999999999858e+01 -3.239887197971694412e-12
1.843999999999999773e+01 -3.238604724621101049e-12
1.848000000000000398e+01 -3.237284187918105578e-12
1.852000000000000313e+01 -3.235926404604197823e-12
1.856000000000000227e+01 -3.234532174057829564e-12
1.860000000000000142e+01 -3.233102278720205755e-12
1.864000000000000057e+01 -3.231637484502670978e-12
1.867999999999999972e+01 -3.230138541176414906e-12
1.871999999999999886e+01 -3.228606182770863169e-12
1.875999999999999801e+01 -3.227041127932363545e-12
1.880000000000000426e+01 -3.225444080293935692e-12
1.884000000000000341e+01 -3.223815728837162671e-12
1.888000000000000256e+01 -3.222156748222546198e-12
1.892000000000000171e+01 -3.220467799141575398e-12
1.896000000000000085e+01 -3.218749528627333116e-12
1.900000000000000000e+01 -3.217002570389504077e-12
1.903999999999999915e+01 -3.215227545106059438e-12
1.907999999999999829e+01 -3.213425060739136391e-12
1.911999999999999744e+01 -3.211595712815452391e-12
1.916000000000000369e+01 -3.209740084726571714e-12
1.920000000000000284e+01 -3.207858747997325571e-12
1.924000000000000199e+01 -3.205952262558574908e-12
1.928000000000000114e+01 -3.204021177011701417e-12
1.932000000000000028e+01 -3.202066028882241781e-12
1.935999999999999943e+01 -3.200087344883551500e-12
1.939999999999999858e+01 -3.198085641138075703e-12
1.943999999999999773e+01 -3.196061423436153286e-12
1.948000000000000398e+01 -3.194015187460389645e-12
1.952000000000000313e+01 -3.191947419005790125e-12
1.956000000000000227e+01 -3.189858594206614297e-12
1.960000000000000142e+01 -3.187749179749271574e-12
1.964000000000000057e+01 -3.185619633079426550e-12
1.967999999999999972e+01 -3.183470402612619868e-12
1.971999999999999886e+01 -3.181301927919246484e-12
1.975999999999999801e+01 -3.179114639930316843e-12
1.980000000000000426e+01 -3.176908961125330277e-12
1.984000000000000341e+01 -3.174685305714771727e-12
1.988000000000000256e+01 -3.172444079808804889e-12
1.992000000000000171e+01 -3.170185681615071777e-12
1.996000000000000085e+01 -3.167910501588515815e-12
2.000000000000000000e+01 -3.165618922608760376e-12
