0.00000000000000000000	1.00000000000000000000	1.00000000000000000000	-1.00000000000000000000	0.00000000000000000000	0.00000000000000000000	nan	nan
0.02000000000000000042	0.99999986921110528559	0.99980013578888315973	-0.99999986921110528559	0.00009986671111111045	0.00000000000000000000	0.00000000000000000000	nan
0.04000000000000000083	0.99999867375837725447	0.99920141641734727678	-0.99999867375837725447	0.00039862867051495041	0.00000000000000000000	0.00000000000000000000	nan
0.05999999999999999778	0.99999811109605885040	0.99820318376918548697	-0.99999811109605885040	0.00089497337860321331	0.00000000000000000000	0.00000000000000000000	0.00000000000001754278
0.08000000000000000167	0.99999728366891715847	0.99680753173361058561	-0.99999728366891627029	0.00158751534224111680	0.00000000000000000000	0.00000000000000000000	0.00070508650187009058
0.10000000000000000555	0.99999619206371570534	0.99501581128087612793	-0.99999619206371404001	0.00247479691811733956	0.00000000000000002142	0.00000000000000000000	0.00000000210014735520
0.11999999999999999556	0.99999483805338118536	0.99282952907772203943	-0.99999483805338051923	0.00355528918564618256	0.00000000000000001028	0.00000000000000000000	0.00002569096478305309
0.14000000000000001332	0.99999312379720528554	0.99025024642284498189	-0.99999312378715610183	0.00482739236129949099	0.00000000002022580112	0.00000000000000000000	0.00000000000083068410
0.16000000000000000333	0.99999124811269324287	0.98727997072318585126	-0.99999124810295492161	0.00628943848282185677	0.00000000002029333248	0.00000000000000000000	0.00000000034279040676
0.17999999999999999334	0.99998911266171142120	0.98392056523029691739	-0.99998911265948309257	0.00793968989850356993	0.00000000000492407373	0.00000000000000000000	0.00002488685926828427
0.20000000000000001110	0.99998672020997714238	0.98017414286154491698	-0.99998672020781431691	0.00977634176816771956	0.00000000000493676049	0.00000000000000000000	0.00002583581751642470
0.22000000000000000111	0.99998407255707089103	0.97604296341900287359	-0.99998407255659838011	0.01179752268421084722	0.00000000000109277252	0.00000000000000000000	0.00005119727157013802
0.23999999999999999112	0.99998116889454080614	0.97152943051468187985	-0.99998116889407961949	0.01400129565223330770	0.00000000000109607396	0.00000000000000000000	0.00005800694773859701
0.26000000000000000888	0.99997673992841362711	0.96663486586520230848	-0.99997673992781588304	0.01638563834705537500	0.00000000000201204050	0.00000000000000000000	641.83303759569662361173
0.28000000000000002665	0.99997300351697782084	0.96136411547676303702	-0.99997300351638707117	0.01894851804187143787	0.00000000000201065687	0.00000000000000000000	928.25822468411877252947
0.29999999999999998890	0.99996934520762947862	0.95571941073201271966	-0.99996934520501734589	0.02168780111688778725	0.00000000000215935989	0.00000000000000000000	485.03129545354317997408
0.32000000000000000666	0.99996541169924257897	0.94970338456289993267	-0.99996541169658370585	0.02460129291283551928	0.00000000000212806567	0.00000000000000000000	503.91856923666841794329
0.34000000000000002442	0.99996126309602129112	0.94331920611131059307	-0.99996126305434529513	0.02768674600223443305	0.00000000000833144687	0.00000000000000000000	28.08332242594900307608
0.35999999999999998668	0.99995685538028056261	0.93657008186256573978	-0.99995685533981337745	0.03094185143371644756	0.00000000000829784371	0.00000000000000000000	331.13151556143264997445
0.38000000000000000444	0.99995132040360390491	0.92945858548195969817	-0.99995128612193251438	0.03436421341499007465	0.00000002915628415658	0.00000000000000000000	0.00003386036020345584
0.40000000000000002220	0.99994646030049028074	0.92198991888939629824	-0.99994642673935918431	0.03795146842661331621	0.00000002938964329972	0.00000000000000000000	0.00002809932928492707
0.41999999999999998446	0.99994135313893361960	0.91416686208602937480	-0.99994132378163369523	0.04170110984685373307	0.00000002597545912789	0.00000000000000000000	0.00002049801356417669
0.44000000000000000222	0.99993604518931888947	0.90599323216814298121	-0.99993600113866598633	0.04561060740213532250	0.00000003790035852010	0.00000000000000000000	0.00001084121377583758
0.46000000000000001998	0.99993025454080064485	0.89747267560904731010	-0.99993021155147399082	0.04967736212176748073	0.00000003809070201349	0.00000000000000000000	0.00001089285443994515
0.47999999999999998224	0.99992441488423622342	0.88860961129364124389	-0.99992438261503635566	0.05389875705888984986	0.00000002940417712177	0.00000000000000000000	0.00001324416204886079
0.50000000000000000000	0.99991836931517663611	0.87940804485911738819	-0.99991833773117300144	0.05827209757949811109	0.00000002962072345770	0.00000000000000000000	0.00001363133723154255
0.52000000000000001776	0.99990428489551419489	0.86986537322036894260	-0.99990426090289608041	0.06279415306919529371	0.00000002323949182578	0.00000000000000000000	0.00003310615521570773
0.54000000000000003553	0.99989789286395125423	0.85999985858435623598	-0.99989786934523450235	0.06746309403060170296	0.00000002340778364631	0.00000000000000000000	0.00003536518443055398
0.56000000000000005329	0.99989123161704829279	0.84980894518758764988	-0.99989121455024265739	0.07227562229974671126	0.00000001774283334674	0.00000000000000000000	0.00005738000750005975
0.57999999999999996003	0.99988413096432982030	0.83929710598621698470	-0.99988410219761358899	0.07722884677231217632	0.00000003078679119315	0.00000000000000000000	0.00003085874544017876
0.59999999999999997780	0.99987692603651212586	0.82846935671906829501	-0.99987689632538268025	0.08231987053877595772	0.00000003258212481747	0.00000000000000000000	0.00002974817133873784
0.61999999999999999556	0.99986960303603522604	0.81733052057793276202	-0.99986957358306760568	0.08754573014149345800	0.00000003293632708557	0.00000000000000000000	0.00003004571216237260
0.64000000000000001332	0.99986221281413667494	0.80588558343842975340	-0.99986218125993875372	0.09290342669699887257	0.00000002647527400654	0.00000000000000000000	0.00001634708221779924
0.66000000000000003109	0.99985458850920794216	0.79413944229962274424	-0.99985455774126019701	0.09838990012223813864	0.00000002402189362432	0.00000000000000000000	9.66010934196527948359
0.68000000000000004885	0.99984667578481811745	0.78209720917507585813	-0.99984664548997603806	0.10400206054525094890	0.00000006843222704235	0.00000000000000000000	2.28518505619027179065
0.70000000000000006661	0.99983844230030038958	0.76976411259854848890	-0.99983841228417280611	0.10973678183216659110	0.00000018409946194880	0.00000000000056513231	0.62231096086032655634
0.71999999999999997335	0.99983004593653879155	0.75714562806533536321	-0.99983001576903618446	0.11559092340685320210	0.00000041343378986260	0.00000000000053058155	0.39360868479113358953
0.73999999999999999112	0.99982132137994816912	0.74424706606240886853	-0.99982125777853825266	0.12156127390440960023	0.00000083927432139125	0.00000000000058838701	0.70158916748516253481
0.76000000000000000888	0.99981321562082658971	0.73107467398433767514	-0.99981316625062122139	0.12764472848500343916	0.00000151276067203183	0.00000000000058051473	1.70412537426164290011
0.78000000000000002665	0.99980326567115318515	0.71763222931288495055	-0.99980320657862253864	0.13383771308078398765	0.00000244159873298544	0.00000000000060191061	2.31544017942776969576
0.80000000000000004441	0.99979354029154443584	0.70392699601992902991	-0.99979347058093914757	0.14013720246468194808	0.00000374832662928879	0.00000000000058374415	8.29751762554678329309
0.82000000000000006217	0.99978399880154689150	0.68996470891923211699	-0.99978388821845132206	0.14653988205629675523	0.00000545178390419326	0.00000000000058064922	7.92374188034354265397
0.83999999999999996891	0.99977447034028943396	0.67575112310824825279	-0.99977438725955214416	0.15304239123040785930	0.00000771426161900601	0.00000000000053410047	12.97395657717382277951
0.85999999999999998668	0.99976475446891077681	0.66129203576456108138	-0.99976466063030811071	0.15964133209123293478	0.00001061521894493264	0.00000000000050185744	14.18041758669789942360
0.88000000000000000444	0.99975492476774763251	0.64659352890211652110	-0.99975474898151350800	0.16633332432927488975	0.00001434266832970725	0.00000000000060599426	355.99153968484591814558
0.90000000000000002220	0.99974487770462250324	0.63166163189051727223	-0.99974467714576986666	0.17311493499120556017	0.00001887248502166208	0.00000000000055715242	271.48013070656810441506
0.92000000000000003997	0.99973469862519293017	0.61650257402007468954	-0.99973447129107118059	0.17998274137291850328	0.00002434345772386441	0.00000000000056240213	123.67797995245858544422
0.94000000000000005773	0.99972429320690958665	0.60112254133683096224	-0.99972401241924113702	0.18693326968618223516	0.00003096451927911127	0.00000000000053256168	70.29224460017918829635
0.95999999999999996447	0.99971380261595910177	0.58552791697777595292	-0.99971344500720538129	0.19396306917779831958	0.00003883658472915997	0.00000000000047776934	42.10282208672888515366
0.97999999999999998224	0.99970328754767212587	0.56972509733688481148	-0.99970281026973817351	0.20106866023841818425	0.00004806568364538862	0.00000000000571631843	21.02980929231847895267
1.00000000000000000000	0.99969253914204703193	0.55372038865483830250	-0.99969193239674125628	0.20824649356867708239	0.00005883340862954385	0.00000000000798481263	12.82397836188060935569
1.02000000000000001776	0.99968171947913320174	0.53752037190177215376	-0.99968094157586873116	0.21549308030076314013	0.00007131393022970193	0.00000000001597092966	7.88967794446822257015
1.04000000000000003553	0.99967081576107974517	0.52113155153237622486	-0.99966981832384105289	0.22280488043500479289	0.00008567630402887091	0.00000000002334926760	4.94866185525991575389
1.06000000000000005329	0.99965976640486853277	0.50456049300936822721	-0.99965849315580967982	0.23017833563059542090	0.00010201442944374626	0.00000000003788300959	3.19873967690825056209
1.08000000000000007105	0.99964852966417994118	0.48781380539120428041	-0.99964691075915435015	0.23760987790541154840	0.00012061368577308130	0.00000000006631798099	2.12813171453884608653
1.10000000000000008882	0.99963714239876177992	0.47089818851136644451	-0.99963509699296282385	0.24509594957806818405	0.00014158205667027786	0.00000000008883454771	1.45669806043785876604
1.12000000000000010658	0.99962568385250960556	0.45382040397469114446	-0.99962311627114475154	0.25263299816567214018	0.00016505826416983763	0.00000000011240760116	1.02851529551255449491
1.14000000000000012434	0.99961423778884106461	0.43658725071426945918	-0.99961103856661281952	0.26021746944746149133	0.00019126824000858180	0.00000000012888285648	0.72627099039437792438
1.15999999999999992006	0.99960268418107312005	0.41920547381430561806	-0.99959872591354359539	0.26784575326729848088	0.00022041311099120703	0.00000000016476918655	0.52489823085228370925
1.17999999999999993783	0.99959101944233597070	0.40168189834188600118	-0.99958615679228701723	0.27551426356575853260	0.00025273582818571648	0.00000000021534883020	0.37855877586207647978
1.19999999999999995559	0.99957931921644449513	0.38402341929599981274	-0.99957338298966291745	0.28321943688439477071	0.00028822637124296734	0.00000000027246824166	0.27870190952858886480
1.21999999999999997335	0.99956751626786366494	0.36623689901278527747	-0.99956031455097504868	0.29095767013206397245	0.00032726607478501818	0.00000000036590662517	0.21185077457058026917
1.23999999999999999112	0.99955559222377687867	0.34832925066450726170	-0.99954690791681422013	0.29872537515796526719	0.00036996675191057281	0.00000000040653482160	0.15941539606373214544
1.26000000000000000888	0.99954381124670010905	0.33030914817000273098	-0.99953339798259499549	0.30640857017996930844	0.00041656323124374665	0.00000007915948426457	0.12293210002008515824
1.28000000000000002665	0.99953164677252204218	0.31218555038709339122	-0.99951922940154880326	0.31406757965387743781	0.00046733042859745994	0.00000011331714270542	0.09423483160189606578
1.30000000000000004441	0.99951941874813277078	0.29396671376960453737	-0.99950468672964221106	0.32169782961517656705	0.00052240383092109328	0.00000013477378940569	0.07511376751735580892
1.32000000000000006217	0.99950721308109258256	0.27566078743477151480	-0.99948982108521655654	0.32929459786704406987	0.00058197063849220595	0.00000014753764498148	0.06117163294169239429
1.34000000000000007994	0.99949496579342755886	0.25727582404493964940	-0.99947452712967699284	0.33685322800634276419	0.00064636174588606648	0.00000015485184686360	0.04782966787078651860
1.36000000000000009770	0.99948261126257975651	0.23881982126949100054	-0.99945869720943869563	0.34436968836114850712	0.00071549532201761713	0.00000015101325149107	0.03602520440999461976
1.38000000000000011546	0.99947013321634958771	0.22030074811961170012	-0.99944227352372083661	0.35183902135281081014	0.00079000167375034602	0.00000014662666395688	0.02779210159447471559
1.40000000000000013323	0.99945747276519414370	0.20172652941108734637	-0.99942514916807378977	0.35925659086440958623	0.00086990734579800899	0.00000015159853779682	0.02942837343604398290
1.41999999999999992895	0.99944477683975496696	0.18310507407302761829	-0.99940740688759821531	0.36661864183632097980	0.00095526813381677158	0.00000014862415020687	0.02021548633323488192
1.43999999999999994671	0.99943226707776455786	0.16444428298738877903	-0.99938922914350269977	0.37392106332638125332	0.00104648279442214184	0.00000011756046016324	0.01816253185044887711
1.45999999999999996447	0.99941981055852058269	0.14575185312143734695	-0.99937040417315292640	0.38115995731017676684	0.00114347697089119018	0.00000007262815241464	0.01480072428806462545
1.47999999999999998224	0.99940731482886813186	0.12703549000847044748	-0.99935078651334718902	0.38832974594030278404	0.00124665887013371149	0.00000006724446363779	0.01273333622383545673
1.50000000000000000000	0.99939447995545971359	0.10830278325546888185	-0.99933001117888975440	0.39542739461761333697	0.00135641714917421894	0.00000007238539127347	0.01091099026726487405
1.52000000000000001776	0.99938184699441667824	0.08956143531274091130	-0.99930854231271182275	0.40244928047725586628	0.00147273216984183269	0.00000008892802311640	0.00914083345004472643
1.54000000000000003553	0.99936938878671532915	0.07081891005151781660	-0.99928627868955577362	0.40939150250501882278	0.00159578642909674324	0.00000009283555439059	0.00810531686360137227
1.56000000000000005329	0.99935668389779808152	0.05208257388060201498	-0.99926271987326209523	0.41625094843054044613	0.00172602062616917747	0.00000008899949483843	0.00665342660317736270
1.58000000000000007105	0.99934402383488396548	0.03335979697491624901	-0.99923807819811583109	0.42302659723294666616	0.00186360037605560070	0.00000009484751500493	0.00651415965171438498
1.60000000000000008882	0.99933163718130535447	0.01465781043491600280	-0.99921247734146634301	0.42971223095915939139	0.00200865484947501498	0.00000008650710540149	0.00510070229544238619
1.62000000000000010658	0.99931927659779362649	-0.00401618920171502650	-0.99918558195611739681	0.43630207442248042371	0.00216106228898004134	0.00000012106123163111	0.00446089417303522154
