0.00000000000000000000	1.00000000000000000000	1.00000000000000000000	0.00000000000000000000	5.00000000000000000000	1.99994577959870922790	0.49999891977834975965	0.00000000000000000000
0.00500000000000000010	0.99999867875463133160	0.99984870197802144798	0.00014997677661049679	4.99676817504588299812	1.99993990177422364951	0.50112289159598033539	0.00250561445797990159
0.01000000000000000021	0.99999792960044231460	0.99939831013621582834	0.00059961946422930270	4.99384011182594722555	1.99994134203587359266	0.50112131740950993652	0.00501122104502745198
0.01499999999999999944	0.99999782171646633966	0.99864945833527563046	0.00134836338119462078	4.99121881876423412194	1.99994210061063260042	0.50112099923548958369	0.00751682604120489962
0.02000000000000000042	0.99999726691945467483	0.99760180359350547619	0.00239546332595036524	4.98889614171898898576	1.99994313868007278501	0.50111983169753548939	0.01002242519969257645
0.02500000000000000139	0.99999615385152251790	0.99625615877276907373	0.00373999507875485450	4.98687058446721920291	1.99994413814444782496	0.50111883779438481934	0.01252801938866450124
0.02999999999999999889	0.99999437170844185374	0.99461351587306512378	0.00538085583537729461	4.98514047374527358159	1.99994706973108993253	0.50111726926991695397	0.01503360573501408629
0.03500000000000000333	0.99999302838844883468	0.99267625179402585456	0.00731677659442175280	4.98370640948758047983	1.99995145655963568743	0.50111536018258207026	0.01753918253592699761
0.04000000000000000083	0.99999130338074704305	0.99044500293870874064	0.00954630044204064429	4.98256495248617614635	1.99995488649769415090	0.50111391545495487243	0.02004475211320177336
0.04499999999999999833	0.99998916160155448818	0.98792136121125084802	0.01206780039030686848	4.98171406569016905763	1.99995833659867727761	0.50111253751684026181	0.02255031480078597411
0.05000000000000000278	0.99998656804200347636	0.98510709162072618295	0.01487947642127901600	4.98115154241367541488	1.99996331152499018380	0.50111082142761198543	0.02505586890792403307
0.05500000000000000028	0.99998348779295231914	0.98200413090104510250	0.01797935689190987424	4.98087500808412020348	1.99996924111833163096	0.50110892247571392488	0.02756141352030260297
0.05999999999999999778	0.99997988601424803168	0.97861458522080746469	0.02136530079344099720	4.98088192240416205436	1.99997512117935349885	0.50110704578214371185	0.03006694874921332292
0.06500000000000000222	0.99997572815886581754	0.97494073087852128889	0.02503499728034394925	4.98116958007630472594	1.99998296932011743188	0.50110480936127654861	0.03257247279601970663
0.07000000000000000666	0.99997097980198823564	0.97098501051619878766	0.02898596928579091556	4.98173511362538157243	1.99999196917811294938	0.50110233886059241115	0.03507798449032267091
0.07499999999999999722	0.99996671811757764647	0.96675108881503868385	0.03321562930253833118	4.98258444078466489202	2.00000220047305932169	0.50109957971678009692	0.03758348238890657500
0.08000000000000000167	0.99996199403379371073	0.96224085084510913024	0.03772114318868498989	4.98370701475559929605	2.00001139400050931272	0.50109719378173744886	0.04008896835781525919
0.08500000000000000611	0.99995784321922476234	0.95745727951047843174	0.04250056370874894657	4.98510483365686773993	2.00002155635034517545	0.50109458602709255892	0.04259444128795072254
0.08999999999999999667	0.99995224721240416610	0.95240338870941076976	0.04754885850299529759	4.98676459667597438141	2.00003072628787270659	0.50109221245515633836	0.04509990235022650479
0.09500000000000000111	0.99994724285934111219	0.94708253347972481961	0.05286470937961412070	4.98869294580907052250	2.00004269198010975472	0.50108929295843318563	0.04760534881501866933
0.10000000000000000555	0.99994002150011329633	0.94149571419753663726	0.05844430730257420270	4.99087657787196814496	2.00005020499500307807	0.50108983495284431520	0.05011079798978289312
0.10499999999999999611	0.99993368058630149875	0.93564912749895168265	0.06428455308734967732	4.99649586447162619152	2.00006761951566724989	0.50015248138390755450	0.05261156039670242951
0.11000000000000000056	0.99992769818848659114	0.92954496890381121954	0.07038272928467693978	5.00237072267825499949	2.00008001188224193712	0.50014806746766216072	0.05511230073404074087
0.11500000000000000500	0.99992187651844743890	0.92318671833041821007	0.07673515818802985333	5.00849649583112199736	2.00009190237482226138	0.50014409552579075502	0.05761302121166969603
0.11999999999999999556	0.99991532144498707080	0.91657740196280801381	0.08333791948218353951	5.01486252436958679368	2.00010357779891867480	0.50014022362422894119	0.06011372232979084185
0.12500000000000000000	0.99990867620803292048	0.90972156279407445645	0.09018711341395946324	5.02147028933329941935	2.00011847151939026190	0.50013558016297343656	0.06261440023060571569
0.13000000000000000444	0.99990208575723438233	0.90262346850233354800	0.09727861725490673239	5.02831156771874709932	2.00013029857705237902	0.50013127023489378775	0.06511505658178018408
0.13500000000000000888	0.99989617650127493587	0.89528786442939367607	0.10460831207188403535	5.03539515321273434267	2.00014349101994959312	0.50012950575249670582	0.06761570411054267093
0.14000000000000001332	0.99988989862154786792	0.88771822804662936512	0.11217167057491887749	5.04270739212845686694	2.00015558971565488022	0.50012538872874923168	0.07011633105418642320
0.14499999999999999001	0.99988328174309615282	0.87991911266090105936	0.11996416908219559305	5.05024384505337575746	2.00016835730854225517	0.50012119347640071609	0.07261693702156843400
0.14999999999999999445	0.99987718562244976006	0.87189588367904891086	0.12798130194340592847	5.05800680029809246463	2.00018179224228909163	0.50011679326325764183	0.07511752098788472554
0.15499999999999999889	0.99986915729078540416	0.86365132914514852747	0.13621782814563598851	5.06597145717160124434	2.00019421453740386951	0.50011261050194300015	0.07761808404039444165
0.16000000000000000333	0.99986249892065293121	0.85519304956012220931	0.14466944936053172110	5.07415963754643506434	2.00021035340274977443	0.50010771416614652196	0.08011862261122516815
0.16500000000000000777	0.99985471713790163850	0.84652408137741497196	0.15333063576048946985	5.08254618462673679602	2.00022395749081827176	0.50010301865959438938	0.08261913770452314343
0.17000000000000001221	0.99984669995699160250	0.83765030754177749461	0.16219639241521457973	5.09113290024242726162	2.00023962387089992987	0.50009822964447858684	0.08511962885274552970
0.17500000000000001665	0.99983936764464664826	0.82857715094129980038	0.17126221670334679237	5.09991976492844401037	2.00025585487948909247	0.50009323822754991884	0.08762009504388328096
0.17999999999999999334	0.99983185807340557716	0.81930985142944867672	0.18052200664395956498	5.10889639404118423016	2.00027062887038820094	0.50008861261101555939	0.09012053810693836098
0.18499999999999999778	0.99982418145931795106	0.80985394239540853256	0.18997023906390689274	5.11805731375222716650	2.00028574198473796386	0.50008399079241461216	0.09262095806090044070
0.19000000000000000222	0.99981742717929422692	0.80021524465029225670	0.19960218252899961100	5.12740407780212414934	2.00030104154241916703	0.50007694094138710472	0.09512134276560738066
0.19500000000000000666	0.99981137937813890915	0.79039980055815806104	0.20941157881997726764	5.13693105807489036607	2.00031452799410214283	0.50007249579741497314	0.09762170524459445886
0.20000000000000001110	0.99980362527983202003	0.78041212742332299879	0.21939149785650607916	5.14661443813800101310	2.00032819491508329079	0.50006799420888148333	0.10012204521563886073
0.20500000000000001554	0.99979666703926406424	0.77025918024551509600	0.22953748679375002295	5.15646524874026290775	2.00034367247805144885	0.50006351373480217859	0.10262236278431287329
0.20999999999999999223	0.99978962907269097737	0.75994675380410015020	0.23984287526859154882	5.16647300934085151880	2.00035765925071640225	0.50005973826121052905	0.10512266147561892538
0.21499999999999999667	0.99978184365461930661	0.74948085027139788039	0.25030099338322092661	5.17662806561630439717	2.00037005513097509990	0.50005636971764466647	0.10762294332420714593
0.22000000000000000111	0.99977476725161285032	0.73886802976684873290	0.26090673748475967653	5.18693204302956534235	2.00038720047376505917	0.50005203626785199589	0.11012320350554641313
0.22500000000000000555	0.99976686303946971091	0.72811418292060414714	0.27165268011886439803	5.19737043851100288805	2.00039977316044437217	0.50004836788805162584	0.11262344534498666682
0.23000000000000000999	0.99975976458044502060	0.71722618676834293261	0.28253357781209986754	5.20794592979643411468	2.00041546729086228140	0.50004440507305769614	0.11512366737035195641
0.23500000000000001443	0.99975259876270683446	0.70621021490405344601	0.29354238385865222272	5.21864714241705129893	2.00042969478409871087	0.50004057198747708934	0.11762387023028934852
0.23999999999999999112	0.99974620396158953017	0.69507330823141832976	0.30467289573016936854	5.22947444466259270257	2.00044397933247930510	0.50003679121465904878	0.12012405418636264154
0.24499999999999999556	0.99973828580548040890	0.68382090108298476672	0.31591738472249847325	5.24040404019094196997	2.00045832046060567677	0.50003301738798222598	0.12262421927330255378
0.25000000000000000000	0.99972953537436670679	0.67246013533700044196	0.32726940003736743057	5.25143681070677281753	2.00047413267046003682	0.50002888428627545458	0.12512436369473392550
0.25500000000000000444	0.99972067842727385667	0.66099793700940268071	0.33872274141787578339	5.26256873433293570486	2.00049169788029601591	0.50002425236324632429	0.12762448495655015490
0.26000000000000000888	0.99971250409951650795	0.64944138832919928728	0.35027111577031916356	5.27379742109363913727	2.00050949776381425949	0.50001954568355821973	0.13012458268496795988
0.26500000000000001332	0.99970428953048617871	0.63779705948384279868	0.36190723004664354656	5.28511051952374355523	2.00052593888567376013	0.50001523758036359180	0.13262465887286978283
0.27000000000000001776	0.99969529578935867331	0.62607165702275024977	0.37362363876661036644	5.29649983412643887704	2.00054237112307609081	0.50001100178766744175	0.13512471388180813392
0.27500000000000002220	0.99968786446965973713	0.61427307712856205058	0.38541478734109929638	5.30797279343441452681	2.00055875360973445254	0.50000682299940701903	0.13762474799680515791
0.28000000000000002665	0.99967966119977080819	0.60240722522225897961	0.39727243597750999671	5.31950475494557739609	2.00057515025725107805	0.50000282747360558222	0.14012476213417318638
0.28500000000000003109	0.99967072314813343326	0.59048123899521953728	0.40918948415291478415	5.33109108911654150376	2.00059157595458447787	0.49999869295877585884	0.14262475559896706234
0.28999999999999998002	0.99966170825120947985	0.57850245899641050684	0.42115924925479952812	5.34272840962564288247	2.00060940823552391166	0.49999414295947719467	0.14512472631376444054
0.29499999999999998446	0.99965258186496941395	0.56647793948449498558	0.43317464238047342917	5.35440958142088874183	2.00062752094977103212	0.49998958967665663167	0.14762467426214773147
0.29999999999999998890	0.99964334116244180084	0.55441480002748089184	0.44522854113496335149	5.36612750451915854200	2.00064585889712143185	0.49998499711553850977	0.15012459924772542097
0.30499999999999999334	0.99963477682955814707	0.54232055087869113219	0.45731422595086923533	5.37787943039917859522	2.00066442184695159057	0.49998037750230073240	0.15262450113523692852
0.30999999999999999778	0.99962541913196423238	0.53020165804971530754	0.46942376108225186693	5.38965019234348918786	2.00068108511515507786	0.49997625217260960317	0.15512438239609996349
0.31500000000000000222	0.99961598004332952172	0.51806567197215824816	0.48155030807117465974	5.40143655114708565179	2.00069979084289073512	0.49997173735645594750	0.15762424108288225488
0.32000000000000000666	0.99960719380934348610	0.50592011399030789587	0.49368707981903420245	5.41323535297904978592	2.00071872584111076776	0.49996709466772359942	0.16012407655622087899
0.32500000000000001110	0.99959764745348478332	0.49377146498776813832	0.50582618246571664500	5.42503175922316493995	2.00073635521554749062	0.49996280249763896952	0.16262389056870907300
0.33000000000000001554	0.99958801143450703997	0.48162728647202707188	0.51796072496248279915	5.43682226298442827783	2.00075544820461681539	0.49995823792510141192	0.16512368175833458395
0.33500000000000001998	0.99957987697289740758	0.46949540992446747723	0.53008446704843059649	5.44861113279948838795	2.00077310048909806639	0.49995396083453791380	0.16762345156250726963
0.34000000000000002442	0.99957094923067679737	0.45738207796433077990	0.54218887126635006979	5.46037224284170719102	2.00079235266771826574	0.49994953198712532849	0.17012319922244290016
0.34500000000000002887	0.99956052366471248583	0.44529397898056277683	0.55426654468415048616	5.47210128559528907743	2.00081029061259396684	0.49994522982924660681	0.17262292537158913097
0.35000000000000003331	0.99955219237222903139	0.43324021229514592113	0.56631198007708261066	5.48380487016200657280	2.00082967462464234032	0.49994067648614420873	0.17512262875401984896
0.35499999999999998224	0.99954231886483124736	0.42122590093934142441	0.57831641792549370873	5.49546057162446111022	2.00084930219110068705	0.49993597214568846754	0.17762230861474828658
0.35999999999999998668	0.99953232213017528807	0.40925891762128630003	0.59027340450889387302	5.50706758260885909095	2.00086916734963971010	0.49993124448885484234	0.18012196483719256079
0.36499999999999999112	0.99952298409969608795	0.39734680393244209418	0.60217618016725760199	5.51862304878992748769	2.00088779768232782885	0.49992682501720542287	0.18262159896227858624
0.36999999999999999556	0.99951289237238460927	0.38549579927743354846	0.61401709309495478006	5.53011242373686862095	2.00090784418752232199	0.49992217492290796921	0.18512120983689311915
0.37500000000000000000	0.99950267514334412144	0.37371324002526207231	0.62578943511808415856	5.54153213646310138785	2.00092815553730929423	0.49991740248091576237	0.18762079684929769408
0.38000000000000000444	0.99949233081203703311	0.36200608606883249996	0.63748624474320714217	5.55287525535249937292	2.00094872691260672326	0.49991256751841545158	0.19012035968688978382
0.38500000000000000888	0.99948185871642103439	0.35038125155885779805	0.64910060715756678906	5.56413490980071845371	2.00096954567376261735	0.49990767255405016423	0.19261989804966003770
0.39000000000000001332	0.99947226430584990009	0.33884701267144368142	0.66062525163440921627	5.57530886439769002294	2.00098912984337395926	0.49990309417038197859	0.19511941352051195842
0.39500000000000001776	0.99946179125731837711	0.32740743585113946112	0.67205435540617786128	5.58638359230628722685	2.00100990380235499444	0.49989920585812586129	0.19761890954980260160
0.40000000000000002220	0.99945285158580088325	0.31607215359857898651	0.68338069798722278492	5.59736461982913269253	2.00102775876189431514	0.49989413254623998872	0.20011838021253380848
0.40500000000000002665	0.99944243312672742530	0.30484487308006147366	0.69459756004666983742	5.60822707498834294171	2.00104726742674854378	0.49989085426730328621	0.20261783448387032935
0.41000000000000003109	0.99943273818143829601	0.29373510464833346711	0.70569763353311032450	5.61897531932095528617	2.00106657636619944540	0.49988552571679534253	0.20511726211245431828
0.41500000000000003553	0.99942204726265948533	0.28274652655949356062	0.71667552070316808965	5.62959737457315512188	2.00108778808182785625	0.49988163501622540075	0.20761667028753544306
0.41999999999999998446	0.99941304349822190911	0.27188925706898547929	0.72752378642924053764	5.64009820131071570870	2.00110767526658284154	0.49987603356897064577	0.21011605045538028769
0.42499999999999998890	0.99940427575203938382	0.26116764274343073904	0.73823663300861297465	5.65046590336753062900	2.00112571964488461518	0.49987297878554337593	0.21261541534930800124
0.42999999999999999334	0.99939536523163352566	0.25058783395204564659	0.74880753127959287507	5.66069106216776685159	2.00114356311307961533	0.49986891094457786000	0.21511475990403089442
0.43499999999999999778	0.99938739349401606304	0.24015527515549761617	0.75923211833852211061	5.67077543813612194867	2.00115911320746731050	0.49986658966200003817	0.21761409285234090127
0.44000000000000000222	0.99938010542230659716	0.22987807072427146604	0.76950203469803801770	5.68070842376698870169	2.00117418654846934700	0.49986210964895766429	0.22011340340058568876
0.44500000000000000666	0.99937321641421139606	0.21976145580556866177	0.77961176060864723070	5.69048448742946089141	2.00118906799586104839	0.49986046892424862431	0.22261270574520691801
0.45000000000000001110	0.99936629652700159632	0.20981112231558504688	0.78955517421142096257	5.70009431738610317097	2.00120323655973564314	0.49985783718660697916	0.22511199493113995262
0.45500000000000001554	0.99935933704997570448	0.20003293394374641045	0.79932640310623570556	5.70953200024849749639	2.00121737656851061971	0.49985526591618500980	0.22761127126072086546
0.46000000000000001998	0.99935232525661343850	0.19043265207107346049	0.80891967318554269806	5.71879172436511762356	2.00123154193664287703	0.49985271196403036065	0.23011053482054102948
0.46500000000000002442	0.99934524825819637250	0.18101593280669459052	0.81832931545150489061	5.72786780355560765088	2.00124578099273353615	0.49985014576812553111	0.23260978554938166463
0.47000000000000002887	0.99933731225035959955	0.17178770058360873230	0.82754961166675555795	5.73675212367366338384	2.00125927963929095554	0.49984775920600765797	0.23510902434541169903
0.47500000000000003331	0.99933006999420725958	0.16275462975272378396	0.83657544024149110840	5.74544431825258161695	2.00127377408205830989	0.49984510146965677180	0.23760824985275999510
0.47999999999999998224	0.99932273634338864010	0.15392142252036492001	0.84540131382303029817	5.75393660658127803487	2.00128842835415321488	0.49984238179101148081	0.24010746176171504640
0.48499999999999998668	0.99931530495943288184	0.14529327865744051662	0.85402202630199619549	5.76222383887224154364	2.00130326227302379749	0.49983958745071682683	0.24260665969896863525
0.48999999999999999112	0.99930776966084045032	0.13687527516929817728	0.86243249449154968378	5.77030098694305593199	2.00131829171794306532	0.49983671361470927152	0.24510584326704218383
0.49499999999999999556	0.99930012615391350383	0.12867236453332170365	0.87062776162059574148	5.77816316422169862221	2.00133352982847734225	0.49983374400500779622	0.24760501198706721948
0.50000000000000000000	0.99929236935500898031	0.12068936917605359305	0.87860300017896253433	5.78580559084318668539	2.00134898920601100869	0.49983070660628492465	0.25010416552009862023
0.50500000000000000444	0.99928449554894982487	0.11293098203199936069	0.88635351351695856881	5.79322363548637842001	2.00136467549028873592	0.49982756044103132664	0.25260330332230379602
0.51000000000000000888	0.99927650136548296089	0.10540176055996812454	0.89387474080551965194	5.80041279978079060697	2.00138060232309733522	0.49982431576052666067	0.25510242490110640601
0.51500000000000001332	0.99926919950932269199	0.09810614520607539857	0.90116305430325427395	5.80737606373744430499	2.00139678015959310287	0.49982101500068570887	0.25760152997610985537
0.52000000000000001776	0.99926098066579505108	0.09104839174985754346	0.90821258891594558449	5.81409422413079202130	2.00141316530294988141	0.49981805392125649989	0.26010062024571611872
0.52500000000000002220	0.99925264752218401210	0.08423267005545538588	0.91501997746673491285	5.82057094509760464263	2.00142981699908473203	0.49981455137025065927	0.26259969300256735814
0.53000000000000002665	0.99924501930374665104	0.07766368293544567702	0.92158133636830896762	5.82680487807908775721	2.00144663731346561519	0.49981082758725980941	0.26509874714050363220
0.53500000000000003109	0.99923652647485761147	0.07134387307933198752	0.92789265339552884360	5.83278732255227616577	2.00146360127473244006	0.49980701343615874244	0.26759778220768443147
0.54000000000000003553	0.99922730984553431721	0.06527691974560466404	0.93395039009993630064	5.83851590984174251275	2.00147896901520772062	0.49980362348611834244	0.27009680032511501624
0.54500000000000003997	0.99921884378327496812	0.05946779899378765166	0.93975104478949234021	5.84399093374028311132	2.00149590359240159287	0.49980014760733232348	0.27259580106315167702
0.55000000000000004441	0.99921030117981246566	0.05391919262913087013	0.94529110855068831931	5.84920638040323037643	2.00151294260451528828	0.49979642549010477870	0.27509478319060221008
0.55500000000000004885	0.99920168380068663527	0.04863434020059541341	0.95056734360009575990	5.85415905644199341396	2.00153013131834267568	0.49979269261129194435	0.27759374665365865731
0.56000000000000005329	0.99919299324769095261	0.04361632440562963203	0.95557666884206704516	5.85884592453824915026	2.00154746713793141311	0.49978894749738578263	0.28009269139114556513
0.56500000000000005773	0.99918423118925137061	0.03886806911571614315	0.96031616207353998060	5.86326409622744026962	2.00156495487861540994	0.49978521762421967978	0.28259161747926664354
0.57000000000000006217	0.99917539960308798808	0.03439233818849935648	0.96478306141459291290	5.86741086056083105404	2.00158258114812914741	0.49978146734032558030	0.28509052481596824924
0.57500000000000006661	0.99916650014087027287	0.03019173356878679729	0.96897476657208569950	5.87128365363931781218	2.00160034109059958851	0.49977768439672770606	0.28758941323795189637
0.57999999999999996003	0.99915837893141223880	0.02626869369888221520	0.97288968523253460674	5.87488760256884390287	2.00161823719591058790	0.49977388318170579140	0.29008828265386044087
0.58499999999999996447	0.99914935451629693919	0.02262549130074017339	0.97652386321556361448	5.87820550742361902508	2.00163626537857597398	0.49977005823249476268	0.29258713294502292079
0.58999999999999996891	0.99914026512949438708	0.01926423461467990927	0.97987603051482063954	5.88124274995673790301	2.00165442403295967821	0.49976620755980005750	0.29508596398282194162
0.59499999999999997335	0.99913111142580612878	0.01618686367461023151	0.98294424775119881854	5.88399742731789210382	2.00167271186045736542	0.49976233105926065603	0.29758477563811824851
0.59999999999999997780	0.99912204976645668797	0.01339515021211078703	0.98572689955435222053	5.88646918626603543601	2.00168940947456075463	0.49975884951524429667	0.30008356988569445667
0.60499999999999998224	0.99911296148991046717	0.01089069661583230014	0.98822226487408604267	5.88865524304020837576	2.00170759949843235503	0.49975527495503163644	0.30258234626046959237
0.60999999999999998668	0.99910380910281171296	0.00867493492845775906	0.99042887417435843123	5.89055401253121946326	2.00172586824482623413	0.49975142943232253590	0.30508110340763122670
0.61499999999999999112	0.99909459267475198008	0.00674912619256187556	0.99234546648219379428	5.89216426201814513774	2.00174426495045043595	0.49974755640628576447	0.30757984118966263942
0.61999999999999999556	0.99908531188202165385	0.00511435970051479522	0.99397095218151054752	5.89348491013302222541	2.00176279646034194215	0.49974368214221082107	0.31007855960037367105
0.62500000000000000000	0.99907596720471036900	0.00377155228591009861	0.99530441491880594640	5.89451507752380532423	2.00178145646904193100	0.49973977698422367144	0.31257725848529477330
0.63000000000000000444	0.99906737124337430256	0.00272145575829772172	0.99634591548507955849	5.89526126570406017180	2.00180024389525668127	0.49973583093282170076	0.31507593763995889180
0.63500000000000000888	0.99905790647114733893	0.00196462687914931511	0.99709327959200422242	5.89570857027648731474	2.00181915838165824795	0.49973184339212334271	0.31757459685691952211
0.64000000000000001332	0.99904837839580218350	0.00150146788776322473	0.99754691050803989683	5.89586377746772516417	2.00183819988473787888	0.49972781343384498065	0.32007323592408876145
0.64500000000000001776	0.99903878737384499420	0.00133220126638782747	0.99770658610746265627	5.89572669714488473147	2.00185736762413180045	0.49972373639688988378	0.32257185460607323835
0.65000000000000002220	0.99902913382176394830	0.00145687540088564483	0.99757225842088070866	5.89529730887304648235	2.00187666119558516087	0.49971961885625110211	0.32507045270035450635
