0.00000000000000000000	1.00000000000000000000	1.00000000000000000000	-1.00000000000000000000	0.00000000000000000000	0.00000000000000000000	nan	nan
0.10000000000000000555	0.99999537499999557877	0.99500774999999563875	-0.99999537499999557877	0.00247506249999998986	0.00000000000000000000	0.00000000000000000000	nan
0.20000000000000001110	0.99994147880686823360	0.98011498869841517934	-0.99994147880686834462	0.00972812162722663798	0.00000000000000000000	0.00000000000000000000	0.00000000000000000000
0.30000000000000004441	0.99983986980078920492	0.95561754865129966419	-0.99983986980078498608	0.02147207027973164345	0.00000000000000019113	0.00000000000000000000	7284318991854.58593750000000000000
0.40000000000000002220	0.99969254383395855790	0.92190071891858471620	-0.99969254383395655950	0.03738450098329215709	0.00000000000000006839	0.00000000000000000000	20736842082027.69921875000000000000
0.50000000000000000000	0.99950190281705109108	0.87943270777356385981	-0.99950190281705075801	0.05711196057171904344	0.00000000000000006083	0.00000000000000000000	15265859706317.50390625000000000000
0.60000000000000008882	0.99927071022114866139	0.82875746188531462799	-0.99927071022114422050	0.08027438876360666609	0.00000000000001369113	0.00000000000000000000	236771243.48628795146942138672
0.70000000000000006661	0.99900206977140071363	0.77048696414136719213	-0.99900206977139549558	0.10646969285863436272	0.00000000000001280268	0.00000000000000000000	248216368.67261931300163269043
0.80000000000000004441	0.99869936652554569534	0.70529304939780090855	-0.99869936652553970013	0.13527840524491149821	0.00000000000001276263	0.00000000000000000000	239973451.83938315510749816895
0.90000000000000002220	0.99836625589141669845	0.63389890381894897775	-0.99836625589140814974	0.16626838209344552144	0.00000000000001176698	0.00000000000000000000	256091980.12358972430229187012
1.00000000000000000000	0.99800649535457253148	0.55707019721550254943	-0.99800649535456176231	0.19899946408625363015	0.00000000000001053820	0.00000000000000000000	292471678.14517641067504882812
1.10000000000000008882	0.99762694825288689149	0.47560775885387102102	-0.99762694793712258789	0.23302881525035279431	0.00000024750154801869	0.00000000000000000000	0.01596572964133431347
1.20000000000000017764	0.99722635220709388015	0.39033246313339170497	-0.99722629523539552121	0.26791288679633035175	0.00000386425901348040	0.00000000000000000000	0.52537695646337778665
1.30000000000000004441	0.99681109507865939268	0.30208520070059585727	-0.99681094092471900225	0.30321523822068741083	0.00001916881265611474	0.00000000000000000309	0.02814741209876863229
1.40000000000000013323	0.99638582528645791569	0.21171239821690779337	-0.99638520087803494896	0.33850885212361242482	0.00005911172325984142	0.00000000000000000260	0.00645956471575348783
1.50000000000000000000	0.99595421655822724549	0.12005812486114350590	-0.99595204364725398172	0.37338007330126909977	0.00014051043680757242	0.00000000001822574598	0.00259741793716113849
1.60000000000000008882	0.99552112284983185209	0.02795637736203343549	-0.99551490944502563085	0.40743310788596398542	0.00028297744893145257	0.00000000001618967062	0.00108737602087310677
1.70000000000000017764	0.99509034631993764641	-0.06377759119933540388	-0.99507515232158894047	0.44029264186005206971	0.00050846315734221989	0.00000000001770277118	0.00048827241939936370
1.80000000000000004441	0.99466562331958541243	-0.15435454846137156015	-0.99463267403802335664	0.47160729984125443481	0.00083949777819158954	0.00000000001349124799	0.00040459926643555955
1.90000000000000013323	0.99425073976333933068	-0.24301846855347350451	-0.99418567479171782164	0.50105253596577348230	0.00129921584501129102	0.00000000091820472329	0.00032662953478118780
2.00000000000000000000	0.99384921149752547542	-0.32905316822691632606	-0.99372996380072964318	0.52833293518965684932	0.00190983109534482629	0.00000000083966435707	0.00024980717653560878
2.10000000000000008882	0.99346436446449137847	-0.41176159353433483545	-0.99325869994043947120	0.55245198419198149331	0.00269142685255141555	0.00000000072036987532	0.00013629594081318559
2.20000000000000017764	0.99309945489104589633	-0.49045706380557263504	-0.99276220076686616522	0.57243427255762957540	0.00366264830043264503	0.00000000082334143409	0.00008758010256247594
2.30000000000000026645	0.99275777867359837892	-0.56451253017993241468	-0.99222780607768634731	0.58811056700442343459	0.00483801195165394025	0.00000000115294079034	0.00005461662109916526
2.40000000000000035527	0.99244185523452255193	-0.63339552499927354035	-0.99163887402338657395	0.59938383282299767529	0.00622880644104450206	0.00000000123026775000	0.00003785709452141092
2.50000000000000000000	0.99215398146269628832	-0.69667004823024658577	-0.99097520752939327604	0.60622523918349557892	0.00784234706121474980	0.00000000054814852773	0.00002674481889840741
2.60000000000000008882	0.99189587937353551617	-0.75399686237530294530	-0.99021268789368477314	0.60867875576652086256	0.00967956094235564862	0.00000000030373252736	0.00001912796757316041
2.70000000000000017764	0.99166876708172868593	-0.80513221365211662395	-0.98932341979100635321	0.60683155425339896372	0.01173772838219561826	0.00000000043209094060	0.00001397995467968396
2.80000000000000026645	0.99147352634622154532	-0.84992588705618943301	-0.98827604290864945469	0.60084983486654308660	0.01400867531187948052	0.00000000022925574639	0.00001130120561484846
2.90000000000000035527	0.99131055837069759207	-0.88831780857227138348	-0.98703584894984541798	0.59093081033518224388	0.01647888995923216943	0.00000000083718485922	0.00000819251760145636
3.00000000000000000000	0.99117987846734245672	-0.92033351874888047472	-0.98556524255393529454	0.57732369837742947283	0.01912929016431638360	0.00000000169803421197	0.00000632543387897491
3.10000000000000008882	0.99108106509573268283	-0.94607909925382882577	-0.98382119053581273960	0.56032332507913240605	0.02208056404849834814	0.00000000217023338025	0.00000483310655174458
3.20000000000000017764	0.99101335202488938236	-0.96573504979673585602	-0.98175082820424175445	0.54023990444607872252	0.02547804349208800112	0.00000000220923136039	0.00000370866576225003
3.30000000000000026645	0.99097593648519344267	-0.97954990663634844417	-0.97929266625947897218	0.51742487464297060029	0.02932245242976020891	0.00000000111943613076	0.00000308057130610609
3.40000000000000035527	0.99096729545836992337	-0.98783242650801683649	-0.97637813878304924309	0.49224091346687937065	0.03360453982808579709	0.00000000206328574244	0.00000234591062389112
3.50000000000000000000	0.99098609067200005285	-0.99094480820968855461	-0.97293385810985810735	0.46506298454330796677	0.03830559089862262817	0.00000000265564540707	0.00000174955627518015
3.60000000000000008882	0.99103093058261171322	-0.98929464972141356593	-0.96888154783735858100	0.43628701043929296599	0.04338901153403456473	0.00000000332212597495	0.00000139387632289608
3.70000000000000017764	0.99109988519953384767	-0.98332636174408205587	-0.96413869154799669570	0.40629820024844204296	0.04881616967113328737	0.00000000560736260033	0.00000111150689525358
3.80000000000000026645	0.99119108879534434386	-0.97351370520051028201	-0.95862049398593096594	0.37548122389874183380	0.05452199890024810036	0.00000000635564607787	0.00000088450471324000
3.90000000000000035527	0.99130251677740421901	-0.96035160206940828331	-0.95224077804665585578	0.34421310397294929695	0.06044750043996825056	0.00000000907510116448	0.00000060782340025406
4.00000000000000000000	0.99143215791499061940	-0.94434847491112683393	-0.94491354424595574990	0.31285970042099126021	0.06651219865802290854	0.00000000759993913470	0.00000040164244676290
4.10000000000000053291	0.99157771602028255131	-0.92602717184812810558	-0.93655450166831366587	0.28125671818044922778	0.07263527741427676376	0.00000001008604775542	0.00000031698037666258
4.20000000000000017764	0.99173690507365130919	-0.90593369205659335375	-0.92708322342936588800	0.24937925734047325377	0.07871742960246706777	0.00000000988147803812	0.00000027985348459311
4.29999999999999982236	0.99190733614720949518	-0.88462756168769429710	-0.91642542550475847296	0.21779789848200001301	0.08465215936979406108	0.00000001343695017434	0.00000023821549669521
4.40000000000000035527	0.99208663761449900065	-0.86266355020505602891	-0.90451462072003618875	0.18704197757473631225	0.09034891818579333933	0.00000003300493370666	0.00000017164562087696
4.50000000000000000000	0.99227240410915129587	-0.84058101330104850746	-0.89129419447623725592	0.15759029737066698740	0.09569207545147336014	0.00000001502136374180	0.00000013803046347681
4.60000000000000053291	0.99246249189425017612	-0.81889417944629150359	-0.87672000760055879276	0.12988151346085685667	0.10058416522348982702	0.00000001994557926737	0.00000012451177357071
4.70000000000000017764	0.99265468803371326167	-0.79808336079114450268	-0.86076162744736628429	0.10427801025620973829	0.10492573180177484915	0.00000003331735107918	0.00000011488520489639
4.80000000000000071054	0.99284693491383002595	-0.77858747602432909485	-0.84340413790276413941	0.08110597747809621116	0.10863339203600039240	0.00000005011586342417	0.00000013616935868475
4.90000000000000035527	0.99303738447819744906	-0.76079796901905505369	-0.82465011741648686083	0.06060466195919093912	0.11161259537326150004	0.00000009034339453088	0.00000012223346287029
5.00000000000000000000	0.99322429065363526668	-0.74505423775196355507	-0.80452163353912498067	0.04296805994347394769	0.11378716476964008397	0.00000019995602449279	0.00000010969341702028
5.10000000000000053291	0.99340608831126897549	-0.73163972387090792093	-0.78304498994408766599	0.02832107963940044479	0.11543033445232586676	0.00000042711022239395	0.00000010685326104485
5.20000000000000017764	0.99358155693295313604	-0.72077945033989554435	-0.76023299615720729694	0.01673786084756486575	0.11678123381249352897	0.00000086614532706239	0.00000010683488540172
5.30000000000000071054	0.99374992969772124596	-0.71263795934470242077	-0.73609921442495040989	0.00823211598380781638	0.11773669264350940245	0.00000230993820427341	0.00000012056606072231
5.40000000000000035527	0.99391062807625529807	-0.70732010684424739821	-0.71067456585536681324	0.00275634529282935570	0.11820893098512903763	0.00001437269559434052	0.00000008726220005811
5.50000000000000000000	0.99406328556909695493	-0.70487181673782828284	-0.68401071122281520420	0.00022088037909569929	0.11808018246167667487	0.00180361389707253445	0.00000007425691251958
5.60000000000000053291	0.99420768954792870797	-0.70528150846438664168	-0.65618195854997718452	0.00048600225387856154	0.11727975545406994773	0.00028759583045031266	0.00000007530718925852
5.70000000000000017764	0.99434375012742792777	-0.70848373137839415481	-0.62728345107748184617	0.00337327656769839581	0.11576537414824579486	0.00000557602315489908	0.00000008626336106036
5.80000000000000071054	0.99447149192178396770	-0.71436306701285445797	-0.59743321619946354595	0.00867207083341600682	0.11347098958592588547	0.00000094440802343751	0.00000009101877413175
5.90000000000000035527	0.99459117968430510448	-0.72275807447886386559	-0.56677270057306705642	0.01613896413026772933	0.11038754057599130254	0.00000044190754865832	0.00000009977882937397
6.00000000000000000000	0.99470300905170905281	-0.73346531820273963564	-0.53546626999018831494	0.02550709441889353196	0.10648643907282936971	0.00000031679942381832	0.00000011411618067537
6.10000000000000053291	0.99480718226252473624	-0.74626281164344498986	-0.50370068596841477415	0.03667950151494326488	0.10179994441874769262	0.00000023550722736837	0.00000014647387861983
6.20000000000000017764	0.99490382223956164154	-0.76092732783509731131	-0.47168364418068403632	0.04962843182259825403	0.09634503724051605988	0.00000017976940217620	0.00000016467565416335
6.30000000000000071054	0.99499302049522864166	-0.77721410487935072009	-0.43964448031363617675	0.06414638430611716013	0.09017048137815648901	0.00000015747263215795	0.00000018479063652902
6.40000000000000035527	0.99507502295368377432	-0.79484285973789925439	-0.40782987091310168859	0.07999365858813929642	0.08336825383136269030	0.00000013066888744464	0.00000021681798523313
6.50000000000000000000	0.99515007194701365911	-0.81350216716830214825	-0.37650178059192668245	0.09686673433789623477	0.07602341512623729536	0.00000007701412447079	0.00000026722676484542
6.60000000000000053291	0.99521847741949687194	-0.83285606587810634416	-0.34593528068190632085	0.11446417074420851823	0.06825722336225822917	0.00000006528628041381	0.00000035310524731330
6.70000000000000017764	0.99528058007834097065	-0.85255332674205697163	-0.31641512171272379028	0.13248673516736036992	0.06020173102920126779	0.00000005539051399954	0.00000048716565371796
6.80000000000000071054	0.99533673790789689573	-0.87223320008040738927	-0.28823035146670444862	0.15058919041299806407	0.05201299133832661820	0.00000005007408749272	0.00000069188711102226
6.90000000000000035527	0.99538729678449966443	-0.89153264265757659057	-0.26167303281141635063	0.16846911743204065481	0.04384453533216862986	0.00000005216753066331	0.00000107435404750298
7.00000000000000000000	0.99543252827646777625	-0.91009328244773324279	-0.23703315950891828967	0.18578766301369681324	0.03586766049811338647	0.00000006229477603773	0.00000166684908541098
7.10000000000000053291	0.99547279629263907275	-0.92756844429491480675	-0.21456444250290573894	0.20227122534936511911	0.02842371809900819113	0.00000005718932375767	0.00000277894584185443
7.20000000000000017764	0.99550867347324889511	-0.94362974257676324186	-0.19445192155137264178	0.21761995602779915515	0.02174461071711707161	0.00000004061965125153	0.00000493557181455553
7.30000000000000071054	0.99554088265277795866	-0.95797221853738923070	-0.17684807037953315101	0.23157151064213471470	0.01585591480632509223	0.00000002923957590557	0.00000954731967730762
7.40000000000000035527	0.99557017356132992969	-0.97032049582248647290	-0.16189803857275034127	0.24392928546171119275	0.01080501565053968056	0.00000002826202388824	0.00002178814128478377
7.50000000000000000000	0.99559697497449106685	-0.98043274674984404182	-0.14974168124353873233	0.25448731414937275641	0.00663448531385839486	0.00000002653656773266	0.00005874898204503571
7.60000000000000053291	0.99562146892756020478	-0.98810423641648970072	-0.14051175900111906314	0.26310508958439093874	0.00341561348624128298	0.00000002131319934981	0.00026058513936406610
7.70000000000000017764	0.99564419380365254408	-0.99317121763617133290	-0.13432509306273526795	0.26966867722485265979	0.00121994753822258074	0.00000002283928772160	0.00185050567570733959
7.80000000000000071054	0.99566517937250997861	-0.99551204251745817331	-0.13128393072529254137	0.27412233062276658568	0.00011870962462186248	0.00000001845044029333	0.23732345639735644149
7.90000000000000035527	0.99568433896241992365	-0.99504871452716392444	-0.13147166913294877633	0.27641709228349631289	0.00018558183004148776	0.00000002142075744061	0.11212709126205566701
8.00000000000000000000	0.99570146367150580424	-0.99174738599863965227	-0.13495101323950764449	0.27655741825622248697	0.00149107190900947908	0.00000002276438420360	0.00181718209919420914
8.09999999999999964473	0.99571625088616921850	-0.98561470324157607337	-0.14175791464767426020	0.27508778003785294697	0.00409341834440549428	0.00000001873038127045	0.00023606747775233670
8.20000000000000106581	0.99572853878177913778	-0.97668677356716582239	-0.15190156771194227026	0.27246545361152618714	0.00804992661500954394	0.00000001956580584078	0.00006076866195641838
8.30000000000000071054	0.99573803608229916051	-0.96502370146901694792	-0.16536713897169413867	0.26860615994995540312	0.01340438958487642600	0.00000001438905818294	0.00002294817868305432
8.40000000000000035527	0.99574451552747100802	-0.95071235331560688397	-0.18210475291264388575	0.26348605431288812939	0.02017288819848347611	0.00000001196474242241	0.00000941243429906211
8.50000000000000000000	0.99574797136882198245	-0.93386810879397952334	-0.20203357551368381073	0.25703057404926915597	0.02836904578462132176	0.00000000285285185467	0.00000453771505003930
8.59999999999999964473	0.99574802610466683905	-0.91463514749606256160	-0.22503871332467287325	0.24928127929317786537	0.03797857455267775184	0.00000000409304002418	0.00000300097062938521
8.70000000000000106581	0.99574468020854989270	-0.89318518904568422467	-0.25097404201554468495	0.24029389110512916483	0.04896586324520714462	0.00000000449769842526	0.00000156809261187191
8.80000000000000071054	0.99573780432161140830	-0.86971670397788969353	-0.27965739332795774841	0.23012121144750130597	0.06126863291821207230	0.00000000767586813196	0.00000073504585846042
8.90000000000000035527	0.99572737955941970078	-0.84445377108046126846	-0.31087310704207143930	0.21887129535607835473	0.07480956695148700819	0.00000000857643293289	0.00000116758743893832
9.00000000000000000000	0.99571290248619337415	-0.81764233956739507114	-0.34437704756642029125	0.20664463037538979839	0.08948804444354059584	0.00000001103062353526	0.00000128592027814358
9.09999999999999964473	0.99569515470724323514	-0.78954865416316999394	-0.37986931775930665722	0.19363280071838345764	0.10486690887230483427	0.00000001371590290993	0.00000096103380233277
9.20000000000000106581	0.99567452991209948188	-0.76045438116941532769	-0.41698055566405195504	0.17994090992022743203	0.12047890076346109978	0.00000001689338775644	0.00000093891514195186
9.30000000000000071054	0.99565134166753921363	-0.73065557811602244165	-0.45531659316920419789	0.16573999631569866220	0.13616445193812395931	0.00000004473209294940	0.00000085016930044619
9.40000000000000035527	0.99562579761670777501	-0.70045538560579267973	-0.49449115105733609798	0.15124408102547629018	0.15176618579928033426	0.00000004492913230096	0.00000071525857708801
9.50000000000000000000	0.99559832874728537710	-0.67016064685836362891	-0.53413169858151821057	0.13661312424042715286	0.16718569011079303932	0.00000004120033254904	0.00000057747876935871
9.60000000000000142109	0.99556930075276461878	-0.64007891214202428110	-0.57387500628901233490	0.12203724479877453568	0.18225927043219536383	0.00000008959601448449	0.00000059172992992581
9.70000000000000106581	0.99553890496385788467	-0.61051260985938848869	-0.61336784286536916166	0.10769997576585035870	0.19685121095741756059	0.00000006356253826731	0.00000053123392768337
9.80000000000000071054	0.99550731420907656588	-0.58175486513222096630	-0.65227134934417574375	0.09378039337598753633	0.21085531734299947648	0.00000017634554521498	0.00000044640428307392
9.90000000000000035527	0.99547471477219307001	-0.55408612112061450539	-0.69026111054086247698	0.08043541389906992689	0.22412187140016545661	0.00000008529477114635	0.00000037987603105063
10.00000000000000000000	0.99544143726931277882	-0.52777115065331070554	-0.72702908801019339169	0.06781034747362262027	0.23656411222695777896	0.00000011131246914888	0.00000040370863879648
10.10000000000000142109	0.99540707211746071170	-0.50303104110629359713	-0.76228363111629848792	0.05626316917727216399	0.24798677439704094883	0.00000027695018740062	0.00000041656829833359
10.20000000000000106581	0.99537328454093765284	-0.48002182185482245025	-0.79575374703757117967	0.04598991284067512758	0.25832092855791255470	0.00000021689445469126	0.00000037174187290992
10.30000000000000071054	0.99534047424397176229	-0.45885782510082312458	-0.82719187350411960136	0.03690231333736315733	0.26746032173080602767	0.00000031236583995210	0.00000028801293553114
10.40000000000000035527	0.99530867901670638798	-0.43964205536275058339	-0.85637186429568101786	0.02893395767878154806	0.27525972860048791846	0.00000062042733657805	0.00000045407256765417
10.50000000000000000000	0.99527846948240694669	-0.42246545383348788061	-0.88309295307865520730	0.02201202350880314754	0.28164479013277798902	0.00000173571791590562	0.00000041340600959298
10.60000000000000142109	0.99525071760124905751	-0.40740551202186070512	-0.90718476043511397933	0.01610629454283164785	0.28651497506547046745	0.00000320925809637750	0.00000038315195035176
10.70000000000000106581	0.99522571279594829186	-0.39452316007258714237	-0.92850484727557447417	0.01117951701182609038	0.28978391266149844396	0.00000651879822002299	0.00000040387523508210
10.80000000000000071054	0.99520377250073599473	-0.38386533897825592110	-0.94694159329141813775	0.00719265160049393192	0.29136870109871376711	0.00001628768948638101	0.00000042440542935387
10.90000000000000035527	0.99518515458091416637	-0.37546337286245545783	-0.96241696514803498630	0.00411881381353120316	0.29125630706014604687	0.00004338393078918854	0.00000046072588684068
11.00000000000000000000	0.99516988271084305673	-0.36933314488801088915	-0.97488708861226502922	0.00192022204132776095	0.28941426418801408094	0.00019878864543488044	0.00000040305075905254
11.10000000000000142109	0.99515796124016353552	-0.36547161763490115804	-0.98433999667991223248	0.00056842248994628619	0.28543306740685542300	0.00232652468188242331	0.00000032645147842953
11.20000000000000106581	0.99514932615513229663	-0.36385749265928751806	-0.99079879919011937250	0.00001785597693566997	0.27875411518972292857	2.68411583975325518381	0.00000030036732524618
11.30000000000000071054	0.99514381090187975509	-0.36445599629012254139	-0.99433499822945137225	0.00022484807539160863	0.26978458122111154127	0.01818310494197105526	0.00000027192745024027
11.40000000000000035527	0.99514096722481282242	-0.36721397304089936631	-0.99507045806360627793	0.00113808652856220872	0.25880310071295492547	0.00071291173758414349	0.00000018828228983917
11.50000000000000000000	0.99514031202085684313	-0.37206129990388381312	-0.99316976038752735612	0.00270133796916226633	0.24613831259617657832	0.00013274820715177433	0.00000011696565651231
11.60000000000000142109	0.99514126028354787934	-0.37891309836499487140	-0.98883372422571980120	0.00485116618764818222	0.23202290799771912999	0.00004254548687632103	0.00000009095013360468
11.70000000000000106581	0.99514309776423570675	-0.38766901775301304545	-0.98229375076020997160	0.00751757500556130519	0.21674078273202360134	0.00001969749011891046	0.00000006698017030098
11.80000000000000071054	0.99514517170144012326	-0.39821382314959857807	-0.97380613392616166557	0.01062270722384082294	0.20058545003113775751	0.00001519308624848427	0.00000005904091179676
11.90000000000000035527	0.99514670463666332623	-0.41042127698437852468	-0.96364631170092440726	0.01409434302885506120	0.18378932219176838392	0.00000902464348351295	0.00000005941145003984
12.00000000000000000000	0.99514692007657579165	-0.42415635325783895837	-0.95210397148778735943	0.01785186819885138318	0.16663778483802244024	0.00000588468191299404	0.00000007539169618923
12.10000000000000142109	0.99514502449672559425	-0.43925550504239374572	-0.93947847886100221970	0.02170426418611475991	0.14931027998505386201	0.00000431199720568680	0.00000015179425649878
12.20000000000000106581	0.99514042343449382599	-0.45550186992465419022	-0.92607458772821560355	0.02536899312734780532	0.13208835594504009237	0.00000322118442169876	0.00000017349112914711
12.30000000000000071054	0.99513286429842073844	-0.47266713212013378165	-0.91219671162307647272	0.02881780561094985163	0.11518979644332237589	0.00000261880812188972	0.00000028284705435431
12.40000000000000035527	0.99512180068820310641	-0.49055148071344356620	-0.89814579521185589073	0.03200924724689634820	0.09879967964926004986	0.00000200913799275332	0.00000046847408429992
12.50000000000000000000	0.99510677395356961217	-0.50897754215989665649	-0.88421503602001627620	0.03493499246367119671	0.08313246545324838588	0.00000159898255675402	0.00000074307160545987
12.60000000000000142109	0.99508720069507694550	-0.52778637079895307505	-0.87068587300098865267	0.03756468919666231671	0.06836827319802456226	0.00000141673655378460	0.00000137050262650283
12.70000000000000106581	0.99506251106662524375	-0.54683413151099125038	-0.85782508422185776986	0.03989501092124519283	0.05467942909291474002	0.00000125326742683383	0.00000218134747387802
12.80000000000000071054	0.99503217013226519239	-0.56599399461690047541	-0.84588187718097407330	0.04193619427016712781	0.04221749539638663257	0.00000118206295529449	0.00000384334782366172
12.90000000000000035527	0.99499566050945742468	-0.58515287362749413003	-0.83508393728410823531	0.04367909912876802997	0.03114514214063102138	0.00000116663062945640	0.00000792951621232637
13.00000000000000000000	0.99495249819902698007	-0.60421063141640540817	-0.82563399072574983339	0.04514581001046249348	0.02159364596367997075	0.00000110846203299650	0.00001814920677970199
13.10000000000000142109	0.99490222045417042729	-0.62307685749454500002	-0.81771873406906847581	0.04631119483482641630	0.01359145131855789453	0.00000105790999720953	0.00005663962212724067
13.20000000000000106581	0.99484435276528371261	-0.64167080645999108324	-0.81152406465479109965	0.04720879941792899964	0.00721428654431895914	0.00000106585143735428	0.00020689722989655120
13.30000000000000071054	0.99477853067322408176	-0.65992376753018611168	-0.80721241054564152329	0.04784662924981612775	0.00274908345102851297	0.00000118274208898997	0.00161864531843973329
13.40000000000000035527	0.99470450639453300568	-0.67777407205641815313	-0.80489687538746157447	0.04821796678930817537	0.00037404129926740635	0.00000100243608956951	0.09818580644120690482
13.50000000000000000000	0.99462231820180702080	-0.69516770752188472571	-0.80464100145116990159	0.04834257079583929861	0.00019723748486759040	0.00000101664912010747	0.37501971212158857760
13.60000000000000142109	0.99453221950000569862	-0.71205869960029977150	-0.80646059598078922992	0.04822583526382371449	0.00225980072468532148	0.00000098853820130845	0.00295229289754472086
13.70000000000000106581	0.99443460776254466449	-0.72840745259655748090	-0.81032498704777322640	0.04787653778073922006	0.00655039760520431929	0.00000099020295431246	0.00035914675749280288
13.80000000000000071054	0.99433009359279411754	-0.74417997276271186102	-0.81615642170215940698	0.04729571658112394911	0.01300016361877612617	0.00000111926032129852	0.00009099286082020417
13.90000000000000035527	0.99421950302633310681	-0.75934885453625200480	-0.82383370307443704039	0.04650967455015001667	0.02150814905731311677	0.00000115662360676899	0.00003500562767789885
14.00000000000000000000	0.99410378136977572971	-0.77389368532873314965	-0.83319489973302207630	0.04553212990708681990	0.03191879838289903709	0.00000117540137863046	0.00001635479498120364
14.10000000000000142109	0.99398400301176459415	-0.78778769677307525221	-0.84404236938190335682	0.04422360136519337681	0.04408483372022706237	0.00000124132947742520	0.00000841761122724409
14.20000000000000106581	0.99386142702986757236	-0.80098316206562836239	-0.85614612038277215778	0.04239517700206446582	0.05778522387510419411	0.00000132888106473548	0.00000484133582856339
14.30000000000000071054	0.99373764653193075169	-0.81343756925721610873	-0.86924632975636761945	0.04023073569438940372	0.07279764473519474699	0.00000170202445286766	0.00000302206965098112
14.40000000000000035527	0.99361432533605031914	-0.82513468586226235146	-0.88306091051286139670	0.03784571404106960857	0.08891409056611396244	0.00000136739889177617	0.00000185777745470355
14.50000000000000000000	0.99349306803882919681	-0.83607684821795991148	-0.89728970119384776627	0.03535549285785993812	0.10588097906597551678	0.00000124531013941045	0.00000132523502915892
14.60000000000000142109	0.99337535946650912244	-0.84627975390163978631	-0.91161783280581565325	0.03282143137687072026	0.12345420137673922267	0.00000129615817326611	0.00000087252415637827
14.70000000000000106581	0.99326278102733489561	-0.85576795706282271503	-0.92572273917597291959	0.03030841363912178954	0.14139628627727399146	0.00000135192528397131	0.00000077263386465702
14.80000000000000071054	0.99315684456417829828	-0.86457414412470856568	-0.93927844154305617508	0.02787577080812875599	0.15948116250375959924	0.00000145078868460412	0.00000056142460278936
14.90000000000000035527	0.99305898623397759195	-0.87273569464102518367	-0.95195971310564686529	0.02554660620751931718	0.17744892216684046704	0.00000138144459506066	0.00000046167441940320
15.00000000000000000000	0.99297064592480555056	-0.88029315408602593074	-0.96344658115425718670	0.02335823536345603066	0.19507067532663124876	0.00000153315210117880	0.00000042618862604226
15.10000000000000142109	0.99289313193661776769	-0.88728759478368279812	-0.97343297648316495785	0.02130258340023289537	0.21245711209655007701	0.00000228904933697873	0.00000034529836481373
15.20000000000000106581	0.99282764590680949723	-0.89376016999067520175	-0.98162985436955130236	0.01940789816596104680	0.22989369148625393713	0.00000200445629760760	0.00000032077674771309
15.30000000000000071054	0.99277541525918455712	-0.89975317850208180737	-0.98775561912510811968	0.01767634094155338259	0.24691822173586425171	0.00000225665608659173	0.00000030054848343004
15.40000000000000035527	0.99273763053889774177	-0.90530671585893063291	-0.99153496610976254999	0.01609349970826017689	0.26319438654353405349	0.00000253333008362091	0.00000021406959563888
15.50000000000000000000	0.99271542250688427078	-0.91045881080626300808	-0.99270870388876641943	0.01466132118866209783	0.27829464868023878754	0.00000287688146340004	0.00000014203327217694
15.60000000000000142109	0.99270978562210610008	-0.91524594616471255382	-0.99104205368059672399	0.01337142800605239067	0.29197628955439336451	0.00000319459063428982	0.00000011306283879962
15.70000000000000106581	0.99272149587003732929	-0.91970194015374151508	-0.98633133311431575585	0.01221206745698717559	0.30395754268605873483	0.00000324412624256889	0.00000008542197417159
15.80000000000000071054	0.99275122788185710121	-0.92385765627984239856	-0.97840983162257699757	0.01116930518514553175	0.31397263278774445450	0.00000381265748597097	0.00000007398875155047
15.90000000000000035527	0.99279943447649610100	-0.92774167813845453967	-0.96715236853283592655	0.01023975706673024150	0.32187299120044349232	0.00000515905489569934	0.00000007368898894742
16.00000000000000000000	0.99286634406900076133	-0.93138065305521955395	-0.95247924106430681412	0.00941266512924325560	0.32745334045265450662	0.00000690373195221782	0.00000006863574910434
16.10000000000000142109	0.99295191517002101556	-0.93479255612511236162	-0.93435814967806052334	0.00861190293173924593	0.33071274581726967101	0.00000789613434270418	0.00000005938332581066
16.19999999999999928946	0.99305593888243870460	-0.93797996026928709412	-0.91280519694595763092	0.00775453277775427479	0.33153840449113686217	0.00001015244051548725	0.00000006209254526166
16.30000000000000071054	0.99317807133850899426	-0.94094358642496289669	-0.88788726593089739580	0.00691344196443224521	0.32991327256866848083	0.00001658907695765886	0.00000006810418250377
16.40000000000000213163	0.99331766096339635386	-0.94369283110792134828	-0.85971933335981476354	0.00612157932646086641	0.32594213337338318048	0.00001768404212684198	0.00000004145440419300
16.50000000000000000000	0.99347380233755688828	-0.94624299031012781835	-0.82846291635717916879	0.00541497362872059816	0.31966906326014266071	0.00002362341811366868	0.00000004264982561692
16.60000000000000142109	0.99364531609845574422	-0.94861261321234313648	-0.79432512330907756315	0.00479454638163881192	0.31121855189512287465	0.00003055435583756734	0.00000004047727147678
16.69999999999999928946	0.99383082549457724131	-0.95082093045773563578	-0.75755409629775205538	0.00426541756153979521	0.30076364631205315670	0.00004103844227125572	0.00000004728980847270
16.80000000000000071054	0.99402876851686927662	-0.95288828030846128847	-0.71843472545856235101	0.00382960422273900857	0.28849766762789585961	0.00005221377191380585	0.00000006511908265047
16.90000000000000213163	0.99423740804595661658	-0.95483460910906892138	-0.67728582122484315420	0.00347733530394776433	0.27459837811701848231	0.00006523747136381828	0.00000005706792605896
17.00000000000000000000	0.99445487022317224923	-0.95667925397887543237	-0.63445597828183752931	0.00320835675737813145	0.25928822203701246130	0.00007826642741734563	0.00000007247436477517
17.10000000000000142109	0.99467918296610846607	-0.95843989913719862539	-0.59030134299035197376	0.00300584544904579755	0.24316760476486637410	0.00009425287439084374	0.00000008127445270144
17.19999999999999928946	0.99490838766873301857	-0.96013237801128703541	-0.54515594480073581440	0.00286920986062523054	0.22684054684667465107	0.00010437391903469230	0.00000008128883556538
17.30000000000000071054	0.99514087896421721258	-0.96177207971682343590	-0.49935351571000996529	0.00279309889617591640	0.21014452320595405910	0.00011405269170198757	0.00000010812711467303
17.40000000000000213163	0.99537496028828709171	-0.96337178892714625533	-0.45325524144439210961	0.00276583613894752257	0.19309153202545056849	0.00011173987843159380	0.00000009215435592996
17.50000000000000000000	0.99560854510532115214	-0.96494155772420431294	-0.40724718457378833447	0.00278578064000540356	0.17567227194859436068	0.00010497991558143295	0.00000007669862187279
17.60000000000000142109	0.99583958683942663814	-0.96648973952358441242	-0.36173326821188872549	0.00284769650655720703	0.15806577151557005267	0.00009680451465514428	0.00000007227260449211
17.69999999999999928946	0.99606590905311453987	-0.96802210511733299825	-0.31712500612805005762	0.00294503564744571806	0.14042579970588542349	0.00009174312650069550	0.00000008544488320234
17.80000000000000071054	0.99628556498221609861	-0.96954219015987030961	-0.27384098990380972838	0.00307173138272509062	0.12292404204413738544	0.00008668140106528864	0.00000012455564859677
17.90000000000000213163	0.99649581253701202677	-0.97105080775517371716	-0.23229683192070302300	0.00322532037346348350	0.10580286708867292500	0.00006971116572549069	0.00000016319234081882
18.00000000000000000000	0.99669573592170390697	-0.97254897874750023679	-0.19290271811250520040	0.00340038690364302329	0.08925437491147823754	0.00006139692571300009	0.00000022389086401107
18.10000000000000142109	0.99688277143810899439	-0.97403027392637075987	-0.15604972773512065798	0.00354729247517974371	0.07356043292552462420	0.00006395571551661803	0.00000038470179947250
18.19999999999999928946	0.99705527927104720121	-0.97547989543631974385	-0.12210648942291500718	0.00360778041234395292	0.05891110005527631921	0.00005427830197139456	0.00000054053780907416
18.30000000000000071054	0.99721156514217357270	-0.97688250615051619441	-0.09141911471011812673	0.00361640745980125250	0.04551630715344727462	0.00004351394038999919	0.00000128597926154334
18.40000000000000213163	0.99735014329119520138	-0.97822902299413416749	-0.06429583895604255861	0.00359163659888160755	0.03359449831155914695	0.00003808485186270917	0.00000251808619385175
18.50000000000000000000	0.99746978560185439733	-0.97951500151725512389	-0.04100712531168807656	0.00355882348128486485	0.02329856026613332659	0.00003480234776737617	0.00000469006288766238
18.60000000000000142109	0.99756925668887197478	-0.98073856155358885012	-0.02178247001879764569	0.00352041545368826864	0.01477254961730110547	0.00003232841531296099	0.00001506143446924819
18.69999999999999928946	0.99764773382458549200	-0.98189912690380565241	-0.00680437411244735110	0.00348402590992305701	0.00812758472909291124	0.00003533619743450467	0.00005496903271534004
18.80000000000000071054	0.99770449336169442223	-0.98299730561443765531	0.00379389362007785409	0.00345631062546955916	0.00343520477371330813	0.00002886863030793710	0.00039098635023927596
18.90000000000000213163	0.99773928147292800794	-0.98403428870793951955	0.00992931682738801974	0.00343352929112071374	0.00073274904055226282	0.00002672368735438777	0.00994194799607727581
19.00000000000000000000	0.99775194562933910980	-0.98501131890343507358	0.01156811808601183357	0.00342058124206312281	0.00001908690081934334	0.00002416594697647163	17.18235149116168258843
19.10000000000000142109	0.99774246093060581231	-0.98592909473861645164	0.00875053227012200820	0.00340458940115244369	0.00123813274190534128	0.00001583777064153707	0.00469615282665623943
19.20000000000000284217	0.99771151108274258590	-0.98678827450272799116	0.00161963080964139640	0.00338783553168767225	0.00420812394989086413	0.00002233224885133459	0.00047575375489825110
19.30000000000000071054	0.99766010920765912928	-0.98758977704044681456	-0.00963448734596745668	0.00336631374712467735	0.00877271375972573514	0.00003037163245903141	0.00012098393003474237
19.40000000000000213163	0.99758937251358159592	-0.98833371364577116136	-0.02482192682902078368	0.00332770069408839381	0.01480230575014383938	0.00002589627828808316	0.00004482232066960195
19.50000000000000000000	0.99750018869831835744	-0.98901934707744154629	-0.04375018960864574674	0.00327014007951339407	0.02220895986578808740	0.00002113670614285206	0.00002019130597114785
19.60000000000000142109	0.99739377627161096562	-0.98964611600257312851	-0.06621368864102415708	0.00318676656942848803	0.03087427320744058276	0.00001885365230135722	0.00001099862945581556
19.70000000000000284217	0.99727124685382717573	-0.99021298484160580333	-0.09198628513490077208	0.00307070614885409038	0.04069070865622208266	0.00002075695139872748	0.00000661557223954375
19.80000000000000071054	0.99713385622180128465	-0.99071894540367710924	-0.12082578893413702115	0.00291811373873604235	0.05155218154982182943	0.00003659321617539298	0.00000435862005062692
