0.00000000000000000000	1.00000000000000000000	1.00000000000000000000	1.00000000000000000000	0.00000000000000000000	0.00000000000000000000	nan	nan
0.02000000000000000042	1.00007423915382220869	0.98004185246683839239	0.97995902899638198669	0.00975715150358261868	0.00993001479182033762	0.00000000000000000000	0.00000000000000000000
0.04000000000000000083	0.99915865274530035745	0.92086473417607839220	0.92007451149658969758	0.03664472379485102238	0.03827962469243222088	0.00000000000000000000	0.00000000000000000000
0.05999999999999999778	0.99738388657514853719	0.82689230574567773591	0.82396703417601235842	0.07687894874032590031	0.08240240292716030646	0.00000000000000000000	0.00000000000000000000
0.08000000000000000167	0.99490465386755666533	0.70366201072609013689	0.69664893145712436517	0.12654877675792094993	0.13912453862707607755	0.00000000000000000000	0.00000000000000000000
0.10000000000000000555	0.99189237705609234474	0.55745849060546603937	0.54419500273887866371	0.18179901902829043170	0.20492926741864578299	0.00000000000000000000	0.00000000000000000000
0.11999999999999999556	0.98852299873329418922	0.39495727005478992178	0.37339364509880329512	0.23898805155852059778	0.27613944922424404904	0.00000000000000000000	0.00000000000000000000
0.14000000000000001332	0.98496783619802086296	0.22288954899878843374	0.19139482907281291091	0.29481930189541660781	0.34909157380647831692	0.00000000000000000000	0.00000000000000000000
0.16000000000000000333	0.98138726137287080054	0.04774359787558185575	0.00537427420090058616	0.34644225361945635289	0.42029280185382178470	0.00000000000000000000	0.00000000000000000000
0.17999999999999999334	0.97792479576676294428	-0.12448563330153694650	-0.17776875618613222074	0.39152012243138356595	0.48655384350870711785	0.00000000000000000000	0.00000000000000000000
0.20000000000000001110	0.97470349243720955101	-0.28849425273826662108	-0.35167148862435548828	0.42826694052572844562	0.54509556658682345454	0.00000000000000000000	0.00000000000000000000
0.22000000000000000111	0.97182397367313233527	-0.43981237996016758762	-0.51071969968886254954	0.45545638484794570555	0.59362820515936398635	0.00000000000000000000	0.00000000000000000000
0.23999999999999999112	0.96936379720528753623	-0.57489378942150881624	-0.65021009396080997611	0.47240614259621810378	0.63040397136833281611	0.00000000000000000000	0.00000000000000000000
0.26000000000000000888	0.96737779223157194242	-0.69115625887956810836	-0.76646409740919474451	0.47894219794076625663	0.65424497962818684016	0.00000000000000000000	0.00000000000000000000
0.28000000000000002665	0.96589903395874920911	-0.78697833468517908173	-0.85689590218824451817	0.47534757860756515768	0.66454894026794697481	0.00000000000000000000	0.00000000000000000000
0.29999999999999998890	0.96494118779409576714	-0.86166015515446781059	-0.92003761122927596450	0.46229991755011745624	0.66127517565539895017	0.00000000000000000000	0.00000000000000000000
0.32000000000000000666	0.96449624992581028948	-0.91534933775070626005	-0.95552947814361988144	0.44080181026269354971	0.64491336046838876328	0.00000000000000000000	0.00000000000000000000
0.34000000000000002442	0.96454283459271228374	-0.94895406675392690588	-0.96406900444854715104	0.41210732442462677527	0.61643743279995466544	0.00000000000000000000	0.00000000000000000000
0.35999999999999998668	0.96504036860993602787	-0.96402481365688297288	-0.94733580932048266909	0.37764769280262938667	0.57724567727123132777	0.00000000000000000000	0.00000000000000000000
0.38000000000000000444	0.96593878229922669476	-0.96263995482646191881	-0.90788112000879150898	0.33895852028424461322	0.52909056651887920175	0.00000000000000000000	0.00000000000000000000
0.40000000000000002220	0.96717386206988809061	-0.94727051158006914111	-0.84899796481570211082	0.29761063238324769742	0.47399773784477433614	0.00000000000000000000	0.00000000000000000000
0.41999999999999998446	0.96867478743293300436	-0.92065499759564672910	-0.77456593140322604896	0.25514622188341784526	0.41417960735907316527	0.00000000000000000000	0.00000000000000000000
0.44000000000000000222	0.97036283973696368932	-0.88566760218450468756	-0.68888129730443981025	0.21302179910781982031	0.35194249745583217059	0.00000000000000000000	0.00000000000000000000
0.46000000000000001998	0.97215740649650661531	-0.84519963425148936231	-0.59647505595087413344	0.17255917825940209065	0.28959441459934681662	0.00000000000000000000	0.00000000000000000000
0.47999999999999998224	0.97397939493829843727	-0.80204784059864175916	-0.50192829803458405280	0.13490607992088124445	0.22935385854107906423	0.00000000000000000000	0.00000000000000000000
0.50000000000000000000	0.97575095281802792790	-0.75881251353733203402	-0.40968543834832249484	0.10100446493829333405	0.17326457314617135785	0.00000000000000000000	0.00000000000000000000
0.52000000000000001776	0.97740180928834474727	-0.71781676810396155552	-0.32388452765295588920	0.07157234070362528122	0.12311959245886124059	0.00000000000000000000	0.00000000000000000000
0.54000000000000003553	0.97887091819847016350	-0.68104009380989671829	-0.24820086185014253455	0.04709400450086469181	0.08039782702563075256	0.00000000000000000000	0.00000000000000000000
0.56000000000000005329	0.98010864643582651379	-0.65007177783346736799	-0.18571596752573910072	0.02782093950128695231	0.04621588982018325076	0.00000000000000000000	0.00000000000000000000
0.57999999999999996003	0.98107833380244247046	-0.62608405061327476737	-0.13881639430500081200	0.01378219376001865726	0.02129708187030352959	0.00000000000000000000	0.00000000000000000000
0.59999999999999997780	0.98175714562412197406	-0.60982471165581320083	-0.10912619851786894976	0.00480316177473741248	0.00595853406732001559	0.00000000000000000000	0.00000000000000000000
0.61999999999999999556	0.98213619460109435888	-0.60162812719557046126	-0.09747514790035494148	0.00053134706538901630	0.00011651045144753071	0.00000000000000000000	0.00000000000000000000
0.64000000000000001332	0.98221996382303689010	-0.60144268708265924417	-0.10390272103288770988	0.00046742340968187530	0.00330890524109894767	0.00000000000000000000	0.00000000000000000000
0.66000000000000003109	0.98202511196569963747	-0.60887212878707741570	-0.12769608226877754431	0.00399975448764050123	0.01473309087661641738	0.00000000000000000000	0.00000000000000000000
0.68000000000000004885	0.98157877944958005223	-0.62322763332773534195	-0.16745853049600323281	0.01044048888598510597	0.03329656209435393616	0.00000000000000000000	0.00000000000000000000
0.70000000000000006661	0.98091653775099507673	-0.64358730500622118864	-0.22120356295894250120	0.01906141988793432634	0.05767731481254963211	0.00000000000000000000	0.00000000000000000000
0.71999999999999997335	0.98007916009944828772	-0.66885894360900421951	-0.28646776255766492891	0.02912793698096676973	0.08639061821715686429	0.00000000000000000000	0.00000000000000000000
0.73999999999999999112	0.97911340798563328836	-0.69784615171818964452	-0.36044120699154458265	0.03992993013713257155	0.11785877363640133442	0.00000000000000000000	0.00000000000000000000
0.76000000000000000888	0.97806648907479576405	-0.72930763234321072108	-0.44009844953548471480	0.05080801078296686563	0.15048060408358820972	0.00000000000000000000	0.00000000000000000000
0.78000000000000002665	0.97698511402304777373	-0.76201478248739096255	-0.52233465290373548573	0.06117505019315160053	0.18269770124819342816	0.00000000000000000000	0.00000000000000000000
0.80000000000000004441	0.97591365910097083169	-0.79480155096807381110	-0.60409559030062243146	0.07053221259914554953	0.21305487870872713563	0.00000000000000000000	0.00000000000000000000
0.82000000000000006217	0.97489262378459973224	-0.82660604063929510321	-0.68249767544076123116	0.07847953041861661927	0.24025276422146488176	0.00000000000000000000	0.00000000000000000000
0.83999999999999996891	0.97395740472620817574	-0.85650305958049177679	-0.75493390865888354568	0.08472123075544800430	0.26319098027307974430	0.00000000000000000000	0.00000000000000000000
0.85999999999999998668	0.97313639283020014759	-0.88372688349242189965	-0.81916155906787124774	0.08906620027632931869	0.28100087572899995481	0.00000000000000000000	0.00000000000000000000
0.88000000000000000444	0.97245435052585160740	-0.90768724316784732409	-0.87337530706228283517	0.09142437131331301869	0.29306725948887446531	0.00000000000000000000	0.00000000000000000000
0.90000000000000002220	0.97192611991906197044	-0.92797215972815283447	-0.91624956231782939131	0.09179923460025725401	0.29903903171266377203	0.00000000000000000000	0.00000000000000000000
0.92000000000000003997	0.97156055602567326090	-0.94434759317800143208	-0.94696936682029042576	0.09027777755408744609	0.29882900735594863928	0.00000000000000000000	0.00000000000000000000
0.94000000000000005773	0.97135970725853171270	-0.95674815654549061339	-0.96523519554631542761	0.08701818247694600994	0.29260357674737985656	0.00000000000000000000	0.00000000000000000000
0.95999999999999996447	0.97131920683143924133	-0.96526270139189984665	-0.97124860121686740211	0.08223613423342615580	0.28076314790220419093	0.00000000000000000000	0.00000000000000000000
0.97999999999999998224	0.97142885106773402271	-0.97011550403327140302	-0.96567928596754382120	0.07619037533019651365	0.26391457124718786798	0.00000000000000000000	0.00000000000000000000
1.00000000000000000000	0.97167281141965400337	-0.97164381796571808181	-0.94961520274594235502	0.06916800853140442351	0.24283695851860781501	0.00000000000000000000	0.00000000000000000000
1.02000000000000001776	0.97203285807009798258	-0.97027544244295504949	-0.92450165101286019276	0.06147676889281584317	0.21844864768163971269	0.00040938892171684001	0.00011936127570824725
1.04000000000000003553	0.97248223364931374313	-0.96649668084750062214	-0.89205926672577540160	0.05349302801893205533	0.19182871601187728716	0.00722165384778567041	0.00208070495711753893
1.06000000000000005329	0.97299548972044347384	-0.96082957380150435522	-0.85420642404973468054	0.04568911494544279639	0.16421320350035142899	0.03992767235692214201	0.01153515767703007164
1.08000000000000007105	0.97355229260848152872	-0.95379844839102367882	-0.81296544088448419174	0.03858178190618950093	0.13691128179973760526	0.13551638075994756893	0.04034704639235926760
1.10000000000000008882	0.97412514732203370205	-0.94587870459589795669	-0.77035461647881153802	0.03267279773979635260	0.11121251883253759074	0.33859268116490903733	0.10954852851395480151
1.12000000000000010658	0.97469274300013564183	-0.93747315830507227385	-0.72830922959557098384	0.02839695496286048781	0.08830928268330018316	0.64925165563941322766	0.24976659749439344971
1.14000000000000012434	0.97523716377380531561	-0.92887951065377194482	-0.68859947363668394527	0.02607929681870437000	0.06922949145587811715	0.93734108404711979912	0.48535721391493513721
1.15999999999999992006	0.97574442635590086237	-0.92027053726776497644	-0.65276555414078851758	0.02590451948517923444	0.05478565386303323875	0.98359645670524575856	0.77084340796118855366
1.17999999999999993783	0.97620625837932128999	-0.91168664088256090583	-0.62206658331412512108	0.02789994075462490231	0.04553972119553807013	0.73598078505452946274	0.89313745322959325890
1.19999999999999995559	0.97661701503917686118	-0.90303523571883270726	-0.59744242831550453676	0.03193183406166177213	0.04178272146735840381	0.38702510673534951113	0.61057124494450110141
1.21999999999999997335	0.97697597320379314656	-0.89410627228838357450	-0.57948676593229186960	0.03771488435578514153	0.04352827405084917084	0.12847448249643225737	0.14977337075327382121
1.23999999999999999112	0.97729040021406099470	-0.88459728250955360629	-0.56843339253725233551	0.04483280891661486217	0.05051465661022629117	0.01280020829326958959	0.00644051873116757798
1.26000000000000000888	0.97756699983596395676	-0.87414002131501411519	-0.56414404648171234680	0.05276865369077794049	0.06222311085435419664	0.00960504696861939726	0.22498964752966668645
1.28000000000000002665	0.97781727855092348545	-0.86234033201314941319	-0.56612004244636771055	0.06094087117064384690	0.07790108351848258617	0.07611012034031444662	0.56816508232713747173
1.30000000000000004441	0.97805706901767153205	-0.84881995054082493013	-0.57352475376207845414	0.06874457163409129767	0.09659832615564367675	0.18259600572349687919	0.88040783409192180375
1.32000000000000006217	0.97831385141561166829	-0.83326629193850532129	-0.58523284443119771847	0.07559425572781054703	0.11721273734961007440	0.31371434005791692945	1.12066905334866229182
1.34000000000000007994	0.97859762008750927897	-0.81544689992026797576	-0.59986176436073390672	0.08096386611062285354	0.13854580309748767974	0.46433454022159420527	1.29876481905546592444
1.36000000000000009770	0.97892154397757047413	-0.79526601005918995391	-0.61587657027086217809	0.08442540751925579900	0.15936067095325415210	0.63618082493340333272	1.43012300129182379216
1.38000000000000011546	0.97929684797660787599	-0.77279206647453102530	-0.63168462257166113627	0.08568031918828585003	0.17846093069107032969	0.83627651869423014208	1.53135901448499023303
1.40000000000000013323	0.97973271284980245621	-0.74828005964260058125	-0.64574974233726045725	0.08458358633201761012	0.19476200689214490103	1.07700519960443563683	1.61450098202303160555
1.41999999999999992895	0.98022936560802764738	-0.72217651305853425292	-0.65670531014958755112	0.08115788383408793771	0.20736185012017588347	1.37770496756113303150	1.68763898009107604636
1.43999999999999994671	0.98078763823628423157	-0.69512704093583022047	-0.66347444296648883100	0.07559758614803398225	0.21560499729430387950	1.76807109621969882340	1.75569529807376967234
1.45999999999999996447	0.98139397783063953007	-0.66794462163536238997	-0.66535268834495775447	0.06824508418776016605	0.21913093683705045511	2.29247758095953502178	1.82086023207522895717
1.47999999999999998224	0.98203162603891525073	-0.64159196947741214956	-0.66208498806819093829	0.05962016472248413135	0.21790431053186029575	3.02259196977893829228	1.88261227139232723005
1.50000000000000000000	0.98267826822217851923	-0.61713760845646226105	-0.65389593459871042658	0.05034817936328919719	0.21222099081369463769	4.06603366208683958405	1.93715101318518034823
1.52000000000000001776	0.98330721200044757246	-0.59569907783950060143	-0.64148027560861264895	0.04113640315488834021	0.20268898721897379844	5.56807888123766936417	1.97629446336001479700
1.54000000000000003553	0.98388907611126563690	-0.57837982256288700267	-0.62595190292762026285	0.03273081243316925543	0.19018458167525775782	7.64498504008569046420	1.98597020670787149932
1.56000000000000005329	0.98439383418293047168	-0.56620147683049248943	-0.60875435978799330439	0.02586915059120359003	0.17578677346684729033	10.07256370715220938905	1.94490224756466867362
1.58000000000000007105	0.98479303891611535970	-0.56003595124182881104	-0.59154053341991208459	0.02123332558794219227	0.16069528897937512824	11.56857883995585822845	1.82526020479794470752
1.60000000000000008882	0.98506199150570228351	-0.56054195826795527591	-0.57603253282486766018	0.01940427921401830652	0.14613914327686608474	9.96056446650960225497	1.59894216197559191350
1.62000000000000010658	0.98518069819416509425	-0.56810960290577594556	-0.56387394036668092578	0.02082222472842008842	0.13328384894938949401	5.66833282632734292150	1.25423595475532634325
1.64000000000000012434	0.98514039818441090368	-0.58282407269177660680	-0.55649507987462010217	0.02575570681364228870	0.12314537866799687982	2.13554474079925027397	0.82228929467357880778
1.66000000000000014211	0.98493465886636144546	-0.60443087858462773987	-0.55498355654204878373	0.03427896852387891935	0.11651778587275814225	0.56817311097705847089	0.39438659679507098721
1.67999999999999993783	0.98456348202000010250	-0.63233356083984448848	-0.55999832475498134698	0.04626983332426454210	0.11392077255859531237	0.09939412040676157134	0.09415225044002285826
1.69999999999999995559	0.98406160629567329678	-0.66563414096037076817	-0.57174522980177200360	0.06138822807512613750	0.11557150999979935724	0.00460024535702673390	0.00025809004556042619
1.71999999999999997335	0.98344491956388724319	-0.70311384523881970132	-0.58991515305879871356	0.07912078127813618189	0.12137781382726743618	0.00421513712438664583	0.08911516532183247352
1.73999999999999999112	0.98274454886485662630	-0.74331782351738040493	-0.61374518463608751517	0.09879312604584152002	0.13095877181097057007	0.01753239005274651388	0.26372429117137008436
1.76000000000000000888	0.98199843070077275087	-0.78461191177918698791	-0.64207478122059291614	0.11960585642619364632	0.14368288434499856820	0.02657029714808403775	0.42923883577583504811
1.78000000000000002665	0.98124824435783841725	-0.82525601792844993643	-0.67343415965097808140	0.14067546653542772894	0.15872267103768794572	0.02977564704259095391	0.53662787720026261518
1.80000000000000004441	0.98053727520774724979	-0.86348502679296745832	-0.70615164690553278160	0.16108004834970457431	0.17511912155154152337	0.02887993334767432682	0.57882197215153086134
1.82000000000000006217	0.97990848889012882594	-0.89759209382205762395	-0.73846914116701167785	0.17990664623559099455	0.19185024727497851371	0.02565696590346391512	0.56941172084654945174
1.84000000000000007994	0.97940271404965051349	-0.92600981920249070267	-0.76865589368274989113	0.19629763471695202415	0.20789827650790410063	0.02135245881877250937	0.52632041965129694461
1.86000000000000009770	0.97905585218804491721	-0.94738387320900152577	-0.79511132530426187337	0.20949373613303687303	0.22231073877323076493	0.01674304774195501180	0.46455381308654253303
1.88000000000000011546	0.97890134178818311028	-0.96064173482453951713	-0.81645590824817748654	0.21887162806649171354	0.23425167084633577441	0.01228975065428733471	0.39460024640860419387
1.90000000000000013323	0.97894685702775285918	-0.96502296887599969821	-0.83157874214284244196	0.22397439523779319459	0.24304027712745540635	0.00826680552547831050	0.32318207757360178922
1.91999999999999992895	0.97920934630175915370	-0.96015190697663743702	-0.83971729946273798717	0.22453382146585784684	0.24818000738437148711	0.00485364376053198238	0.25416376032319609735
1.93999999999999994671	0.97969509784792152551	-0.94603955744911050196	-0.84045825998631962239	0.22048342766278325455	0.24937476787055914973	0.00220277271614839794	0.18976070378503517855
1.95999999999999996447	0.98039042836267464853	-0.92307866334127008923	-0.83374290200429357345	0.21196183723819753131	0.24652610274929320777	0.00049828327608797667	0.13175448997641189819
1.97999999999999998224	0.98127723052743642818	-0.89204560654353781679	-0.81986101095124430671	0.19930704364342952117	0.23973323029515536398	0.00002329910809579658	0.08149091470203731480
2.00000000000000000000	0.98232065002363755379	-0.85406120039614130679	-0.79941406832960304474	0.18304051624228936945	0.22927584926455621406	0.00126212034746565329	0.04072905381220961324
2.02000000000000001776	0.98342993520588273260	-0.81318219482733122838	-0.77425539434791545990	0.12718464436581228272	0.19492747756977751861	0.00152747968218775983	0.03223118727246256782
2.04000000000000003553	0.98447356357878035293	-0.77498603732772330943	-0.74716539505938783794	0.08223699687359804777	0.16267882119266557917	0.00000665149298920958	0.02620464460263419171
2.06000000000000005329	0.98540201565999885336	-0.74203731014445961645	-0.71997859076728742966	0.04827416386260828529	0.13322526639943974014	0.01298377398918429404	0.02031522987304888381
2.08000000000000007105	0.98617637802751079157	-0.71610462869951074794	-0.69439032897710051273	0.02505484753866202632	0.10718841844063072000	0.10819980103148300887	0.01220315278728753387
2.10000000000000008882	0.98677698355668264085	-0.69819023455290429858	-0.67190414110922658253	0.01198503918583871536	0.08507435728418409615	0.31198806821297864200	0.00221055800295305496
2.12000000000000010658	0.98718903011855740903	-0.68856859281597249112	-0.65376856086879875374	0.00812153591158513814	0.06723815113314923764	0.00000319623201406409	0.00591625259193287630
2.14000000000000012434	0.98742254547655017305	-0.68688510684275450036	-0.64094971857510230073	0.01220748734205833776	0.05386594135656027488	0.96458267897922345124	0.08864215808380628003
2.16000000000000014211	0.98748695341287351379	-0.69223209496216830949	-0.63408795410909368773	0.02273201766197140497	0.04496083800191674057	1.59362475938614189808	0.40743404788840625885
2.18000000000000015987	0.98740309951721083603	-0.70327666547816980458	-0.63349111981728600806	0.03801757482489247220	0.04033414486237080904	1.67048235457783200708	1.13437611986501418748
2.20000000000000017764	0.98720435286658059226	-0.71838587299169132105	-0.63914478704705324219	0.05628141637938980507	0.03965701483220766821	1.63698253743065125221	2.18007744178878803964
2.22000000000000019540	0.98692540477896606443	-0.73574592546318351438	-0.65072256736887579276	0.07574901140978451686	0.04244152746191721254	1.60035077887222643156	3.11944106051422354042
2.24000000000000021316	0.98660457677473412108	-0.75349585567402177499	-0.66761919534936431386	0.09474304534779494358	0.04807030644408965409	1.58081349942293192257	3.62997583074482399468
2.26000000000000023093	0.98627996168932974275	-0.76985609451717817997	-0.68899807119741363071	0.11176590253845644640	0.05585004988990985297	1.58053252907144692330	3.72409022209312601248
2.28000000000000024869	0.98598859033951569142	-0.78325026008555564960	-0.71384801834027944434	0.12558096893616360612	0.06504291614771813557	1.59982267269910272134	3.56861692441493305594
2.30000000000000026645	0.98576089203861094745	-0.79240573239505129877	-0.74104228803563554351	0.13527257286043137263	0.07490491191382434022	1.63996236441493525859	3.30782502423400748270
2.31999999999999984013	0.98561697574170370473	-0.79643655013384084818	-0.76940354744044436863	0.14028591763237865941	0.08472182038426931405	1.70430040451487463393	3.02285277775534799716
2.33999999999999985789	0.98557082733238876582	-0.79489906817437117059	-0.79777462397510212622	0.14044478505039034721	0.09384924515049469784	1.79759110851333758774	2.74963583502185038299
2.35999999999999987566	0.98562958433449676665	-0.78780922124726104894	-0.82508030568236845337	0.13593100784559886129	0.10173896227868936548	1.93036091225162209639	2.49995215370425194479
2.37999999999999989342	0.98578982417865801402	-0.77562221512082829555	-0.85037539481422386167	0.12726108289243537319	0.10796240875151844052	2.11720516588205098785	2.27437175112140765876
2.39999999999999991118	0.98603924164812628561	-0.75918261771414852213	-0.87289038682305242212	0.11522343781500145321	0.11222439124892513718	2.38171942070148423554	2.06875733226177027646
2.41999999999999992895	0.98636028853884938350	-0.73964852983769369121	-0.89205873807790547758	0.10080240390666111994	0.11436792142897392321	2.76264171364546928800	1.87752015538025984753
2.43999999999999994671	0.98673129654015756529	-0.71839342684538087802	-0.90753039788732703386	0.08509556227463850597	0.11436968884156337167	3.32565873408974388425	1.69452104274412729268
2.45999999999999996447	0.98712704780620341705	-0.69689679307311946932	-0.91916750792812329518	0.06922304629063738557	0.11232139085293908753	4.18433248176210614844	1.51474440409148103370
2.47999999999999998224	0.98752217063791081220	-0.67663699806168542406	-0.92703340764506336757	0.05424622262386135513	0.10843002249969181661	5.53559218485832804646	1.33254660810775860114
2.50000000000000000000	0.98789360975659312736	-0.65898981613142959546	-0.93136922216460504842	0.04109548665004603141	0.10297768829763455367	7.69715133670650430986	1.14354369073532602386
2.52000000000000001776	0.98821968113251390520	-0.64514115578781372484	-0.93255868178174083916	0.03051410083992747713	0.09630073615460571501	11.03419950693400330977	0.94420401482837823526
2.54000000000000003553	0.98848104484660881397	-0.63602002572386284740	-0.93109068981109999186	0.02302092024860661820	0.08876416881520388102	15.32148202716157037173	0.73306354004637042099
2.56000000000000005329	0.98866380166616452119	-0.63225611921405999727	-0.92752284697448350581	0.01889335795009769794	0.08073739765615005337	18.16313255157802686313	0.51321743810020292731
2.58000000000000007105	0.98876047354402774037	-0.63415936444715670373	-0.92244447833701037620	0.01816902303299768734	0.07257335102446833830	15.99685151747817180024	0.29649157605053405584
2.60000000000000008882	0.98876570016304565769	-0.64171658257105090861	-0.91643828833792051469	0.02066316271304404970	0.06459136003074128496	10.34545926886556266311	0.10990819125073852947
2.62000000000000010658	0.98868203394995268773	-0.65461777421056233095	-0.91005613774763260970	0.02600053192373533509	0.05706459989509415909	5.62290103550954523115	0.00459328221709954989
2.64000000000000012434	0.98851774607551867735	-0.67229077278700544174	-0.90379415908000060309	0.03365682134142967963	0.05021176491379478191	2.95918553665699057831	0.06532607958932028225
2.66000000000000014211	0.98828503113307741845	-0.69394956819041209162	-0.89807280216248697169	0.04300326370799944370	0.04419324909919510047	1.62636683773573209599	0.41455539144570402454
2.68000000000000015987	0.98799510595378647881	-0.71864756654114858581	-0.89322342829363565730	0.05335778336158420593	0.03911254087699402027	0.95032516991794857564	1.19793976050869099836
2.70000000000000017764	0.98766320454919187544	-0.74534603317371228570	-0.88948761246564755911	0.06402914027188691404	0.03500799834940745286	0.58477070766351002540	2.53521932761210022633
2.72000000000000019540	0.98730805574329461027	-0.77297608459076894150	-0.88701861311549257127	0.07436032505726951347	0.03187659902009355034	0.37087878287941056232	4.43857624468889877534
2.74000000000000021316	0.98694474275187749068	-0.80049046356715525263	-0.88588017684447450950	0.08376432899254997178	0.02967012044867485543	0.23586993955909141274	6.73424942498538392499
2.76000000000000023093	0.98658938707111309974	-0.82692046185563650162	-0.88606046479971145580	0.09175100969730946854	0.02830494257838357675	0.14506657059195171566	9.06561209296110348532
2.78000000000000024869	0.98625646709634706699	-0.85141621337784167967	-0.88748125254073995105	0.09794527977706622701	0.02767068996588933211	0.08163637018506698928	11.01536590907674373341
2.80000000000000026645	0.98595820805761669181	-0.87327832808502903195	-0.89001088568856856487	0.10209683286133475200	0.02763893755235454636	0.03769545405025668400	12.27874321483384179032
2.81999999999999984013	0.98570593275907592012	-0.89198014773008904577	-0.89347999336614936094	0.10408174312578243048	0.02807176511517298079	0.01036240949392219952	12.76328677860970906011
2.83999999999999985789	0.98550461133299105398	-0.90717232356542032434	-0.89769055396082997333	0.10389726031226154124	0.02882914564347967973	0.00002756759151603788	12.56484538468086142871
2.85999999999999987566	0.98535784166162310171	-0.91868761779577867710	-0.90243457814652794369	0.10165049474712713196	0.02977620668948092325	0.00965891649509749775	11.87222075585469305281
2.87999999999999989342	0.98526798177206498242	-0.92653235461419591878	-0.90750559935138619405	0.09754257146485466323	0.03078855343578294421	0.04459053259861196772	10.87921178782828768306
2.89999999999999991118	0.98523358898051272003	-0.93086807358702883253	-0.91270842609435709480	0.09184953614316114512	0.03175742982730941216	0.11257651211656766188	9.73488795077783031218
2.91999999999999992895	0.98524939909920405956	-0.93199145633216362583	-0.91786845124325167067	0.08490837473975584859	0.03259569166674584906	0.22382647090636875742	8.53964194673669574343
2.93999999999999994671	0.98531067536522987105	-0.93031637742243278311	-0.92284073505918584601	0.07709712576331211042	0.03323585149472173955	0.39008104624776857028	7.34867754489880553592
2.95999999999999996447	0.98540935375811156138	-0.92634301281622144497	-0.92751042356817692269	0.06880169386397887166	0.03363556761494480157	0.62346222530366235404	6.18950134685040875837
2.97999999999999998224	0.98553699385521187359	-0.92063286462466598081	-0.93179715130455487149	0.06041565959470232561	0.03375465255849367102	0.93096177361454002241	5.06491201176545580154
3.00000000000000000000	0.98568251553702990186	-0.91377976678005201627	-0.93564886048352180481	0.05231346169431504156	0.03361020655236646865	1.30443592039997846577	4.00295898065411570599
3.02000000000000001776	0.98576866236113158681	-0.90734112875101058382	-0.93864498728076362077	0.03260399694145312693	0.03292209141470960748	2.89132878176487029265	4.23146074490635548671
3.04000000000000003553	0.98583374472267570887	-0.90337626660341840967	-0.94047015427282887323	0.02197090447169293762	0.03241790950482166533	4.61374471684956866113	4.00538890455792184753
3.06000000000000005329	0.98585654777538267446	-0.90253299191676839008	-0.94111960088700652438	0.01903189964790368005	0.03160927524743203237	3.29092975746002913695	3.41609239500165440262
3.08000000000000007105	0.98583852768718849280	-0.90490726368206797492	-0.94068604588383708531	0.02228511974490654524	0.03027893044217989590	0.63257538675105806636	2.58063095692241883938
3.10000000000000008882	0.98578837884556880233	-0.91013164436875082508	-0.93934371158034724036	0.03016012920260045804	0.02839100783962962907	0.00579620841800694824	1.62576466642025252440
3.12000000000000010658	0.98571586800523103289	-0.91747488273908384127	-0.93732981378145385776	0.04107612692402868443	0.02605760683031696501	0.35032881725623454816	0.71580021443724262120
3.14000000000000012434	0.98563578802503348797	-0.92595813577148144979	-0.93492594593221478583	0.05351281867216462623	0.02348316301128428735	0.76625938067250376484	0.09527920814180942943
3.16000000000000014211	0.98556418959665281765	-0.93446670322895675209	-0.93243019722335318544	0.06607638906610552310	0.02092194668557483331	1.07086468542739532417	0.11596664969767016273
3.18000000000000015987	0.98551828105540772995	-0.94186523530887966693	-0.93013291984308410498	0.07757117396288758238	0.01863625438133003839	1.27517877075810215359	1.16103644748789847085
3.20000000000000017764	0.98551239159447512339	-0.94709983644538542347	-0.92829411058687483216	0.08700132426931404817	0.01688583233137583642	1.40712402498282940222	3.34311211288630083516
3.22000000000000019540	0.98555575058968225566	-0.94929339321035299815	-0.92712559881380085525	0.09367050979737319427	0.01590156160503909677	1.49294622200578430693	6.00069202104491150607
3.24000000000000021316	0.98566225855142064471	-0.94782952983497403832	-0.92678731135075242964	0.09716957252093401387	0.01586273908504135313	1.54586558818935637660	7.72961299286866321268
3.26000000000000023093	0.98583275056445995865	-0.94238142190536877685	-0.92735987542503961478	0.09738149932863555958	0.01689884206604027120	1.57406466941806533200	7.47857290871868229942
3.28000000000000024869	0.98606422532535775716	-0.93293967961845292169	-0.92884589268221873226	0.09445962138862348811	0.01907621806780472606	1.58059459663046752986	5.68408141089486562691
3.30000000000000026645	0.98635012635098884282	-0.91980124884389258266	-0.93116484171704239081	0.08880367682510303950	0.02238358207335687522	1.56646321336756089160	3.55795429269061358468
3.32000000000000028422	0.98667897551225125508	-0.90352904079407259097	-0.93415066675815816577	0.08099716427496783666	0.02674492826243479379	1.52887709818952965968	1.90449033394541622499
3.33999999999999985789	0.98703834524449396426	-0.88489449949936838102	-0.93755887490539779883	0.07174452955068950921	0.03201310898268490412	1.46197949654258851915	0.88175687062566410201
3.35999999999999987566	0.98741602594801614057	-0.86480472906799821242	-0.94107566445812385059	0.06179751495818685408	0.03797444844341485437	1.35212337711570595999	0.34567662156157452635
3.37999999999999989342	0.98779946594723488928	-0.84422471647348218404	-0.94433177804782197917	0.05190664999145811614	0.04436109716124904401	1.18399727334422255609	0.10355163269433402540
3.39999999999999991118	0.98817745532040879297	-0.82410416924395812899	-0.94692179594698411282	0.04275368914851043062	0.05086151869657539598	0.94135244143334484423	0.01599287515149549338
3.41999999999999992895	0.98853891937592375250	-0.80531152031049968443	-0.94842719757389626345	0.03489925406773779909	0.05713823668562427460	0.62837766584402077186	0.00017744394881444000
3.43999999999999994671	0.98887822679145043203	-0.78858678517943081587	-0.94844856200209426422	0.02875917404948059863	0.06284528948228738920	0.29673735436056969395	0.01237949146385717777
3.45999999999999996447	0.98918717804590949871	-0.77450030421283966309	-0.94662617073150312486	0.02458652305727584975	0.06765350063436736949	0.05810860850956574286	0.03173788899152176629
3.47999999999999998224	0.98945259775770544319	-0.76342965253685834970	-0.94266603378179714134	0.02247297072330595863	0.07127038523877712861	0.00266043802176284304	0.04944822475086306512
3.50000000000000000000	0.98969343586192748408	-0.75559096507350298477	-0.93639828984748207930	0.02234807072105573014	0.07346325752365505390	0.05945988033875307388	0.06267497693510380719
3.52000000000000001776	0.98989948234769087332	-0.75098937679589872207	-0.92774072403924945363	0.02400485498700191678	0.07407142011129767833	0.08576371949176826714	0.07124744929006182614
3.54000000000000003553	0.99006937186906740500	-0.74947640693490669150	-0.91674529119789982534	0.02712885254697127227	0.07302186731838816725	0.05194502689833888076	0.07597607082809335055
3.56000000000000005329	0.99021455224067300716	-0.75078106669101929427	-0.90360917498206438925	0.03133067813685982278	0.07033714297250770464	0.01125047583226974207	0.07810656087841906514
3.58000000000000007105	0.99033760025298378515	-0.75452036998772553655	-0.88864799495149737751	0.03618091781467598633	0.06613443196125159962	0.00086711381328653358	0.07852092691772774580
