0.00000000000000000000	1.00000000000000000000	1.00000000000000000000	-1.00000000000000000000	0.00000000000000000000	0.00000000000000000000	nan	nan
0.02000000000000000042	0.99999980259999998733	0.99980020240000000431	-0.99999980259999998733	0.00009980010000000009	0.00000000000000000000	0.00000000000000000000	nan
0.04000000000000000083	0.99999800963467122550	0.99920208076324801283	-0.99999800963467122550	0.00039796443571164482	0.00000000000000000000	0.00000000000000000000	nan
0.05999999999999999778	0.99999716528778814784	0.99820452972989159868	-0.99999716528778814784	0.00089258931884238983	0.00000000000000000000	0.00000000000000000000	nan
0.08000000000000000167	0.99999592481898069707	0.99681048722600285039	-0.99999592481898069707	0.00158170566490638655	0.00000000000000000000	0.00000000000000000000	nan
0.10000000000000000555	0.99999428999919115491	0.99502169745583035620	-0.99999428999919115491	0.00246328016706464639	0.00000000000000000000	0.00000000000000000000	0.00000000000000000000
0.11999999999999999556	0.99999226274978869622	0.99284005563872501643	-0.99999226274978869622	0.00353521648864153770	0.00000000000000000000	0.00000000000000000000	0.00000000000000000000
0.14000000000000001332	0.99998984514088906650	0.99026760633614219209	-0.99998984514088906650	0.00479535647372873394	0.00000000000000000000	0.00000000000000000000	0.00000000000000000000
0.16000000000000000333	0.99998703938962407722	0.98730654172895915277	-0.99998703938962407722	0.00624148137528401925	0.00000000000000000000	0.00000000000000000000	0.00000000000000000000
0.17999999999999999334	0.99998384785836802457	0.98395919984609481190	-0.99998384785836802457	0.00787131310012891341	0.00000000000000000000	0.00000000000000000000	0.00000000000000000000
0.20000000000000001110	0.99998027305291092848	0.98022806274542417793	-0.99998027305291092848	0.00968251547024587787	0.00000000000000000000	0.00000000000000000000	0.00000000000000000000
0.22000000000000000111	0.99997631762058791782	0.97611575464800848234	-0.99997631762058791782	0.01167269549977299758	0.00000000000000000000	0.00000000000000000000	0.00000000000000000000
0.23999999999999999112	0.99997198434836453984	0.97162504002666238989	-0.99997198434836453984	0.01383940468709115440	0.00000000000000000000	0.00000000000000000000	0.00000000000000000000
0.26000000000000000888	0.99996727616087655033	0.96675882164989801471	-0.99996727616087655033	0.01618014032139666186	0.00000000000000000000	0.00000000000000000000	0.00000000000000000000
0.28000000000000002665	0.99996219611842274144	0.96152013858229234966	-0.99996219611842274144	0.01869234680314972932	0.00000000000000000000	0.00000000000000000000	0.00000000000000000000
0.29999999999999998890	0.99995674741492190929	0.95591216414234281284	-0.99995674741492190929	0.02137341697778765218	0.00000000000000000000	0.00000000000000000000	0.00000000000000000000
0.32000000000000000666	0.99995093337582341420	0.94993820381888016691	-0.99995093337582341420	0.02422069348208949133	0.00000000000000000000	0.00000000000000000000	0.00000000000000000000
