0.000000000000000000e+00 1.812926107729831869e-09
5.000000000000000104e-03 1.622010907448161445e-09
1.000000000000000021e-02 1.620541851195907786e-09
1.499999999999999944e-02 1.619070577258705844e-09
2.000000000000000042e-02 1.617597130391951792e-09
2.500000000000000139e-02 1.616121555412862178e-09
2.999999999999999889e-02 1.614643897159894518e-09
3.500000000000000333e-02 1.613164200455621975e-09
4.000000000000000083e-02 1.611682510075541003e-09
4.499999999999999833e-02 1.610198870723283020e-09
5.000000000000000278e-02 1.608713327014700069e-09
5.500000000000000028e-02 1.607225923470728527e-09
5.999999999999999778e-02 1.605736704518881340e-09
6.500000000000000222e-02 1.604245714495308112e-09
7.000000000000000666e-02 1.602752997616884587e-09
7.499999999999999722e-02 1.601258597227425498e-09
8.000000000000000167e-02 1.599001129981379987e-09
8.500000000000000611e-02 1.597543771107787458e-09
8.999999999999999667e-02 1.596082879560121213e-09
9.500000000000000111e-02 1.594618526806831256e-09
1.000000000000000056e-01 1.593150785661299990e-09
1.049999999999999961e-01 1.591679730176579760e-09
1.100000000000000006e-01 1.590205435544917083e-09
1.150000000000000050e-01 1.588727978001717187e-09
1.199999999999999956e-01 1.587247434734089891e-09
1.250000000000000000e-01 1.585763883794230556e-09
1.300000000000000044e-01 1.584277404017662383e-09
1.350000000000000089e-01 1.582788074945828849e-09
1.400000000000000133e-01 1.581295976753716440e-09
1.449999999999999900e-01 1.579801190181578956e-09
1.499999999999999944e-01 1.578303796470746225e-09
1.549999999999999989e-01 1.576803877302974190e-09
1.600000000000000033e-01 1.575301501138565301e-09
1.650000000000000078e-01 1.573796449537164726e-09
1.700000000000000122e-01 1.572289130872146779e-09
1.750000000000000167e-01 1.570779627952250529e-09
1.799999999999999933e-01 1.569268023754748958e-09
1.849999999999999978e-01 1.567754401378184070e-09
1.900000000000000022e-01 1.566238843996053667e-09
1.950000000000000067e-01 1.564721434809781787e-09
2.000000000000000111e-01 1.563202257002329799e-09
2.050000000000000155e-01 1.561681393690655848e-09
2.099999999999999922e-01 1.560158927877158529e-09
2.149999999999999967e-01 1.558634942399839044e-09
2.200000000000000011e-01 1.557109519880563541e-09
2.250000000000000056e-01 1.555582742671555485e-09
2.300000000000000100e-01 1.554054692799442268e-09
2.350000000000000144e-01 1.552525451906477409e-09
2.399999999999999911e-01 1.550995101188598993e-09
2.449999999999999956e-01 1.549463721330417621e-09
2.500000000000000000e-01 1.547931392435271048e-09
2.550000000000000044e-01 1.546398193950988861e-09
2.600000000000000089e-01 1.544864204589009104e-09
2.650000000000000133e-01 1.543329502236627235e-09
2.700000000000000178e-01 1.541794163859972599e-09
2.750000000000000222e-01 1.540258265395378311e-09
2.800000000000000266e-01 1.538721881625991139e-09
2.850000000000000311e-01 1.537185086039986751e-09
2.899999999999999800e-01 1.535647950663995387e-09
2.949999999999999845e-01 1.534110545867623579e-09
2.999999999999999889e-01 1.532572940107967418e-09
3.049999999999999933e-01 1.531035199652793873e-09
3.099999999999999978e-01 1.529497388214314234e-09
3.150000000000000022e-01 1.527959566487782343e-09
3.200000000000000067e-01 1.526421791566192561e-09
3.250000000000000111e-01 1.524882502549611339e-09
3.300000000000000155e-01 1.524398744076469723e-09
3.350000000000000200e-01 1.522794858851591458e-09
3.400000000000000244e-01 1.521192929232708318e-09
3.450000000000000289e-01 1.519593053634177347e-09
3.500000000000000333e-01 1.517995330680606907e-09
3.549999999999999822e-01 1.516399859236544609e-09
3.599999999999999867e-01 1.514806738436548839e-09
3.649999999999999911e-01 1.513216067714458547e-09
3.699999999999999956e-01 1.511627946831986399e-09
3.750000000000000000e-01 1.510042475906422708e-09
3.800000000000000044e-01 1.508459755437023118e-09
3.850000000000000089e-01 1.506879886330397671e-09
3.900000000000000133e-01 1.505302969924111926e-09
3.950000000000000178e-01 1.503729108009342399e-09
4.000000000000000222e-01 1.502158402848773239e-09
4.050000000000000266e-01 1.500590957113868017e-09
4.100000000000000311e-01 1.499035678947619893e-09
4.150000000000000355e-01 1.497474601639086526e-09
4.199999999999999845e-01 1.495917108472407191e-09
4.249999999999999889e-01 1.494363304331448781e-09
4.299999999999999933e-01 1.492813294677624589e-09
4.349999999999999978e-01 1.491267185568141903e-09
4.400000000000000022e-01 1.489725083674784186e-09
4.450000000000000067e-01 1.488187096304390198e-09
4.500000000000000111e-01 1.486653331419726664e-09
4.550000000000000155e-01 1.485123897662978546e-09
4.600000000000000200e-01 1.483598904379894446e-09
4.650000000000000244e-01 1.482078461646514052e-09
4.700000000000000289e-01 1.480562680297056946e-09
4.750000000000000333e-01 1.479051671953777829e-09
4.799999999999999822e-01 1.477545549058280265e-09
4.849999999999999867e-01 1.476044424903754606e-09
4.899999999999999911e-01 1.474548413668273864e-09
4.949999999999999956e-01 1.473057630447965314e-09
5.000000000000000000e-01 1.471572191289775943e-09
5.050000000000000044e-01 1.470092213222745255e-09
5.100000000000000089e-01 1.468617814286064267e-09
5.150000000000000133e-01 1.467149113553172944e-09
5.200000000000000178e-01 1.465686231149053846e-09
5.250000000000000222e-01 1.464229288258048165e-09
5.300000000000000266e-01 1.462778407118812196e-09
5.350000000000000311e-01 1.461333710812075615e-09
5.400000000000000355e-01 1.459895323491294169e-09
5.450000000000000400e-01 1.458463373973113987e-09
5.500000000000000444e-01 1.457037987344971821e-09
5.550000000000000488e-01 1.455619289565916010e-09
5.600000000000000533e-01 1.454207407233620098e-09
5.650000000000000577e-01 1.452802467235307652e-09
5.700000000000000622e-01 1.451404596140046034e-09
5.750000000000000666e-01 1.445725482100122506e-09
5.799999999999999600e-01 1.444591226487951976e-09
5.849999999999999645e-01 1.443457601822867177e-09
5.899999999999999689e-01 1.442324844280057163e-09
5.949999999999999734e-01 1.441193194139495722e-09
5.999999999999999778e-01 1.440062895754466537e-09
6.049999999999999822e-01 1.438934197522979954e-09
6.099999999999999867e-01 1.437807351861059602e-09
6.149999999999999911e-01 1.436682615178624082e-09
6.199999999999999956e-01 1.435560247857498227e-09
6.250000000000000000e-01 1.434440514231260918e-09
6.300000000000000044e-01 1.433323682567315528e-09
6.350000000000000089e-01 1.432210025050176742e-09
6.400000000000000133e-01 1.431099817766264077e-09
6.450000000000000178e-01 1.429993340689368322e-09
6.500000000000000222e-01 1.428890870403268915e-09
6.550000000000000266e-01 1.427792643547110384e-09
6.600000000000000311e-01 1.426699013960180515e-09
6.650000000000000355e-01 1.425610276936412946e-09
6.700000000000000400e-01 1.424526731583677146e-09
6.750000000000000444e-01 1.423448680807644875e-09
6.800000000000000488e-01 1.422376431293582702e-09
6.850000000000000533e-01 1.421310293486525104e-09
6.900000000000000577e-01 1.420250581569271255e-09
6.950000000000000622e-01 1.419197613437577672e-09
7.000000000000000666e-01 1.418151710673440282e-09
7.049999999999999600e-01 1.417113198514803276e-09
7.099999999999999645e-01 1.416082405823198561e-09
7.149999999999999689e-01 1.415059665048121779e-09
7.199999999999999734e-01 1.414045312188495204e-09
7.249999999999999778e-01 1.413039686751314709e-09
7.299999999999999822e-01 1.412043131707426413e-09
7.349999999999999867e-01 1.411055993444596388e-09
7.399999999999999911e-01 1.410078621717585130e-09
7.449999999999999956e-01 1.409111369595897465e-09
7.500000000000000000e-01 1.408154593408385221e-09
7.550000000000000044e-01 1.407208652685611148e-09
7.600000000000000089e-01 1.406273910099373126e-09
7.650000000000000133e-01 1.405350731398585044e-09
7.700000000000000178e-01 1.404439485342428830e-09
7.750000000000000222e-01 1.403540543628424056e-09
7.800000000000000266e-01 1.402654280814935806e-09
7.850000000000000311e-01 1.401780781938684556e-09
7.900000000000000355e-01 1.400920708951049180e-09
7.950000000000000400e-01 1.400074528799057023e-09
8.000000000000000444e-01 1.399242624492230661e-09
8.050000000000000488e-01 1.398425381933386817e-09
8.100000000000000533e-01 1.397623189857728369e-09
8.150000000000000577e-01 1.396836439769547863e-09
8.200000000000000622e-01 1.396065411080744706e-09
8.250000000000000666e-01 1.392269444722753978e-09
8.300000000000000711e-01 1.391701003672466615e-09
8.349999999999999645e-01 1.391145655584826081e-09
8.399999999999999689e-01 1.390603810077160390e-09
8.449999999999999734e-01 1.390075881464467514e-09
8.499999999999999778e-01 1.389562288659761412e-09
8.549999999999999822e-01 1.389063455071740076e-09
8.599999999999999867e-01 1.388579808500005730e-09
8.649999999999999911e-01 1.388111781027818177e-09
8.699999999999999956e-01 1.387659808912388732e-09
8.750000000000000000e-01 1.387224332472931868e-09
8.800000000000000044e-01 1.386805795976173910e-09
8.850000000000000089e-01 1.386404647519856639e-09
8.900000000000000133e-01 1.386021338914129518e-09
8.950000000000000178e-01 1.385656325556168551e-09
9.000000000000000222e-01 1.385310423489328296e-09
9.050000000000000266e-01 1.384983319542527775e-09
9.100000000000000311e-01 1.384675902171121174e-09
9.150000000000000355e-01 1.384388639711174125e-09
9.200000000000000400e-01 1.384122003457643901e-09
9.250000000000000444e-01 1.383876467532213322e-09
9.300000000000000488e-01 1.383652508750098959e-09
9.350000000000000533e-01 1.383450606484954141e-09
9.400000000000000577e-01 1.383271242532542965e-09
9.450000000000000622e-01 1.383114900973026104e-09
9.500000000000000666e-01 1.382982068032367313e-09
9.550000000000000711e-01 1.382873231942334145e-09
9.599999999999999645e-01 1.382788882799838780e-09
9.649999999999999689e-01 1.382729512425551564e-09
9.699999999999999734e-01 1.382695614222003960e-09
9.749999999999999778e-01 1.382687683031273576e-09
9.799999999999999822e-01 1.382706214992890867e-09
9.849999999999999867e-01 1.382751707401808919e-09
9.899999999999999911e-01 1.382824658566855061e-09
9.949999999999999956e-01 1.382925567670812852e-09
1.000000000000000000e+00 1.383054934631607729e-09
1.005000000000000115e+00 1.383213259965866670e-09
1.010000000000000009e+00 1.383401044655907550e-09
1.015000000000000124e+00 1.383618790020550281e-09
1.020000000000000018e+00 1.383866997592007727e-09
1.024999999999999911e+00 1.384146169000281838e-09
1.030000000000000027e+00 1.384456805867179892e-09
1.034999999999999920e+00 1.385471519183050497e-09
1.040000000000000036e+00 1.385847631446132895e-09
1.044999999999999929e+00 1.386255658667675728e-09
1.050000000000000044e+00 1.386696149341591314e-09
1.054999999999999938e+00 1.387169649975889722e-09
1.060000000000000053e+00 1.387676704915061386e-09
1.064999999999999947e+00 1.388217856165117030e-09
1.070000000000000062e+00 1.388793643220871527e-09
1.074999999999999956e+00 1.389404602895770312e-09
1.080000000000000071e+00 1.390051269154323261e-09
1.084999999999999964e+00 1.390734172947253394e-09
1.090000000000000080e+00 1.391453842054886557e-09
1.094999999999999973e+00 1.392210800908187795e-09
1.100000000000000089e+00 1.393005570451605919e-09
1.104999999999999982e+00 1.393838667981551182e-09
1.110000000000000098e+00 1.394710606994278630e-09
1.114999999999999991e+00 1.395621897036559044e-09
1.120000000000000107e+00 1.396573043559239645e-09
1.125000000000000000e+00 1.397564547772850408e-09
1.130000000000000115e+00 1.398596906506431837e-09
1.135000000000000009e+00 1.399670612068514856e-09
1.140000000000000124e+00 1.400786152111145964e-09
1.145000000000000018e+00 1.401944009496139366e-09
1.150000000000000133e+00 1.403144662164057358e-09
1.155000000000000027e+00 1.404388583005799841e-09
1.159999999999999920e+00 1.405676239736379245e-09
1.165000000000000036e+00 1.407008094772027551e-09
1.169999999999999929e+00 1.408384605108820149e-09
1.175000000000000044e+00 1.409806222204139818e-09
1.179999999999999938e+00 1.411273391860659897e-09
1.185000000000000053e+00 1.412786554112830488e-09
1.189999999999999947e+00 1.414346143115274013e-09
1.195000000000000062e+00 1.415952587033913352e-09
1.199999999999999956e+00 1.417606307939255208e-09
1.205000000000000071e+00 1.419307721701866735e-09
1.209999999999999964e+00 1.421057237890220386e-09
1.215000000000000080e+00 1.422855259670545299e-09
1.219999999999999973e+00 1.424702183709115756e-09
1.225000000000000089e+00 1.426598400076217996e-09
1.229999999999999982e+00 1.428544292152645721e-09
1.235000000000000098e+00 1.430540236538041450e-09
1.239999999999999991e+00 1.432586602961184443e-09
1.245000000000000107e+00 1.434683754192389375e-09
1.250000000000000000e+00 1.436832045957838754e-09
1.255000000000000115e+00 1.439031826746072710e-09
1.260000000000000009e+00 1.441283437506071578e-09
1.265000000000000124e+00 1.443587211565138790e-09
1.270000000000000018e+00 1.445943474769036433e-09
1.275000000000000133e+00 1.448352545514753391e-09
1.280000000000000027e+00 1.450814734675016844e-09
1.284999999999999920e+00 1.454990870715166612e-09
1.290000000000000036e+00 1.457514305908302538e-09
1.294999999999999929e+00 1.460092497042099780e-09
1.300000000000000044e+00 1.462725725150793015e-09
1.304999999999999938e+00 1.465414263085075314e-09
1.310000000000000053e+00 1.468158375447507114e-09
1.314999999999999947e+00 1.470958318530066569e-09
1.320000000000000062e+00 1.473814340253654313e-09
1.324999999999999956e+00 1.476726680109688103e-09
1.330000000000000071e+00 1.479695569103582801e-09
1.334999999999999964e+00 1.482721229700104556e-09
1.340000000000000080e+00 1.485803243250824498e-09
1.344999999999999973e+00 1.488942402999072319e-09
1.350000000000000089e+00 1.492138991611186148e-09
1.354999999999999982e+00 1.495393194547261932e-09
1.360000000000000098e+00 1.498705188587506763e-09
1.364999999999999991e+00 1.502075141784061190e-09
1.370000000000000107e+00 1.505503213414366082e-09
1.375000000000000000e+00 1.508989553936087079e-09
1.380000000000000115e+00 1.512534304943566218e-09
1.385000000000000009e+00 1.516137599125943433e-09
1.390000000000000124e+00 1.519799560225412681e-09
1.395000000000000018e+00 1.523520302999547794e-09
1.400000000000000133e+00 1.527299933182117275e-09
1.405000000000000027e+00 1.531138547446657542e-09
1.409999999999999920e+00 1.535036233370980057e-09
1.415000000000000036e+00 1.538993069402866488e-09
1.419999999999999929e+00 1.543009124826924823e-09
1.425000000000000044e+00 1.547084459732559079e-09
1.429999999999999938e+00 1.551219124983020542e-09
1.435000000000000053e+00 1.555413162185524836e-09
1.439999999999999947e+00 1.559666603662313215e-09
1.445000000000000062e+00 1.563979472422785056e-09
1.449999999999999956e+00 1.568351782136473659e-09
1.455000000000000071e+00 1.572783537107027286e-09
1.459999999999999964e+00 1.577274732246956778e-09
1.465000000000000080e+00 1.581825353053367734e-09
1.469999999999999973e+00 1.586435375584399099e-09
1.475000000000000089e+00 1.591104766436531116e-09
1.479999999999999982e+00 1.595833482722628024e-09
1.485000000000000098e+00 1.600621472050755205e-09
1.489999999999999991e+00 1.605468672503693640e-09
1.495000000000000107e+00 1.610375012619177327e-09
1.500000000000000000e+00 1.615340411370810012e-09
1.505000000000000115e+00 1.620364312835404477e-09
1.510000000000000009e+00 1.625445681980272449e-09
1.515000000000000124e+00 1.630583933877123847e-09
1.520000000000000018e+00 1.635778937989787272e-09
1.525000000000000133e+00 1.641030554323845155e-09
1.530000000000000027e+00 1.646338633417077963e-09
1.535000000000000142e+00 1.651703016330633839e-09
1.540000000000000036e+00 1.657123534640784092e-09
1.544999999999999929e+00 1.662600010431417776e-09
1.550000000000000044e+00 1.668132256287048493e-09
1.554999999999999938e+00 1.673720075286594414e-09
1.560000000000000053e+00 1.679363260997668042e-09
1.564999999999999947e+00 1.685061597471543646e-09
1.570000000000000062e+00 1.690814859238767617e-09
1.574999999999999956e+00 1.696622811305298023e-09
1.580000000000000071e+00 1.702485209149374343e-09
1.584999999999999964e+00 1.708401798718907303e-09
1.590000000000000080e+00 1.714372316429571605e-09
1.594999999999999973e+00 1.720396489163441074e-09
1.600000000000000089e+00 1.726474034268334366e-09
1.604999999999999982e+00 1.732604659557711562e-09
1.610000000000000098e+00 1.738788063310875593e-09
1.614999999999999991e+00 1.745023934275866954e-09
1.620000000000000107e+00 1.751311951668748197e-09
1.625000000000000000e+00 1.757651785177937526e-09
1.630000000000000115e+00 1.764043094967004463e-09
1.635000000000000009e+00 1.770485531678843802e-09
1.640000000000000124e+00 1.776978736439197743e-09
1.645000000000000018e+00 1.783522340863783500e-09
1.650000000000000133e+00 1.790115967063156917e-09
1.655000000000000027e+00 1.796759227649895910e-09
1.660000000000000142e+00 1.803451725746246722e-09
1.665000000000000036e+00 1.810193054992576874e-09
1.669999999999999929e+00 1.816982799556633393e-09
1.675000000000000044e+00 1.823820534143668116e-09
1.679999999999999938e+00 1.830705824007426787e-09
1.685000000000000053e+00 1.837638224962042468e-09
1.689999999999999947e+00 1.844617283394865108e-09
1.695000000000000062e+00 1.851642536280226658e-09
1.699999999999999956e+00 1.858713511194238915e-09
1.705000000000000071e+00 1.865829726330569515e-09
1.709999999999999964e+00 1.872990690517304005e-09
1.715000000000000080e+00 1.880195903234900423e-09
1.719999999999999973e+00 1.887444854635256431e-09
1.725000000000000089e+00 1.894737025561970271e-09
1.729999999999999982e+00 1.902071887571782538e-09
1.735000000000000098e+00 1.909448902957295097e-09
1.739999999999999991e+00 1.916867524770977941e-09
1.745000000000000107e+00 1.924327196850487121e-09
1.750000000000000000e+00 1.931827353845432718e-09
1.755000000000000115e+00 1.937332699832395838e-09
1.760000000000000009e+00 1.940832203910305769e-09
1.765000000000000124e+00 1.944355288385860434e-09
1.770000000000000018e+00 1.947901675793209526e-09
1.775000000000000133e+00 1.951471084840446226e-09
1.780000000000000027e+00 1.955063230453355964e-09
1.785000000000000142e+00 1.958677823818636605e-09
1.790000000000000036e+00 1.962314572426531751e-09
1.794999999999999929e+00 1.965973180112938780e-09
1.800000000000000044e+00 1.969653347100950277e-09
1.804999999999999938e+00 1.973354770041850340e-09
1.810000000000000053e+00 1.977077142055540141e-09
1.814999999999999947e+00 1.980820152770470067e-09
1.820000000000000062e+00 1.984583488362988704e-09
1.824999999999999956e+00 1.988366831596193443e-09
1.830000000000000071e+00 1.992169861858245896e-09
1.834999999999999964e+00 1.995992255200202178e-09
1.840000000000000080e+00 1.999833684373341499e-09
1.844999999999999973e+00 2.003693818866000100e-09
1.850000000000000089e+00 2.007572324939975890e-09
1.854999999999999982e+00 2.011468865666473992e-09
1.860000000000000098e+00 2.015383100961593201e-09
1.864999999999999991e+00 2.019314687621472480e-09
1.870000000000000107e+00 2.023263279356983739e-09
1.875000000000000000e+00 2.027228526828101604e-09
1.880000000000000115e+00 2.031210077677929489e-09
1.885000000000000009e+00 2.035207576566408867e-09
1.890000000000000124e+00 2.039220665203720813e-09
1.895000000000000018e+00 2.043248982383463401e-09
1.900000000000000133e+00 2.047292164015574728e-09
1.905000000000000027e+00 2.051349843159065692e-09
1.910000000000000142e+00 2.055421650054577408e-09
1.915000000000000036e+00 2.059507212156812478e-09
1.919999999999999929e+00 2.063606154166853767e-09
1.925000000000000044e+00 2.067718098064406656e-09
1.929999999999999938e+00 2.071842663140061577e-09
1.935000000000000053e+00 2.075979466027479602e-09
1.939999999999999947e+00 2.080128120735710393e-09
1.945000000000000062e+00 2.084288238681516769e-09
1.949999999999999956e+00 2.088459428721867181e-09
1.955000000000000071e+00 2.092641297186596117e-09
1.959999999999999964e+00 2.096833447911229108e-09
1.965000000000000080e+00 2.101035482270110897e-09
1.969999999999999973e+00 2.105246999209783834e-09
1.975000000000000089e+00 2.109467595282709131e-09
1.979999999999999982e+00 2.113696864681417843e-09
1.985000000000000098e+00 2.117934399273004714e-09
1.989999999999999991e+00 2.122179788634177469e-09
1.995000000000000107e+00 2.126432620086776783e-09
