0.000000000000000000e+00 2.950781944352962140e-40
1.000000000000000021e-02 3.474782961838334753e-41
2.000000000000000042e-02 3.870380401234231191e-41
2.999999999999999889e-02 3.956777902774683466e-41
4.000000000000000083e-02 4.175189255012120308e-41
5.000000000000000278e-02 4.148877787877488076e-41
5.999999999999999778e-02 4.523645543871137224e-41
7.000000000000000666e-02 4.684786824190769731e-41
8.000000000000000167e-02 5.112202648283841456e-41
8.999999999999999667e-02 5.224223554576860852e-41
1.000000000000000056e-01 5.611028389411711336e-41
1.100000000000000006e-01 5.725532444839032124e-41
1.199999999999999956e-01 5.842089216445909918e-41
1.300000000000000044e-01 5.839229694034299892e-41
1.400000000000000133e-01 6.099475790555498531e-41
1.499999999999999944e-01 6.248474766837537994e-41
1.600000000000000033e-01 6.337212239004870793e-41
1.700000000000000122e-01 6.299466954705473115e-41
1.799999999999999933e-01 7.065025521119626100e-41
1.900000000000000022e-01 6.910377461093954815e-41
2.000000000000000111e-01 7.108648714566240862e-41
2.099999999999999922e-01 7.176583989466640598e-41
2.200000000000000011e-01 7.494162732840100867e-41
2.300000000000000100e-01 7.148887293604460722e-41
2.399999999999999911e-01 7.241642497001713506e-41
2.500000000000000000e-01 7.667432007890952485e-41
2.600000000000000089e-01 8.083043288003221163e-41
2.700000000000000178e-01 7.469289220940967263e-41
2.800000000000000266e-01 7.576237296170348014e-41
2.899999999999999800e-01 7.410400058551500925e-41
2.999999999999999889e-01 8.766395819744765722e-41
3.099999999999999978e-01 8.498598758802067964e-41
3.200000000000000067e-01 8.217413312573504043e-41
3.300000000000000155e-01 8.805834793952796031e-41
3.400000000000000244e-01 8.596098653259718182e-41
3.500000000000000333e-01 8.856885372758957841e-41
3.599999999999999867e-01 1.006289304690242967e-40
3.699999999999999956e-01 8.358614373316399182e-41
3.800000000000000044e-01 9.320284594425031353e-41
3.900000000000000133e-01 8.489895881397174611e-41
4.000000000000000222e-01 1.063074615138532620e-40
4.100000000000000311e-01 7.479363827892965683e-41
4.199999999999999845e-01 7.645252113390122085e-41
4.299999999999999933e-01 7.079555488709923239e-41
4.400000000000000022e-01 6.456014147139240960e-41
4.500000000000000111e-01 6.225132479525270115e-41
4.600000000000000200e-01 6.482465796183913016e-41
4.700000000000000289e-01 6.107562299686471585e-41
4.799999999999999822e-01 5.660744581089053667e-41
4.899999999999999911e-01 5.407918824072810128e-41
5.000000000000000000e-01 5.265061360241219995e-41
5.100000000000000089e-01 4.817602245369111942e-41
5.200000000000000178e-01 4.556209503719390240e-41
5.300000000000000266e-01 4.546056237916256793e-41
5.400000000000000355e-01 4.030096550410975168e-41
5.500000000000000444e-01 3.607230872699232747e-41
5.600000000000000533e-01 3.605580866646067070e-41
5.700000000000000622e-01 3.269227510940717899e-41
5.799999999999999600e-01 3.458823346725975399e-41
5.899999999999999689e-01 2.795684329865068253e-41
5.999999999999999778e-01 2.982880976902430355e-41
6.099999999999999867e-01 2.602527456819634531e-41
6.199999999999999956e-01 2.765020067363788987e-41
6.300000000000000044e-01 1.781180562965532841e-41
6.400000000000000133e-01 2.039816421129329080e-41
6.500000000000000222e-01 1.505187665712247769e-41
6.600000000000000311e-01 1.005027940591873525e-41
6.700000000000000400e-01 1.041866102580104068e-41
6.800000000000000488e-01 1.019934174774967587e-41
6.900000000000000577e-01 6.388099919021822998e-42
7.000000000000000666e-01 7.527860684587068761e-42
7.099999999999999645e-01 3.376144630912642332e-42
7.199999999999999734e-01 3.521997722988526206e-42
7.299999999999999822e-01 1.509702856964630819e-42
7.399999999999999911e-01 3.516583421895413463e-42
7.500000000000000000e-01 3.355175738591817818e-42
7.600000000000000089e-01 1.316511724811690700e-42
7.700000000000000178e-01 2.566736945857660565e-42
7.800000000000000266e-01 1.040454605602706265e-42
7.900000000000000355e-01 1.981977749448333791e-42
8.000000000000000444e-01 5.099520485370447405e-42
8.100000000000000533e-01 4.582757143608774085e-42
8.200000000000000622e-01 3.029525736912396988e-42
8.300000000000000711e-01 5.945442912575534287e-42
8.399999999999999689e-01 3.953518918552112058e-42
8.499999999999999778e-01 7.397581770340834763e-42
8.599999999999999867e-01 1.409125209992307889e-41
8.699999999999999956e-01 2.374303255878174580e-41
8.800000000000000044e-01 1.441641371925375209e-41
8.900000000000000133e-01 1.565415884570757971e-41
9.000000000000000222e-01 1.926266506170074715e-41
9.100000000000000311e-01 2.338793176631106755e-41
9.200000000000000400e-01 2.312095835030900263e-41
9.300000000000000488e-01 2.831403340183405518e-41
9.400000000000000577e-01 2.562755703522566990e-41
9.500000000000000666e-01 2.664382698203898150e-41
9.599999999999999645e-01 3.482340927278159552e-41
9.699999999999999734e-01 4.174119920093115923e-41
9.799999999999999822e-01 3.640004024562601750e-41
9.899999999999999911e-01 4.101117161577682042e-41
1.000000000000000000e+00 4.033240198950875535e-41
1.010000000000000009e+00 4.810192372630348254e-41
1.020000000000000018e+00 4.592325769770539614e-41
1.030000000000000027e+00 4.954170576959645969e-41
1.040000000000000036e+00 4.889590533380399290e-41
1.050000000000000044e+00 5.484354985946684426e-41
1.060000000000000053e+00 5.841407491052555338e-41
1.070000000000000062e+00 6.108845331605589952e-41
1.080000000000000071e+00 5.901152502286964231e-41
1.090000000000000080e+00 5.399198062528621733e-41
1.100000000000000089e+00 6.639116291009914855e-41
1.110000000000000098e+00 6.197213822194870612e-41
1.120000000000000107e+00 6.131767047945747598e-41
1.130000000000000115e+00 6.710384851054325514e-41
1.140000000000000124e+00 6.018841657839585503e-41
1.150000000000000133e+00 6.599007009476950038e-41
1.159999999999999920e+00 6.598163939568831622e-41
1.169999999999999929e+00 6.359194125409961411e-41
1.179999999999999938e+00 6.496036972356990652e-41
1.189999999999999947e+00 6.429005376305472559e-41
1.199999999999999956e+00 6.321040796284402409e-41
1.209999999999999964e+00 5.988286587669503300e-41
1.219999999999999973e+00 6.031292361019527759e-41
1.229999999999999982e+00 6.033182641440050697e-41
1.239999999999999991e+00 6.252408591687255212e-41
1.250000000000000000e+00 5.777184189634085707e-41
1.260000000000000009e+00 5.506486894898553407e-41
1.270000000000000018e+00 5.346676358016010123e-41
1.280000000000000027e+00 5.176084724197165303e-41
1.290000000000000036e+00 5.047109027009159861e-41
1.300000000000000044e+00 4.882353514753454512e-41
1.310000000000000053e+00 4.896506966579088167e-41
1.320000000000000062e+00 4.521621450956326226e-41
1.330000000000000071e+00 4.498137755760528271e-41
1.340000000000000080e+00 4.100441230776431227e-41
1.350000000000000089e+00 4.102730069515618007e-41
1.360000000000000098e+00 3.888105338561605272e-41
1.370000000000000107e+00 3.641601008838821081e-41
1.380000000000000115e+00 3.428216916592614834e-41
1.390000000000000124e+00 3.345838229529217964e-41
1.400000000000000133e+00 3.103374347519823723e-41
1.409999999999999920e+00 2.842914586005167242e-41
1.419999999999999929e+00 2.602038613089229614e-41
1.429999999999999938e+00 2.394431974879393287e-41
1.439999999999999947e+00 2.143416274296779955e-41
1.449999999999999956e+00 1.921286375228274728e-41
1.459999999999999964e+00 1.743736289009125183e-41
1.469999999999999973e+00 1.582200829041590255e-41
1.479999999999999982e+00 1.396761920863634471e-41
1.489999999999999991e+00 1.224087729854032200e-41
1.500000000000000000e+00 1.030732667178512808e-41
1.510000000000000009e+00 8.932316889447871420e-42
1.520000000000000018e+00 7.926292656714589811e-42
1.530000000000000027e+00 6.414604153362157347e-42
1.540000000000000036e+00 5.204957768822103527e-42
1.550000000000000044e+00 4.330809681054127953e-42
1.560000000000000053e+00 3.471177990235048221e-42
1.570000000000000062e+00 2.785894871534749157e-42
1.580000000000000071e+00 2.236116090691885038e-42
1.590000000000000080e+00 1.749130138548171391e-42
1.600000000000000089e+00 1.306246605928042931e-42
1.610000000000000098e+00 1.043698759295861208e-42
1.620000000000000107e+00 6.122538606702109169e-43
1.630000000000000115e+00 3.590186839370151424e-43
1.640000000000000124e+00 2.052871650856369946e-43
1.650000000000000133e+00 1.643708361996769453e-43
1.660000000000000142e+00 1.026222279544860616e-43
1.669999999999999929e+00 1.451393796260078289e-43
1.679999999999999938e+00 1.673153611993587305e-43
1.689999999999999947e+00 3.491900515930011327e-43
1.699999999999999956e+00 4.804947797541436393e-43
1.709999999999999964e+00 6.845262049871394803e-43
1.719999999999999973e+00 9.734315805599643882e-43
1.729999999999999982e+00 1.381517052417929934e-42
1.739999999999999991e+00 1.741179882156752591e-42
1.750000000000000000e+00 1.888310015012815280e-42
1.760000000000000009e+00 2.298558375137073303e-42
1.770000000000000018e+00 2.721697893095958207e-42
1.780000000000000027e+00 3.752526297148689158e-42
1.790000000000000036e+00 3.710461700283069864e-42
1.800000000000000044e+00 4.625080765027661008e-42
1.810000000000000053e+00 4.895420305007105503e-42
1.820000000000000062e+00 5.603181841816043366e-42
1.830000000000000071e+00 7.286411594004518201e-42
1.840000000000000080e+00 6.746866135270853731e-42
1.850000000000000089e+00 8.620136045448620598e-42
1.860000000000000098e+00 8.906569750886738624e-42
1.870000000000000107e+00 9.635091231456243327e-42
1.880000000000000115e+00 1.053739238175174312e-41
1.890000000000000124e+00 1.166945187345554715e-41
1.900000000000000133e+00 1.324841100419592519e-41
1.910000000000000142e+00 1.427407752861980861e-41
1.919999999999999929e+00 1.383524132974781973e-41
1.929999999999999938e+00 1.603994416982565317e-41
1.939999999999999947e+00 1.594477460992798620e-41
1.949999999999999956e+00 1.691180103814109871e-41
1.959999999999999964e+00 1.878296074383460959e-41
1.969999999999999973e+00 1.933286088464707329e-41
1.979999999999999982e+00 1.883865781996460400e-41
1.989999999999999991e+00 2.135038991316842038e-41
2.000000000000000000e+00 2.276835948941377503e-41
2.010000000000000231e+00 2.935853750429729275e-41
2.020000000000000018e+00 2.868435003006539763e-41
2.030000000000000249e+00 2.742399714832246603e-41
2.040000000000000036e+00 2.846849419983114881e-41
2.049999999999999822e+00 3.283142562887173841e-41
2.060000000000000053e+00 3.005752897197337964e-41
2.069999999999999840e+00 3.853819079407216250e-41
2.080000000000000071e+00 4.212623600413884751e-41
2.089999999999999858e+00 4.110238757170020495e-41
2.100000000000000089e+00 4.214960356749537613e-41
2.109999999999999876e+00 4.291882223965051556e-41
2.120000000000000107e+00 3.898885324918038921e-41
2.129999999999999893e+00 4.732425562741704085e-41
2.140000000000000124e+00 4.593506844618114584e-41
2.149999999999999911e+00 4.818229391273184866e-41
2.160000000000000142e+00 4.758179388688674736e-41
2.169999999999999929e+00 5.266955582034335786e-41
2.180000000000000160e+00 5.361102717223784474e-41
2.189999999999999947e+00 5.399704970736986208e-41
2.200000000000000178e+00 5.374977368677997577e-41
2.209999999999999964e+00 5.362991558133414119e-41
2.220000000000000195e+00 5.680430372960726858e-41
2.229999999999999982e+00 5.836704756774936442e-41
2.240000000000000213e+00 5.986688451998057721e-41
2.250000000000000000e+00 6.219747252887755241e-41
2.260000000000000231e+00 5.421418144808184520e-41
2.270000000000000018e+00 5.680056057297322294e-41
2.280000000000000249e+00 5.978303294872988691e-41
2.290000000000000036e+00 5.577607639618786713e-41
2.300000000000000266e+00 5.885770153253516370e-41
2.310000000000000053e+00 6.340665492541474800e-41
2.319999999999999840e+00 6.251876901497997637e-41
2.330000000000000071e+00 5.737358056995116904e-41
2.339999999999999858e+00 6.965212192451896788e-41
2.350000000000000089e+00 5.285735539044093149e-41
2.359999999999999876e+00 5.438909027730104697e-41
2.370000000000000107e+00 4.712565379003952693e-41
2.379999999999999893e+00 6.080086101269287340e-41
2.390000000000000124e+00 6.191022226113807537e-41
2.399999999999999911e+00 6.475193366988825597e-41
2.410000000000000142e+00 5.283879090675672026e-41
2.419999999999999929e+00 5.153065947489489992e-41
2.430000000000000160e+00 5.075755426002127177e-41
2.439999999999999947e+00 6.166106566096415132e-41
2.450000000000000178e+00 4.769267458959277425e-41
2.459999999999999964e+00 4.562574383016898650e-41
2.470000000000000195e+00 4.794265097983163963e-41
2.479999999999999982e+00 4.294401452473232404e-41
2.490000000000000213e+00 4.931795804811724663e-41
2.500000000000000000e+00 3.507196954290382296e-41
2.510000000000000231e+00 4.052941544484941420e-41
2.520000000000000018e+00 3.023641282408000239e-41
2.530000000000000249e+00 3.303432638408338645e-41
2.540000000000000036e+00 2.850192753391251208e-41
2.550000000000000266e+00 2.521286610414822816e-41
2.560000000000000053e+00 2.819580466407865615e-41
2.569999999999999840e+00 2.672794447062059765e-41
2.580000000000000071e+00 2.416858204615003746e-41
2.589999999999999858e+00 2.279117427152362496e-41
2.600000000000000089e+00 1.931388521072070917e-41
2.609999999999999876e+00 1.935294936843877977e-41
2.620000000000000107e+00 1.803860017928351456e-41
2.629999999999999893e+00 1.422271759091538966e-41
2.640000000000000124e+00 1.413562990912680115e-41
2.649999999999999911e+00 1.039418096244681148e-41
2.660000000000000142e+00 9.408485213929205777e-42
2.669999999999999929e+00 8.571920643057595302e-42
2.680000000000000160e+00 5.896703754885137940e-42
2.689999999999999947e+00 4.982326254700528966e-42
2.700000000000000178e+00 6.200873824543032259e-42
2.709999999999999964e+00 4.097061526746006311e-42
2.720000000000000195e+00 2.985382841963867881e-42
2.729999999999999982e+00 1.814779383223957214e-42
2.740000000000000213e+00 3.365262003588571425e-42
2.750000000000000000e+00 8.672312725635889903e-43
2.760000000000000231e+00 1.081086582962246129e-42
2.770000000000000018e+00 1.283766908537815188e-42
2.780000000000000249e+00 3.035432953070046182e-42
2.790000000000000036e+00 4.484524288377912155e-42
2.800000000000000266e+00 2.330335960045760818e-42
2.810000000000000053e+00 5.186872606010090123e-42
2.819999999999999840e+00 5.009266229117179205e-42
2.830000000000000071e+00 6.755819004238417485e-42
2.839999999999999858e+00 7.268575184372306465e-42
2.850000000000000089e+00 6.872255322445469185e-42
2.859999999999999876e+00 1.141267162831046443e-41
2.870000000000000107e+00 1.205253790918467493e-41
2.879999999999999893e+00 1.742452922108170830e-41
2.890000000000000124e+00 1.828158322242476120e-41
2.899999999999999911e+00 2.115817260867650501e-41
2.910000000000000142e+00 2.058318626001854052e-41
2.919999999999999929e+00 2.213876609959987991e-41
2.930000000000000160e+00 2.922634277630728626e-41
2.939999999999999947e+00 2.952030749566342291e-41
2.950000000000000178e+00 3.352533175784530934e-41
2.959999999999999964e+00 3.159055122957863443e-41
2.970000000000000195e+00 4.217864955013415209e-41
2.979999999999999982e+00 4.223141451012964160e-41
2.990000000000000213e+00 4.190969131599298136e-41
3.000000000000000000e+00 4.514605815951938267e-41
3.010000000000000231e+00 4.983425719639028080e-41
3.020000000000000018e+00 5.033155742355659414e-41
3.030000000000000249e+00 5.613306585644507851e-41
3.040000000000000036e+00 5.554884569277993929e-41
3.050000000000000266e+00 4.932527118108730581e-41
3.060000000000000053e+00 5.456260936429780782e-41
3.070000000000000284e+00 5.134300327262537450e-41
3.080000000000000071e+00 6.258813137067505145e-41
3.089999999999999858e+00 5.887947189341660094e-41
3.100000000000000089e+00 5.846028383451760589e-41
3.109999999999999876e+00 5.436954644098740934e-41
3.120000000000000107e+00 5.934135288924856916e-41
3.129999999999999893e+00 5.446809470979428750e-41
3.140000000000000124e+00 5.543424087402483710e-41
3.149999999999999911e+00 5.302910017222585146e-41
3.160000000000000142e+00 5.368695241123136715e-41
3.169999999999999929e+00 5.212969416744869279e-41
3.180000000000000160e+00 5.374876465051570789e-41
3.189999999999999947e+00 5.097471390084559442e-41
3.200000000000000178e+00 4.867750838305734993e-41
3.209999999999999964e+00 5.194224069654093741e-41
3.220000000000000195e+00 5.482638977042981473e-41
3.229999999999999982e+00 4.758659097751867752e-41
3.240000000000000213e+00 4.776515150720022650e-41
3.250000000000000000e+00 4.944501557093144096e-41
3.260000000000000231e+00 4.650191666917192690e-41
3.270000000000000018e+00 4.529110333913186347e-41
3.280000000000000249e+00 4.302608869309078980e-41
3.290000000000000036e+00 3.917219917671243544e-41
3.300000000000000266e+00 3.745504382936995031e-41
3.310000000000000053e+00 3.634682805186622211e-41
3.320000000000000284e+00 3.729849990575071722e-41
3.330000000000000071e+00 3.409459224976178230e-41
3.339999999999999858e+00 3.264487436568904599e-41
3.350000000000000089e+00 3.094914071802089641e-41
3.359999999999999876e+00 2.974906792108330608e-41
3.370000000000000107e+00 2.603383812567259715e-41
3.379999999999999893e+00 2.592109590859080044e-41
3.390000000000000124e+00 2.403731805131593833e-41
3.399999999999999911e+00 2.227459073690847743e-41
3.410000000000000142e+00 2.098520138430596048e-41
3.419999999999999929e+00 1.810210492309693054e-41
3.430000000000000160e+00 1.613390301013552747e-41
3.439999999999999947e+00 1.452309473994655252e-41
3.450000000000000178e+00 1.295291125327595959e-41
3.459999999999999964e+00 1.120450833394498236e-41
3.470000000000000195e+00 9.000438462203490729e-42
3.479999999999999982e+00 7.974646554992236649e-42
3.490000000000000213e+00 6.050936852744404200e-42
3.500000000000000000e+00 4.424296440513206000e-42
3.510000000000000231e+00 3.326717838757499476e-42
3.520000000000000018e+00 2.303999796483007870e-42
3.530000000000000249e+00 1.553969018838709338e-42
3.540000000000000036e+00 7.965382555055259080e-43
3.550000000000000266e+00 2.731559773331639077e-43
3.560000000000000053e+00 1.559831462541717619e-43
3.570000000000000284e+00 3.021110613377578887e-43
3.580000000000000071e+00 9.405479054628864029e-43
3.589999999999999858e+00 1.898901299593309108e-42
3.600000000000000089e+00 3.406631055062882026e-42
3.609999999999999876e+00 5.065117568839822614e-42
3.620000000000000107e+00 7.487816007198181501e-42
3.629999999999999893e+00 1.058211742840565619e-41
3.640000000000000124e+00 1.364703643043656636e-41
3.649999999999999911e+00 1.752405471515853728e-41
3.660000000000000142e+00 2.179871204006553789e-41
3.669999999999999929e+00 2.654630545927574110e-41
3.680000000000000160e+00 3.178563988244599137e-41
3.689999999999999947e+00 3.689894938485994605e-41
3.700000000000000178e+00 4.202481204101150825e-41
3.709999999999999964e+00 4.769770297948519832e-41
3.720000000000000195e+00 5.361604011921017123e-41
3.729999999999999982e+00 5.901172919336026334e-41
3.740000000000000213e+00 6.356356958290157621e-41
3.750000000000000000e+00 6.686482885490799026e-41
3.760000000000000231e+00 7.161626968783182070e-41
3.770000000000000018e+00 7.552375685383169722e-41
3.780000000000000249e+00 8.080310552765780232e-41
3.790000000000000036e+00 8.341462760165436001e-41
3.800000000000000266e+00 8.456593558954108674e-41
3.810000000000000053e+00 8.706986602872975448e-41
3.820000000000000284e+00 8.760752144654960841e-41
3.830000000000000071e+00 8.968841685647188678e-41
3.839999999999999858e+00 9.142599245726263371e-41
3.850000000000000089e+00 9.331460013878012814e-41
3.859999999999999876e+00 9.396780602071120789e-41
3.870000000000000107e+00 9.623125163765231505e-41
3.879999999999999893e+00 9.788277099401086947e-41
3.890000000000000124e+00 1.022650413940701599e-40
3.899999999999999911e+00 1.047097114279289534e-40
3.910000000000000142e+00 1.039926291797812531e-40
3.919999999999999929e+00 1.046779682648523490e-40
3.930000000000000160e+00 1.101102213167050872e-40
3.939999999999999947e+00 1.096316843634611954e-40
3.950000000000000178e+00 1.141382773566653821e-40
3.959999999999999964e+00 1.113762272408349901e-40
3.970000000000000195e+00 1.208117090992150536e-40
3.979999999999999982e+00 1.226560257230768280e-40
3.990000000000000213e+00 1.187545490265271076e-40
4.000000000000000000e+00 1.244249091892593583e-40
4.009999999999999787e+00 1.258519781191011162e-40
4.020000000000000462e+00 1.226921346332493226e-40
4.030000000000000249e+00 1.153309126275041624e-40
4.040000000000000036e+00 1.285486138762890380e-40
4.049999999999999822e+00 1.181229593335498112e-40
4.060000000000000497e+00 1.391172489055306968e-40
4.070000000000000284e+00 1.209005486682715725e-40
4.080000000000000071e+00 1.370312067031514933e-40
4.089999999999999858e+00 1.354679798376077806e-40
4.099999999999999645e+00 1.369814832479304947e-40
4.110000000000000320e+00 1.392371231533487457e-40
4.120000000000000107e+00 1.424173259488644575e-40
4.129999999999999893e+00 1.445869489229574834e-40
4.139999999999999680e+00 1.404180821138986298e-40
4.150000000000000355e+00 1.461481724600098107e-40
4.160000000000000142e+00 1.459794730361658594e-40
4.169999999999999929e+00 1.510832334388342406e-40
4.179999999999999716e+00 1.457272557917909701e-40
4.190000000000000391e+00 1.609509380717067623e-40
4.200000000000000178e+00 1.580686202453410275e-40
4.209999999999999964e+00 1.643850024290060791e-40
4.219999999999999751e+00 1.370272148129542673e-40
4.230000000000000426e+00 1.606006187573195734e-40
4.240000000000000213e+00 1.773928142720064465e-40
4.250000000000000000e+00 1.809486061156852489e-40
4.259999999999999787e+00 1.535798563657708759e-40
4.270000000000000462e+00 1.578233741789339881e-40
4.280000000000000249e+00 1.715601047933436509e-40
4.290000000000000036e+00 2.004852845802391949e-40
4.299999999999999822e+00 2.008331314405576617e-40
4.310000000000000497e+00 2.029652312768218024e-40
4.320000000000000284e+00 1.976464970887938769e-40
4.330000000000000071e+00 2.226784068115587704e-40
4.339999999999999858e+00 2.218724719533037588e-40
4.350000000000000533e+00 2.193848002404689842e-40
4.360000000000000320e+00 2.538001888038387011e-40
4.370000000000000107e+00 2.426302070898599610e-40
4.379999999999999893e+00 2.468869950761427186e-40
4.389999999999999680e+00 2.357886535147870933e-40
4.400000000000000355e+00 2.882634577667584981e-40
4.410000000000000142e+00 2.612489746299295420e-40
4.419999999999999929e+00 2.881269886441024655e-40
4.429999999999999716e+00 2.960113252048972711e-40
4.440000000000000391e+00 2.917251512197147271e-40
4.450000000000000178e+00 2.951646229546379245e-40
4.459999999999999964e+00 3.331259729688942074e-40
4.469999999999999751e+00 3.071492956541348055e-40
4.480000000000000426e+00 3.225577269589826069e-40
4.490000000000000213e+00 3.329443695579673954e-40
4.500000000000000000e+00 3.162080014708425446e-40
4.509999999999999787e+00 3.151549110121728716e-40
4.520000000000000462e+00 3.578757451136389226e-40
4.530000000000000249e+00 3.325677421007771236e-40
4.540000000000000036e+00 3.248348221342644310e-40
4.549999999999999822e+00 3.123811731572660467e-40
4.560000000000000497e+00 3.141055395889149785e-40
4.570000000000000284e+00 3.074221194765267388e-40
4.580000000000000071e+00 2.751489838587451113e-40
4.589999999999999858e+00 2.623703623943278663e-40
4.600000000000000533e+00 2.569377411562493259e-40
4.610000000000000320e+00 2.467360989227832996e-40
4.620000000000000107e+00 2.521846487710591460e-40
4.629999999999999893e+00 2.441749903488254826e-40
4.639999999999999680e+00 2.446438461787919750e-40
4.650000000000000355e+00 2.465531799177641724e-40
4.660000000000000142e+00 2.189845854934714441e-40
4.669999999999999929e+00 2.058115141791185754e-40
4.679999999999999716e+00 1.989747005123309519e-40
4.690000000000000391e+00 1.923165297123768120e-40
4.700000000000000178e+00 1.800116234131699355e-40
4.709999999999999964e+00 1.664556111255640691e-40
4.719999999999999751e+00 1.161802670133923081e-40
4.730000000000000426e+00 1.167852716050350199e-40
4.740000000000000213e+00 1.198163906612309642e-40
4.750000000000000000e+00 8.830578548881265494e-41
4.759999999999999787e+00 9.099055433943251821e-41
4.770000000000000462e+00 9.580176895052693149e-41
4.780000000000000249e+00 6.671009707253747429e-41
4.790000000000000036e+00 5.378507848955473537e-41
4.799999999999999822e+00 5.299577402125181290e-41
4.810000000000000497e+00 5.518439857504281896e-41
4.820000000000000284e+00 3.167369639566246968e-41
4.830000000000000071e+00 3.430622534870552940e-41
4.839999999999999858e+00 2.751992472627724624e-41
4.850000000000000533e+00 1.934887096939224672e-41
4.860000000000000320e+00 2.127842434667938907e-41
4.870000000000000107e+00 1.314295894823254806e-41
4.879999999999999893e+00 9.127125284468813253e-42
4.889999999999999680e+00 9.490379895745689814e-42
4.900000000000000355e+00 6.510604077082055233e-42
4.910000000000000142e+00 5.282181471823113925e-42
4.919999999999999929e+00 5.547551297034058446e-42
4.929999999999999716e+00 6.632065244012722688e-42
4.940000000000000391e+00 4.719349529612375849e-42
4.950000000000000178e+00 6.063808135060465455e-42
4.959999999999999964e+00 2.820377038428867595e-42
4.969999999999999751e+00 7.461973908092345142e-42
4.980000000000000426e+00 2.219702122500235674e-42
4.990000000000000213e+00 7.469214026141063749e-42
5.000000000000000000e+00 2.923533526269169162e-42
5.009999999999999787e+00 3.930184252727727592e-42
5.020000000000000462e+00 5.924746822473297125e-42
5.030000000000000249e+00 1.852418725495490685e-42
5.040000000000000036e+00 3.778002564401746960e-42
5.049999999999999822e+00 7.815244306363588890e-42
5.060000000000000497e+00 6.719926866655417932e-42
5.070000000000000284e+00 6.296795095195872664e-42
5.080000000000000071e+00 1.042673736635227902e-41
5.089999999999999858e+00 1.366930099374748723e-41
5.100000000000000533e+00 1.768012746484270942e-41
5.110000000000000320e+00 1.581945636534121022e-41
5.120000000000000107e+00 2.223610551039296637e-41
5.129999999999999893e+00 2.299089313501471996e-41
5.139999999999999680e+00 2.641437548140344568e-41
5.150000000000000355e+00 3.166859727988879992e-41
5.160000000000000142e+00 3.853508388732984719e-41
5.169999999999999929e+00 3.544015590544133907e-41
5.179999999999999716e+00 4.690641259642547064e-41
5.190000000000000391e+00 5.588323235236196869e-41
5.200000000000000178e+00 5.012454379129944548e-41
5.209999999999999964e+00 6.600965911035000655e-41
5.219999999999999751e+00 6.653606807264538024e-41
5.230000000000000426e+00 8.539642139915088035e-41
5.240000000000000213e+00 9.078030905603856885e-41
5.250000000000000000e+00 1.077539559643350088e-40
5.259999999999999787e+00 1.469438379344143755e-40
5.270000000000000462e+00 1.334350384020057609e-40
5.280000000000000249e+00 1.531426716505928612e-40
5.290000000000000036e+00 1.733139017907415401e-40
5.299999999999999822e+00 2.014076178899364938e-40
5.310000000000000497e+00 2.263546246697661205e-40
5.320000000000000284e+00 2.307300467775776843e-40
5.330000000000000071e+00 2.496735434543009081e-40
5.339999999999999858e+00 2.725103123293281211e-40
5.350000000000000533e+00 2.876901986008096391e-40
5.360000000000000320e+00 2.992193254348305525e-40
5.370000000000000107e+00 2.967019374127772980e-40
5.379999999999999893e+00 3.033899663539365886e-40
5.389999999999999680e+00 3.099920856059302508e-40
5.400000000000000355e+00 3.011213701237304159e-40
5.410000000000000142e+00 2.878619778249440424e-40
5.419999999999999929e+00 2.740545674522686643e-40
5.429999999999999716e+00 2.669373730837485196e-40
5.440000000000000391e+00 2.558902962810820438e-40
5.450000000000000178e+00 2.561338866350385244e-40
5.459999999999999964e+00 2.373215454644900911e-40
5.469999999999999751e+00 2.175581901075761285e-40
5.480000000000000426e+00 1.788734568833026370e-40
5.490000000000000213e+00 1.704970671295248038e-40
5.500000000000000000e+00 1.543749032163472014e-40
5.509999999999999787e+00 1.404804436960066448e-40
5.520000000000000462e+00 1.296179796320097190e-40
5.530000000000000249e+00 1.219162044086841956e-40
5.540000000000000036e+00 1.110769193802652816e-40
5.549999999999999822e+00 1.000595919196542257e-40
5.560000000000000497e+00 9.007987474530005164e-41
5.570000000000000284e+00 8.246859966731345814e-41
5.580000000000000071e+00 7.251687942528902372e-41
5.589999999999999858e+00 6.521086756168725054e-41
5.600000000000000533e+00 5.559876127843308573e-41
5.610000000000000320e+00 5.164374092130653779e-41
5.620000000000000107e+00 4.000026549643920385e-41
5.629999999999999893e+00 3.003027116825075575e-41
5.639999999999999680e+00 2.386023746418745612e-41
5.650000000000000355e+00 1.823038078780461990e-41
5.660000000000000142e+00 1.692049792334549265e-41
5.669999999999999929e+00 1.860348523551425762e-41
5.679999999999999716e+00 3.497029187760416836e-41
5.690000000000000391e+00 4.300157091872151148e-41
5.700000000000000178e+00 7.664898368778939417e-41
5.709999999999999964e+00 1.159613203770027838e-40
5.719999999999999751e+00 1.313181886922392241e-40
5.730000000000000426e+00 1.372421164759488177e-40
5.740000000000000213e+00 1.368496917773462992e-40
5.750000000000000000e+00 1.367013656808497534e-40
5.759999999999999787e+00 1.343448899943531037e-40
5.770000000000000462e+00 1.357733451698269694e-40
5.780000000000000249e+00 1.293400829432863232e-40
5.790000000000000036e+00 1.356539627638953814e-40
5.799999999999999822e+00 1.000908702073243428e-40
5.810000000000000497e+00 1.124137716065073623e-40
5.820000000000000284e+00 1.195504017562740438e-40
5.830000000000000071e+00 1.144604273351190250e-40
5.839999999999999858e+00 1.105320709810330092e-40
5.850000000000000533e+00 9.658651419132633397e-41
5.860000000000000320e+00 7.882901516428872221e-41
5.870000000000000107e+00 9.088670235693718042e-41
5.879999999999999893e+00 8.770869527612753638e-41
5.889999999999999680e+00 7.735094137360372460e-41
5.900000000000000355e+00 7.663469512053057677e-41
5.910000000000000142e+00 7.324939704825154872e-41
5.919999999999999929e+00 8.598109239992661255e-41
5.929999999999999716e+00 8.997742779306036204e-41
5.940000000000000391e+00 7.311870579236943640e-41
5.950000000000000178e+00 7.231981586388634919e-41
5.959999999999999964e+00 7.990595044422173509e-41
5.969999999999999751e+00 2.320867153787571212e-40
5.980000000000000426e+00 1.152696529879801750e-40
5.990000000000000213e+00 1.356177308540197238e-40
6.000000000000000000e+00 1.771249862968455672e-40
6.009999999999999787e+00 1.370383053124029374e-40
6.020000000000000462e+00 1.667292748337884093e-40
6.030000000000000249e+00 1.009234591906988526e-40
6.040000000000000036e+00 1.229429548241982585e-40
6.049999999999999822e+00 1.054513886789188094e-40
6.060000000000000497e+00 9.475646552220206282e-41
6.070000000000000284e+00 1.289220039619644656e-40
6.080000000000000071e+00 7.663192644445364500e-41
6.089999999999999858e+00 5.636864443572851691e-41
6.100000000000000533e+00 4.695452150359135987e-41
6.110000000000000320e+00 5.835648323672316942e-41
6.120000000000000107e+00 6.605536061670897209e-41
6.129999999999999893e+00 3.959009096134327499e-41
6.140000000000000568e+00 3.046899771907149195e-41
6.150000000000000355e+00 5.010442615558697524e-41
6.160000000000000142e+00 3.788404635107641250e-41
6.169999999999999929e+00 2.381169420041083401e-41
6.179999999999999716e+00 3.212413986884837212e-41
6.190000000000000391e+00 3.542434821177094686e-41
6.200000000000000178e+00 5.495178458211882430e-42
6.209999999999999964e+00 5.047647845504201578e-42
6.219999999999999751e+00 7.059148336588511119e-42
6.230000000000000426e+00 1.390029632768255122e-41
6.240000000000000213e+00 3.482560702447942843e-42
6.250000000000000000e+00 8.287620133521884223e-41
6.259999999999999787e+00 1.601036199376985197e-41
6.270000000000000462e+00 4.353252531085485009e-41
6.280000000000000249e+00 4.921723703480686333e-41
6.290000000000000036e+00 1.333202571276960941e-40
6.299999999999999822e+00 1.104376784523704028e-40
6.310000000000000497e+00 1.428699677242134008e-40
6.320000000000000284e+00 2.075542765622391726e-40
6.330000000000000071e+00 2.496162955608373456e-40
6.339999999999999858e+00 2.717215330930971923e-40
6.350000000000000533e+00 2.493022330773902115e-40
6.360000000000000320e+00 2.976745196459099972e-40
6.370000000000000107e+00 4.918282678765945267e-40
6.379999999999999893e+00 4.804557293030025634e-40
6.390000000000000568e+00 5.433186841420764623e-40
6.400000000000000355e+00 5.807818752932667230e-40
6.410000000000000142e+00 6.030593529938658910e-40
6.419999999999999929e+00 5.891252561559771355e-40
6.429999999999999716e+00 6.445509402510672378e-40
6.440000000000000391e+00 1.088506944218323444e-39
6.450000000000000178e+00 1.121973015224660338e-39
6.459999999999999964e+00 1.195679011539951278e-39
6.469999999999999751e+00 1.184723429406034475e-39
6.480000000000000426e+00 1.144754553310134780e-39
6.490000000000000213e+00 9.072779411566340606e-40
6.500000000000000000e+00 6.002457881081467029e-40
6.509999999999999787e+00 2.305947405676877750e-40
6.520000000000000462e+00 7.693683945087973824e-41
6.530000000000000249e+00 6.623876401923629236e-40
6.540000000000000036e+00 4.529020498042094864e-40
6.549999999999999822e+00 3.846120050393270639e-40
6.560000000000000497e+00 2.690438917131919625e-40
6.570000000000000284e+00 3.363336528831483172e-40
6.580000000000000071e+00 4.311561185946173916e-40
6.589999999999999858e+00 5.672297036383568330e-40
6.600000000000000533e+00 5.110941262923008510e-40
6.610000000000000320e+00 6.811155283254345737e-40
6.620000000000000107e+00 6.122503243821236606e-40
6.629999999999999893e+00 6.575563053236675791e-40
6.640000000000000568e+00 6.573396552897712944e-40
6.650000000000000355e+00 6.263277986818185046e-40
6.660000000000000142e+00 5.605770522436819465e-40
6.669999999999999929e+00 5.138797737715951065e-40
6.679999999999999716e+00 5.000066278653764185e-40
6.690000000000000391e+00 3.894030129352037264e-40
6.700000000000000178e+00 2.840556842525730762e-40
6.709999999999999964e+00 1.969786082630878605e-40
6.719999999999999751e+00 1.649466910735852765e-40
6.730000000000000426e+00 3.007448020349616657e-40
6.740000000000000213e+00 5.076590283143468910e-40
6.750000000000000000e+00 5.028665631190050287e-40
6.759999999999999787e+00 5.885877080079960373e-40
6.770000000000000462e+00 6.442784786328666533e-40
6.780000000000000249e+00 1.023842948959181097e-40
6.790000000000000036e+00 1.112094277653545785e-40
6.799999999999999822e+00 2.127191635613398564e-40
6.810000000000000497e+00 2.937150595099950682e-40
6.820000000000000284e+00 4.095925563100860600e-40
6.830000000000000071e+00 4.611576888035808380e-40
6.839999999999999858e+00 3.926624292608957462e-40
6.850000000000000533e+00 3.799997491285272850e-40
6.860000000000000320e+00 3.370142628796523151e-40
6.870000000000000107e+00 3.233150596738381647e-40
6.879999999999999893e+00 3.116251224611265612e-40
6.890000000000000568e+00 2.777507030874816678e-40
6.900000000000000355e+00 2.569433199182978647e-40
6.910000000000000142e+00 1.210527701219076664e-40
6.919999999999999929e+00 1.052075487020502517e-40
6.929999999999999716e+00 1.118687960201862111e-40
6.940000000000000391e+00 1.113372576191537173e-40
6.950000000000000178e+00 1.191697701427349497e-40
6.959999999999999964e+00 1.140939434323115228e-40
6.969999999999999751e+00 9.214081776049427279e-41
6.980000000000000426e+00 8.772570963158933023e-41
6.990000000000000213e+00 6.035704373986159908e-41
7.000000000000000000e+00 5.030206403840761957e-41
7.009999999999999787e+00 4.154678604404656778e-41
7.020000000000000462e+00 3.479094546565018173e-41
7.030000000000000249e+00 2.339080905696038334e-41
7.040000000000000036e+00 3.038083713070360085e-41
7.049999999999999822e+00 2.537564351058676585e-41
7.060000000000000497e+00 1.084575829085550832e-41
7.070000000000000284e+00 7.594320674421219378e-42
7.080000000000000071e+00 3.939322476903793527e-42
7.089999999999999858e+00 1.607502102683418410e-42
7.100000000000000533e+00 5.556397477833850654e-42
7.110000000000000320e+00 2.995797395560849035e-42
7.120000000000000107e+00 2.692004353504350157e-42
7.129999999999999893e+00 1.697900853620582971e-42
7.140000000000000568e+00 1.075225151667956377e-42
7.150000000000000355e+00 7.583168349367231447e-43
7.160000000000000142e+00 1.705234201725986641e-42
7.169999999999999929e+00 2.262595119503190590e-42
7.179999999999999716e+00 4.839589693787400080e-42
7.190000000000000391e+00 9.693126652421194569e-42
7.200000000000000178e+00 1.702536090914006326e-41
7.209999999999999964e+00 3.029111889249381283e-41
7.219999999999999751e+00 2.254154004365252941e-41
7.230000000000000426e+00 3.290408540993665815e-41
7.240000000000000213e+00 4.380236008788634839e-41
7.250000000000000000e+00 5.204449877829758537e-41
7.259999999999999787e+00 4.643518265118962774e-41
7.270000000000000462e+00 6.386826439080105346e-41
7.280000000000000249e+00 7.074333642233724425e-41
7.290000000000000036e+00 6.780605863106601720e-41
7.299999999999999822e+00 8.961977293417375109e-41
7.310000000000000497e+00 9.605036552206128029e-41
7.320000000000000284e+00 1.030581127485884908e-40
7.330000000000000071e+00 1.208167923885750904e-40
7.339999999999999858e+00 1.235674402717755741e-40
7.350000000000000533e+00 1.316981758598642590e-40
7.360000000000000320e+00 1.356766600084933799e-40
7.370000000000000107e+00 1.078651392727482441e-40
7.379999999999999893e+00 1.499176073870459774e-40
7.390000000000000568e+00 1.429449271300121240e-40
7.400000000000000355e+00 1.491568287566250528e-40
7.410000000000000142e+00 1.397852762957472370e-40
7.419999999999999929e+00 1.514618279951046485e-40
7.429999999999999716e+00 1.257417205947613362e-40
7.440000000000000391e+00 1.262338421273873806e-40
7.450000000000000178e+00 1.235601604352068840e-40
7.459999999999999964e+00 1.261493971922070928e-40
7.469999999999999751e+00 1.154597789821068019e-40
7.480000000000000426e+00 1.430348762886143174e-40
7.490000000000000213e+00 1.422009416125746369e-40
7.500000000000000000e+00 2.076458065938182499e-40
7.509999999999999787e+00 1.795504400182867087e-40
7.520000000000000462e+00 2.170817588941056224e-40
7.530000000000000249e+00 2.276232632818819182e-40
7.540000000000000036e+00 2.176914836094943022e-40
7.549999999999999822e+00 2.394096632667252917e-40
7.560000000000000497e+00 3.027877068922040701e-40
7.570000000000000284e+00 2.978521783119124884e-40
7.580000000000000071e+00 3.151452609729293109e-40
7.589999999999999858e+00 3.299510107869185681e-40
7.600000000000000533e+00 3.362677634945991361e-40
7.610000000000000320e+00 2.761815966918555812e-40
7.620000000000000107e+00 2.139821006219688791e-40
7.629999999999999893e+00 7.567929181564389376e-41
7.640000000000000568e+00 4.504056090137805892e-41
7.650000000000000355e+00 1.114423872836351760e-40
7.660000000000000142e+00 2.306944970888381951e-40
7.669999999999999929e+00 3.448727969367023330e-40
7.679999999999999716e+00 3.336993876494013602e-40
7.690000000000000391e+00 7.288754926684889124e-40
7.700000000000000178e+00 7.088005559062831732e-40
7.709999999999999964e+00 1.141811343687464519e-39
7.719999999999999751e+00 1.092888500591026695e-39
7.730000000000000426e+00 1.097098775497989308e-39
7.740000000000000213e+00 7.993727297883767803e-40
7.750000000000000000e+00 9.846779625351326133e-40
7.759999999999999787e+00 9.664023332471494416e-40
7.770000000000000462e+00 9.843690348416800745e-40
7.780000000000000249e+00 1.104527324149402808e-39
7.790000000000000036e+00 1.206108912927729454e-39
7.799999999999999822e+00 1.166688294830869690e-39
7.810000000000000497e+00 1.143452491971535184e-39
7.820000000000000284e+00 1.182828585575849804e-39
7.830000000000000071e+00 1.112644530370383980e-39
7.839999999999999858e+00 1.131086781931795252e-39
7.850000000000000533e+00 1.130617161534855395e-39
7.860000000000000320e+00 1.156250536722274926e-39
7.870000000000000107e+00 9.533126691408205868e-40
7.879999999999999893e+00 1.176778454257006613e-39
7.890000000000000568e+00 1.268288521945008792e-39
7.900000000000000355e+00 5.710102693002585801e-40
7.910000000000000142e+00 1.547975672619170306e-39
7.919999999999999929e+00 9.334104407731500146e-40
7.930000000000000604e+00 8.315883110281663180e-40
7.940000000000000391e+00 1.477253632306558320e-39
7.950000000000000178e+00 1.739264499215098693e-39
7.959999999999999964e+00 4.762525369215662673e-39
7.969999999999999751e+00 4.983635468651138504e-39
7.980000000000000426e+00 6.645660972845145251e-39
7.990000000000000213e+00 7.464469692493553919e-39
8.000000000000000000e+00 1.850869271848961087e-39
8.009999999999999787e+00 2.168099657044660413e-39
8.019999999999999574e+00 4.350010480047696838e-40
8.029999999999999361e+00 1.563377510029058638e-38
8.040000000000000924e+00 8.023571876335522195e-38
8.050000000000000711e+00 9.943344653316888772e-38
8.060000000000000497e+00 9.864362374554159345e-37
8.070000000000000284e+00 2.269953593194495088e-37
8.080000000000000071e+00 1.423028043398319705e-37
8.089999999999999858e+00 8.782932323696108243e-37
8.099999999999999645e+00 3.607111862843592607e-37
8.109999999999999432e+00 2.277440010385409611e-37
8.120000000000000995e+00 7.219648589670990315e-38
8.130000000000000782e+00 3.721005035951261664e-37
8.140000000000000568e+00 1.061888550833947181e-37
8.150000000000000355e+00 6.181529090940744423e-36
8.160000000000000142e+00 3.423884269098231842e-37
8.169999999999999929e+00 1.849222486967815940e-37
8.179999999999999716e+00 6.457282565389566955e-40
8.189999999999999503e+00 6.367050773490325574e-40
8.199999999999999289e+00 6.264730019672543435e-40
8.210000000000000853e+00 6.150917163058986364e-40
8.220000000000000639e+00 6.026340481385037291e-40
8.230000000000000426e+00 5.891856338115596403e-40
8.240000000000000213e+00 5.748443509955914333e-40
8.250000000000000000e+00 5.597195132966158483e-40
8.259999999999999787e+00 5.439308288953216011e-40
8.269999999999999574e+00 5.276071324461244353e-40
8.279999999999999361e+00 5.108849070383801581e-40
8.290000000000000924e+00 4.939066208019742491e-40
8.300000000000000711e+00 4.768189103202063434e-40
8.310000000000000497e+00 4.597706498859014408e-40
8.320000000000000284e+00 4.429109511613827223e-40
8.330000000000000071e+00 4.263871412260383316e-40
8.339999999999999858e+00 4.103427674386422812e-40
8.349999999999999645e+00 3.949156740250675822e-40
8.359999999999999432e+00 3.802361867795510663e-40
8.370000000000000995e+00 3.664254276626977931e-40
8.380000000000000782e+00 3.535937593811583643e-40
8.390000000000000568e+00 3.418393304019246574e-40
8.400000000000000355e+00 3.312466527796172421e-40
8.410000000000000142e+00 3.218850987101443893e-40
8.419999999999999929e+00 3.138071477746237516e-40
8.429999999999999716e+00 3.070461575632753330e-40
8.439999999999999503e+00 3.016133697030335851e-40
8.449999999999999289e+00 2.974938076343138503e-40
8.460000000000000853e+00 2.946406814844923899e-40
8.470000000000000639e+00 2.929679031665882821e-40
8.480000000000000426e+00 2.923403512998319212e-40
8.490000000000000213e+00 2.925616381572285927e-40
8.500000000000000000e+00 2.933593567847388492e-40
8.509999999999999787e+00 2.944302614767352305e-40
8.519999999999999574e+00 2.955646324547916810e-40
8.529999999999999361e+00 2.966823517088105569e-40
8.540000000000000924e+00 2.977487694667990081e-40
8.550000000000000711e+00 2.987257035850255176e-40
8.560000000000000497e+00 2.995714022050565139e-40
8.570000000000000284e+00 3.002405577828908697e-40
8.580000000000000071e+00 3.006843836451260519e-40
8.589999999999999858e+00 3.008507651510393544e-40
8.599999999999999645e+00 3.006844983293511448e-40
8.609999999999999432e+00 3.001276294575588648e-40
8.620000000000000995e+00 2.991199093897144168e-40
8.630000000000000782e+00 2.975993764369961988e-40
8.640000000000000568e+00 2.955030811761631126e-40
8.650000000000000355e+00 2.927679656019013475e-40
8.660000000000000142e+00 2.893319074421121806e-40
8.669999999999999929e+00 2.851349380958443664e-40
8.679999999999999716e+00 2.801206394084083904e-40
8.689999999999999503e+00 2.742377202270274558e-40
8.700000000000001066e+00 2.674417682488215611e-40
8.710000000000000853e+00 2.596971659424512860e-40
8.720000000000000639e+00 2.509791511690665014e-40
8.730000000000000426e+00 2.412759934312426648e-40
8.740000000000000213e+00 2.305912453564392493e-40
8.750000000000000000e+00 2.189460160273283873e-40
8.759999999999999787e+00 2.063811981130051984e-40
8.769999999999999574e+00 1.929595645234270310e-40
8.779999999999999361e+00 1.787676326970862497e-40
8.790000000000000924e+00 1.639171759689310457e-40
8.800000000000000711e+00 1.485462422612241714e-40
8.810000000000000497e+00 1.328195213318680931e-40
8.820000000000000284e+00 1.169278840216834199e-40
8.830000000000000071e+00 1.010869017494766310e-40
8.839999999999999858e+00 8.553414373412580033e-41
8.849999999999999645e+00 7.052504545546247285e-41
8.859999999999999432e+00 5.632714774543471940e-41
8.870000000000000995e+00 4.321252550354176275e-41
8.880000000000000782e+00 3.144826321824027495e-41
8.890000000000000568e+00 2.128489732747228696e-41
8.900000000000000355e+00 1.294284048856939365e-41
8.910000000000000142e+00 6.596939322531689773e-42
8.919999999999999929e+00 2.359506500472652006e-42
8.929999999999999716e+00 2.624239941475548969e-43
8.939999999999999503e+00 2.392537128002585562e-43
8.950000000000001066e+00 2.108734904669645405e-42
8.960000000000000853e+00 5.561619071250804395e-42
8.970000000000000639e+00 1.015352209097613109e-41
8.980000000000000426e+00 1.530739491895788636e-41
8.990000000000000213e+00 2.033037056079252168e-41
9.000000000000000000e+00 2.445118592825786864e-41
9.009999999999999787e+00 2.745512211055302140e-41
9.019999999999999574e+00 2.998112475229068305e-41
9.029999999999999361e+00 3.246085553203352878e-41
9.040000000000000924e+00 3.487019891894423483e-41
9.050000000000000711e+00 3.718604386360155116e-41
9.060000000000000497e+00 3.938660926086596808e-41
9.070000000000000284e+00 4.145177311996498408e-41
9.080000000000000071e+00 4.336340089628558984e-41
9.089999999999999858e+00 4.510566802375580644e-41
9.099999999999999645e+00 4.666537135493564381e-41
9.109999999999999432e+00 4.803222401019577022e-41
9.120000000000000995e+00 4.919912809961279807e-41
9.130000000000000782e+00 5.016241996957489763e-41
9.140000000000000568e+00 5.092208310613661800e-41
9.150000000000000355e+00 5.148192468046249788e-41
9.160000000000000142e+00 5.184971304145753332e-41
9.169999999999999929e+00 5.203727536219668210e-41
9.179999999999999716e+00 5.206055726179618466e-41
9.189999999999999503e+00 5.193964971075209769e-41
9.200000000000001066e+00 5.169879306940264641e-41
9.210000000000000853e+00 5.136637392027535958e-41
9.220000000000000639e+00 5.097493768835687608e-41
9.230000000000000426e+00 5.056124918814014308e-41
9.240000000000000213e+00 5.016644453316802980e-41
9.250000000000000000e+00 4.983633168167752712e-41
9.259999999999999787e+00 4.962191372738409831e-41
9.269999999999999574e+00 4.958022939436315620e-41
9.279999999999999361e+00 4.977562966341813504e-41
9.290000000000000924e+00 5.028163873394252985e-41
9.300000000000000711e+00 5.118358239995143193e-41
9.310000000000000497e+00 5.258220830047250199e-41
9.320000000000000284e+00 5.459857143067326990e-41
9.330000000000000071e+00 5.738051595479695730e-41
9.339999999999999858e+00 6.111115209931679672e-41
9.349999999999999645e+00 6.601980626539573058e-41
9.359999999999999432e+00 7.239601523884755287e-41
9.370000000000000995e+00 8.060724348850549409e-41
9.380000000000000782e+00 9.112112829469350707e-41
9.390000000000000568e+00 1.045332034146257948e-40
9.400000000000000355e+00 1.216012210785068875e-40
9.410000000000000142e+00 1.432873876292884171e-40
9.419999999999999929e+00 1.708100537987522316e-40
9.429999999999999716e+00 2.057066606810879899e-40
9.439999999999999503e+00 2.499100416936608127e-40
9.450000000000001066e+00 3.058405245862763880e-40
9.460000000000000853e+00 3.765166719534358539e-40
9.470000000000000639e+00 4.656879505642674609e-40
9.480000000000000426e+00 5.779931368608337402e-40
9.490000000000000213e+00 7.191488568728489692e-40
9.500000000000000000e+00 8.961733333082820884e-40
9.509999999999999787e+00 1.010283085977270043e-39
9.519999999999999574e+00 1.033453080910507897e-39
9.529999999999999361e+00 1.056270820537834887e-39
9.540000000000000924e+00 1.078650920558582465e-39
9.550000000000000711e+00 1.100502232353375644e-39
9.560000000000000497e+00 1.121727714108978562e-39
9.570000000000000284e+00 1.142224327459162903e-39
9.580000000000000071e+00 1.161882964765751120e-39
9.589999999999999858e+00 1.180588412806357268e-39
9.599999999999999645e+00 1.198219359360285777e-39
9.609999999999999432e+00 1.214648449969106396e-39
9.620000000000000995e+00 1.229742403032658584e-39
9.630000000000000782e+00 1.243362192362871758e-39
9.640000000000000568e+00 1.255363307388599740e-39
9.650000000000000355e+00 1.265596102382462520e-39
9.660000000000000142e+00 1.273906247375922069e-39
9.669999999999999929e+00 1.280135294859401914e-39
9.679999999999999716e+00 1.284121377936149397e-39
9.689999999999999503e+00 1.285700057328041323e-39
9.700000000000001066e+00 1.284705336534235664e-39
9.710000000000000853e+00 1.280970866531762043e-39
9.720000000000000639e+00 1.274331363704381593e-39
9.730000000000000426e+00 1.264624267204504678e-39
9.740000000000000213e+00 1.251691664717734600e-39
9.750000000000000000e+00 1.235382518633671711e-39
9.759999999999999787e+00 1.215555227949940736e-39
9.769999999999999574e+00 1.192080564881623715e-39
9.779999999999999361e+00 1.164845029139791603e-39
9.790000000000000924e+00 1.133754667213652684e-39
9.800000000000000711e+00 1.098739408778242048e-39
9.810000000000000497e+00 1.059757977583840880e-39
9.820000000000000284e+00 1.016803439914871452e-39
9.830000000000000071e+00 9.699094599686974978e-40
9.839999999999999858e+00 9.191573383549730602e-40
9.849999999999999645e+00 8.646839174011852784e-40
9.859999999999999432e+00 8.066904451282965766e-40
9.870000000000000995e+00 7.454524986929668239e-40
9.880000000000000782e+00 6.813310778470043775e-40
9.890000000000000568e+00 6.147849896130568199e-40
9.900000000000000355e+00 5.463846569961857691e-40
9.910000000000000142e+00 4.768274972306133157e-40
9.919999999999999929e+00 4.069550288921697610e-40
9.929999999999999716e+00 3.377718822900748641e-40
9.939999999999999503e+00 2.704669039973685886e-40
9.950000000000001066e+00 2.064365643054829488e-40
9.960000000000000853e+00 1.473108959244125143e-40
9.970000000000000639e+00 9.498221353605710791e-41
9.980000000000000426e+00 5.163688699556115910e-41
9.990000000000000213e+00 1.979046622935716485e-41
