0.00000000000000000000	1.00000000000000022204	0.00000000000000000000	1.00000000000000022204	5.99999999998760635833	nan	0.00000000000000000000	0.00000000000000000000
0.00500000000000000010	1.00000354454299644757	0.00059966823336062469	0.99940033176663900516	5.98740815755474198312	0.99958227890039974550	0.00002999698354593504	0.00002999698354593504
0.01000000000000000021	1.00000352398813219246	0.00239460009275560461	0.99760539990724428350	5.97364741045201608216	0.99958600755271753702	0.00002993098935557179	0.00005992797290150683
0.01499999999999999944	1.00000350299299456402	0.00537620351757921600	0.99462379648242049690	5.95872867892689761504	0.99958953508666759102	0.00002985917308583968	0.00008978714598734652
0.02000000000000000042	1.00000348155959462026	0.00953261461885430289	0.99046738538114553752	5.94266612994410969861	0.99959270307395753363	0.00002978159751841228	0.00011956874350575880
0.02500000000000000139	1.00000345967200754416	0.01484875412040589059	0.98515124587959412850	5.92547711429218804113	0.99959527563008876427	0.00002969834147691053	0.00014926708498266933
0.02999999999999999889	1.00000343727983498354	0.02130639342791596641	0.97869360657208404053	5.90718209418150852485	0.99959694194161641256	0.00002960949944654369	0.00017887658442921302
0.03500000000000000333	1.00000341427672378991	0.02888423001512351040	0.97111576998487680878	5.88780456165856591610	0.99959731970965604031	0.00002951518113446601	0.00020839176556367901
0.04000000000000000083	1.00000339047432884598	0.03755797178954984467	0.96244202821045055085	5.86737094818847904065	0.99959595948059465353	0.00002941551097356719	0.00023780727653724621
0.04499999999999999833	1.00000336557220648181	0.04730043007510642550	0.95269956992489390757	5.84591052578262360129	0.99959234982832712024	0.00002931062757271490	0.00026711790410996109
0.05000000000000000278	1.00000333912415984017	0.05808162082574581941	0.94191837917425380589	5.82345530007170264497	0.99958592334529483558	0.00002920068311674498	0.00029631858722670607
0.05500000000000000028	1.00000323798674251030	0.06986259610781424267	0.93013740389218557691	5.78824873298159303658	0.99978826603504877824	0.00011809904107095800	0.00041441762829766405
0.05999999999999999778	1.00000318777309105123	0.08259991222850716908	0.91740008777149328889	5.75220634670822850154	0.99978613872198762724	0.00011760834910741030	0.00053202597740507440
0.06500000000000000222	1.00000313374416682777	0.09625307746390684982	0.90374692253609378856	5.71537227838454597872	0.99978278193573399957	0.00011709765214685711	0.00064912362955193157
0.07000000000000000666	1.00000307449677361404	0.11077951597068867728	0.88922048402931153088	5.67779259879339104344	0.99977797919708810692	0.00011656752969858134	0.00076569115925051293
0.07499999999999999722	1.00000300828640398265	0.12613472328394081945	0.87386527671605906953	5.63951514782839868900	0.99977149011901467190	0.00011601861100985153	0.00088170977026036444
0.08000000000000000167	1.00000293298756059990	0.14227242530951356159	0.85772757469048654944	5.60058936705420595814	0.99976305316017188840	0.00011545157235720994	0.00099716134261757438
0.08500000000000000611	1.00000284605552014483	0.15914474022649824358	0.84085525977350183968	5.56106612997631266637	0.99975238868135996029	0.00011486713419585302	0.00111202847681342743
0.08999999999999999667	1.00000274449022796830	0.17670234271887774735	0.82329765728112214163	5.52099757062516882655	0.99973920227921231341	0.00011426605818301977	0.00122629453499644727
0.09500000000000000111	1.00000262480298807155	0.19489462996028025787	0.80510537003972038050	5.48043691105243180317	0.99972318836892770655	0.00011364914409169937	0.00133994367908814673
0.10000000000000000555	1.00000248298655702861	0.21366988878201470525	0.78633011121798590537	5.43943828832855214017	0.99970403398497920122	0.00011301722663127113	0.00145296090571941797
0.10499999999999999611	1.00000231455400978575	0.23297546865691529105	0.76702453134308523630	5.39806227542038907785	0.99968156061146340452	0.00011231311548645221	0.00156527402120587014
0.11000000000000000056	1.00000211440102471094	0.25275795556855767954	0.74724204443144270904	5.35636991207741441912	0.99965537057637876561	0.00011153840946826500	0.00167681243067413521
0.11500000000000000500	1.00000187677008467446	0.27296333507983405742	0.72703666492016649769	5.31441687381280924996	0.99962502683525567004	0.00011075251887055371	0.00178756494954468892
0.11999999999999999556	1.00000159536667809768	0.29353715337077684877	0.70646284662922265163	5.27225906160261725830	0.99958898586780142725	0.00010995648356823017	0.00189752143311291911
0.12500000000000000000	1.00000069248555778501	0.31442468146675456309	0.68557531853324482629	5.22995243576078294723	0.99954917398758469371	0.00010915118577684477	0.00200667261888976380
0.13000000000000000444	0.99999958343611772271	0.33557107761430043924	0.66442892238569983832	5.18755285254762643632	0.99950426889940313657	0.00010833767833911793	0.00211501029722888177
0.13500000000000000888	1.00000221429474245305	0.35692229892129406776	0.64307814606809587943	5.14511946709748890783	0.99955966304063581518	0.00010752239510839662	0.00222253269233727837
0.14000000000000001332	1.00000481101216398550	0.37842374762642322361	0.62157929407579415315	5.10271529165119996918	0.99952620975456174524	0.00010669707228124636	0.00232922976461852468
0.14499999999999999001	1.00000737431890640572	0.40002040130010591001	0.59998520370431618343	5.06038369975079316276	0.99949170607184567583	0.00010586679655694620	0.00243509656117547098
0.14999999999999999445	1.00000990486621987863	0.42165846349923807868	0.57834967204802156804	5.01817870044617375669	0.99945660945142322795	0.00010503260815227829	0.00254012916932774922
0.15499999999999999889	1.00001240330484675312	0.44328477376079933325	0.55672586022066528066	4.97615345537401498888	0.99942146940380804931	0.00010419557134488128	0.00264432474067263041
0.16000000000000000333	1.00001487027675795005	0.46484694640754575801	0.53516615454146609920	4.93436013995404554322	0.99938692907828718948	0.00010335677057471103	0.00274768151124734142
0.16500000000000000777	1.00001730641010322387	0.48629350435612866965	0.51372203272191929724	4.89284981567088284038	0.99935372787412457551	0.00010251725117941289	0.00285019876242675451
0.17000000000000001221	1.00001971231425490494	0.50757400762353654944	0.49244393535440617038	4.85167230812382044292	0.99932269946489415968	0.00010167801710276916	0.00295187677952952381
0.17500000000000001665	1.00002208857461405422	0.52863917624475242896	0.47138114298934380431	4.81087608840385350106	0.99929477356089924101	0.00010084005634259940	0.00305271683587212328
0.17999999999999999334	1.00002443574313715224	0.54944100733967149441	0.45058165905879682400	4.77050816077995598619	0.99927097505257922450	0.00010000433829818385	0.00315272117417030734
0.18499999999999999778	1.00002679258262450190	0.56993309564782868026	0.43009192758595415906	4.73060884829050554146	0.99912669909193352336	0.00009920339821798847	0.00325192457238829584
0.19000000000000000222	1.00002912527127429954	0.59007053987569801912	0.40995681604260908459	4.69122565929269974561	0.99916605544754499846	0.00009838106966328315	0.00335030564205157904
0.19500000000000000666	1.00003143435690589058	0.60980989355409409569	0.39021977144575881180	4.65240037498685321538	0.99923087251167996836	0.00009756463497976438	0.00344787027703134363
0.20000000000000001110	1.00003372032209947307	0.62910939827361611609	0.37092255268738588692	4.61417291072883717362	0.99932597669488543168	0.00009675504814739179	0.00354462532517873553
0.20500000000000001554	1.00003598357089140691	0.64792906821073203982	0.35210514599505876587	4.57658123797302973657	0.99945637350368943252	0.00009595323604279671	0.00364057856122153214
0.20999999999999999223	1.00003822441731426984	0.66623076771208644686	0.33380568733616067245	4.53966131352946256072	0.99962727914098503668	0.00009516009631156718	0.00373573865753309932
0.21499999999999999667	1.00004044307454487139	0.68397828185598452677	0.31606039184557049859	4.50344701618309706248	0.99984411711082843421	0.00009437649536566723	0.00383011515289876639
0.22000000000000000111	1.00004263964410844423	0.70113737993484015476	0.29890349033239016485	4.46797009069834505368	1.00011249628083875862	0.00009360326653348088	0.00392371841943224726
0.22500000000000000555	1.00004481410497669813	0.71767587182711722882	0.28236717289713159085	4.43326009921315833395	1.00043817709725635368	0.00009284120832826656	0.00401655962776051399
0.23000000000000000999	1.00004696630475264918	0.73356365725125682875	0.26648153966895937739	4.39934438001360206272	1.00082702904904485841	0.00009209108283870747	0.00410865071059922111
0.23500000000000001443	1.00004909592278279362	0.74877276779239898552	0.25127455874207965669	4.36624801863654621314	1.00128232678072826012	0.00009135357346329514	0.00420000428406251593
0.23999999999999999112	1.00005120247982381976	0.76327740184248737965	0.23677203124530779577	4.33399381680139850204	1.00181459619269452865	0.00009062936451588131	0.00429063364857839701
0.24499999999999999556	1.00005328534165882637	0.77705395276565014662	0.22299756318029248514	4.30260226939814138802	1.00242738924090546426	0.00008991912332893314	0.00438055277190732995
0.25000000000000000000	1.00005534369095605562	0.79008103016145803110	0.20997254413014182495	4.27209155530930928535	1.00312637876335153386	0.00008922345056783452	0.00446977622247516412
0.25500000000000000444	1.00005737651427972779	0.80233947420813545026	0.19771613290318978962	4.24247753192580745463	1.00391703867237880310	0.00008854290434241101	0.00455831912681757545
0.26000000000000000888	1.00005938258887283610	0.81381236330806894230	0.18624524987429955103	4.21377373644005803754	1.00480457340756190732	0.00008787799945655472	0.00464619712627413039
0.26500000000000001332	1.00006136046910243387	0.82448501517499539482	0.17557457588410441129	4.18599139374915907297	1.00579384582951214533	0.00008722920679138739	0.00473342633306551765
0.27000000000000001776	1.00006330847279789609	0.83434498151994163084	0.16571655753940711664	4.15913943078627124095	1.00688930466348791626	0.00008659695282486233	0.00482002328589037961
0.27500000000000002220	1.00006522466732916676	0.84338203650890330998	0.15668141874158555971	4.13322449707996231183	1.00809491263073369716	0.00008598161928773931	0.00490600490517811849
0.28000000000000002665	1.00006710685541944095	0.85158815918073904605	0.14847717825451003937	4.10825099132747872943	1.00941407643791603022	0.00008538354295455600	0.00499138844813267445
0.28500000000000003109	1.00006895256147942952	0.85895751002767439797	0.14110967311037006522	4.08422109376109343515	1.01084958083458276157	0.00008480301555455059	0.00507619146368722476
0.28999999999999998002	1.00007075901747732871	0.86548640195433224065	0.13458258763651026468	4.06113480404962601256	1.01240352434899461009	0.00008424028389258935	0.00516043174757981407
0.29499999999999998446	1.00007252314889005795	0.87117326584277732238	0.12889748787635602056	4.03898998450800927884	1.01407726116114038639	0.00008369554994714177	0.00524412729752695567
0.29999999999999998890	1.00007424156087143530	0.87601861096193822664	0.12405386116613789649	4.01778240834324762432	1.01587135215596147120	0.00008316897117542796	0.00532729626870238372
0.30499999999999999334	1.00007591052450806046	0.88002498046955457411	0.12004916061920631321	3.99750581266413140824	1.01778552085181139830	0.00008266066095634572	0.00540995692965872983
0.30999999999999999778	1.00007752596337740059	0.88319690226367075780	0.11687885426110314335	3.97815195598051918324	1.01981861860445888190	0.00008217068912842587	0.00549212761878715549
0.31500000000000000222	1.00007908344039897486	0.88554083544797390637	0.11453647855106453834	3.95971067990785341451	1.02196859913424242805	0.00008169908263887623	0.00557382670142603145
0.32000000000000000666	1.00008057814507722583	0.88706511268183696473	0.11301369601923358377	3.94216997478795416754	1.02423250304599755545	0.00008124582629910946	0.00565507252772514107
0.32500000000000001110	1.00008200488123111249	0.88777987869119512343	0.11230035674350588581	3.92551604893264860507	1.02660645284284690604	0.00008081086364195333	0.00573588339136709476
0.33000000000000001554	1.00008335805526327178	0.88769702522066529227	0.11238456338567538728	3.90973340119329426656	1.02908565875233470877	0.00008039409787554064	0.00581627748924263503
0.33500000000000001998	1.00008463166505245923	0.88683012271058136999	0.11325273950329205197	3.89480489655727568632	1.03166443556311837604	0.00007999539293126615	0.00589627288217390091
0.34000000000000002442	1.00008581928953321771	0.88519434898475224394	0.11488970085150160272	3.88071184447197659040	1.03433623023947385278	0.00007961457459393306	0.00597588745676783367
0.34500000000000002887	1.00008691407910532689	0.88280641523595881903	0.11727872938793115765	3.86743407959616769531	1.03709366013940673668	0.00007925143171466596	0.00605513888848249922
0.35000000000000003331	1.00008790874688591188	0.87968448959643807950	0.12040164969347098844	3.85495004467974888840	1.03992856135772804294	0.00007890571749887382	0.00613404460598137267
0.35499999999999998224	1.00008879556066099248	0.87584811849159815988	0.12423890761051718801	3.84323687858316009880	1.04282621346313142396	0.00007857700360001498	0.00621262160958138774
0.35999999999999998668	1.00008956633188850205	0.87131814654000350195	0.12876965033197379507	3.83227049215360038303	1.04578845200429948470	0.00007826526600849634	0.00629088687558988433
0.36499999999999999112	1.00009021241893236720	0.86611663427569496321	0.13397180868218477867	3.82202566646333430356	1.04879960499499746973	0.00007797001694401566	0.00636885689253390008
0.36999999999999999556	1.00009072471827176187	0.86026677500505321916	0.13982218025125947580	3.81247613757568126758	1.05184904482991670172	0.00007769088128782437	0.00644654777382172410
0.37500000000000000000	1.00009109366137516339	0.85379281055389244504	0.14629651364487053500	3.80359468568340686190	1.05492572631182834897	0.00007742745560175127	0.00652397522942347544
0.38000000000000000444	1.00009130921286804039	0.84671994627685642776	0.15336959347301762357	3.79535322464615187954	1.05801827777785595330	0.00007717930978979256	0.00660115453921326836
0.38500000000000000888	1.00009136087019401273	0.83907426559363129659	0.16101532581347918760	3.78772289166396092241	1.06111509379316104607	0.00007694598875251700	0.00667810052796578499
0.39000000000000001332	1.00009331609269991326	0.83088334438792699199	0.16920820223823035411	3.78068376643701720141	1.06433089642306044631	0.00007673205955625488	0.00675483258752204024
0.39500000000000001776	1.00009526800330217355	0.82217416680145694041	0.17791933173184662498	3.77419686477497196009	1.06740062866241358641	0.00007652710686721481	0.00683135969438925482
0.40000000000000002220	1.00009721609259605302	0.81297493512592633458	0.18712051149322417309	3.76823158963673865429	1.07044577642245242188	0.00007633543267550483	0.00690769512706475991
0.40500000000000002665	1.00009915973826757352	0.80331438703563018411	0.19678300322575484338	3.76275692571199416037	1.07345492179394352839	0.00007615648714875744	0.00698385161421351697
0.41000000000000003109	1.00010109824787041255	0.79322171152139919759	0.20687761724615646997	3.75774152518708737247	1.07641709742041569164	0.00007598971309175279	0.00705984132730526955
0.41500000000000003553	1.00010303086664720240	0.78272646578190985256	0.21737479560100606002	3.75315379294638828966	1.07932162058861869092	0.00007583453876145348	0.00713567586606672286
0.41999999999999998446	1.00010495678968736044	0.77185849329342604008	0.22824469400912175687	3.74896197061575620069	1.08215808569742799605	0.00007569037645618716	0.00721136624252291004
0.42499999999999998890	1.00010687517752083764	0.76064784325652501362	0.23945726243046136505	3.74513421856753403461	1.08491651816394463204	0.00007555662728988810	0.00728692286981279854
0.42999999999999999334	1.00010878517422252543	0.74912469161095052161	0.25098232406935772065	3.74163869603198850911	1.08758744015681774187	0.00007543268292032616	0.00736235555273312501
0.43499999999999999778	1.00011068821021220643	0.73731926455607965654	0.26278965415685134888	3.73844364787827165841	1.09016192917236987014	0.00007531792725869283	0.00743767347999181767
0.44000000000000000222	1.00011256758440492121	0.72526188827695203809	0.27484890980684684170	3.73551271778463256368	1.09234531330704376373	0.00007523919240472131	0.00751291267239653868
0.44500000000000000666	1.00011443631259711040	0.71298282308544791430	0.28712984372323768767	3.73281841547334325426	1.09456753412594753883	0.00007514417873400908	0.00758805685113054813
0.45000000000000001110	1.00011629283807512714	0.70051203392386918178	0.29960248940700567877	3.73032956948266525288	1.09666044370358406468	0.00007505672974769704	0.00766311358087824485
0.45500000000000001554	1.00011813559505169380	0.68787924712363379687	0.31223711896095940332	3.72801537120704695738	1.09861589501544942848	0.00007497622521212398	0.00773808980609036901
0.46000000000000001998	1.00011996295108818167	0.67511388387528348254	0.32500430956211440181	3.72584544030084829913	1.10042717891268782004	0.00007490204507543115	0.00781299185116579933
0.46500000000000002442	1.00012177318029937823	0.66224499628557975672	0.33787500737782449889	3.72378988737464045045	1.10208869145647003762	0.00007483357107396807	0.00788782542223976681
0.47000000000000002887	1.00012356444905070596	0.64930120611530728336	0.35082058881367944592	3.72181937380473826238	1.10359578014693227033	0.00007477018825718975	0.00796259561049695620
0.47500000000000003331	1.00012533480735821279	0.63631064628590516818	0.36381291899825501934	3.71990516854175812256	1.10494466078756392591	0.00007471128645870934	0.00803730689695566526
0.47999999999999998224	1.00012708218303036922	0.62330090523410819348	0.37682440742263051403	3.71801920183427370148	1.10613236383241342331	0.00007465626171497044	0.00811196315867063547
0.48499999999999998668	1.00012880438687368212	0.61029897419742207276	0.38982806066011438384	3.71613411583735819832	1.10715669298300878332	0.00007460451762959055	0.00818656767630022639
0.48999999999999999112	1.00013049907057216537	0.59733119731769279692	0.40279753222054526240	3.71422331564955188199	1.10801658572908401368	0.00007455543847001569	0.00826112311477024235
0.49499999999999999556	1.00013216376982527756	0.58442322485578324098	0.41570716937876106556	3.71226101248326223470	1.10870930223351682464	0.00007450842436350810	0.00833563153913375113
0.50000000000000000000	1.00013379587387540859	0.57159996955192671209	0.42853205678377892518	3.71022225850693443405	1.10923569241454567091	0.00007446293667583549	0.00841009447580958608
0.50500000000000000444	1.00013539262854456169	0.55888556612391127043	0.44124805696363966767	3.70808298814919323760	1.10959616496687218934	0.00007441841842883323	0.00848451289423841903
0.51000000000000000888	1.00013695113274847515	0.54630333380124040943	0.45383184778775709223	3.70582005248072032799	1.10979172156491334711	0.00007437432540686572	0.00855888721964528400
0.51500000000000001332	1.00013846833492547894	0.53387574197704279477	0.46626095681145041105	3.70341125029849971284	1.10982391621976339557	0.00007433012725908576	0.00863321734690437013
0.52000000000000001776	1.00013994102924930196	0.52162437897805435938	0.47851379250215309025	3.70083535593363599503	1.10969481485267085219	0.00007428530846681664	0.00870750265537118678
0.52500000000000002220	1.00014136585161872439	0.50956992394385236533	0.49056967235620441148	3.69807214380885307392	1.10940695481778250908	0.00007423936921818469	0.00878174202458937084
0.53000000000000002665	1.00014273927555041865	0.49773212179774312114	0.50240884792381779178	3.69510240977788173566	1.10896330449162072718	0.00007419182620584339	0.00885593385079521365
0.53500000000000003109	1.00014405760714342186	0.48612976128271939702	0.51401252676810149644	3.69190798928376961996	1.10836722317481384259	0.00007414221335436938	0.00893007606414958355
0.54000000000000003553	1.00014531698212749689	0.47478065603060459754	0.52536289139296754591	3.68847177241818879878	1.10762246794417507090	0.00007409008233083328	0.00900416614648041728
0.54500000000000003997	1.00014651336088333800	0.46370162861953678757	0.53644311518067522293	3.68477771586033320261	1.10673307350175842423	0.00007403500337538206	0.00907820114985579893
0.55000000000000004441	1.00014764252377452713	0.45290849757419421318	0.54723737538690919724	3.68081085181649436677	1.10570334503784550861	0.00007397656573058671	0.00915217771558638621
0.55500000000000004885	1.00014870006632650146	0.44241606725264326361	0.55773086324914222800	3.67655729401526665256	1.10453782414319245930	0.00007391437807598015	0.00922609209366236603
0.56000000000000005329	1.00014968139422877336	0.43223812055808313870	0.56790979126987273240	3.67200424082565746176	1.10324125372524473043	0.00007384806895400704	0.00929994016261637309
0.56500000000000005773	1.00015058171827853073	0.42238741440802668459	0.57776139774238455260	3.66713997558077364758	1.10181854443360238704	0.00007377728711098308	0.00937371744972735621
0.57000000000000006217	1.00015139604905334281	0.41287567788770940247	0.58727394859203563282	3.66195386419119195409	1.10027474290279347890	0.00007370170177730569	0.00944741915150466155
0.57500000000000006661	1.00015211919159052734	0.40371361300956487561	0.59643673661143870035	3.65643635013836743042	1.09861500191312133623	0.00007362100288811748	0.00952104015439277952
0.57999999999999996003	1.00015274573987800188	0.39491089799573386721	0.60524007817244651619	3.65057894694161699789	1.09684455253928603291	0.00007353490124571221	0.00959457505563849136
0.58499999999999996447	1.00015327006062682003	0.38647619447509135027	0.61367530601291031545	3.64437423103796964696	1.09496285768977696939	0.00007344299108009557	0.00966801804671858778
0.58999999999999996891	1.00015368627992207173	0.37841715117104179900	0.62173476553551709767	3.63781582039031414766	1.09298645272787320337	0.00007334529847452743	0.00974136334519311482
0.59499999999999997335	1.00015398832209778668	0.37074041854820161124	0.62941180019999676265	3.63089836957315759136	1.09091522623361592004	0.00007324146214431065	0.00981460480733742542
0.59999999999999997780	1.00015416987748317901	0.36345165983955396438	0.63670074046371250009	3.62361754980682482241	1.08875448175207623080	0.00007313127697708858	0.00988773608431451484
0.60499999999999998224	1.00015422439663304033	0.35655556556292494763	0.64359688925939395610	3.61597003033382957682	1.08650949348414149753	0.00007301455867982596	0.00996075064299434092
0.60999999999999998668	1.00015414508456212950	0.35005586998628157591	0.65009650552410502833	3.60795345789743482356	1.08418548960321259322	0.00007289114366691203	0.01003364178666125289
0.61499999999999999112	1.00015392489499799211	0.34395536943716997769	0.65619678588404306563	3.59956643444031199053	1.08178763844855918563	0.00007276088885952154	0.01010640267552077518
0.61999999999999999556	1.00015355652475257386	0.33825594235006811727	0.66189584460155204138	3.59080849313805750000	1.07932103651661326360	0.00007262367144044486	0.01017902634696121918
0.62500000000000000000	1.00015504668655341725	0.33295932920768850360	0.66719394790309605181	3.58168921875895307494	1.07700206768237838340	0.00007248430690469372	0.01025151065386591294
0.63000000000000000444	1.00015652209024930031	0.32806489286698137242	0.67208985964488721088	3.57220149125664221401	1.07468558631245580948	0.00007233304055050539	0.01032384369441641768
0.63500000000000000888	1.00015798236937225596	0.32357188654907348413	0.67658432623933451033	3.56234753087851041542	1.07232517179951591935	0.00007217450555151369	0.01039601819996793103
0.64000000000000001332	1.00015942713084760030	0.31947873998253584205	0.68067891756479259602	3.55213038096966604584	1.06992429020352730618	0.00007200865644209112	0.01046802685641002283
0.64500000000000001776	1.00016085597549775343	0.31578308659769893652	0.68437599979175101073	3.54155387766102025537	1.06748689087197234926	0.00007183546504019565	0.01053986232145021767
0.65000000000000002220	1.00016226850341460874	0.31248179179705976027	0.68767870711781109438	3.53062261865287885243	1.06501689719382874877	0.00007165491778801035	0.01061151723923822732
0.65500000000000002665	1.00016366432208037018	0.30957098221433726470	0.69059091251672832801	3.51934193075459722522	1.06251814469640359917	0.00007146701865314356	0.01068298425789137099
0.66000000000000003109	1.00016504305663378460	0.30704607585858939567	0.69311719760458689876	3.50771783666431780091	1.05999438197426631980	0.00007127178861990159	0.01075425604651127250
0.66500000000000003553	1.00016640436203818609	0.30490181303750818476	0.69526282172866726849	3.49575702109674457674	1.05744927072609051777	0.00007106926515727100	0.01082532531166854363
0.67000000000000003997	1.00016775057619322631	0.30313228867433761327	0.69703369230360989750	3.48346680519433826717	1.05488638489959951627	0.00007085950166717481	0.01089618481333571795
0.67500000000000004441	1.00016909015352117862	0.30173110257346019702	0.69843621797943966634	3.47085094629345158879	1.04718293309839194372	0.00007066803943261040	0.01096685285276832907
0.68000000000000004885	1.00017041335881806674	0.30069127930954681061	0.69947736444631403163	3.45792134454356503426	1.04420551458641130971	0.00007044673426449774	0.01103729958703282728
0.68500000000000005329	1.00017171957109907154	0.30000519631169381141	0.70016475365413632925	3.44468691934729953630	1.04122004745645813095	0.00007021864238068299	0.01110751822941351101
0.69000000000000005773	1.00017300820484122958	0.29966471574050096427	0.70050652285679004816	3.43115707507337486248	1.03823094428347562079	0.00006998388329199522	0.01117750211270550700
0.69500000000000006217	1.00017427866379526868	0.29966121773274501106	0.70051129132125200538	3.41734166544343098693	1.03524244332546810909	0.00006974258915507208	0.01124724470186057833
0.70000000000000006661	1.00017553032200656737	0.29998563374079373345	0.70018812696920029737	3.40325095804646515774	1.03225864830124969274	0.00006949490422375134	0.01131673960608432956
0.70499999999999996003	1.00017676251446174795	0.30062847987521579274	0.69954651302505210797	3.38889559901881431969	1.02928355078476463369	0.00006924098423490306	0.01138598059031923314
0.70999999999999996447	1.00017797453183088230	0.30157989016581560060	0.69859631474967454068	3.37428657795541431241	1.02632104267813528686	0.00006898099577804569	0.01145496158609727796
0.71499999999999996891	1.00017916561704378609	0.30282964966040670785	0.69734774633819018863	3.35943519312472238525	1.02337492430833187917	0.00006871511565948809	0.01152367670175676560
0.71999999999999997335	1.00018033496620750711	0.30436722728407100691	0.69581133806162076549	3.34435301709863175290	1.02044891100292489661	0.00006844353026094349	0.01159212023201770976
