0.00000000000000000000	1.00000000000000000000	0.00000000000000000000	1.00000000000000000000	0.00000000000000000000	nan	0.00000000000000000000	0.00000000000000000000
0.00500000000000000010	1.00000000031250002586	0.00002499999999218750	0.99997500000000771880	0.00000000015624999995	nan	0.00000000000000000000	0.00000000000000000000
0.01000000000000000021	1.00000000031247937571	0.00009999500003645918	0.99990000499996378736	0.00000000249986458389	0.00000000000000000000	0.00000000000001562396	0.00000000000000007812
0.01499999999999999944	1.00000000031243851950	0.00022497000170304017	0.99977502999829692687	0.00000001265456648685	0.02778086436789522010	0.00000000000014060098	0.00000000000000078112
0.02000000000000000042	1.00000000031237568088	0.00039990001210294177	0.99960009998789733920	0.00000003999068844933	0.05575940231890961357	0.00000000000056231839	0.00000000000000359272
0.02500000000000000139	1.00000000031229263620	0.00062475005044751453	0.99937524994955284630	0.00000009762181566207	0.07292284420682668133	0.00000000000156168901	0.00000000000001140116
0.02999999999999999889	1.00000000031218450047	0.00089947515710363940	0.99910052484289635366	0.00000020240033686869	0.08349551694350355879	0.00000000000351296004	0.00000000000002896596
0.03500000000000000333	1.00000000031205105167	0.00122402040514159706	0.99877597959485853174	0.00000037491190561965	0.09033085796236088594	0.00000000000688346356	0.00000000000006338328
0.04000000000000000083	1.00000000031188918115	0.00159832091437191333	0.99840167908562849064	0.00000063946881352470	0.09496824536418790874	0.00000000001223330903	0.00000000000012454982
0.04499999999999999833	1.00000000031168712056	0.00202230186786673269	0.99797769813213299539	0.00000102410227770388	0.09824888693639599602	0.00000000002021501781	0.00000000000022562491
0.05000000000000000278	1.00000000031143843060	0.00249587853096054938	0.99750412146903988386	0.00000156055364498897	0.10065362947997752441	0.00000000003157310009	0.00000000000038349041
0.05500000000000000028	1.00000000031112512566	0.00301895627272433546	0.99698104372727591738	0.00000228426451577849	0.10247053904700713367	0.00000000004714357449	0.00000000000061920829
0.05999999999999999778	1.00000000031072788786	0.00359143058990647572	0.99640856941009370296	0.00000323436579079884	0.10387970938774533647	0.00000000006785343064	0.00000000000095847544
0.06500000000000000222	1.00000000031021851754	0.00421318713333302536	0.99578681286666703709	0.00000445366564437305	0.10499802490713507075	0.00000000009472003519	0.00000000000143207562
0.07000000000000000666	1.00000000030956126551	0.00488410173675924136	0.99511589826324087227	0.00000598863642814538	0.10590385731054929863	0.00000000012885048161	0.00000000000207632802
0.07499999999999999722	1.00000000030870950241	0.00560404044816352996	0.99439595955183701648	0.00000788940050955589	0.10665126792915378962	0.00000000017144088426	0.00000000000293353245
0.08000000000000000167	1.00000000030760727299	0.00637285956347417078	0.99362714043652577978	0.00001020971504970277	0.10727848652011925945	0.00000000022377561727	0.00000000000405241053
0.08500000000000000611	1.00000000030618507729	0.00719040566271866247	0.99280959433728166452	0.00001300695572557273	0.10781314508457987000	0.00000000028722649872	0.00000000000548854303
0.08999999999999999667	1.00000000030435898246	0.00805651564858455085	0.99194348435141588283	0.00001634209940195975	0.10827560620249183920	0.00000000036325192075	0.00000000000730480263
0.09500000000000000111	1.00000000030202640389	0.00897101678738007266	0.99102898321262022918	0.00002027970575873083	0.10868113656878806983	0.00000000045339592611	0.00000000000957178226
0.10000000000000000555	1.00000000029906899179	0.00993372675238227663	0.99006627324761786735	0.00002488789787943365	0.10904136054247982879	0.00000000055928723194	0.00000000001236821842
0.10499999999999999611	1.00000000029534485968	0.01094445366955932968	0.98905554633044057145	0.00003023834180757471	0.10936525319543503876	0.00000000068263820143	0.00000000001578140943
0.11000000000000000056	1.00000000029069391339	0.01200299616506398694	0.98799700383493516131	0.00003640623810510954	0.10297367490594960815	0.00000000081285202458	0.00000000001984566955
0.11500000000000000500	1.00000000028492297410	0.01310914341491576512	0.98689085658508424181	0.00004347029115071312	0.09162682511039525746	0.00000000094855418643	0.00000000002458844048
0.11999999999999999556	1.00000000027782087741	0.01426267519750030154	0.98573732480250042531	0.00005151268615924017	0.07679400827299039112	0.00000000108842017882	0.00000000003003054138
0.12500000000000000000	1.00000000026913604678	0.01546336194838639905	0.98453663805161384381	0.00006061906519313226	0.05982812694311025192	0.00000000123117611383	0.00000000003618642194
0.13000000000000000444	1.00000000025859003827	0.01671096481744446458	0.98328903518255539318	0.00007087850217316912	0.04212497640220250195	0.00000000137559949678	0.00000000004306441943
0.13500000000000000888	1.00000000024587132330	0.01800523572824926782	0.98199476427175047544	0.00008238347689646485	0.02525643633349661937	0.00000000152051996638	0.00000000005066701926
0.14000000000000001332	1.00000000023062263210	0.01934591743974959505	0.98065408256024999556	0.00009522984806993124	0.01109424309245756780	0.00000000166482000136	0.00000000005899111927
0.14499999999999999001	1.00000000021245094572	0.02073274361018648260	0.97926725638981326760	0.00010951682536774641	0.00193748270669270146	0.00000000180743559326	0.00000000006802829723
0.14999999999999999445	1.00000000019091750403	0.02216543886324093271	0.97783456113675870647	0.00012534694052167893	0.00065455132677522815	0.00000000194735688467	0.00000000007776508166
0.15499999999999999889	1.00000000016553713955	0.02364371885639189944	0.97635628114360806240	0.00014282601745343207	0.01084943582005100902	0.00000000208362877267	0.00000000008818322552
0.16000000000000000333	1.00000000013577272640	0.02516729035146390500	0.97483270964853574458	0.00016206314145847625	0.03706251498276357664	0.00000000221535147697	0.00000000009925998291
0.16500000000000000777	1.00000000010103340387	0.02673585128734390359	0.97326414871265598538	0.00018317062745114545	0.08501747268885861963	0.00000000234168107227	0.00000000011096838827
0.17000000000000001221	1.00000000006067479852	0.02834909085484536156	0.97165090914515461762	0.00020626398728107036	0.16192829759215587870	0.00000000246182998460	0.00000000012327753819
0.17500000000000001665	1.00000000001398969829	0.03000668957369814760	0.96999331042630132504	0.00023146189613132428	0.27688380794563233200	0.00000000257506745122	0.00000000013615287545
0.17999999999999999334	0.99999999996021038395	0.03170831937164089731	0.96829168062835901942	0.00025888615800894388	0.44133190230914187691	0.00000000268071994377	0.00000000014955647516
0.18499999999999999778	0.99999999989849841509	0.03345364366559304414	0.96654635633440688647	0.00028866167033878557	0.66969215265019366168	0.00000000277817155431	0.00000000016344733294
0.19000000000000000222	0.99999999982794629538	0.03524231744488218881	0.96475768255511806792	0.00032091638767195463	0.98013394711547785487	0.00000000286686434413	0.00000000017778165466
0.19500000000000000666	0.99999999974757414201	0.03707398735650264260	0.96292601264349719781	0.00035578128452033806	1.39556889488304780578	0.00000000294629865495	0.00000000019251314793
0.20000000000000001110	0.99999999965632324628	0.03894829179238029626	0.96105170820761998129	0.00039339031732904246	1.94492166253985931945	0.00000000301603338233	0.00000000020759331484
0.20500000000000001554	0.99999999955305596266	0.04086486097861716238	0.95913513902138292089	0.00043388038559881019	2.66476427613780009196	0.00000000307568621120	0.00000000022297174590
0.20999999999999999223	0.99999999943654616086	0.04282331706669066651	0.95717668293330937512	0.00047739129217178505	3.60142911668284737559	0.00000000312493328910	0.00000000023859641234
0.21499999999999999667	0.99999999930548477689	0.04482327422658027860	0.95517672577341972140	0.00052406570269250574	4.81375133926520426542	0.00000000316350936935	0.00000000025441395919
0.22000000000000000111	0.99999999915846793375	0.04686433874179380538	0.95313566125820659014	0.00057404910425591909	6.37664441083236166463	0.00000000319120845930	0.00000000027037000149
0.22500000000000000555	0.99999999899399383274	0.04894610910626642775	0.95105389089373393308	0.00062748976325637483	8.38579088213121082163	0.00000000320788392127	0.00000000028640942109
0.23000000000000000999	0.99999999881046330863	0.05106817612310349946	0.94893182387689656299	0.00068453868245098683	10.96383000813823116459	0.00000000321344853501	0.00000000030247666377
0.23500000000000001443	0.99999999860617450054	0.05323012300513835227	0.94676987699486203631	0.00074534955725099391	14.26856980380701145350	0.00000000320787452162	0.00000000031851603638
0.23999999999999999112	0.99999999837931763391	0.05543152547727566576	0.94456847452272418852	0.00081007873125499481	18.50395708288219509541	0.00000000319119352901	0.00000000033447200402
0.24499999999999999556	0.99999999812797202292	0.05767195188059094646	0.94232804811940895640	0.00087888515103817354	23.93483405594235335911	0.00000000316349657877	0.00000000035028948692
0.25000000000000000000	0.99999999785010251774	0.05995096327815502280	0.94004903672184503272	0.00095193032021185652	30.90693677445506537538	0.00000000312493397472	0.00000000036591415679
0.25500000000000000444	0.99999999754355484161	0.06226811356255331636	0.93773188643744687099	0.00102937825276798434	39.87421423814044629808	0.00000000307571517300	0.00000000038129273265
0.26000000000000000888	0.99999999720605092790	0.06462294956506819954	0.93537705043493224455	0.00111139542572329672	51.43646812172910642857	0.00000000301610861399	0.00000000039637327572
0.26500000000000001332	0.99999999683519069649	0.06701501116649290213	0.93298498883350744482	0.00119815073107823315	66.39168981627904031484	0.00000000294644151606	0.00000000041110548330
0.27000000000000001776	0.99999999642844061842	0.06944383140954472899	0.93055616859045564571	0.00128981542710581072	85.80955494008163952913	0.00000000286709963140	0.00000000042544098146
0.27500000000000002220	0.99999999598313571436	0.07190893661284407379	0.92809106338715630091	0.00138656308898587677	111.13573075717782501215	0.00000000277852696411	0.00000000043933361628
0.28000000000000002665	0.99999999549646989561	0.07440984648642803845	0.92559015351357165624	0.00148856955880042772	144.34162300597100170307	0.00000000268122545072	0.00000000045273974354
0.28500000000000003109	0.99999999496550129319	0.07694607424876287460	0.92305392575123701437	0.00159601289490576381	188.14204241162605057980	0.00000000257575460346	0.00000000046561851655
0.28999999999999998002	0.99999999438713926825	0.07951712674522289082	0.92048287325477728960	0.00170907332069759150	246.31588722710560546147	0.00000000246273111650	0.00000000047793217214
0.29499999999999998446	0.99999999375814774272	0.08212250456800107568	0.91787749543199925739	0.00182793317278521247	324.18557197428162908182	0.00000000234282843548	0.00000000048964631431
0.29999999999999998890	0.99999999307513243174	0.08476170217741643698	0.91523829782258325771	0.00195277684859124418	429.34534485051307228787	0.00000000221677629067	0.00000000050073019577
0.30499999999999999334	0.99999999233455161285	0.08743420802458341801	0.91256579197541709547	0.00208379075339343344	572.78726135142937891942	0.00000000208536019410	0.00000000051115699674
0.30999999999999999778	0.99999999153269836238	0.09013950467540701728	0.90986049532459289946	0.00222116324682526158	770.67580585783821334189	0.00000000194942090099	0.00000000052090410124
0.31500000000000000222	0.99999999066570510742	0.09287706893586983314	0.90712293106413033339	0.00236508458885232534	1047.20501193202653666958	0.00000000180985383603	0.00000000052995337042
0.32000000000000000666	0.99999998972953862975	0.09564637197857177309	0.90435362802142804650	0.00251574688524145839	1439.30838045312884787563	0.00000000166760848479	0.00000000053829141285
0.32500000000000001110	0.99999998871999484784	0.09844687947048998133	0.90155312052950997703	0.00267334403253989550	2004.63059477713841260993	0.00000000152368775079	0.00000000054590985160
0.33000000000000001554	0.99999998763269626334	0.10127805170191719886	0.89872194829808293992	0.00283807166258172924	2835.42555287638379013515	0.00000000137914727871	0.00000000055280558799
0.33500000000000001998	0.99999998646309162798	0.10413934371654681721	0.89586065628345323830	0.00301012708653928228	4083.61188762829669940402	0.00000000123509474431	0.00000000055898106172
0.34000000000000002442	0.99999998520645050348	0.10703020544266300673	0.89296979455733738185	0.00318970923853690962	6007.70206589900590188336	0.00000000109268911136	0.00000000056444450727
0.34500000000000002887	0.99999998385785782151	0.10995008182540036423	0.89004991817459988557	0.00337701861884504495	9064.65128935129359888379	0.00000000095313985645	0.00000000056921020655
0.35000000000000003331	0.99999998241221443873	0.11289841296003480520	0.88710158703996500051	0.00357225723667236022	14099.05846756629216542933	0.00000000081770616198	0.00000000057329873736
0.35499999999999998224	0.99999998086423502741	0.11587463422626677334	0.88412536577373357360	0.00377562855257401004	22757.13278441089278203435	0.00000000068769607812	0.00000000057673721775
0.35999999999999998668	0.99999997920843919363	0.11887817642345945013	0.88112182357654056375	0.00398733742049408799	38460.28065652328950818628	0.00000000056446565422	0.00000000057955954603
0.36499999999999999112	0.99999997743915369774	0.12190846590679213501	0.87809153409320772621	0.00420759002946045294	68905.93846466240938752890	0.00000000044941804041	0.00000000058180663623
0.36999999999999999556	0.99999997555051378662	0.12496492472429092391	0.87503507527570945079	0.00443659384495027290	133240.94797948552877642214	0.00000000034400255998	0.00000000058352664903
0.37500000000000000000	0.99999997353644798359	0.12804697075469642642	0.87195302924530382338	0.00467455754994462389	285792.23211913625709712505	0.00000000024971375335	0.00000000058477521779
0.38000000000000000444	0.99999997139068741436	0.13115401784613076042	0.86884598215386932285	0.00492169098569066044	711262.99994924641214311123	0.00000000016809039407	0.00000000058561566976
0.38500000000000000888	0.99999996910675881256	0.13428547595552239868	0.86571452404447735152	0.00517820509218983819	2229219.23978395108133554459	0.00000000010071447793	0.00000000058611924215
0.39000000000000001332	0.99999996667798396466	0.13744075128875074543	0.86255924871124922682	0.00544431184843084757	10483802.41145808063447475433	0.00000000004921018560	0.00000000058636529308
0.39500000000000001776	0.99999996409747315962	0.14061924644146969743	0.85938075355853060788	0.00572022421238594075	122431210.72149445116519927979	0.00000000001524281973	0.00000000058644150718
0.40000000000000002220	0.99999996135813251641	0.14382036054057090180	0.85617963945942943127	0.00600615606078935479	118675646661.61631774902343750000	0.00000000000051771726	0.00000000058644409577
0.40500000000000002665	0.99999995845264710859	0.14704348938624606236	0.85295651061375410418	0.00630232212871662846	772465924.89634156227111816406	0.00000000000677913767	0.00000000058647799146
0.41000000000000003109	0.99999995537349473107	0.15028802559460777144	0.84971197440539192325	0.00660893794898363696	30839334.26287212967872619629	0.00000000003580912807	0.00000000058665703710
0.41500000000000003553	0.99999995211293690733	0.15355335874082945424	0.84644664125917101760	0.00692621979138420465	5498356.59112970996648073196	0.00000000008942636589	0.00000000058710416893
0.41999999999999998446	0.99999994866301467056	0.15683887550276304212	0.84316112449723679134	0.00725438460178517205	1699040.74853963195346295834	0.00000000016948497997	0.00000000058795159383
0.42499999999999998890	0.99999994501555156123	0.16014395980499462890	0.83985604019500548212	0.00759364994109791060	700369.66034966078586876392	0.00000000027787335106	0.00000000058934096058
0.42999999999999999334	0.99999994116215584761	0.16346799296329658779	0.83653200703670371752	0.00794423392414509745	344820.41877760615898296237	0.00000000041651289241	0.00000000059142352504
0.43499999999999999778	0.99999993709420842425	0.16681035382943618095	0.83318964617056379129	0.00830635515844180446	191499.93106314208125695586	0.00000000058735681139	0.00000000059436030910
0.44000000000000000222	0.99999993280286991748	0.17017041893629950011	0.82982958106370052764	0.00868023268290974218	116019.76162860608019400388	0.00000000079238885315	0.00000000059832225337
0.44500000000000000666	0.99999992827908001924	0.17354756264329077031	0.82645243735670970153	0.00906608590654371313	75067.66339501546462997794	0.00000000103362202697	0.00000000060349036350
0.45000000000000001110	0.99999992351355260212	0.17694115728196485593	0.82305884271803475549	0.00946413454704911165	51132.80300889750651549548	0.00000000131309731653	0.00000000061005585008
0.45500000000000001554	0.99999991849677749567	0.18035057330185347291	0.81964942669814677689	0.00987459856946946817	36296.67118103973189136013	0.00000000163288237467	0.00000000061822026196
0.46000000000000001998	0.99999991321902315100	0.18377517941644339050	0.81622482058355638745	0.01029769812482283706	26651.74878158621504553594	0.00000000199507020389	0.00000000062819561298
0.46500000000000002442	0.99999990767032842509	0.18721434274926740393	0.81278565725073281811	0.01073365348876599394	20129.81027439964964287356	0.00000000240177782330	0.00000000064020450209
0.47000000000000002887	0.99999990184051046338	0.19066742898006389106	0.80933257101993594240	0.01118268500030513563	15571.30244870794012967963	0.00000000285514492311	0.00000000065448022671
0.47500000000000003331	0.99999989571915792741	0.19413380249096989782	0.80586619750902976911	0.01164501300057206243	12294.06097917580700595863	0.00000000335733250749	0.00000000067126688925
0.47999999999999998224	0.99999988929563821127	0.19761282651270037358	0.80238717348729982071	0.01212085777168433152	9880.02711688553426938597	0.00000000391052152689	0.00000000069081949688
0.48499999999999998668	0.99999988255909022516	0.20110386327067875101	0.79889613672932169308	0.01261043947570828980	8063.83312280132213345496	0.00000000451691150066	0.00000000071340405438
0.48999999999999999112	0.99999987549843050161	0.20460627413107512762	0.79539372586892487238	0.01311397809374331355	6671.80908271174939727644	0.00000000517871913101	0.00000000073929765004
0.49499999999999999556	0.99999986810235452772	0.20811941974671335776	0.79188058025328711409	0.01363169336514624685	5587.20988455928545590723	0.00000000589817690928	0.00000000076878853458
0.50000000000000000000	0.99999986035933052797	0.21164266020280453340	0.78835733979719535558	0.01416380472691394603	4729.67453981327435030835	0.00000000667753171545	0.00000000080217619316
0.50500000000000000444	0.99999985225760390506	0.21517535516247007776	0.78482464483753100470	0.01471053125324273472	4042.70679157303402462276	0.00000000751904341191	0.00000000083977141022
0.51000000000000000888	0.99999984378520423434	0.21871686401200965411	0.78128313598799015161	0.01527209159528284538	3485.82929738980419642758	0.00000000842498343242	0.00000000088189632738
0.51500000000000001332	0.99999983492993782530	0.22226654600588149902	0.77773345399411875078	0.01584870392110624207	3029.54270687405005446635	0.00000000939763336735	0.00000000092888449422
0.52000000000000001776	0.99999982567939427192	0.22582376041134519240	0.77417623958865466882	0.01644058585590552762	2652.01343276168108786806	0.00000001043928354596	0.00000000098108091195
0.52500000000000002220	0.99999981602094689670	0.22938786665273783183	0.77061213334726186286	0.01704795442244247047	2336.85266802323030788102	0.00000001155223161699	0.00000000103884207004
0.53000000000000002665	0.99999980594175374993	0.23295822445533634348	0.76704177554466312916	0.01767102598176351416	2071.59938196015309586073	0.00000001273878112822	0.00000000110253597568
0.53500000000000003109	0.99999979542875450100	0.23653419398877104096	0.76346580601122837617	0.01831001617420021862	1846.66653795428078410623	0.00000001400124010627	0.00000000117254217621
0.54000000000000003553	0.99999978446868720283	0.24011513600995001982	0.75988486399005039651	0.01896513986067242807	1654.59768003985413997725	0.00000001534191963737	0.00000000124925177439
0.54500000000000003997	0.99999977304807319278	0.24370041200545511373	0.75629958799454533036	0.01963661106431120393	1489.53495868447180328076	0.00000001676313245023	0.00000000133306743665
0.55000000000000004441	0.99999976115323008230	0.24728938433337344094	0.75271061566662600395	0.02032464291241940432	1346.83342316637140356761	0.00000001826719150184	0.00000000142440339415
0.55500000000000004885	0.99999974877027053566	0.25088141636452326866	0.74911858363547700890	0.02102944757878661211	1222.77793944327231656644	0.00000001985640856729	0.00000000152368543699
0.56000000000000005329	0.99999973588510959743	0.25447587262303611455	0.74552412737696382994	0.02175123622637567533	1114.37306535128755058395	0.00000002153309283443	0.00000000163135090116
0.56500000000000005773	0.99999972248345536663	0.25807211892626169547	0.74192788107373852657	0.02249021895039791594	1019.18542908160623028380	0.00000002329954950443	0.00000000174784864869
0.57000000000000006217	0.99999970855082853660	0.26166952252395331291	0.73833047747604696465	0.02324660472179328197	935.22432395399027882377	0.00000002515807839905	0.00000000187363904068
0.57500000000000006661	0.99999969407255351328	0.26526745223669900842	0.73473254776330121363	0.02402060133113248855	860.85041777468518375827	0.00000002711097257565	0.00000000200919390356
0.57999999999999996003	0.99999967903376218992	0.26886527859355985326	0.73113472140643998021	0.02481241533295699270	794.70535239617754541541	0.00000002916051695084	0.00000000215499648831
0.58499999999999996447	0.99999966341940815795	0.27246237396888373095	0.72753762603111582496	0.02562225199057359751	735.65701134733876642713	0.00000003130898693357	0.00000000231154142298
0.58999999999999996891	0.99999964721425860237	0.27605811271825059228	0.72394188728174924119	0.02645031522131899987	682.75664264212070975191	0.00000003355864706879	0.00000000247933465832
0.59499999999999997335	0.99999963040290085203	0.27965187131351915140	0.72034812868648079309	0.02729680754231061934	635.20502639235019159969	0.00000003591174969225	0.00000000265889340679
0.59999999999999997780	0.99999961296974948510	0.28324302847694082796	0.71675697152305872795	0.02816193001669912988	592.32559724541329160274	0.00000003837053359760	0.00000000285074607477
0.60499999999999998224	0.99999959489904599597	0.28683096531429785880	0.71316903468570191915	0.02904588220043817157	553.54295427187184941431	0.00000004093722271650	0.00000000305543218836
0.60999999999999998668	0.99999957617487011952	0.29041506544704015491	0.70958493455296001162	0.02994886208958584886	518.36557346357108144730	0.00000004361402481262	0.00000000327350231242
0.61499999999999999112	0.99999955678113583435	0.29399471514337977007	0.70600528485661984135	0.03087106606815422788	486.37182040034269903117	0.00000004640313019038	0.00000000350551796337
0.61999999999999999556	0.99999953670159824615	0.29756930344831400426	0.70243069655168610677	0.03181268885652030476	457.19857080086620726433	0.00000004930671041922	0.00000000375205151547
0.62500000000000000000	0.99999951591986357968	0.30113822231253822848	0.69886177768746160499	0.03277392346041362037	430.53190427023741904122	0.00000005232691707425	0.00000000401368610084
0.63000000000000000444	0.99999949441938440486	0.30470086672022156371	0.69529913327977843629	0.03375496112049478775	406.09945560066523739806	0.00000005546588049407	0.00000000429101550331
0.63500000000000000888	0.99999947218347495781	0.30825663481560633405	0.69174336518439405452	0.03475599126253880317	383.66409852712519068518	0.00000005872570855643	0.00000000458464404609
0.64000000000000001332	0.99999944919530547871	0.31180492802840414912	0.68819507197159568435	0.03577720144823706705	363.01870616444648476318	0.00000006210848547267	0.00000000489518647345
0.64500000000000001776	0.99999942543791708882	0.31534515119795547555	0.68465484880204452445	0.03681877732663172559	343.98178576406576212321	0.00000006561627060155	0.00000000522326782646
0.65000000000000002220	0.99999940089422056921	0.31887671269611761460	0.68112328730388260745	0.03788090258619557921	326.39382682796440349193	0.00000006925109728319	0.00000000556952331288
0.65500000000000002665	0.99999937554700724096	0.32239902454885577265	0.67760097545114417183	0.03896375890757049210	310.11423389029920372195	0.00000007301497169396	0.00000000593459817135
0.66000000000000003109	0.99999934937894430220	0.32591150255650536138	0.67408849744349508271	0.04006752591697750748	295.01874057410697105297	0.00000007690987172279	0.00000000631914752996
0.66500000000000003553	0.99999932237259292478	0.32941356641267072192	0.67058643358732916706	0.04119238114031073539	280.99722146392645072410	0.00000008093774586981	0.00000000672383625931
0.67000000000000003997	0.99999929451040669992	0.33290463982173951196	0.66709536017826076559	0.04233849995792785675	267.95183412162151626035	0.00000008510051216780	0.00000000714933882015
0.67500000000000004441	0.99999926577473807754	0.33638415061497511926	0.66361584938502471420	0.04350605556014836700	255.79543613526453782470	0.00000008940005712715	0.00000000759633910579
0.68000000000000004885	0.99999923614784780312	0.33985153086516634025	0.66014846913483371527	0.04469521890347230575	244.45023213489736235715	0.00000009383823470491	0.00000000806553027931
0.68500000000000005329	0.99999920561190647206	0.34330621699979929629	0.65669378300020087025	0.04590615866753020718	233.84661377507867996428	0.00000009841686529855	0.00000000855761460580
0.69000000000000005773	0.99999917414900063584	0.34674764991273077097	0.65325235008726922903	0.04713904121277574105	223.92216218925352677616	0.00000010313773476500	0.00000000907330327963
0.69500000000000006217	0.99999914174114379328	0.35017527507433354739	0.64982472492566689670	0.04839403053893197304	214.62078768986529553331	0.00000010800259346545	0.00000000961331624696
0.70000000000000006661	0.99999910837028249677	0.35358854264008399149	0.64641145735991578647	0.04967128824420121574	205.89198577171993065349	0.00000011301315533659	0.00000001017838202364
0.70499999999999996003	0.99999907401829390974	0.35698690755757472859	0.64301309244242521590	0.05097097348525021776	197.69019197267436993570	0.00000011817109698859	0.00000001076923750858
0.70999999999999996447	0.99999903866700445842	0.36036982967191699689	0.63963017032808355822	0.05229324293797846246	189.97422101036235631000	0.00000012347805683046	0.00000001138662779273
0.71499999999999996891	0.99999900229818972086	0.36373677382951691284	0.63626322617048280961	0.05363825075908178197	182.70677796862156583302	0.00000012893563422320	0.00000001203130596385
0.71999999999999997335	0.99999896489357542606	0.36708720998212757136	0.63291279001787226210	0.05500614854871734016	175.85098830276578496523	0.00000013454639210748	0.00000001270403792439
0.72499999999999997780	0.99999814993288183018	0.37042061328160674760	0.62957938671839264178	0.05639708531281541898	169.38222332166913020046	0.00000014030991393005	0.00000001340558749404
0.72999999999999998224	0.99999730505622419496	0.37373646418425054971	0.62626353581574922824	0.05781120742792036915	163.26942939040662849948	0.00000014622861327413	0.00000001413673056041
0.73499999999999998668	0.99999642944097610897	0.37703424854598593940	0.62296575145401400508	0.05924865860574882181	157.48709804671759115990	0.00000015230392560539	0.00000001489825018844
0.73999999999999999112	0.99999552225072296796	0.38031345771765101560	0.61968654228234976156	0.06070957985885802599	152.01193885233431046800	0.00000015853724354463	0.00000001569093640616
0.74499999999999999556	0.99999458263528073765	0.38357358863851209740	0.61642641136148845771	0.06219410946716005112	146.82265465582628394259	0.00000016492991619614	0.00000001651558598714
0.75000000000000000000	0.99999360973067252800	0.38681414392799562396	0.61318585607200348786	0.06370238294528869638	141.89974270267546785362	0.00000017148324850641	0.00000001737300222967
0.75500000000000000444	0.99999260265915179691	0.39003463197561860643	0.60996536802438083846	0.06523453301082803024	137.22531828083521077133	0.00000017819850065340	0.00000001826399473294
0.76000000000000000888	0.99999259107169224947	0.86084952326515606913	1.13915047673484282065	0.15274835808297440587	132.78295805623747583013	0.00000018507688746679	0.00000001918937917027
0.76500000000000001332	0.99999257917236694659	0.85781040729953916824	1.14218959270046194199	0.15622726981311876870	128.55492292890619410173	0.00000019212114107335	0.00000002014998487564
0.77000000000000001776	0.99999256695269767015	0.85475842494701914642	1.14524157505298207482	0.15973754697459952023	124.53000596752926298905	0.00000019933100855387	0.00000002114663991841
0.77500000000000002220	0.99999255440665912875	0.85169440282944008924	1.14830559717055891156	0.16327878077882856944	120.69548343858269845441	0.00000020670750274359	0.00000002218017743213
0.78000000000000002665	0.99999254152809191609	0.84861916968895567681	1.15138083031104421217	0.16685056141301046750	117.03951260299308501089	0.00000021425165785735	0.00000002325143572141
0.78500000000000003109	0.99999252831076324011	0.84553355613651270950	1.15446644386349106526	0.17045247816124947660	113.55115033994113105109	0.00000022196446058818	0.00000002436125802435
0.79000000000000003553	0.99999251474837325127	0.84243839440012280306	1.15756160559987719694	0.17408411952563992986	110.22027295150557790748	0.00000022984684972254	0.00000002551049227297
0.79500000000000003997	0.99999250083456181493	0.83933451807312298154	1.16066548192687268859	0.17774507334731076691	107.03750467332433515821	0.00000023789971579217	0.00000002669999085193
0.80000000000000004441	0.99999248656290384840	0.83622276186235988682	1.16377723813763522820	0.18143492692735690985	103.99415251619988964649	0.00000024612390075574	0.00000002793061035571
0.80500000000000004885	0.99999247192691487207	0.83310396133648967343	1.16689603866350788408	0.18515326714763685745	101.08214845460531705612	0.00000025452019771144	0.00000002920321134426
0.81000000000000005329	0.99999245692003879693	0.82997895267443833056	1.17002104732555212152	0.18889968059138473322	98.29399639973244973135	0.00000026308935064570	0.00000003051865809749
0.81500000000000005773	0.99999244153565891580	0.82684857241415832263	1.17315142758583634830	0.19267375366360545152	95.62272495462610777395	0.00000027183205420842	0.00000003187781836853
0.82000000000000006217	0.99999242576710045682	0.82371365720162503798	1.17628634279837185339	0.19647507271118253014	93.06191617571185759061	0.00000028074873552286	0.00000003328156204615
0.82500000000000006661	0.99999318610513288075	0.82057504354034416227	1.17942495645964529061	0.20030322414269410847	90.60537865042974203789	0.00000028984041062002	0.00000003473076409925
0.83000000000000007105	0.99999397489010866114	0.81743356754133655873	1.18256643245865600278	0.20415779454787638669	88.24754336819066224962	0.00000029910742163550	0.00000003622630120743
0.83499999999999996447	0.99999479291957671379	0.81429006467366193966	1.18570993532633073286	0.20803837081668194453	85.98314459105846196962	0.00000030855026425518	0.00000003776905252870
0.83999999999999996891	0.99999564100479709783	0.81114536951569704559	1.18885463048429795840	0.21194454025792150431	83.80726206120495191954	0.00000031816938419677	0.00000003935989944969
0.84499999999999997335	0.99999651997074523457	0.80800031550708206751	1.19199968449291171524	0.21587589071741572488	81.71529456455353113142	0.00000032796517717711	0.00000004099972533557
0.84999999999999997780	0.99999743065614876691	0.80485573470156435150	1.19514426529843298397	0.21983201069564778374	79.70293540396122011771	0.00000033793798891262	0.00000004268941528013
0.85499999999999998224	0.99999837391311630075	0.44952333761118007383	0.55047666238848957931	0.10107217249712896479	77.76615032226000323590	0.00000034808811514940	0.00000004442985585588
0.85999999999999998668	0.99999994826444205120	0.45221945277882008574	0.54778054722080260497	0.10313276661814714530	0.05761184842946090456	0.00000035843340120400	0.00000004622202286190
0.86499999999999999112	0.99999994572539341320	0.45488623487726365102	0.54511376512231701774	0.10521946515673370748	0.05518835983818188434	0.00000036894196585062	0.00000004806673269115
0.86999999999999999556	0.99999994308353601369	0.45752334327378157974	0.54247665672573019968	0.10733233100730414644	0.05320295329639373322	0.00000037962274947774	0.00000004996484643854
0.87500000000000000000	0.99999994033554850947	0.46013044467179681218	0.53986955532762681553	0.10947142378305195487	0.05159377595733073002	0.00000039048138865640	0.00000005191725338182
0.88000000000000000444	0.99999993747949755818	0.46270721315222496095	0.53729278684708958735	0.11163679978796597903	0.05031199939435031243	0.00000040151792473728	0.00000005392484300551
0.88500000000000000888	0.99999993451345148276	0.46525333021302239800	0.53474666978616669510	0.11382851200774792011	0.04931641375256277937	0.00000041273234944552	0.00000005598850475274
0.89000000000000001332	0.99999993143547394325	0.46776848480666533003	0.53223151519237754670	0.11604661010164550594	0.04857209331683347980	0.00000042412460511266	0.00000005810912777830
0.89500000000000001776	0.99999992824360328658	0.47025237337559167017	0.52974762662328755969	0.11829114039520832735	0.04804929707382381981	0.00000043569458492996	0.00000006028760070295
0.90000000000000002220	0.99999992493589051623	0.47270469988557162200	0.52729530011313074933	0.12056214587395756854	0.04772257555797203982	0.00000044744213322444	0.00000006252481136907
0.90500000000000002665	0.99999992151038008537	0.47512517585702140899	0.52487482414147756948	0.12285966617796842404	0.04757004094557885920	0.00000045936704573719	0.00000006482164659776
0.91000000000000003109	0.99999991796510079300	0.47751352039428796026	0.52248647960399852153	0.12518373759737319584	0.04757275890246579625	0.00000047146906996103	0.00000006717899194757
0.91500000000000003553	0.99999991429813805954	0.47986946021283249930	0.52013053978522605370	0.12753439306876196424	0.04771426139632584107	0.00000048374790552787	0.00000006959773147520
0.92000000000000003997	0.99999991050753644917	0.48219272966440929196	0.51780727033342122123	0.12991166217250238457	0.04798013625272718602	0.00000049620320454791	0.00000007207874749794
0.92500000000000004441	0.99999990659138093818	0.48448307076014596184	0.51551692923745040531	0.13231557113095102074	0.04835769933278129262	0.00000050883457203834	0.00000007462292035814
0.93000000000000004885	0.99999990254775783516	0.48674023319161957568	0.51325976680574869615	0.13474614280757710172	0.04883571724143910553	0.00000052164156635410	0.00000007723112818991
0.93500000000000005329	0.99999989837477332166	0.48896397434984900654	0.51103602564729033730	0.13720339670697084822	0.04940418355027020175	0.00000053462369963830	0.00000007990424668810
0.94000000000000005773	0.99999989407055123181	0.49115405934229289242	0.50884594065465060808	0.13968734897575910137	0.05005413420014376280	0.00000054778043830831	0.00000008264314887964
0.94500000000000006217	0.99999988963324037972	0.49331026100773817111	0.50668973898902847086	0.14219801240438828538	0.05077749326251358719	0.00000056111120357366	0.00000008544870489751
0.95000000000000006661	0.99999988506101666896	0.49543235992924194999	0.50456764006738585859	0.14473539642981292364	0.05156694806081463245	0.00000057461537196614	0.00000008832178175734
0.95500000000000007105	0.99999988035206655024	0.49752014444498876555	0.50247985555154950355	0.14729950713904904624	0.05241584201353428896	0.00000058829227589565	0.00000009126324313682
0.95999999999999996447	0.99999987534091383523	0.49957341069252297894	0.50042658930392436289	0.14989034778392376634	0.05380925769388269359	0.00000060214064357002	0.00000009427394635467
0.96499999999999996891	0.99999987016089153524	0.50159196254823856798	0.49840803744810902032	0.15250791784893028002	0.05522160274171775129	0.00000061615862794817	0.00000009735473949441
0.96999999999999997335	0.99999986482131264509	0.50357561166147013498	0.49642438833479324289	0.15515221345284355148	0.05669467884389028239	0.00000063034686027923	0.00000010050647379580
0.97499999999999997780	0.99999985931938617512	0.50552417746020905653	0.49447582253595889767	0.15782322739045820392	0.05822456358813899585	0.00000064470449321060	0.00000010372999626186
0.97999999999999998224	0.99999985365229915324	0.50743748715202385835	0.49256251284405622171	0.16052094914056211361	0.05980758304885456372	0.00000065923063855087	0.00000010702614945461
0.98499999999999998668	0.99999984781726414251	0.50931537572290941362	0.49068462427307590890	0.16324536487472651736	0.06144028634309566667	0.00000067392436782861	0.00000011039577129375
0.98999999999999999112	0.99999984181148282580	0.51115768593424448785	0.48884231406165296052	0.16599645746696098381	0.06311942434441757122	0.00000068878471299637	0.00000011383969485874
0.99499999999999999556	0.99999983563215566473	0.51296426831772690136	0.48703573167807101552	0.16877420650418312187	0.06484193177987367107	0.00000070381066719232	0.00000011735874819470
1.00000000000000000000	0.99999982927648178865	0.51473498116842619776	0.48526501882727623993	0.17157858829753325214	0.06660491215252201114	0.00000071900118547573	0.00000012095375412208
1.00500000000000011546	0.99999982274169663121	0.51646969053584057541	0.48353030945976421817	0.17440957589448891074	0.06840562488599265245	0.00000073435518559861	0.00000012462553005007
1.01000000000000000888	0.99999981602501153422	0.51816827021307909629	0.48183172978243588025	0.17726713909180724649	0.07024147430184886354	0.00000074987154880823	0.00000012837488779411
1.01500000000000012434	0.99999980912366670527	0.51983060172408823707	0.48016939827132582019	0.18015124444925428859	0.07211000007592772987	0.00000076554912064689	0.00000013220263339734
1.02000000000000001776	0.99999980203488414432	0.52145657430903624707	0.47854342568627611376	0.18306185530414936791	0.07400886889404803548	0.00000078138671177624	0.00000013610956695623
1.02499999999999991118	0.99999979475591904698	0.52304608490776893781	0.47695391508745321740	0.18599893178668147620	0.07593586708931147899	0.00000079738309880501	0.00000014009648245025
1.03000000000000002665	0.99999978728403382533	0.52459903814139174916	0.47540096185373004190	0.18896243083599989498	0.07788889402779529403	0.00000081353702517517	0.00000014416416757613
1.03499999999999992006	0.99999977961649832991	0.52611534629204426139	0.47388465370297105927	0.19195230621709474805	0.07986595618707850730	0.00000082984720199901	0.00000014831340358612
1.04000000000000003553	0.99999977175059118206	0.52759492928079887442	0.47240507071411463880	0.19496850853842104256	0.08186516176117110410	0.00000084631230893233	0.00000015254496513078
1.04499999999999992895	0.99999976368363097112	0.52903771464372462141	0.47096228535108392022	0.19801098527027533036	0.08388471564759140964	0.00000086293099508811	0.00000015685962010622
1.05000000000000004441	0.99999975541291474812	0.53044363750617473663	0.46955636248852311576	0.20107968076392124246	0.08592291484480535368	0.00000087970187992081	0.00000016125812950583
1.05499999999999993783	0.99999974693579019025	0.53181264055527222023	0.46818735943932127119	0.20417453627144568906	0.08797814409856108409	0.00000089662355417769	0.00000016574124727672
1.06000000000000005329	0.99999973824963439561	0.53314467401059328910	0.46685532598389256620	0.20729548996629743041	0.09004882927553868599	0.00000091369458076483	0.00000017030972018054
1.06499999999999994671	0.99999972935180592160	0.53443969559313786455	0.46556030440123435943	0.21044247696463430630	0.09213351507904922466	0.00000093091349564506	0.00000017496428765877
1.07000000000000006217	0.99999972023968097812	0.53569767049253480540	0.46430232950171501649	0.21361542934730579080	0.09423083271989828036	0.00000094827880886528	0.00000017970568170309
1.07499999999999995559	0.99999971091069372875	0.53691857133254650147	0.46308142866159507367	0.21681427618254153766	0.09633948608576181627	0.00000096578900553503	0.00000018453462673077
1.08000000000000007105	0.99999970136229054951	0.53810237813481454072	0.46189762185920651971	0.22003894354930012001	0.09845824778403634847	0.00000098344254675459	0.00000018945183946454
1.08499999999999996447	0.99999969159191071100	0.53924907828101431573	0.46075092171288961618	0.22328935456132617543	0.10058595592015792675	0.00000100123787058922	0.00000019445802881749
1.09000000000000007994	0.99999968159705687754	0.54035866647326535883	0.45964133352052172210	0.22656542939183160756	0.10272151106671964516	0.00000101917339301598	0.00000019955389578257
1.09499999999999997335	0.99999967137524214955	0.54143114469293240898	0.45856885530072383217	0.22986708529884344876	0.10486387327218037180	0.00000103724750892050	0.00000020474013332717
1.10000000000000008882	0.99999966092400882633	0.54246652215783042195	0.45753347783570330609	0.23319423665119495825	0.10701205917485187569	0.00000105545859312211	0.00000021001742629278
1.10499999999999998224	0.99999965024093295796	0.54346481527775991616	0.45653518471564891179	0.23654679495511987675	0.10916513928805930689	0.00000107380500131904	0.00000021538645129937
1.11000000000000009770	0.99999963932362900820	0.54442604760852775225	0.45557395238475345556	0.23992466888148319959	0.11132223533308557850	0.00000109228507109963	0.00000022084787665487
1.11499999999999999112	0.99999962816972165491	0.54535024980437674103	0.45464975018877606949	0.24332776429360755688	0.11348251768024929242	0.00000111089712294169	0.00000022640236226958
1.12000000000000010658	0.99999961677688664619	0.54623745956888625219	0.45376254042413782797	0.24675598427568617987	0.11564520288433841055	0.00000112963946121470	0.00000023205055957565
1.12500000000000000000	0.99999960514283170454	0.54708772160435670262	0.45291227838853770349	0.25020922916178056639	0.11780955131266709901	0.00000114851037518399	0.00000023779311145157
1.13000000000000011546	0.99999959326528742309	0.54790108755970567955	0.45209891243305883046	0.25368739656538352722	0.11997486486208186474	0.00000116750814001668	0.00000024363065215166
1.13500000000000000888	0.99999958114202802673	0.54867761597689057584	0.45132238401573870901	0.25719038140953398575	0.12214048476504611729	0.00000118663101778803	0.00000024956380724060
1.14000000000000012434	0.99999956877086604301	0.54941737223589670602	0.45058262775659552180	0.26071807595748108799	0.12430578948178565291	0.00000120587725848820	0.00000025559319353304
1.14500000000000001776	0.99999955614965541084	0.55012042849829190239	0.44987957149406293533	0.26427036984387075602	0.12647019267689732502	0.00000122524510102893	0.00000026171941903818
1.15000000000000013323	0.99999954327628892692	0.55078686364939044573	0.44921313634282883376	0.26784715010645321343	0.12863314127914649010	0.00000124473277424874	0.00000026794308290943
1.15500000000000002665	0.99999953014869191747	0.55141676323903454637	0.44858323675303923839	0.27144830121829160996	0.13079411362232445937	0.00000126433849791668	0.00000027426477539901
1.15999999999999992006	0.99999951676483789242	0.55201021942106121010	0.44798978057087540661	0.27507370512047485400	0.13295261766669314030	0.00000128406048373405	0.00000028068507781768
1.16500000000000003553	0.99999950312274576980	0.55256733089138487802	0.44743266910041151752	0.27872324125528519234	0.13510818929347298556	0.00000130389693634043	0.00000028720456249938
1.16999999999999992895	0.99999948922046932864	0.55308820282484383313	0.44691179716681184164	0.28239678659985772979	0.13726039066265513511	0.00000132384605430531	0.00000029382379277091
1.17500000000000004441	0.99999947505610897736	0.55357294681073410114	0.44642705318077563481	0.28609421570027487869	0.13940880872676891800	0.00000134390603106385	0.00000030054332292623
1.17999999999999993783	0.99999946062780731282	0.55402168078711933052	0.44597831920424596541	0.28981540070611194748	0.14155305363922393580	0.00000136407505602779	0.00000030736369820637
1.18500000000000005329	0.99999944593377365631	0.55443452897390244072	0.44556547101732491001	0.29356021140540033976	0.14369275742382678351	0.00000138435131545943	0.00000031428545478367
1.18999999999999994671	0.99999943097223797928	0.55481162180469623113	0.44518837818637990722	0.29732851526000025899	0.14582757259598669308	0.00000140473299349051	0.00000032130911975112
1.19500000000000006217	0.99999941574147910295	0.55515309585757210975	0.44484690413335425951	0.30112017744139607522	0.14795717088425067165	0.00000142521827308618	0.00000032843521111655
1.19999999999999995559	0.99999940023985600668	0.55545909378460711636	0.44454090620617531249	0.30493506086684973866	0.15008124200898007028	0.00000144580533700907	0.00000033566423780159
1.20500000000000007105	0.99999938446575387108	0.55572976424033992959	0.44427023575029633840	0.30877302623593894104	0.15219949252203335277	0.00000146649236877534	0.00000034299669964547
1.20999999999999996447	0.99999936841759673456	0.55596526180915106785	0.44403473818133293305	0.31263393206745476727	0.15431164470333288974	0.00000148727755360396	0.00000035043308741349
1.21500000000000007994	0.99999935209386547896	0.55616574693156917153	0.44383425305875900957	0.31651763473665073256	0.15641743551448267224	0.00000150815907935729	0.00000035797388281028
1.21999999999999997335	0.99999933549312880476	0.55633138582955243834	0.44366861416063191337	0.32042398851281372885	0.15851661560496474457	0.00000152913513747329	0.00000036561955849764
1.22500000000000008882	0.99999931861397839405	0.55646235043073000170	0.44353764955930868874	0.32435284559714694375	0.16060894837038014460	0.00000155020392388874	0.00000037337057811709
1.22999999999999998224	0.99999930145504989376	0.55655881829171449660	0.44344118169817031694	0.32830405616097474431	0.16269420906016418549	0.00000157136363995276	0.00000038122739631685
1.23500000000000009770	0.99999928401504256659	0.55662097252044295814	0.44337902746929047648	0.33227746838423377618	0.16477218393306058974	0.00000159261249333043	0.00000038919045878350
1.23999999999999999112	0.99999926629272084533	0.55664900169757713932	0.44335099829200330657	0.33627292849422718568	0.16684266945766859647	0.00000161394869889623	0.00000039726020227798
1.24500000000000010658	0.99999924828688480094	0.55664309979703197051	0.44335690019239298865	0.34029028080465750783	0.16890547155691612580	0.00000163537047961637	0.00000040543705467607
1.25000000000000000000	0.99999922999642365529	0.55660346610563349312	0.44339653388363947650	0.34432936775490186054	0.17096040489455666123	0.00000165687606742004	0.00000041372143501317
1.25500000000000011546	0.99999921142026360066	0.55653030514192514122	0.44346969484719606092	0.34839002994951939751	0.17300729220081137449	0.00000167846370405933	0.00000042211375353346
1.26000000000000000888	0.99999919255737346191	0.55642382657417444047	0.44357617341478955408	0.35247210619798552411	0.17504596363735402953	0.00000170013164195648	0.00000043061441174325
1.26500000000000012434	0.99999917340680610778	0.55628424513761465242	0.44371575485120468008	0.35657543355464049739	0.17707625619785549720	0.00000172187814503965	0.00000043922380246844
1.27000000000000001776	0.99999915396766481113	0.55611178055087662209	0.44388821943778700163	0.36069984735880172844	0.17909801314368800629	0.00000174370148956539	0.00000044794230991627
1.27500000000000013323	0.99999913423909680965	0.55590665743177947178	0.44409334255673194036	0.36484518127510590091	0.18111108347354981651	0.00000176559996492801	0.00000045677030974091
1.28000000000000002665	0.99999911422033671560	0.55566910521235080012	0.44433089477601167561	0.36901126733397032753	0.18311532142339786988	0.00000178757187445639	0.00000046570816911319
1.28499999999999992006	0.99999909391065222586	0.55539935805321316575	0.44460064193499521101	0.37319793597222833403	0.18511058599853935647	0.00000180961553619581	0.00000047475624679417
1.29000000000000003553	0.99999907330938475614	0.55509765475733985340	0.44490234523071275907	0.37740501607390619654	0.18709674053316169284	0.00000183172928367714	0.00000048391489321256
1.29499999999999992895	0.99999905241593767258	0.55476423868318214261	0.44523576130471981260	0.38163233501111942791	0.18907365227786745998	0.00000185391146667065	0.00000049318445054591
1.30000000000000004441	0.99999903122978250902	0.55439935765721404248	0.44560064233053475746	0.38587971868507220385	0.19104119201392932847	0.00000187616045192602	0.00000050256525280554
1.30499999999999993783	0.99999900975043620743	0.55400326388594456350	0.44599673610165280202	0.39014699156717319584	0.19299923369194540990	0.00000189847462389709	0.00000051205762592503
1.31000000000000005329	0.99999898797748931756	0.55357621386738753433	0.44642378612005917393	0.39443397674021840604	0.19494765409462583294	0.00000192085238545167	0.00000052166188785228
1.31499999999999994671	0.99999896591058701212	0.55311846830204536296	0.44688153168525279746	0.39874049593965449345	0.19688633252213796898	0.00000194329215856613	0.00000053137834864512
1.32000000000000006217	0.99999892236427179171	0.55262977485677422518	0.44737018158416563818	0.40306605770201658911	0.13760741729917977394	0.00000297868283568572	0.00000054627176282354
1.32499999999999995559	0.99999887805521192607	0.55211090609218715919	0.44788900603964459934	0.40741077740714104483	0.13903203631551649955	0.00000302314287721203	0.00000056138747720960
1.33000000000000007105	0.99999883295807434624	0.55156213480322802134	0.44843773223141952800	0.41177447250235882370	0.14051132419337217239	0.00000306795035242449	0.00000057672722897173
1.33499999999999996447	0.99999878704780176264	0.55098373763467256570	0.44901608348965504902	0.41615695924635354164	0.14204080800982621380	0.00000311310433587229	0.00000059229275065109
1.34000000000000007994	0.99999874029977675605	0.55037599499017897386	0.44962377938607417382	0.42055805274977547947	0.14361641452754356219	0.00000315860349026560	0.00000060808576810242
1.34499999999999997335	0.99999869268977492620	0.54973919094096579396	0.45026053582523800634	0.42497756701662237067	0.14523436714826351568	0.00000320444643280157	0.00000062410800026642
1.35000000000000008882	0.99999864419394091097	0.54907361313419744686	0.45092606513612204511	0.42941531498562307556	0.14689116153773773554	0.00000325063174299923	0.00000064036115898142
1.35499999999999998224	0.99999859478878161401	0.54837955270112026529	0.45162007616399124643	0.43387110857162275446	0.14858354373067708676	0.00000329715796459331	0.00000065684694880439
1.36000000000000009770	0.99999854445115199386	0.54765730416493396682	0.45234227436249319076	0.43834475870690386978	0.15030848949210778853	0.00000334402360633631	0.00000067356706683607
1.36499999999999999112	0.99999849315821132123	0.54690716534845218444	0.45309236188598045469	0.44283607538246100299	0.15206318559449819028	0.00000339122714251385	0.00000069052320254864
1.37000000000000010658	0.99999844088741796089	0.54612943728157259393	0.45387003768201422682	0.44734486768920633804	0.15384501296594180197	0.00000343876701336439	0.00000070771703761546
1.37500000000000000000	0.99999838761653025987	0.54532442410860226811	0.45467499758404184007	0.45187094385910042682	0.15565153145153029501	0.00000348664162546829	0.00000072515024574280
1.38000000000000011546	0.99999833332357190852	0.54449243299543381713	0.45550693440419615099	0.45641411130618669834	0.15748046612855337578	0.00000353484935212873	0.00000074282449250344
1.38500000000000000888	0.99999827798684415292	0.54363377403663071252	0.45636553802621271370	0.46097417666752316112	0.15932969485714165714	0.00000358338853375645	0.00000076074143517223
1.39000000000000012434	0.99999822158489659607	0.54274876016242445953	0.45725049549841378926	0.46555094584399198121	0.16119723702608390603	0.00000363225747826210	0.00000077890272256354
1.39500000000000001776	0.99999816409651853810	0.54183770704565670240	0.45816149112674581234	0.47014422404097483410	0.16308124331759471515	0.00000368145446145635	0.00000079730999487082
1.40000000000000013323	0.99999810550075696192	0.54090093300872166271	0.45909820656785610415	0.47475381580890496647	0.16497998634532146101	0.00000373097772746515	0.00000081596488350814
1.40500000000000002665	0.99999804577687911866	0.53993875893048881576	0.46006032092215232154	0.47937952508364606308	0.16689185214703955440	0.00000378082548915109	0.00000083486901095390
1.40999999999999992006	0.99999798490437619147	0.53895150815324888161	0.46104751082682471353	0.48402115522669969527	0.16881533236118442809	0.00000383099592854797	0.00000085402399059664
1.41500000000000003553	0.99999792286295052790	0.53793950638974497025	0.46205945054883973411	0.48867850906525944765	0.17074901704117070866	0.00000388148719730443	0.00000087343142658316
1.41999999999999992895	0.99999785963254972376	0.53690308163027422594	0.46309581207784145107	0.49335138893206553767	0.17269158807609877315	0.00000393229741713816	0.00000089309291366885
1.42500000000000004441	0.99999779519330700417	0.53584256404990726619	0.46415626521889968847	0.49803959669550762479	0.17463985968906886592	0.00000398341975900574	0.00000091301001246388
1.42999999999999993783	0.99999772952557985928	0.53475828591586416216	0.46524047768514892320	0.50274293380882884019	0.17659282007469412346	0.00000403485238002293	0.00000093318427436400
1.43500000000000005329	0.99999766260992994926	0.53365058149500721463	0.46634811519028585014	0.50746120134925543077	0.17854948443427631766	0.00000408659337364598	0.00000095361724123223
1.43999999999999994671	0.99999759442711966262	0.53251978696152535431	0.46747884154088670261	0.51219420005696514320	0.18050893195258244095	0.00000413864079852491	0.00000097431044522485
1.44500000000000006217	0.99999752495812965769	0.53136624030483103898	0.46863231872851868198	0.51694173037381518920	0.18247030178541870371	0.00000419099267949504	0.00000099526540862233
1.44999999999999995559	0.99999745418413343856	0.53019028123767797389	0.46980820702160397406	0.52170359248179987155	0.18443278931367196316	0.00000424364700863290	0.00000101648364366549
1.45500000000000007105	0.99999738208650734705	0.52899225110455061483	0.47100616505702880277	0.52647958634125235911	0.18639564275594489029	0.00000429660174628012	0.00000103796665239689
1.45999999999999996447	0.99999730864684122089	0.52777249279034910145	0.47222584993148580823	0.53126951172878611462	0.18835815989507465051	0.00000434985482202803	0.00000105971592650703
1.46500000000000007994	0.99999723384690375472	0.52653135062934852684	0.47346691729247536440	0.53607316827490925082	0.19031968509285782098	0.00000440340413566436	0.00000108173294718535
1.46999999999999997335	0.99999715766868646494	0.52526917031452324824	0.47472902142900436084	0.54089035550138497843	0.19227960646255135013	0.00000445724755808846	0.00000110401918497580
1.47500000000000008882	0.99999708009437837664	0.52398629880721869778	0.47601181536191961019	0.54572087285826642589	0.19423735319372081864	0.00000451138293219450	0.00000112657609963677
1.47999999999999998224	0.99999700110637179673	0.52268308424719356342	0.47731495093385739592	0.55056451976061282494	0.19619239310025485268	0.00000456580807372736	0.00000114940514000540
1.48500000000000009770	0.99999692068725887228	0.52135987586306609121	0.47863807889878884350	0.55542109562487684826	0.19814423026742850054	0.00000462052077211548	0.00000117250774386598
1.48999999999999999112	0.99999683881983691958	0.52001702388319359649	0.47998084901115217749	0.56029039990497087054	0.20009240284008497635	0.00000467551879128022	0.00000119588533782238
1.49500000000000010658	0.99999675548712396722	0.51865487944700539025	0.48134291011454066744	0.56517223212798961551	0.20203648100428900358	0.00000473079987042884	0.00000121953933717453
1.50000000000000000000	0.99999667067233433126	0.51727379451677657496	0.48272391022989058484	0.57006639192954799977	0.20397606501755261021	0.00000478636172482389	0.00000124347114579865
1.50500000000000011546	0.99999658435888916230	0.51587412178992242406	0.48412349664321169262	0.57497267908878946230	0.20591078340381160916	0.00000484220204654406	0.00000126768215603137
1.51000000000000000888	0.99999649653044286879	0.51445621461180202072	0.48554131599279498621	0.57989089356302037093	0.20784029123542421824	0.00000489831850522497	0.00000129217374855749
1.51500000000000012434	0.99999640717083937425	0.51302042688903382039	0.48697701435586682184	0.58482083552193375731	0.20976426850966298221	0.00000495470874879082	0.00000131694729230145
1.52000000000000001776	0.99999631626415563801	0.51156711300340285131	0.48843023733472124004	0.58976230538148810556	0.21168241866137657570	0.00000501137040417254	0.00000134200414432231
1.52500000000000013323	0.99999622379468888766	0.51009662772631347849	0.48990063014224666249	0.59471510383735659566	0.21359446728654662984	0.00000506830107833984	0.00000136734564971401
1.53000000000000002665	0.99999612974695117895	0.50860932613385456680	0.49138783768687271936	0.59967903189798665853	0.21550016062349711121	0.00000512549835851488	0.00000139297314150658
1.53500000000000014211	0.99999603410568982387	0.50710556352247182499	0.49289150465689246516	0.60465389091724108805	0.21739926429595229918	0.00000518295981296158	0.00000141888794057139
1.54000000000000003553	0.99999593685587995218	0.50558569532529473722	0.49441127560416131548	0.60963948262663059108	0.21929156209265437960	0.00000524068299166911	0.00000144509135552974
1.54499999999999992895	0.99999583798271407531	0.50405007702907922429	0.49594679502710692365	0.61463560916708648296	0.22117685485223190223	0.00000529866542702766	0.00000147158468266487
1.55000000000000004441	0.99999573747164527404	0.50249906409188682677	0.49749770745312721365	0.61964207312036390096	0.22305495942141775889	0.00000535690463449831	0.00000149836920583737
1.55499999999999993783	0.99999563530832580316	0.50093301186137773051	0.49906365752021131232	0.62465867753990789168	0.22492570766011651950	0.00000541539811327500	0.00000152544619640374
1.56000000000000005329	0.99999553147869901792	0.49935227549390942547	0.50064429005794397476	0.62968522598138776392	0.22678894551148001679	0.00000547414334694058	0.00000155281691313844
1.56499999999999994671	0.99999542596891155544	0.49775720987426602671	0.50223925016769155327	0.63472152253266023170	0.22864453211950025446	0.00000553313780411752	0.00000158048260215903
1.57000000000000006217	0.99999531876537983699	0.49614816953621021511	0.50384818330210390247	0.63976737184335696895	0.23049233902092156057	0.00000559237893911264	0.00000160844449685459
1.57499999999999995559	0.99999520985476197943	0.49452550858376104204	0.50547073534382436222	0.64482257915396368197	0.23233224933153792668	0.00000565186419255597	0.00000163670381781737
1.58000000000000007105	0.99999509922397811224	0.49288958061326071380	0.50710655268342319513	0.64988695032443333233	0.23416415705890397669	0.00000571159099203492	0.00000166526177277755
1.58499999999999996447	0.99999498686020460436	0.49124073863624873049	0.50875528229654598533	0.65496029186233239994	0.23598796637620003680	0.00000577155675272426	0.00000169411955654117
1.59000000000000007994	0.99999487275087983740	0.48957933500313005615	0.51041657182022559525	0.66004241095048099552	0.23780359100060596833	0.00000583175887800824	0.00000172327835093121
1.59499999999999997335	0.99999475688371164406	0.48790572132768317282	0.51209006962838110599	0.66513311547411113622	0.23961095355733119661	0.00000589219476010278	0.00000175273932473173
1.60000000000000008882	0.99999463924666720516	0.48622024841242095228	0.51377542490648031581	0.67023221404754829145	0.24140998503905045092	0.00000595286178066784	0.00000178250363363506
1.60499999999999998224	0.99999451982799392180	0.48452326617478652659	0.51547228772531694663	0.67533951604035513672	0.24320062422215515952	0.00000601375731142042	0.00000181257242019217
1.61000000000000009770	0.99999439861622119174	0.48281512357425643289	0.51718030911394796689	0.68045483160301578618	0.24498281720936382344	0.00000607487871473676	0.00000184294681376585
1.61499999999999999112	0.99999427560015163863	0.48109616854029596533	0.51889914113170843013	0.68557797169206335930	0.24675651691217928563	0.00000613622334425601	0.00000187362793048713
1.62000000000000010658	0.99999415076888420462	0.47936674790125072265	0.52062843693936033951	0.69070874809474158695	0.24852168262311741254	0.00000619778854547587	0.00000190461687321451
1.62500000000000000000	0.99999402411178761607	0.47762720731410945874	0.52236785086927550736	0.69584697345308044181	0.25027827956959791678	0.00000625957165634450	0.00000193591473149623
1.63000000000000011546	0.99999389561853879727	0.47587789119524714909	0.52411703849475410610	0.70099246128753389673	0.25202627855405113078	0.00000632157000784856	0.00000196752258153548
1.63500000000000000888	0.99999376527909467072	0.47411914265206922536	0.52587565669835389937	0.70614502602002626741	0.25376565555079894088	0.00000638378092459531	0.00000199944148615845
1.64000000000000012434	0.99999363308372690717	0.47235130341562930889	0.52764336373928888424	0.71130448299650239630	0.25549639136791857386	0.00000644620172539165	0.00000203167249478541
1.64500000000000001776	0.99999349902301704063	0.47057471377420878600	0.52941981931986226151	0.71647064850893926735	0.25721847131770453343	0.00000650882972381664	0.00000206421664340449
1.65000000000000013323	0.99999336308782993399	0.46878971250784745584	0.53120468465089498711	0.72164333981678685515	0.25893188489993690382	0.00000657166222879134	0.00000209707495454845
1.65500000000000002665	0.99999322526935996436	0.46699663682390968322	0.53299762251622073705	0.72682237516794001575	0.26063662552630761926	0.00000663469654514244	0.00000213024843727416
1.66000000000000014211	0.99999308555910193519	0.46519582229360162406	0.53479829733612438414	0.73200757381909475896	0.26233269023259109254	0.00000669792997416064	0.00000216373808714497
1.66500000000000003553	0.99999294394888060822	0.46338760278953328164	0.53660637522982657099	0.73719875605562412701	0.26402007944064764811	0.00000676135981415616	0.00000219754488621575
1.66999999999999992895	0.99999280043082972025	0.46157231042426322132	0.53842152407689747307	0.74239574321084689235	0.26569879670765728097	0.00000682498336100654	0.00000223166980302078
1.67500000000000004441	0.99999265499742284735	0.45975027548991281856	0.54024341357769178895	0.74759835768481153195	0.26736884848531755621	0.00000688879790870137	0.00000226611379256429
1.67999999999999993783	0.99999250764145197756	0.45792182639877060391	0.54207171531270847975	0.75280642296246591538	0.26903024396495639481	0.00000695280074988054	0.00000230087779631369
1.68500000000000005329	0.99999235835605104761	0.45608728962498668036	0.54390610280093498741	0.75801976363133583003	0.27068299482001434431	0.00000701698917636917	0.00000233596274219553
1.68999999999999994671	0.99999220713466463462	0.45424698964727588946	0.54574625155710398960	0.76323820539858266976	0.27232711504597184593	0.00000708136047970317	0.00000237136954459405
1.69500000000000006217	0.99999205397110735305	0.45240124889273214404	0.54759183914793385650	0.76846157510758383857	0.27396262081387157128	0.00000714591195165507	0.00000240709910435233
1.69999999999999995559	0.99999189885950978685	0.45055038768165778240	0.54944254524724878141	0.77368970075387544227	0.27558953025753901711	0.00000721064088474711	0.00000244315230877606
1.70500000000000007105	0.99999174179437577692	0.44869472417352901372	0.55129805169008261334	0.77892241150062957455	0.27720786335642894072	0.00000727554457276679	0.00000247953003163990
1.70999999999999996447	0.99999158277052946353	0.44683457431397516357	0.55315804252562583709	0.78415953769346358193	0.27881764181014029313	0.00000734062031127001	0.00000251623313319625
1.71500000000000007994	0.99999142178315347795	0.44497025178290600111	0.55502220406915181439	0.78940091087479014043	0.28041888885758819994	0.00000740586539808167	0.00000255326246018665
1.71999999999999997335	0.99999125882779493768	0.44310206794371070904	0.55689022495281914615	0.79464636379756703466	0.28201162920874262019	0.00000747127713378938	0.00000259061884585560
1.72500000000000008882	0.99999109390035101352	0.44123033179354936850	0.55876179617536558819	0.79989573043847894684	0.28359588889285075597	0.00000753685282223202	0.00000262830310996676
1.72999999999999998224	0.99999092699707514686	0.43935534991476005162	0.56063661115070706487	0.80514884601057234992	0.28517169517725898809	0.00000760258977097959	0.00000266631605882166
1.73500000000000009770	0.99999075811458448815	0.43747742642737341701	0.56251436575542856922	0.81040554697533728756	0.28673907645457169524	0.00000766848529181174	0.00000270465848528072
1.73999999999999999112	0.99999058724987199831	0.43559686294275135054	0.56439475837516073220	0.81566567105423537498	0.28829806214835485001	0.00000773453670118508	0.00000274333116878664
1.74500000000000010658	0.99999041440028646477	0.43371395851832300616	0.56627748994982529673	0.82092905723964249010	0.28984868264226532064	0.00000780074132069552	0.00000278233487539012
1.75000000000000000000	0.99999023956354793352	0.43182900961346104562	0.56816226401777092381	0.82619554580526444187	0.29139096918935958325	0.00000786709647753590	0.00000282167035777780
1.75500000000000011546	0.99999006273775459253	0.42994231004647248673	0.57004878675877979077	0.83146497831598409345	0.29292495385903910554	0.00000793359950494721	0.00000286133835530254
1.76000000000000000888	0.99998988392137788672	0.42805415095273530168	0.57193676703595575095	0.83673719763717091524	0.29445066943351949629	0.00000800024774265688	0.00000290133959401582
1.76500000000000012434	0.99998970311326251803	0.42616482074393502444	0.57382591643645564083	0.84201204794340311910	0.29596814937949039725	0.00000806703853732180	0.00000294167478670243
1.77000000000000001776	0.99998952031263854678	0.42427460506846076393	0.57571594931111480520	0.84728937472666854269	0.29747742778448704737	0.00000813396924295288	0.00000298234463291719
1.77500000000000013323	0.99998933551910929030	0.42238378677292537366	0.57760658281293109084	0.85256902480401586253	0.29897853928287254632	0.00000820103722134157	0.00000302334981902390
1.78000000000000002665	0.99998914873266997461	0.42049264586481766015	0.57949753693440464453	0.85785084632463859400	0.30047151903618418700	0.00000826823984247025	0.00000306469101823625
1.78500000000000014211	0.99998895995368708434	0.41860145947629595620	0.58138853454374683771	0.86313468877642474109	0.30195640266602369328	0.00000833557448492861	0.00000310636889066090
1.79000000000000003553	0.99998876918292722848	0.41671050182912205972	0.58327930141996220392	0.86842040299197931219	0.30343322622346530215	0.00000840303853631055	0.00000314838408334245
1.79499999999999992895	0.99998857642153604619	0.41482004420072166040	0.58516956628677574415	0.87370784115407584824	0.30490202616432987570	0.00000847062939360782	0.00000319073723031049
1.80000000000000004441	0.99998838167105219554	0.41293035489138468774	0.58705906084542680556	0.87899685680058148307	0.30636283929420821126	0.00000853834446360107	0.00000323342895262849
1.80499999999999993783	0.99998818493340169145	0.41104169919261313026	0.58894751980634352240	0.88428730482886552799	0.30781570274443115220	0.00000860618116323609	0.00000327645985844467
1.81000000000000005329	0.99998798621090623229	0.40915433935659240028	0.59083468091966229174	0.88957904149965338902	0.30926065394507795681	0.00000867413691999994	0.00000331983054304467
1.81499999999999994671	0.99998778550627853701	0.40726853456680078835	0.59272028500461937384	0.89487192444035879024	0.31069773060282956934	0.00000874220917228451	0.00000336354158890610
1.82000000000000006217	0.99998758282261956953	0.40538454090974579413	0.59460407597780429167	0.90016581264787765004	0.31212697068959566193	0.00000881039536974223	0.00000340759356575481
