0.00000000000000000000	1.00000000000000000000	1.00000000000000000000	0.00000000000000000000	0.00000000000000000000	1.99999999999999977796	0.00100000000000000024	0.00000000000000000000
0.00010000000000000000	0.99999999733286781822	0.99999842350063217200	0.00000157649936839603	0.00000659458632387495	2.00000000533426813831	0.00099999999733286658	0.00000009999999973329
0.00020000000000000001	0.99999997876787949380	0.99999369127945325619	0.00000629015555951718	0.00001630106330972678	2.00000005793067980875	0.00099498184625402414	0.00000019949818435869
0.00030000000000000003	0.99999992856724040369	0.99998581393893892777	0.00001411729543388655	0.00002909589996601625	2.00000015640649042581	0.00099500694626199334	0.00000029899887898489
0.00040000000000000002	0.99999983111229606703	0.99997479941433886630	0.00002503436508887556	0.00004495568316363620	2.00000034685824523706	0.00099503184146993969	0.00000039850206313188
0.00050000000000000001	0.99999967090292940508	0.99996065564070613085	0.00003901792935395346	0.00006385711714865088	2.00000066032464784982	0.00099505651763252931	0.00000049800771489514
0.00060000000000000006	0.99999943255695944444	0.99994339055280156980	0.00005604467128793170	0.00008577702305681061	2.00000112760806025847	0.00099508096060907467	0.00000059751581095604
0.00069999999999999999	0.99999910080954323988	0.99992301208499390075	0.00007609139167819449	0.00011069233842983612	2.00000177927570677028	0.00099510515636310804	0.00000069702632659235
0.00080000000000000004	0.99999866051257768618	0.99989952817116445338	0.00009913500854190707	0.00013858011673346522	2.00000264566089303031	0.00099512909096194759	0.00000079653923568855
0.00090000000000000008	0.99999809663411365346	0.99987294674461091315	0.00012515255662919460	0.00016941752687725945	2.00000375686436937528	0.00099515275057625763	0.00000089605451074617
0.00100000000000000002	0.99999739425774913926	0.99984327573794617994	0.00015412118692827910	0.00020318185273615879	2.00000514275548901821	0.00099517612147959761	0.00000099557212289413
0.00110000000000000007	0.99999653858205928003	0.99981052308300910614	0.00018601816617257207	0.00023985049267378491	2.00000683297353676338	0.00099519919004800793	0.00000109509204189893
0.00120000000000000011	0.99999653734050464315	0.99977469671077057178	0.00022184329685662953	0.00027940095906748229	2.00000681207180219801	0.00099522296029490483	0.00000119461433792843
0.00130000000000000016	0.99999653603328786389	0.99973580455122801336	0.00026073414918165584	0.00032181087783764216	2.00000555585309713891	0.00099627001631517409	0.00000129424133955994
0.00139999999999999999	0.99999653465704263500	0.99969385453332282321	0.00030268279084165104	0.00036705798797263866	2.00000478465773889880	0.00099647617200472735	0.00000139388895676042
0.00150000000000000003	0.99999653320815107271	0.99964885458484542546	0.00034768129042789237	0.00041512014106050393	2.00000379651817850046	0.00099669665404191529	0.00000149355862216461
0.00160000000000000008	0.99999653168274260651	0.99960081263233913074	0.00039572171752617360	0.00046597530082093314	2.00000255826421247107	0.00099693135053612373	0.00000159325175721822
0.00170000000000000012	0.99999653007670175064	0.99954973660101065214	0.00044679614281341041	0.00051960154263900682	2.00000103471321022397	0.00099718015016582819	0.00000169296977223480
0.00180000000000000017	0.99999652838567054669	0.99949563441463828983	0.00050089663815361385	0.00057597705310062262	1.99999918874616811060	0.00099744294217618762	0.00000179271406645242
0.00190000000000000000	0.99999652660505333746	0.99943851399548200298	0.00055801527669323259	0.00063508012952962259	1.99999698138321235774	0.00099771961637667387	0.00000189248602809009
0.00200000000000000004	0.99999652473001865438	0.99937838326418504398	0.00061814413295586349	0.00069688917952662080	1.99999437185862016797	0.00099801006313866977	0.00000199228703440396
0.00210000000000000030	0.99999652275551387248	0.99931525013969890736	0.00068127528293635367	0.00076138272050953150	1.99999131769522819901	0.00099831417339309408	0.00000209211845174326
0.00220000000000000013	0.99999652067626076946	0.99924912253918696248	0.00074740080419426398	0.00082853937925576762	1.99998777477813716175	0.00099863183862806417	0.00000219198163560607
0.00229999999999999996	0.99999651848675263910	0.99918000837792730895	0.00081651277594671414	0.00089833789144611726	1.99998369742784243286	0.00099896295088651855	0.00000229187793069472
0.00240000000000000022	0.99999651618128415631	0.99910791556924383183	0.00088860327916063489	0.00097075710121032207	1.99997903847259372867	0.00099930740276388936	0.00000239180867097111
0.00250000000000000005	0.99999651375392339947	0.99903285202439984225	0.00096366439664436799	0.00104577596067427698	1.99997374932011751092	0.00099966508740573484	0.00000249177517971169
0.00260000000000000031	0.99999651119854049419	0.99895482565252302631	0.00104168821313869379	0.00112337352950893864	1.99996778002836550492	0.00100003589850545605	0.00000259177876956223
0.00270000000000000014	0.99999650850879839847	0.99887384436051174230	0.00112266681540722246	0.00120352897448085683	1.99996107937569345125	0.00100041973030194024	0.00000269182074259243
0.00279999999999999997	0.99999650567815923097	0.99878991605295353029	0.00120659229232619562	0.00128622156900437437	1.99995359493004198903	0.00100081647757727164	0.00000279190239035015
0.00290000000000000023	0.99999650269989837081	0.99870304863204539814	0.00129345673497369075	0.00137143069269547659	1.99994527311731662422	0.00100122603565442237	0.00000289202499391559
0.00300000000000000006	0.99999649956709368848	0.99861324999749645492	0.00138325223671819124	0.00145913583092724831	1.99993605928887285827	0.00100164830039496146	0.00000299218982395509
0.00310000000000000032	0.99999649627263997864	0.99852052804645319295	0.00147597089330660800	0.00154931657438701518	1.99992589778808493861	0.00100208316819677267	0.00000309239814077477
0.00320000000000000015	0.99999649280924240990	0.99842489067341178011	0.00157160480295166207	0.00164195261863506387	1.99991473201596003939	0.00100253053599177696	0.00000319265119437395
0.00329999999999999998	0.99999648916943517651	0.99832634577013579236	0.00167014606641870686	0.00173702376366502301	1.99990250449580697634	0.00100299030124366743	0.00000329295022449831
0.00340000000000000024	0.99999648534556950796	0.99822490122557805403	0.00177158678711194714	0.00183450991346584442	1.99988915693693480868	0.00100346236194564695	0.00000339329646069288
0.00350000000000000007	0.99999648132983176563	0.99812056492579181999	0.00187591907116006328	0.00193439107558538988	1.99987463029727519093	0.00100394661661819024	0.00000349369112235470
0.00360000000000000034	0.99999647711422967600	0.99801334475384939626	0.00198313502750126734	0.00203664736069563953	1.99985886484509212124	0.00100444296430679016	0.00000359413541878538
0.00370000000000000016	0.99999647269061875399	0.99790324858977097477	0.00209322676796778280	0.00214125898215950915	1.99984180021955681994	0.00100495130457973255	0.00000369463054924335
0.00379999999999999999	0.99999646805068509448	0.99779028431043659264	0.00220618640736971365	0.00224820625559923014	1.99982337549033029056	0.00100547153752586602	0.00000379517770299594
0.00390000000000000025	0.99999646318596269179	0.99767445978950430874	0.00232200606357836842	0.00235746959846634642	1.99980352921601434169	0.00100600356375240185	0.00000389577805937118
0.00400000000000000008	0.99999645808782378076	0.99755578289733504160	0.00244067785760899427	0.00246902952961329438	1.99978219950157365403	0.00100654728438268840	0.00000399643278780944
0.00410000000000000035	0.99999645274749660029	0.99743426150091407667	0.00256219391370295438	0.00258286666886655596	1.99975932405465761654	0.00100710260105401858	0.00000409714304791485
0.00420000000000000061	0.99999644715606395007	0.99730990346377523803	0.00268654635940933709	0.00269896173660140589	1.99973484024075665033	0.00100766941591545235	0.00000419790998950639
0.00430000000000000000	0.99999644130445797252	0.99718271664591273673	0.00281372732566594237	0.00281729555331815783	1.99970868513731248051	0.00100824763162561432	0.00000429873475266895
0.00440000000000000027	0.99999643518347380855	0.99705270890371344716	0.00294372894687981073	0.00293784903922009004	1.99968079558666977924	0.00100883715135053546	0.00000439961846780401
0.00450000000000000053	0.99999642878376682198	0.99691988808988007964	0.00307654336100711022	0.00306060321379284005	1.99965110824791270083	0.00100943787876147761	0.00000450056225568015
0.00459999999999999992	0.99999642209585959396	0.99678426205334691446	0.00321216270963247535	0.00318553919538536829	1.99961955964750703885	0.00101004971803278173	0.00000460156722748343
0.00470000000000000018	0.99999641511014403239	0.99664583863921674123	0.00335057913804783555	0.00331263820079251209	1.99958608622886124806	0.00101067257383972574	0.00000470263448486741
0.00480000000000000045	0.99999640781688492464	0.99650462568867459456	0.00349178479533062986	0.00344188154483902279	1.99955062440075104213	0.00101130635135636610	0.00000480376512000304
0.00489999999999999984	0.99999640020622215797	0.99636063103892069659	0.00363577183442153002	0.00357325063996519806	1.99951311058449343605	0.00101195095625342818	0.00000490496021562838
0.00500000000000000010	0.99999639226817016446	0.99621386252308929965	0.00378253241220156099	0.00370672699581399163	1.99947348126008250802	0.00101260629469615950	0.00000500622084509800
0.00510000000000000037	0.99999638399262980037	0.99606432797018240599	0.00393205868956872893	0.00384229221881971384	1.99943167301108570832	0.00101327227334223314	0.00000510754807243222
0.00520000000000000063	0.99999637536938645876	0.99591203520499294033	0.00408434283151406976	0.00397992801179819673	1.99938762256847835097	0.00101394879933961683	0.00000520894295236619
0.00530000000000000002	0.99999636638810407430	0.99575699204802770037	0.00423937700719714036	0.00411961617353847828	1.99934126685315827210	0.00101463578032450212	0.00000531040653039864
0.00540000000000000029	0.99999635703834655054	0.99559920631544684966	0.00439715339002105885	0.00426133859839607394	1.99929254301752790113	0.00101533312441918588	0.00000541193984284055
0.00550000000000000055	0.99999634730956832307	0.99543868581898231618	0.00455766415770692771	0.00440507727588768192	1.99924138848573962335	0.00101604074023000008	0.00000551354391686355
0.00559999999999999994	0.99999633719111435948	0.99527543836586873649	0.00472090149236771214	0.00455081429028737425	1.99918774099287022139	0.00101675853684523557	0.00000561521977054808
0.00570000000000000021	0.99999632667223425919	0.99510947175877495496	0.00488685758058168482	0.00469853182022437338	1.99913153862300108088	0.00101748642383306344	0.00000571696841293138
0.00580000000000000047	0.99999631574207603624	0.99494079379573341360	0.00505552461346524696	0.00484821213828224608	1.99907271984603918114	0.00101822431123949021	0.00000581879084405533
0.00589999999999999986	0.99999630438969455692	0.99476941227007109614	0.00522689478674529320	0.00499983761059962298	1.99901122355352267590	0.00101897210958629115	0.00000592068805501396
0.00600000000000000012	0.99999629260404443443	0.99459533497033536520	0.00540096030083095976	0.00515339069647233541	1.99894698909322610092	0.00101972972986897649	0.00000602266102800086
0.00610000000000000039	0.99999628037399801439	0.99441856968023389918	0.00557771336088501955	0.00530885394795717856	1.99887995630266823710	0.00102049708355474882	0.00000612471073635633
0.00620000000000000065	0.99999626768832861057	0.99423912417855575541	0.00575714617689455227	0.00546621000947694179	1.99881006554155815635	0.00102127408258047086	0.00000622683814461438
0.00630000000000000004	0.99999625453573537381	0.99405700623911563696	0.00593925096374127090	0.00562544161742708701	1.99873725772303445503	0.00102206063935065291	0.00000632904420854945
0.00640000000000000031	0.99999624090483008043	0.99387222363068006281	0.00612401994127125242	0.00578653159978379482	1.99866147434386487447	0.00102285666673543980	0.00000643132987522299
0.00650000000000000057	0.99999622678414223920	0.99368478411689920016	0.00631144533436419318	0.00594946287571350603	1.99858265751365138385	0.00102366207806859157	0.00000653369608302985
0.00659999999999999996	0.99999621216212419839	0.99349469545624302658	0.00650151937300209523	0.00611421845518386048	1.99850074998275828442	0.00102447678714550012	0.00000663614376174440
0.00670000000000000023	0.99999619702715203395	0.99330196540193571586	0.00669423429233750172	0.00628078143857613378	1.99841569516937411777	0.00102530070822119440	0.00000673867383256652
0.00680000000000000049	0.99999618136752732589	0.99310660170188724827	0.00688958233276127600	0.00644913501629915814	1.99832743718540206679	0.00102613375600835123	0.00000684128720816735
0.00690000000000000075	0.99999616517148526285	0.99290861209863645609	0.00708755573996978482	0.00661926246840459018	1.99823592086134960155	0.00102697584567533235	0.00000694398479273489
0.00700000000000000015	0.99999614842718709262	0.99270800432927597257	0.00728814676503162021	0.00679114716420366107	1.99814109177019116892	0.00102782689284420256	0.00000704676748201931
0.00710000000000000041	0.99999613112273122439	0.99250478612539738688	0.00749134766445383720	0.00696477256188534483	1.99804289625019437793	0.00102868681358878663	0.00000714963616337819
0.00720000000000000067	0.99999611324614834373	0.99229896521302052292	0.00769715070024770166	0.00714012220813596641	1.99794128142676941096	0.00102955552443270227	0.00000725259171582146
0.00730000000000000007	0.99999609478540874008	0.99209054931253570775	0.00790554813999393841	0.00731717973776021668	1.99783619523329969425	0.00103043294234741838	0.00000735563501005620
0.00740000000000000033	0.99999607572842652559	0.99187954613863948961	0.00811653225690749103	0.00749592887330358289	1.99772758643101866483	0.00103131898475032234	0.00000745876690853123
0.00750000000000000059	0.99999605606305463912	0.99166596340027346468	0.00833009532990180643	0.00767635342467619993	1.99761540462789399797	0.00103221356950278925	0.00000756198826548151
0.00759999999999999998	0.99999603577708917612	0.99144980880055755268	0.00854622964365257809	0.00785843728877804945	1.99749960029661211003	0.00103311661490825143	0.00000766529992697233
0.00770000000000000025	0.99999601485827260827	0.99123109003673082196	0.00876492748866106869	0.00804216444912561439	1.99738012479152571288	0.00103402803971030209	0.00000776870273094336
0.00780000000000000051	0.99999599329429977868	0.99100981480010230662	0.00898618116131704760	0.00822751897548003146	1.99725693036488016752	0.00103494776309074926	0.00000787219750725244
0.00790000000000000077	0.99999597107281212871	0.99078599077597040434	0.00920998296396104491	0.00841448502347642152	1.99712997018184590381	0.00103587570466776979	0.00000797578507771922
0.00800000000000000017	0.99999594818140935537	0.99055962564358313038	0.00943632520494626717	0.00860304683425473261	1.99699919833493266808	0.00103681178449396860	0.00000807946625616861
0.00809999999999999956	0.99999592460763964130	0.99033072707605951379	0.00966520019869996326	0.00879318873409191612	1.99686456985740878878	0.00103775592305451305	0.00000818324184847406
0.00820000000000000069	0.99999590033901086805	0.99009930274034629871	0.00989660026578446234	0.00898489513403558614	1.99672604073577786288	0.00103870804126526112	0.00000828711265260059
0.00830000000000000009	0.99999587536299094914	0.98986536029715221918	0.01013051773295758212	0.00917815052953891569	1.99658356792163260707	0.00103966806047086735	0.00000839107945864768
0.00840000000000000122	0.99999584966700261202	0.98962890740088882424	0.01036694493323267116	0.00937293950009698666	1.99643710934243157062	0.00104063590244294637	0.00000849514304889197
0.00850000000000000061	0.99999582323843561049	0.98938995169961552190	0.01060587420593812717	0.00956924670888443726	1.99628662391167188694	0.00104161148937819315	0.00000859930419782979
0.00860000000000000001	0.99999579606464261694	0.98914850083498473410	0.01084729789677652510	0.00976705690239455977	1.99613207153812233230	0.00104259474389654374	0.00000870356367221944
0.00870000000000000114	0.99999576813294277500	0.98890456244217828097	0.01109120835788324384	0.00996635491007968194	1.99597341313436094090	0.00104358558903933020	0.00000880792223112338
0.00880000000000000053	0.99999573943061725867	0.98865814414985142555	0.01133759794788461589	0.01016712564399289108	1.99581061062449571786	0.00104458394826744956	0.00000891238062595012
0.00889999999999999993	0.99999570994492381626	0.98840925358008679957	0.01158645903195573701	0.01036935409843121186	1.99564362695119168478	0.00104558974545952352	0.00000901693960049607
0.00900000000000000105	0.99999567966309155231	0.98815789834833223093	0.01183778398187765139	0.01057302534957997586	1.99547242608192498814	0.00104660290491009000	0.00000912159989098708
0.00910000000000000045	0.99999564857231582060	0.98790408606334001451	0.01209156517609419161	0.01077812455515858928	1.99529697301452269009	0.00104762335132778319	0.00000922636222611986
0.00919999999999999984	0.99999561665977376723	0.98764782432712294735	0.01234779499976844559	0.01098463695406770753	1.99511723378200467316	0.00104865100983353096	0.00000933122732710322
0.00930000000000000097	0.99999558391261322843	0.98738912073489260024	0.01260646584483862340	0.01119254786603764325	1.99493317545682447012	0.00104968580595873862	0.00000943619590769909
0.00940000000000000037	0.99999555031795628324	0.98712798287500147509	0.01286757011007342265	0.01140184269127798508	1.99474476615430407200	0.00105072766564351491	0.00000954126867426344
0.00949999999999999976	0.99999551586291612892	0.98686441832890703374	0.01313110020112747550	0.01161250691012902410	1.99455197503551096005	0.00105177651523487726	0.00000964644632578693
0.00960000000000000089	0.99999548053457854024	0.98659843467110008852	0.01339704853059553794	0.01182452608271378908	1.99435477230950497507	0.00105283228148496562	0.00000975172955393543
0.00970000000000000029	0.99999544432001197247	0.98633003946906283588	0.01366540751806697915	0.01203788584859197611	1.99415312923493170949	0.00105389489154927916	0.00000985711904309035
0.00979999999999999968	0.99999540720627044799	0.98605924028320846020	0.01393616959017933941	0.01225257192641482015	1.99394701812099439664	0.00105496427298491530	0.00000996261547038884
0.00990000000000000081	0.99999536918039444444	0.98578604466683938945	0.01420932718067177344	0.01246857011358151399	1.99373641232794440725	0.00105604035374879204	0.00001006821950576372
0.01000000000000000021	0.99999533022941111682	0.98551046016608967459	0.01448487273043796465	0.01268586628589681020	1.99352128626687119528	0.00105712306219591518	0.00001017393181198331
0.01010000000000000134	0.99999529034033451946	0.98523249431987292013	0.01476279868757848605	0.01290444639722986009	1.99330161539904171519	0.00105821232707761954	0.00001027975304469108
0.01020000000000000073	0.99999524950016671632	0.98495215465983088077	0.01504309750745283676	0.01312429647917436569	1.99307737623465519583	0.00105930807753983340	0.00001038568385244506
0.01030000000000000013	0.99999520769590111158	0.98466944871028716513	0.01532576165273120787	0.01334540264071019944	1.99284854633107499922	0.00106041024312135217	0.00001049172487675720
0.01040000000000000126	0.99999516491452999922	0.98438438398820171660	0.01561078359344562905	0.01356775106786611493	1.99261510429058330551	0.00106151875375210089	0.00001059787675213241
0.01050000000000000065	0.99999512114303334975	0.98409696800310964004	0.01589815580704069531	0.01379132802338371884	1.99237702975758002033	0.00106263353975143810	0.00001070414010610755
0.01060000000000000005	0.99999507636838880220	0.98380720825708156685	0.01618787077842400238	0.01401611984638282196	1.99213430341541197777	0.00106375453182641763	0.00001081051555929019
0.01070000000000000118	0.99999503057756544688	0.98351511224466592331	0.01647992100001601651	0.01424211295202793166	1.99188690698264414536	0.00106488166107010377	0.00001091700372539720
0.01080000000000000057	0.99999498375754081181	0.98322068745285640112	0.01677429897179984197	0.01446929383119630215	1.99163482320892804012	0.00106601485895985886	0.00001102360521129319
0.01089999999999999997	0.99999493589528243298	0.98292394136102712032	0.01707099720137007781	0.01469764905014675840	1.99137803587046047227	0.00106715405735565479	0.00001113032061702875
0.01100000000000000110	0.99999488697776250934	0.98262488144089477071	0.01737000820398177867	0.01492716525019024965	1.99111652976493136435	0.00106829918849840610	0.00001123715053587859
0.01110000000000000049	0.99999483699194879893	0.98232351515646609830	0.01767132450259861765	0.01515782914736131005	1.99085029070623309444	0.00106945018500825720	0.00001134409555437942
0.01119999999999999989	0.99999478592481694239	0.98201984996399216410	0.01797493862794088959	0.01538962753209093155	1.99057930551862782842	0.00107060697988292696	0.00001145115625236771
0.01130000000000000102	0.99999473376335046293	0.98171389331193259498	0.01828084311853310842	0.01562254726888080703	1.99030356203059755060	0.00107176950649605579	0.00001155833320301732
0.01140000000000000041	0.99999468049452999718	0.98140565264089407727	0.01858903052075100773	0.01585657529597841661	1.99002304906837546028	0.00107293769859552468	0.00001166562697287687
0.01149999999999999981	0.99999462610534783913	0.98109513538359394147	0.01889949338886834015	0.01609169862505376025	1.98973775644904415927	0.00107411149030182018	0.00001177303812190705
0.01160000000000000094	0.99999457058280427635	0.98078234896481530924	0.01921222428510325694	0.01632790434087712239	1.98944767497340468942	0.00107529081610637130	0.00001188056720351769
0.01170000000000000033	0.99999451391389926336	0.98046730080135024998	0.01952721577966399710	0.01656517960099786191	1.98915279641842723812	0.00107647561086992422	0.00001198821476460468
0.01179999999999999973	0.99999445608565373789	0.98014999830197324648	0.01984446045079486451	0.01680351163542505993	1.98885311352947269370	0.00107766580982089719	0.00001209598134558677
0.01190000000000000085	0.99999439708509152425	0.97983044886738390744	0.02016395088482109479	0.01704288774630865338	1.98854862001218890555	0.00107886134855375571	0.00001220386748044215
0.01200000000000000025	0.99999433689925143476	0.97950865989017221747	0.02048567967619369101	0.01728329530762221650	1.98823931052407831821	0.00108006216302740615	0.00001231187369674489
0.01210000000000000138	0.99999427551518538237	0.97918463875476569047	0.02080963942753382909	0.01752472176484675542	1.98792518066592327486	0.00108126818956355195	0.00001242000051570124
0.01220000000000000077	0.99999421291995893579	0.97885839283739495276	0.02113582274967691285	0.01776715463465590797	1.98760622697281297278	0.00108247936484511540	0.00001252824845218575
0.01230000000000000017	0.99999414910064610140	0.97852992950604233968	0.02146422226171614683	0.01801058150460214252	1.98728244690502076075	0.00108369562591461438	0.00001263661801477722
0.01240000000000000130	0.99999408404434941833	0.97819925612041669361	0.02179483059104598067	0.01825499003280436558	1.98695383883861076413	0.00108491691017258314	0.00001274510970579447
0.01250000000000000069	0.99999401773817642169	0.97786638003188419699	0.02212764037340461329	0.01850036794763632725	1.98662040205583378949	0.00108614315537596462	0.00001285372402133207
0.01260000000000000009	0.99999395016925363144	0.97753130858344916554	0.02246264425291681285	0.01874670304741670249	1.98628213673531961447	0.00108737429963654507	0.00001296246145129573
0.01270000000000000122	0.99999388132473454593	0.97719404910971019440	0.02279983488213603235	0.01899398320010017502	1.98593904394204900932	0.00108861028141936183	0.00001307132247943766
0.01280000000000000061	0.99999381119178698540	0.97685460893681197447	0.02313920492208609500	0.01924219634296951004	1.98559112561716677448	0.00108985103954113900	0.00001318030758339177
0.01290000000000000001	0.99999373975759331401	0.97651299538240265985	0.02348074704230241477	0.01949133048232888979	1.98523838456759049720	0.00109109651316872903	0.00001328941723470865
0.01300000000000000114	0.99999366700936620500	0.97616921575560444690	0.02382445392087339728	0.01974137369319875837	1.98488082445548474908	0.00109234664181754064	0.00001339865189889040
0.01310000000000000053	0.99999359293433376372	0.97582327735696494653	0.02417031824448080332	0.01999231411901135000	1.98451844978752922621	0.00109360136534999812	0.00001350801203542540
0.01319999999999999993	0.99999351751975218416	0.97547518747842387743	0.02451833270844020959	0.02024413997130770915	1.98415126590410673124	0.00109486062397398296	0.00001361749809782280
0.01330000000000000106	0.99999344075289975375	0.97512495340327010052	0.02486849001674099405	0.02049683952943579315	1.98377927896831618426	0.00109612435824130335	0.00001372711053364693
0.01340000000000000045	0.99999336262107996198	0.97477258240610420437	0.02522078288208571065	0.02075040114024953933	1.98340249595482576161	0.00109739250904615873	0.00001383684978455155
0.01349999999999999985	0.99999328311161495009	0.97441808175279587267	0.02557520402592938780	0.02100481321780928168	1.98302092463868895322	0.00109866501762360697	0.00001394671628631391
0.01360000000000000098	0.99999320221186493995	0.97406145870045612867	0.02593174617851862207	0.02126006424308352419	1.98263457358398165198	0.00109994182554804410	0.00001405671046886871
0.01370000000000000037	0.99999311990920292104	0.97370272049738360032	0.02629040207892970396	0.02151614276365120676	1.98224345213240171759	0.00110122287473167989	0.00001416683275634188
0.01380000000000000150	0.99999303619104462637	0.97334187438304686779	0.02665116447510720507	0.02177303739340598343	1.98184757039168335524	0.00110250810742305015	0.00001427708356708419
0.01390000000000000090	0.99999295104482266439	0.97297892758803039559	0.02701402612390146202	0.02203073681226079203	1.98144693922405679132	0.00110379746620547755	0.00001438746331370473
0.01400000000000000029	0.99999286445800039669	0.97261388733400289119	0.02737897979110617483	0.02228922976585410998	1.98104157023450855313	0.00110509089399560604	0.00001449797240310429
0.01410000000000000142	0.99999277641807793326	0.97224676083369065971	0.02774601825149572779	0.02254850506525732726	1.98063147575907549935	0.00110638833404188511	0.00001460861123650848
0.01420000000000000082	0.99999268691257636732	0.97187755529082420214	0.02811513428886149024	0.02280855158668266755	1.98021666885300140493	0.00110768972992309855	0.00001471938020950079
0.01430000000000000021	0.99999259592906009075	0.97150627790012011875	0.02848632069604881134	0.02306935827119319798	1.97979716327889976313	0.00110899502554687342	0.00001483027971205548
0.01440000000000000134	0.99999250345511436766	0.97113293584722915064	0.02885957027499267552	0.02333091412441292214	1.97937297349485397113	0.00111030416514820533	0.00001494131012857030
0.01450000000000000074	0.99999240947836320892	0.97075753630871675082	0.02923487583675384721	0.02359320821623895129	1.97894411464248043409	0.00111161709328799069	0.00001505247183789910
0.01460000000000000013	0.99999231398645382907	0.97038008645200835023	0.02961223020155375613	0.02385622968055368942	1.97851060253492905261	0.00111293375485156925	0.00001516376521338426
0.01470000000000000126	0.99999221696708273655	0.97000059343537925471	0.02999162619881019787	0.02411996771493941927	1.97807245364495631890	0.00111425409504725161	0.00001527519062288898
0.01480000000000000066	0.99999211840796975448	0.96961906440790279760	0.03037305666717169186	0.02438441158039291595	1.97762968509285852470	0.00111557805940487673	0.00001538674842882947
0.01490000000000000005	0.99999201829686845677	0.96923550650942291718	0.03075651445455211339	0.02464955060104179543	1.97718231463450444529	0.00111690559377436807	0.00001549843898820691
0.01500000000000000118	0.99999191662157349558	0.96884992687051518789	0.03114199241816449637	0.02491537416386139722	1.97673036064927409861	0.00111823664432428001	0.00001561026265263933
0.01510000000000000057	0.99999181336991826985	0.96846233261246983393	0.03152948342455536013	0.02518187171839364816	1.97627384212808721031	0.00111957115754037916	0.00001572221976839337
0.01519999999999999997	0.99999170852976571044	0.96807273084723410861	0.03191898034963756153	0.02544903277646594700	1.97581277866135862631	0.00112090908022420533	0.00001583431067641579
0.01530000000000000110	0.99999160208901749503	0.96768112867740063709	0.03231047607872373356	0.02571684691191190517	1.97534719042703676983	0.00112225035949164108	0.00001594653571236496
0.01540000000000000049	0.99999149403562248573	0.96728753319616900264	0.03270396350655904727	0.02598530376029289587	1.97487709817859391492	0.00112359494277151570	0.00001605889520664211
0.01549999999999999989	0.99999138435755219323	0.96689195148730422424	0.03309943553735356092	0.02625439301862052266	1.97440252323314258120	0.00112494277780415841	0.00001617138948442253
0.01560000000000000102	0.99999127304283097484	0.96649439062512099152	0.03349688508481459687	0.02652410444508065610	1.97392348745940959809	0.00112629381264003382	0.00001628401886568653
0.01570000000000000215	0.99999116007951049934	0.96609485767443692428	0.03389630507217824412	0.02679442785875781399	1.97344001326598883495	0.00112764799563829323	0.00001639678366525036
0.01580000000000000154	0.99999104545568895386	0.96569335969055225544	0.03429768843224131891	0.02706535313936139775	1.97295212358938454322	0.00112900527546541955	0.00001650968419279690
0.01590000000000000094	0.99999092915950227312	0.96528990371921397085	0.03470102810739215254	0.02733687022695236932	1.97245984188227274636	0.00113036560109380617	0.00001662272075290628
0.01600000000000000033	0.99999081117913246608	0.96488449679659471503	0.03510631704964184419	0.02760896912167135064	1.97196319210172554826	0.00113172892180039343	0.00001673589364508632
0.01609999999999999973	0.99999069150279640272	0.96447714594924616183	0.03551354822065462546	0.02788163988346759048	1.97146219869751138098	0.00113309518716527956	0.00001684920316380285
0.01619999999999999912	0.99999057011875669421	0.96406785819408202798	0.03592271459177816262	0.02815487263182901018	1.97095688660047319019	0.00113446434707034291	0.00001696264959850988
0.01630000000000000199	0.99999044701531625279	0.96365664053834532154	0.03633380914407376150	0.02842865754551356094	1.97044728121090484407	0.00113583635169788857	0.00001707623323367967
0.01640000000000000138	0.99999032218082228862	0.96324349997957814384	0.03674682486834569828	0.02870298486228106336	1.96993340838710428997	0.00113721115152926023	0.00001718995434883260
0.01650000000000000078	0.99999019560365876025	0.96282844350558949298	0.03716175476517064036	0.02897784487862650749	1.96941529443383567255	0.00113858869734351047	0.00001730381321856695
0.01660000000000000017	0.99999006727225658864	0.96241147809443083894	0.03757859184492693544	0.02925322794951455349	1.96889296609104946789	0.00113996894021601560	0.00001741781011258855
0.01669999999999999957	0.99998993717509310208	0.96199261071437147663	0.03799732912782331773	0.02952912448811464627	1.96836645052248138121	0.00114135183151716380	0.00001753194529574027
0.01680000000000000243	0.99998980530069081496	0.96157184832386455309	0.03841795964392720475	0.02980552496553727851	1.96783577530452014059	0.00114273732291098268	0.00001764621902803137
0.01690000000000000183	0.99998967163761098842	0.96114919787151864572	0.03884047643319302190	0.03008241991057144030	1.96730096841495094573	0.00114412536635383308	0.00001776063156466675
0.01700000000000000122	0.99998953617446029174	0.96072466629607122801	0.03926487254548978456	0.03035979990942276954	1.96676205822202865292	0.00114551591409304166	0.00001787518315607605
0.01710000000000000062	0.99998939889989690855	0.96029826052636735323	0.03969114104062918674	0.03063765560545338162	1.96621907347339819339	0.00114690891866560656	0.00001798987404794261
0.01720000000000000001	0.99998925980261865742	0.95986998748132501547	0.04011927498839249623	0.03091597769892183087	1.96567204328525524382	0.00114830433289685781	0.00001810470448123230
0.01729999999999999941	0.99998911887136787691	0.95943985406990928144	0.04054926746855753300	0.03119475694672468533	1.96512099713153975955	0.00114970210989915234	0.00001821967469222221
0.01740000000000000227	0.99998897609494219463	0.95900786719111497103	0.04098111157092580725	0.03147398416213918054	1.96456596483323742142	0.00115110220307055840	0.00001833478491252927
0.01750000000000000167	0.99998883146217620865	0.95857403373392624513	0.04141480039534841534	0.03175365021456631048	1.96400697654779343715	0.00115250456609354937	0.00001845003536913862
0.01760000000000000106	0.99998868496195358890	0.95813836057729895312	0.04185032705175208839	0.03203374602927508419	1.96344406275856830923	0.00115390915293370677	0.00001856542628443199
0.01770000000000000046	0.99998853658320685511	0.95770085459013865048	0.04228768466016574745	0.03231426258714863858	1.96287725426448833588	0.00115531591783841993	0.00001868095787621584
0.01779999999999999985	0.99998838631491737683	0.95726152263126829123	0.04272686635074558759	0.03259519092443022292	1.96230658216967723817	0.00115672481533561048	0.00001879663035774940
0.01789999999999999925	0.99998823414610948923	0.95682037154940435819	0.04316786526380027994	0.03287652213247061611	1.96173207787330294849	0.00115813580023243199	0.00001891244393777264
0.01800000000000000211	0.99998808006585970798	0.95637740818313832225	0.04361067454981618075	0.03315824735747655710	1.96115377305947458098	0.00115954882761399431	0.00001902839882053404
0.01810000000000000150	0.99998792406329417570	0.95593263936090577815	0.04405528736948215868	0.03344035780026043125	1.96057169968723155051	0.00116096385284210151	0.00001914449520581825
0.01820000000000000090	0.99998776612757711568	0.95548607190095780073	0.04450169689371354792	0.03372284471599004685	1.95998588998071410217	0.00116238083155396129	0.00001926073328897365
0.01830000000000000029	0.99998760624793625595	0.95503771261135284032	0.04494989630367697553	0.03400569941394061130	1.95939637641932917766	0.00116379971966094312	0.00001937711326093974
0.01839999999999999969	0.99998744441363829338	0.95458756828991730981	0.04539987879081364835	0.03428891325724658240	1.95880319172816497186	0.00116522047334729410	0.00001949363530827447
0.01850000000000000255	0.99998728061399599909	0.95413564572422615573	0.04585163755686330611	0.03457247766265510863	1.95820636886837928792	0.00116664304906891189	0.00001961029961318137
0.01860000000000000195	0.99998711483838564895	0.95368195169159020175	0.04630516581388779973	0.03485638410028062129	1.95760594102781171344	0.00116806740355207680	0.00001972710635353657
0.01870000000000000134	0.99998694707621926803	0.95322649295901751287	0.04676045678429372604	0.03514062409335969722	1.95700194161163643081	0.00116949349379221498	0.00001984405570291579
0.01880000000000000074	0.99998677731696716808	0.95276927628320307040	0.04721750370085552040	0.03542518921800728859	1.95639440423318600182	0.00117092127705265524	0.00001996114783062106
0.01890000000000000013	0.99998660555014740048	0.95231030841050001712	0.04767629980673790402	0.03571007110297406972	1.95578336270485553250	0.00117235071086339653	0.00002007838290170740
0.01899999999999999953	0.99998643176532919785	0.95184959607690178274	0.04813683835551828966	0.03599526142940438073	1.95516885102908899441	0.00117378175301988694	0.00002019576107700939
0.01910000000000000239	0.99998625595212387029	0.95138714600800655674	0.04859911261120838932	0.03628075193059500381	1.95455090338959935892	0.00117521436158178551	0.00002031328251316756
0.01920000000000000179	0.99998607810020778697	0.95092296491902184030	0.04906311584827674488	0.03656653439175589632	1.95392955414259983371	0.00117664849487174273	0.00002043094736265474
0.01930000000000000118	0.99998589819929561973	0.95045705951471615158	0.04952884135166947532	0.03685260064977046585	1.95330483780817809603	0.00117808411147419753	0.00002054875577380216
0.01940000000000000058	0.99998571623916243656	0.94998943648941924778	0.04999628241683212737	0.03713894259295794087	1.95267678906178687726	0.00117952117023416227	0.00002066670789082557
0.01949999999999999997	0.99998553220962871357	0.94952010252698759718	0.05046543234973025621	0.03742555216083576219	1.95204544272588353948	0.00118095963025602129	0.00002078480385385118
0.01959999999999999937	0.99998534610056444283	0.94904906430078228574	0.05093628446687017280	0.03771242134388357037	1.95141083376169310881	0.00118239945090230984	0.00002090304379894141
0.01970000000000000223	0.99998515790189834718	0.94857632847366668560	0.05140883209531976056	0.03799954218330812983	1.95077299726101460742	0.00118384059179254988	0.00002102142785812066
0.01980000000000000163	0.99998496760360455760	0.94810190169796515480	0.05188306857272816791	0.03828690677080829469	1.95013196843823610749	0.00118528301280203903	0.00002113995615940086
0.01990000000000000102	0.99998477519570916350	0.94762579061545015868	0.05235898724734621562	0.03857450724834218109	1.94948778262241284587	0.00118672667406067092	0.00002125862882680693
0.02000000000000000042	0.99998458066829476465	0.94714800185733649673	0.05283658147804624894	0.03886233580789467262	1.94884047524950343444	0.00118817153595175240	0.00002137744598040211
0.02009999999999999981	0.99998438401149214450	0.94666854204423822594	0.05331584463434092119	0.03915038469124515474	1.94819008185469866312	0.00118961755911082601	0.00002149640773631319
0.02020000000000000268	0.99998418521548781968	0.94618741778616943794	0.05379677009640323332	0.03943864618973755981	1.94753663806486798649	0.00119106470442450129	0.00002161551420675564
0.02030000000000000207	0.99998398427051149451	0.94570463568251283970	0.05427935125508493580	0.03972711264405007214	1.94688017959113701671	0.00119251293302929311	0.00002173476550005857
0.02040000000000000147	0.99998378116685815442	0.94522020232200798517	0.05476358151193548573	0.04001577644396648453	1.94622074222160912349	0.00119396220631044379	0.00002185416172068962
0.02050000000000000086	0.99998357589486475128	0.94473412428272873775	0.05524945427922049040	0.04030463002814808904	1.94555836181415120478	0.00119541248590077586	0.00002197370296927969
0.02060000000000000026	0.99998336844492530240	0.94424640813207005863	0.05573696297994009535	0.04059366588390692088	1.94489307428931601507	0.00119686373367954534	0.00002209338934264765
0.02069999999999999965	0.99998315880748567253	0.94375706042672369289	0.05622610104784674101	0.04088287654697910639	1.94422491562344279536	0.00119831591177127299	0.00002221322093382478
0.02080000000000000251	0.99998294697304457301	0.94326608771266495790	0.05671686192746303035	0.04117225460129989717	1.94355392184177899750	0.00119976898254461873	0.00002233319783207924
0.02090000000000000191	0.99998273293215256263	0.94277349652513642297	0.05720923907409931203	0.04146179267877930785	1.94288012901176387892	0.00120122290861124294	0.00002245332012294037
0.02100000000000000130	0.99998251667541637744	0.94227929338862737030	0.05770322595387124276	0.04175148345907873232	1.94220357323647485615	0.00120267765282465293	0.00002257358788822283
0.02110000000000000070	0.99998229819348849468	0.94178348481685458804	0.05819881604371628797	0.04204131966938787907	1.94152429064809406434	0.00120413317827909811	0.00002269400120605074
0.02120000000000000009	0.99998207747708589554	0.94128607731275604209	0.05869600283141099273	0.04233129408420367029	1.94084231740159318669	0.00120558944830841792	0.00002281456015088158
0.02129999999999999949	0.99998185451696630643	0.94078707736846001186	0.05919477981558726037	0.04262139952510880098	1.94015768966842117038	0.00120704642648494982	0.00002293526479353008
0.02140000000000000235	0.99998162930394673964	0.94028649146527776281	0.05969514050574886710	0.04291162886055212983	1.93947044363043263893	0.00120850407661838872	0.00002305611520119192
0.02150000000000000175	0.99998140182889461158	0.93978432607368656004	0.06019707842228753936	0.04320197500562947962	1.93878061547383651053	0.00120996236275467827	0.00002317711143746739
0.02160000000000000114	0.99998117208273828993	0.93928058765331845503	0.06070058709649939210	0.04349243092186586696	1.93808824138327029374	0.00121142124917492035	0.00002329825356238488
0.02170000000000000054	0.99998094005644810878	0.93877528265292653487	0.06120566007059954211	0.04378298961699728792	1.93739335753603181267	0.00121288070039425101	0.00002341954163242430
0.02179999999999999993	0.99998070574105213382	0.93826841751039191664	0.06171229089773828946	0.04407364414475475889	1.93669600009637687954	0.00121434068116075839	0.00002354097570054038
0.02189999999999999933	0.99998046912763849381	0.93775999865269976663	0.06222047314201643170	0.04436438760464896797	1.93599620520996751338	0.00121580115645437254	0.00002366255581618582
0.02200000000000000219	0.99998023020733806110	0.93725003249591443133	0.06273020037849968977	0.04465521314175485007	1.93529400899836834249	0.00121726209148579050	0.00002378428202533440
0.02210000000000000159	0.99997998897134043883	0.93673852544518199092	0.06324146619323406382	0.04494611394649827840	1.93458944755372730384	0.00121872345169538585	0.00002390615437050393
