0.00000000000000000000	1.00000000000000022204	1.00000000000000022204	0.00000000000000000000	5.99799432423774181444	0.99944238336408974810	nan	0.00000000000000000000	0.00000000000000000000
0.00200000000000000004	0.99999976400515522279	0.99997178445155776583	0.00002797955359760783	5.98603215181512293697	0.99944393806339126840	0.99958985272070388639	0.00779212837383022345	0.00001558425674766045
0.00400000000000000008	0.99999952243084822001	0.99988771170975221381	0.00011181072109638803	5.97414963202322990554	0.99944817091222482031	0.99956702953150389224	0.00777662053543276208	0.00003113749781852597
0.00600000000000000012	0.99999926803403738074	0.99974794058618043913	0.00025132744785739654	5.96234637357217334142	0.99945509012383615399	0.99955564057988632864	0.00776121283281527418	0.00004665992348415652
0.00800000000000000017	0.99999901772677146639	0.99955263710318209558	0.00044638062358817070	5.95062212867081186118	0.99946467927378512819	0.99955209283673274179	0.00774591848222533092	0.00006215176044860718
0.01000000000000000021	0.99999877015652582912	0.99930198692198590749	0.00069678323453978036	5.93897663990145208146	0.99947695749002263277	0.99954832995797382456	0.00773071901873464452	0.00007761319848607647
0.01200000000000000025	0.99999853516545200716	0.99899618153993774428	0.00100235362551391875	5.92740970642677034164	0.99949193095164623468	0.99962819385938062045	0.00771563613449021204	0.00009304447075505690
0.01400000000000000029	0.99999830423875213370	0.99863540053293531340	0.00136290370581681228	5.91592086529691929542	0.99950959629500168990	0.99964654113096729215	0.00770064741843148794	0.00010844576559191987
0.01600000000000000033	0.99999807515052685503	0.99821983606101538644	0.00177823908951110603	5.90450973580666804708	0.99952995133530109229	0.99966374308404282178	0.00768575854663471839	0.00012381728268518930
0.01800000000000000211	0.99999784658535151305	0.99774968744513925500	0.00224815914021059575	5.89317594447834647298	0.99955299279663278877	0.99968178411604757816	0.00767096957238960504	0.00013915922182996851
0.02000000000000000042	0.99999761758317795568	0.99722516054733467694	0.00277245703584203971	5.88191911737025652229	0.99957871608324977419	0.99970148597782093614	0.00765628025082976983	0.00015447178233162805
0.02199999999999999872	0.99999738734437393362	0.99664646751041696682	0.00335091983395821276	5.87073887742635669440	0.99960711520044154277	0.99972502572931554177	0.00764169119931373039	0.00016975516473025551
0.02400000000000000050	0.99999715512551723418	0.99601382658809667348	0.00398332853742117306	5.85963484308396509448	0.99963818270824156276	0.99975028172970448193	0.00762720084550004996	0.00018500956642125561
0.02600000000000000228	0.99999692025742026313	0.99532746209614664235	0.00466945816127207862	5.84860662860888602665	0.99967190973817532385	0.99977778771655934076	0.00761280891873831762	0.00020023518425873224
0.02800000000000000058	0.99999668208488357024	0.99458760428552150934	0.00540907779936177294	5.83765384332360603992	0.99970828596712635328	0.99980819176471524834	0.00759851525917422648	0.00021543221477708069
0.02999999999999999889	0.99999645206156495547	0.99379450116257983527	0.00620195089898345746	5.82677624873782384896	0.99974730128060584899	0.99984037926261892792	0.00758431871120846413	0.00023060085219949762
0.03200000000000000067	0.99999622112539865437	0.99294838629351644954	0.00704783483188040245	5.81597333506597546915	0.99978894158170206197	0.99987699051052891797	0.00757022063865362728	0.00024574129347680487
0.03400000000000000244	0.99999598904381947762	0.99204950767008504009	0.00794648137373589990	5.80524470222167998656	0.99983319238644519089	0.99991603190897626607	0.00755621916040689380	0.00026085373179761867
0.03600000000000000422	0.99999575558009712317	0.99109811892250665455	0.00889763665758836440	5.79458994524794857028	0.99988003779394951653	0.99995712435566663778	0.00754231360893654890	0.00027593835901549175
0.03799999999999999906	0.99999553391337447916	0.99009449231006341208	0.00990104160331046687	5.78400882872389399125	0.99992946283630468329	1.00003015735284539467	0.00752851526513618422	0.00029099538954576414
0.04000000000000000083	0.99999531274138697690	0.98903888169514841966	0.01095643104623660220	5.77350079421648221256	0.99998144699169722038	1.00008292065474546639	0.00751480566707328924	0.00030602500087991070
0.04200000000000000261	0.99999510108629019456	0.98793108692332687326	0.01206401416296368038	5.77427897820896518510	1.00003488915974547702	1.01114054321503132883	0.00047998826001552976	0.00030698497739994174
0.04399999999999999745	0.99999489091471993607	0.98677081422565759983	0.01322407668906400505	5.77509752180451485515	1.00009063918276641658	1.01201903315027608166	0.00048321919319320000	0.00030795141578632816
0.04599999999999999922	0.99999468194867002779	0.98555821639992502448	0.01443646554874526353	5.77595628000340788333	1.00014865802925378979	1.01306517437275434013	0.00048646383042569080	0.00030892434344717952
0.04800000000000000100	0.99999447299996535587	0.98429344490996828476	0.01570102808999895502	5.77685542224610060202	1.00020901812126261632	1.01271962569540407983	0.00048940947278019900	0.00030990316239273993
0.05000000000000000278	0.99999426492895948648	0.98297665509335874212	0.01701760983560223969	5.77779469123658540042	1.00027166974994630166	1.01165685284939921296	0.00049250621993850120	0.00031088817483261691
0.05200000000000000455	0.99999405702809462948	0.98160801120134699715	0.01838604582674849969	5.77877390866455087348	1.00033656006286619800	1.01171489834409689124	0.00049561764424467807	0.00031187941012110628
0.05399999999999999939	0.99999384920383471709	0.98018768451034321565	0.01980616469348928099	5.77979292212570872067	1.00040365541485920531	1.01178383958115269969	0.00049873570550137600	0.00031287688153210905
0.05600000000000000117	0.99999364137885382586	0.97871585269987637634	0.02127778867897730380	5.78085157294003071371	1.00047292104314933248	1.01186084160898248641	0.00050186036977957255	0.00031388060227166819
0.05800000000000000294	0.99999343348936897691	0.97719269982329559632	0.02280073366607610758	5.78194969617913745452	1.00054432109605984103	1.01194453540520146184	0.00050499159102372279	0.00031489058545371563
0.05999999999999999778	0.99999322548208480210	0.97561841627724299464	0.02437480920484109970	5.78308712063625574018	1.00061781864721632829	1.01203346870244703659	0.00050812932712224689	0.00031590684410796015
0.06199999999999999956	0.99999301731164025320	0.97399319877077272789	0.02599981854087002678	5.78426366880401321424	1.00069337571944227960	1.01212598936093178814	0.00051127354040288598	0.00031692939118876592
0.06400000000000000133	0.99999280893883923937	0.97231725029429449947	0.02767555864454442419	5.78547915688189551275	1.00077095330627829917	1.01222071510358047064	0.00051442419204047736	0.00031795823957284688
0.06600000000000000311	0.99999260032946890586	0.97059078008827137651	0.02940182024119855977	5.78673339481096604686	1.00085051139930558683	1.01231693999479754886	0.00051758123622943307	0.00031899340204530574
0.06800000000000000488	0.99999239305402132238	0.96881400508465986832	0.03117838796936107590	5.78802620720934690723	1.00093200933678505571	1.01241407862799626116	0.00052074462633974695	0.00032003489129798525
0.07000000000000000666	0.99999218605566642104	0.96698714595816415152	0.03300504009750619694	5.78935739889714806594	1.00101542113653252386	1.01256562396826121919	0.00052390804649828787	0.00032108270739098182
0.07200000000000000844	0.99999197880976731234	0.96511043003548591113	0.03488154877428172040	5.79072673430455964194	1.00110068902858784234	1.01265445617542027001	0.00052708382424819045	0.00032213687503947821
0.07399999999999999634	0.99999177127022753631	0.96318409120578929450	0.03680768006444028878	5.79213399820750574065	1.00118776917321050668	1.01274341848851845427	0.00053026581281422742	0.00032319740666510665
0.07599999999999999811	0.99999156339805783666	0.96120836944591581119	0.03878319395214360060	5.79357896932666616152	1.00127661684441071621	1.01283207252437912338	0.00053345396108760352	0.00032426431458728184
0.07799999999999999989	0.99999135515983472722	0.95918351078342722893	0.04080784437641022527	5.79506142034292182075	1.00136718645574274156	1.01292010091652029402	0.00053664821743779772	0.00032533761102215744
0.08000000000000000167	0.99999114652927212354	0.95710976726155727601	0.04288137926771773412	5.79658111795672326139	1.00145943158777406268	1.01300726792774731244	0.00053984852974678951	0.00032641730808165103
0.08200000000000000344	0.99999093748419332073	0.95498739646765629097	0.04500354101654027716	5.79814318378192083969	1.00155330395107133867	1.01321601493079782585	0.00054162054261156270	0.00032750054916687413
0.08400000000000000522	0.99999072800716470866	0.95281666101192385998	0.04717406699524502589	5.79975271714689721847	1.00164875321810020736	1.01338347818610774453	0.00054196285784985246	0.00032858447488257384
0.08600000000000000699	0.99999051808015704257	0.95059782884257770785	0.04939268923758265151	5.80140943853859081258	1.00174573007391298773	1.01354859493233906420	0.00054231144251961586	0.00032966909776761306
0.08799999999999999489	0.99999030768750607479	0.94833117361748553442	0.05165913407002233060	5.80311306327388187754	1.00184418449151846353	1.01371348053104615161	0.00054266604553326826	0.00033075442985867957
0.08999999999999999667	0.99999009681623585166	0.94601697466169709649	0.05397312215454024703	5.80486330134156780503	1.00194406584021034057	1.01387557563923280668	0.00054302652376596425	0.00033184048290621151
0.09199999999999999845	0.99998988545356859436	0.94365551692659610517	0.05633436852697633335	5.80665985720867894315	1.00204532280596403382	1.01403566548726020713	0.00054339287403771099	0.00033292726865428692
0.09400000000000000022	0.99998967358751778001	0.94124709095282699245	0.05874258263469487457	5.80850242994426313459	1.00214790342469539652	1.01419386270425837537	0.00054376503005000121	0.00033401479871438694
0.09600000000000000200	0.99998946120665010984	0.93879199283025493994	0.06119746837639745279	5.81039071326157685604	1.00225175511964392783	1.01435021382915535604	0.00054414292347633290	0.00033510308456133960
0.09800000000000000377	0.99998924829991397978	0.93629052415725211311	0.06369872414266529448	5.81232439555184576818	1.00235682472981535440	1.01450474307558380360	0.00054452648692943236	0.00033619213753519848
0.10000000000000000555	0.99998903485652945733	0.93374299199931765081	0.06624604285721495678	5.81430315992006896408	1.00246305853883876935	1.01465745569829568495	0.00054491565370994488	0.00033728196884261837
0.10200000000000000733	0.99998882086589269136	0.93114970884703107679	0.06883911201886283582	5.81632668422287579801	1.00257040230408001058	1.01480834105670858492	0.00054531035761354362	0.00033837258955784545
0.10400000000000000910	0.99998860631750863259	0.92851099257331859427	0.07147761374419055180	5.81839464110784021500	1.00267880128602748790	1.01495737580154132829	0.00054571053278182151	0.00033946401062340910
0.10599999999999999700	0.99998839120095461830	0.92582716639005513404	0.07416122481090574314	5.82050669805418863234	1.00278820027786830238	1.01510452682260865487	0.00054611611358477334	0.00034055624285057862
0.10799999999999999878	0.99998817550909124829	0.92309855880657776250	0.07688961670251789893	5.82266251745761120873	1.00289854363597874531	1.01524975339442313782	0.00054652703452814607	0.00034164929691963490
0.11000000000000000056	0.99998795923650751760	0.92032550358361886467	0.07966245565289396813	5.82486175664181882183	1.00300977536730129280	1.01539148005984558587	0.00054694323162426408	0.00034274318338288343
0.11200000000000000233	0.99998774237246346175	0.91750833968221312542	0.08247940269025341720	5.82710406784064005592	1.00312183906058627336	1.01553121178733452012	0.00054736463562390957	0.00034383791265413125
0.11400000000000000411	0.99998752490608200372	0.91464741122190296174	0.08534011368418228938	5.82938909829025231346	1.00323467795194454233	1.01566878187569953340	0.00054779123918937387	0.00034493349513250998
0.11600000000000000588	0.99998730682625613930	0.91174306743399147202	0.08824423939226758162	5.83171649026473826183	1.00334823495746916500	1.01580435196215890237	0.00054822286457570661	0.00034602994086166140
0.11800000000000000766	0.99998708812195069573	0.90879566261433275542	0.09119142550762109056	5.83408588114146198222	1.00346245270633049884	1.01593771353439343841	0.00054865950233387172	0.00034712725986632916
0.11999999999999999556	0.99998686878214171347	0.90580555607526314077	0.09418131270688348544	5.83649690344421667731	1.00357727357036985438	1.01606881996867048912	0.00054910108637414533	0.00034822546203907743
0.12199999999999999734	0.99998664879583232246	0.90277311209663957392	0.09721353669919588492	5.83894918745445679065	1.00369263969335387188	1.01619766206084438664	0.00054954686283204305	0.00034932455576474150
0.12399999999999999911	0.99998642815200966538	0.89969869987560002755	0.10028772827641330156	5.84144236381342008002	1.00380849301724772715	1.01632421085394564209	0.00054999539245509962	0.00035042454654965168
0.12600000000000000089	0.99998620683968952871	0.89658269347568297913	0.10340351336401119864	5.84397606099027466797	1.00392477531300516880	1.01644838200246101501	0.00055044592821986251	0.00035152543840609142
0.12800000000000000266	0.99998598484788381313	0.89342547177582298801	0.10656051307206668155	5.84654990276060093635	1.00404142821160835553	1.01657011222169746389	0.00055089841293976059	0.00035262723523197094
0.13000000000000000444	0.99998576216561918528	0.89022741841905195237	0.10975834374656921744	5.84916350825773001532	1.00415839323388467186	1.01668933767795754974	0.00055135278907750935	0.00035372994081012599
0.13200000000000000622	0.99998553878191787092	0.88698892176059229708	0.11299661702132905716	5.85181649202414799760	1.00427561181995095296	1.01680599440655305976	0.00055180899890097689	0.00035483355880792792
0.13400000000000000799	0.99998531468581486337	0.88371037481534231439	0.11627493987047458901	5.85450846406346148143	1.00439302535838925756	1.01692002078979415458	0.00055226698451534993	0.00035593809277695862
0.13600000000000000977	0.99998508986632583806	0.88039217520479873258	0.11959291466153242067	5.85723902989312783518	1.00451057521519837579	1.01703135702328140155	0.00055272668783402381	0.00035704354615262668
0.13800000000000001155	0.99998486431249289375	0.87703472510341173862	0.12295013920908597072	5.86000779059768905910	1.00462820276257458474	1.01713994499471449551	0.00055318805058593521	0.00035814992225379855
0.14000000000000001332	0.99998463801333536960	0.87363843118434558743	0.12634620682899497246	5.86281434288251990239	1.00474584940740174765	1.01724572818648395511	0.00055365101432504793	0.00035925722428244866
0.14200000000000001510	0.99998441095786505528	0.87020370456469176013	0.12978070639317609847	5.86565827912807069566	1.00486345661952869435	1.01734865158106591032	0.00055411552043947135	0.00036036545532332762
0.14400000000000001688	0.99998418313507941857	0.86673096075014777195	0.13325322238493689242	5.86853918744477631719	1.00498096595971664335	1.01744866158450397720	0.00055458151016140136	0.00036147461834365040
0.14599999999999999090	0.99998395453397537214	0.86322061957913043262	0.13676333495484921388	5.87145665172835506951	1.00509831910732372329	1.01754570596079174649	0.00055504892457649299	0.00036258471619280341
0.14799999999999999267	0.99998372514354805229	0.85967310516638639761	0.14031061997716706702	5.87441025171600816890	1.00521545788765775953	1.01763973376976424312	0.00055551770463270088	0.00036369575160206881
0.14999999999999999445	0.99998349495279714727	0.85608884584603761603	0.14389464910676247333	5.87739956304252597619	1.00533232429969632271	1.01773068115237563802	0.00055598779120573729	0.00036480772718448031
0.15199999999999999623	0.99998326395107484110	0.85246827411437231525	0.14751498983670716103	5.88042415730223755332	1.00544886054232240902	1.01781850072543456065	0.00055645912497336513	0.00036592064543442703
0.15399999999999999800	0.99998303212772743365	0.84881182657160514360	0.15117120555612395538	5.88348360213342314040	1.00556500905282963920	1.01790348210197145740	0.00055693163736728524	0.00036703450870916162
0.15599999999999999978	0.99998279947114110389	0.84511994386285349545	0.15486285560829052277	5.88657746116564162264	1.00568071249598101069	1.01798489269050795869	0.00055740528765365206	0.00036814931928446894
0.15800000000000000155	0.99998256597017132208	0.84139307062007362426	0.15858949535010036236	5.88970529419670363325	1.00579591382624311535	1.01806303626470806556	0.00055788000665814796	0.00036926507929778521
0.16000000000000000333	0.99998233161364002974	0.83763165540230943851	0.16235067621133436599	5.89286665721112079552	1.00591055630083148209	1.01813786868858180412	0.00055835573469318603	0.00037038179076717161
0.16200000000000000511	0.99998209639033641682	0.83383615063576299598	0.16614594575457899972	5.89606110244051517810	1.00602458350446655189	1.01820934669795981620	0.00055883241166660108	0.00037149945559050479
0.16400000000000000688	0.99998186028900715172	0.83000701255340136875	0.16997484773560722626	5.89928817842700503604	1.00613793937367690390	1.01827742799825915476	0.00055930997643104260	0.00037261807554336688
0.16600000000000000866	0.99998162329835305062	0.82614470113413074337	0.17383692216422710897	5.90254743008706306284	1.00625056822066705209	1.01834207126766762563	0.00055978836679522427	0.00037373765227695734
0.16800000000000001044	0.99998138540704317734	0.82224968004147813705	0.17773170536556961996	5.90583839877314087374	1.00636241475675669577	1.01840323622870254638	0.00056026752019690783	0.00037485818731735119
0.17000000000000001221	0.99998114660370418516	0.81832241656188176027	0.18165873004182828132	5.90916062233486094613	1.00647342411529505668	1.01846088367571141475	0.00056074737404273711	0.00037597968206543665
0.17200000000000001399	0.99998090687690732725	0.81436338154249343635	0.18561752533441902568	5.91251363518014461107	1.00658354187419440962	1.01851497546833136276	0.00056122786571551281	0.00037710213779686770
0.17400000000000001577	0.99998066621519476893	0.81037304932862397333	0.18960761688657420954	5.91589696833723621694	1.00669271407790916761	1.01856547454745172132	0.00056170893258245902	0.00037822555566203260
0.17599999999999998979	0.99998042460705005574	0.80635189770071469262	0.19362852690633966524	5.91931014951672995750	1.00680088725896776936	1.01861234494833730047	0.00056219051200330917	0.00037934993668603924
0.17799999999999999156	0.99998018204089944572	0.80230040781092715196	0.19767977422997864978	5.92275270317410296173	1.00690800845900807481	1.01865555180523137402	0.00056267254133790187	0.00038047528176871504
0.17999999999999999334	0.99997993850514443892	0.79821906411936982551	0.20176087438578019229	5.92622415057291007656	1.00701402524925942572	1.01869506135811049852	0.00056315495795476029	0.00038160159168462455
0.18199999999999999512	0.99997969398810915287	0.79410835432987691984	0.20587133965823700699	5.92972400984785341649	1.00711888575056840445	1.01873084095115240544	0.00056363769923836922	0.00038272886708310127
0.18399999999999999689	0.99997944847808128976	0.78996876932546911121	0.21001067915261592556	5.93325179606864239190	1.00722253865287414420	1.01876285903390328968	0.00056412070259781477	0.00038385710848829689
0.18599999999999999867	0.99997920196328027309	0.78580080310340238992	0.21417839885988421145	5.93680702130395054894	1.00732493323415872588	1.01879108515877803143	0.00056460390547437799	0.00038498631629924561
0.18800000000000000044	0.99997895443188211662	0.78160495270988683547	0.21837400172199977755	5.94038919468582093941	1.00742601937887421570	1.01881548997281390356	0.00056508724534950051	0.00038611649078994464
0.19000000000000000222	0.99997870587199422232	0.77738171817444834399	0.22259698769755070780	5.94399782247442587391	1.00752574759582969044	1.01883604510971692569	0.00056557065975366093	0.00038724763210945198
0.19200000000000000400	0.99997845627167225580	0.77313160244394696363	0.22684685382773078777	5.94763240812311977379	1.00762406903553669579	1.01885272338620369581	0.00056605408626866200	0.00038837974028198930
0.19400000000000000577	0.99997820561892081237	0.76885511131627792825	0.23112309430264982302	5.95129245234386328178	1.00772093550697672271	1.01886549790868197185	0.00056653746254866656	0.00038951281520708663
0.19600000000000000755	0.99997795390166688279	0.76455275337372186062	0.23542520052795087859	5.95497745317264204346	1.00781629949388928935	1.01887434414096889057	0.00056702072631464005	0.00039064685665971590
0.19800000000000000933	0.99997770110778227970	0.76022503991602885520	0.23975266119175706048	5.95868690603567685571	1.00791011417040876630	1.01887923804904212410	0.00056750381537298302	0.00039178186429046185
0.20000000000000001110	0.99997744722506465287	0.75587248489316472000	0.24410496233190637216	5.96242030381555121465	1.00800233341621958694	1.01888015663270126154	0.00056798666761435413	0.00039291783762569055
0.20200000000000001288	0.99997719224126202509	0.75149560483778377051	0.24848158740348263995	5.96617713691782647345	1.00809291183111437995	1.01887707791931658718	0.00056846922102467008	0.00039405477606773988
0.20400000000000001465	0.99997693614403138085	0.74709491879740663745	0.25288201734662807407	5.96995689333776535790	1.00818180474902008292	1.01886998095616188031	0.00056895141369267977	0.00039519267889512522
0.20600000000000001643	0.99997667892098440756	0.74267094826635604576	0.25730573065463219207	5.97375905872755197379	1.00826896825140877034	1.01885884579269547778	0.00056943318381636019	0.00039633154526275794
0.20800000000000001821	0.99997642055963686936	0.73822421711737185035	0.26175220344226840519	5.97758311646334838940	1.00835435918023352819	1.01884365346874528058	0.00056991446971013399	0.00039747137420217819
0.20999999999999999223	0.99997616104745967736	0.73375525153305543036	0.26622090951441096385	5.98142854771325893637	1.00843793515016355578	1.01882438600183489186	0.00057039520981220148	0.00039861216462180258
0.21199999999999999400	0.99997590037184014289	0.72926457993697957338	0.27071132043486262342	5.98529483150470476005	1.00851965456042425018	1.01880102636951574979	0.00057087534269180851	0.00039975391530718620
0.21399999999999999578	0.99997563852008974905	0.72475273292465025587	0.27522290559544215771	5.98918144479276559622	1.00859947660591764418	1.01877355849265982535	0.00057135480705620815	0.00040089662492129861
0.21599999999999999756	0.99997537547944759240	0.72022024319417587979	0.27975513228528031684	5.99308786252823377794	1.00867736128788698657	1.01874196722327914344	0.00057183354175825067	0.00040204029200481512
0.21799999999999999933	0.99997511123708759939	0.71566764547676198216	0.28430746576033183448	5.99701355772603861283	1.00875326942397736119	1.01870623831958551087	0.00057231148580238675	0.00040318491497641989
0.22000000000000000111	0.99997484578009709910	0.71109547646700443924	0.28887936931310104205	6.00095800153403757804	1.00882716265771343878	1.01866635843150565854	0.00057278857835164107	0.00040433049213312315
0.22200000000000000289	0.99997457909549014587	0.70650427475295063395	0.29347030434254428588	6.00492066330156326615	1.00889900346750382987	1.01862231507401923558	0.00057326475873315636	0.00040547702165058948
0.22400000000000000466	0.99997431117019808244	0.70189458074602784077	0.29807973042417501564	6.00890101064864889935	1.00896875517497663921	1.01857409660756381697	0.00057373996644382371	0.00040662450158347713
0.22600000000000000644	0.99997404199108641532	0.69726693661075944686	0.30270710538032991055	6.01289850953505489173	1.00903638195285605406	1.01852169220689781071	0.00057421414115495044	0.00040777292986578706
0.22800000000000000822	0.99997377154493249929	0.69262188619433029402	0.30735188535060503634	6.01691262432956808226	1.00910184883225695351	1.01846509183981503988	0.00057468722271669594	0.00040892230431122047
0.23000000000000000999	0.99997349981843741684	0.68795997495599725546	0.31201352486244515738	6.02094281787944130002	1.00916512170944017157	1.01840428622981615803	0.00057515915116066179	0.00041007262261354182
0.23200000000000001177	0.99997322679821565306	0.68328174989634649084	0.31669147690187393618	6.02498855157993773446	1.00922616735202130833	1.01833926683132292013	0.00057562986670331884	0.00041122388234694844
0.23400000000000001354	0.99997295247081963154	0.67858775948645222442	0.32138519298437423499	6.02904928544417728631	1.00928495340464796648	1.01827002579261116644	0.00057609930974801321	0.00041237608096644448
0.23600000000000001532	0.99997267681959811636	0.67387855359544102107	0.32609412322416514440	6.03312447814475483199	1.00934144839674644345	1.01819598236488872978	0.00057656732461121470	0.00041352921561566691
0.23800000000000001710	0.99997239983410235453	0.66915468342370276744	0.33081771641040874643	6.03721358717261136206	1.00939562173328312156	1.01811834370766929325	0.00057703404423705828	0.00041468328370414102
0.23999999999999999112	0.99997212150061687286	0.66441670142726183546	0.33555542007336169874	6.04131606881301763678	1.00944744371721650822	1.01803648020804970997	0.00057749931505907766	0.00041583828233425919
0.24199999999999999289	0.99997184180537868059	0.65966516124802188070	0.34030668055736468247	6.04543137824946441583	1.00949688554648520089	1.01795038549827077112	0.00057796307845899269	0.00041699420849117719
0.24399999999999999467	0.99997156073452608815	0.65490061764232265773	0.34507094309221114647	6.04955896963303274561	1.00954391931648546077	1.01786005689213054914	0.00057842527619256278	0.00041815105904356232
0.24599999999999999645	0.99997127827412557455	0.65012362640950704940	0.34984765186462352116	6.05369829615283361335	1.00958851802258564589	1.01776549230346180508	0.00057888585028813332	0.00041930883074413859
0.24799999999999999822	0.99997099441016235044	0.64533474432038950841	0.35463625008978227893	6.05784881010625220199	1.00963065556220499275	1.01766669019458277923	0.00057934474305702702	0.00042046752023025265
0.25000000000000000000	0.99997070912645291685	0.64053452904422425451	0.35943618008223648941	6.06200996295332306119	1.00967030673711777311	1.01756351833144731422	0.00057980191154903635	0.00042162712405335070
0.25200000000000000178	0.99997042241107303440	0.63572353908134404676	0.36424688332973720328	6.06618120543666083933	1.00970744725343664072	1.01745623445711275146	0.00058025726921773397	0.00042278763859178616
0.25400000000000000355	0.99997013424811354021	0.63090233368578929607	0.36906780056233440268	6.07036198759083500676	1.00974205372324798979	1.01734461189157388006	0.00058071078722200136	0.00042394906016623014
0.25600000000000000533	0.99996984462453553100	0.62607147279675312568	0.37389837182779372959	6.07455175885941223157	1.00977410366318065549	1.01722867979978404129	0.00058116240730136470	0.00042511138498083285
0.25800000000000000711	0.99996955352517158389	0.62123151696906087071	0.37873803655611937291	6.07874996812381418465	1.00980357550122690213	1.01710860916593626158	0.00058161205069579892	0.00042627460908222447
0.26000000000000000888	0.99996926093451254935	0.61638302729439842231	0.38358623364012311985	6.08295606383280684781	1.00983044857041348585	1.01698415301294553537	0.00058205969556723608	0.00042743872847335893
0.26200000000000001066	0.99996896683816338669	0.61152656533550608930	0.38844240150266445832	6.08716949402918316991	1.00985470311576364111	1.01685536465838843867	0.00058250528050503086	0.00042860373903436897
0.26400000000000001243	0.99996868759556178929	0.60666269474782308357	0.39330599284774386826	6.09138983688630109015	1.00987631028006985545	1.01678718788187172350	0.00058295868400114984	0.00042976965640237124
0.26600000000000001421	0.99996840786564566983	0.60179197624531344246	0.39817643162033961035	6.09561641385751418198	1.00989530057424081733	1.01620169662840420521	0.00058340110129221430	0.00043093645860495570
0.26800000000000001599	0.99996812751363439720	0.59691497242341828855	0.40305315509022610065	6.09984867099417460423	1.00991165875378041683	1.01559633542150695718	0.00058384134422360045	0.00043210414129340292
0.27000000000000001776	0.99996784641842106911	0.59203224606327997659	0.40793560035514653261	6.10408605455859998301	1.00992537010016070198	1.01497435402228419754	0.00058427934619747341	0.00043327269998579785
0.27200000000000001954	0.99996756449438783942	0.58714436006460601902	0.41282320442979014707	6.10832801109265233208	1.00993642064291533345	1.01433632781801086331	0.00058471506521829200	0.00043444213011623441
0.27400000000000002132	0.99996728168350756949	0.58225187737324013426	0.41771540431027426310	6.11257398738378920910	1.00994479718291785275	1.01368278406863687735	0.00058514845851741161	0.00043561242703326925
0.27600000000000002309	0.99996699794784771331	0.57735536090920225316	0.42261163703865395336	6.11682343046081733462	1.00995048733824677178	1.01301396902311213744	0.00058557948079521411	0.00043678358599485967
0.27800000000000002487	0.99996671326361585841	0.57245537349503672342	0.42751133976858862740	6.12107578758611747816	1.00995347950370373269	1.01233042290534491769	0.00058600809162772239	0.00043795560217811512
0.28000000000000002665	0.99996642761712895009	0.56755247778445716555	0.43241394983268000018	6.12533050631948761122	1.00995376291959648718	1.01163225890985275512	0.00058643424158759687	0.00043912847066129032
0.28200000000000002842	0.99996614100157910077	0.56264723619110856845	0.43731890481047763775	6.12958703455251896486	1.00995132765788242502	1.01091968305985546728	0.00058685788363866255	0.00044030218642856762
0.28400000000000003020	0.99996585341485022536	0.55774021081756408602	0.44222564259729291170	6.13384482056015123419	1.00994616463640252135	1.01019273847924861975	0.00058727897113850880	0.00044147674437084464
0.28600000000000003197	0.99996556485789966917	0.55283196338442175399	0.44713360147348313323	6.13810331306267009666	1.00993826560909982781	1.00945157557743336874	0.00058769745626923765	0.00044265213928338309
0.28800000000000003375	0.99996527533360235473	0.54792305515959205398	0.45204222017401696210	6.14236196128328160171	1.00992762317836604069	1.00869614161022758125	0.00058811329270885056	0.00044382836586880081
0.28999999999999998002	0.99996498484600881973	0.54301404688774801421	0.45695093795826779992	6.14662021501421751424	1.00991423079045961053	1.00792639616881318787	0.00058852643396720768	0.00044500541873673523
0.29199999999999998179	0.99996469339976801205	0.53810549871990220883	0.46185919467987152087	6.15087752468138404538	1.00989808273077019685	1.00714226630447822863	0.00058893683426961756	0.00044618329240527448
0.29399999999999998357	0.99996440099992911499	0.53319797014319647577	0.46676643085674002220	6.15513334141734880234	1.00987917411482830410	1.00634375711905854622	0.00058934444699636841	0.00044736198129926723
0.29599999999999998535	0.99996410765147003552	0.52829201991089269619	0.47167208774058727583	6.15938711712331254944	1.00985750093520199044	1.00553024738672247551	0.00058974923048924746	0.00044854147976024575
0.29799999999999998712	0.99996381335175998917	0.52338820596833612875	0.47657560738343118789	6.16363830465413187198	1.00983305994113314874	1.00470222802138664520	0.00059015117795436752	0.00044972178211615449
0.29999999999999998890	0.99996351811355965733	0.51848708539512755600	0.48147643271844342561	6.16788635755976422104	1.00980584871735157293	1.00385969075099001913	0.00059055015610209502	0.00045090288242835867
0.30199999999999999067	0.99996322193217823671	0.51358921432057313972	0.48637400761161542206	6.17213073056754613077	1.00977586495594762184	1.00301025161423562615	0.00059094614691248930	0.00045208477472218365
0.30399999999999999245	0.99996292530991026659	0.50869514745255994814	0.49126777785736142068	6.17637092293543066290	1.00974218494532763657	1.01224463209402126829	0.00059130712997554455	0.00045326738898213473
0.30599999999999999423	0.99996262786810663492	0.50380543785731812800	0.49615719001079644501	6.18060635361748023087	1.00970565775757914473	1.01217232535621270983	0.00059169381629346025	0.00045445077661472166
0.30799999999999999600	0.99996232959511544003	0.49892063826180726993	0.50104169133331866171	6.18483648064108226805	1.00966628458963403325	1.01208045487559283870	0.00059207731639800002	0.00045563493124751764
0.30999999999999999778	0.99996203048228859966	0.49404130017043174083	0.50592073031186202137	6.18906076335081056783	1.00962406726458309159	1.01197090589502725066	0.00059245757139147581	0.00045681984639030058
0.31199999999999999956	0.99996173052354109245	0.48916797379643511823	0.51079375672711224698	6.19327866246548097706	1.00957900817635937152	1.01184589324159368573	0.00059283452480987165	0.00045800551543992034
0.31400000000000000133	0.99996142971491475127	0.48430120799350384608	0.51566022172141867674	6.19748964013406489215	1.00953111028268938121	1.01170751931672953106	0.00059320812291483761	0.00045919193168575000
0.31600000000000000311	0.99996112805416315084	0.47944155018765610698	0.52051957786651625870	6.20169315999359493929	1.00948037711397531346	1.01155763159818734565	0.00059357831445525512	0.00046037908831466051
0.31800000000000000488	0.99996082554037812873	0.47458954630939298447	0.52537127923099524729	6.20588868722843400860	1.00942681278592583105	1.01139780033419013350	0.00059394505029345649	0.00046156697841524743
0.32000000000000000666	0.99996052217375697158	0.46974574072619762477	0.53021478144756728490	6.21007568863141656834	1.00937042201076287995	1.01122934390865171217	0.00059430828302674136	0.00046275559498130091
0.32200000000000000844	0.99996021795534650867	0.46491067617531667278	0.53504954178003660825	6.21425363266553620889	1.00931121010628088719	1.01105335992720757332	0.00059466796669781663	0.00046394493091469655
0.32400000000000001021	0.99995991288691354892	0.46008489369689670179	0.53987501919002389705	6.21842198952672120527	1.00924918300211530209	1.01087075871739129340	0.00059502405656324843	0.00046513497902782303
0.32600000000000001199	0.99995960697081476276	0.45526893256744077609	0.54469067440338281294	6.22258023120681791340	1.00918434724330152719	1.01068229499640005464	0.00059537650891938060	0.00046632573204566179
0.32800000000000001377	0.99995930020984757913	0.45046333023356827097	0.54949596997628658013	6.22672783155654929743	1.00911670999150770989	1.01048859455378536865	0.00059572528096994834	0.00046751718260760170
0.33000000000000001554	0.99995899260720255697	0.44566862224616743404	0.55429037036104544800	6.23086426634911649813	1.00904627902401022865	1.01029017755702099635	0.00059607033072930644	0.00046870932326906033
0.33200000000000001732	0.99995868416281574742	0.44088534219381364521	0.55907334196901325996	6.23498901334085964265	1.00897306273535769527	1.01008726079642507933	0.00059641163863454502	0.00046990214654632939
0.33400000000000001910	0.99995837488409333726	0.43611402164077800458	0.56384435324332415895	6.23910155234077734576	1.00889707011894946831	1.00988065158070527971	0.00059674912066295395	0.00047109564478765528
0.33600000000000002087	0.99995806477512294563	0.43135519005898131928	0.56860287471615222898	6.24320136527069013965	1.00881831077416439513	1.00967046567784590749	0.00059708275823356640	0.00047228981030412239
0.33800000000000002265	0.99995775384017215881	0.42660937476464633189	0.57334837907553515279	6.24728793622846279021	1.00873679492117229728	1.00945673146648173812	0.00059741251197541006	0.00047348463532807323
0.34000000000000002442	0.99995744208358816607	0.42187710085426088913	0.57808034122933715793	6.25136075153970516283	1.00865253334612181568	1.00923982185651817112	0.00059773834491837967	0.00047468011201790998
0.34200000000000002620	0.99995712951011062053	0.41715889114085424882	0.58279823836926880620	6.25541929983778377533	1.00856553741552290582	1.00901997325750714118	0.00059806021743530758	0.00047587623245278057
0.34400000000000002798	0.99995681612509945690	0.41245526609043603461	0.58750155003467308124	6.25946307215870501039	1.00847581893989990398	1.00879434051081240398	0.00059837807392393511	0.00047707298860062843
0.34600000000000002975	0.99995650193365315239	0.40776674375862059785	0.59218975817504093673	6.26349156195898171262	1.00838338999491594628	1.00856801212833535608	0.00059869187434468112	0.00047827037234931781
0.34800000000000003153	0.99995618694076493504	0.40309383972830642451	0.59686234721246633761	6.26750426513723457589	1.00828826359510292932	1.00833899517563252424	0.00059900160150092908	0.00047946837555231970
0.35000000000000003331	0.99995587115150630364	0.39843706704798997897	0.60151880410352376316	6.27150068013693040569	1.00819045329151846246	1.00810746998266753671	0.00059930721910478010	0.00048066698999052926
0.35199999999999997957	0.99995555457102158758	0.39379693617009214890	0.60615861840094020785	6.27548030800654199624	1.00808997316228032837	1.00787359017313882248	0.00059960869151666626	0.00048186620737356261
0.35399999999999998135	0.99995523720455103955	0.38917395488970857320	0.61078128231485318000	6.27944265245919197582	1.00798683780263509391	1.00763748771858652198	0.00059990598372924690	0.00048306601934102112
0.35599999999999998312	0.99995491905743383310	0.38456862828380894426	0.61538629077363360409	6.28338721993206750227	1.00788106231465346418	1.00739927712702703744	0.00060019906135490016	0.00048426641746373092
0.35799999999999998490	0.99995460013508719044	0.37998145865085797279	0.61997314148423898761	6.28731351964511908648	1.00777266229665585229	1.00715905879982070559	0.00060048789061655763	0.00048546739324496405
0.35999999999999998668	0.99995428044301715165	0.37541294545089742840	0.62454133499212960423	6.29122106365949740336	1.00766165383239991726	1.00691692166730351055	0.00060077243834189334	0.00048666893812164785
0.36199999999999998845	0.99995395998682956584	0.37086358524609525089	0.62909037474074358531	6.29510936693558154076	1.00754805348008558141	1.00667294527544015637	0.00060105267195941165	0.00048787104346556667
0.36399999999999999023	0.99995363877224774374	0.36633387164175346129	0.63361976713050360832	6.29897794739079408544	1.00743187826122526651	1.00642720143087882612	0.00060132855949607993	0.00048907370058455882
0.36599999999999999201	0.99995331680508381389	0.36182429522777459496	0.63812902157732054320	6.30282632595771641348	1.00731314565003593486	1.00617976364536665379	0.00060160006919778182	0.00049027690072295433
0.36799999999999999378	0.99995299408762616800	0.35733534352008050616	0.64261765056755548731	6.30665402662051732818	1.00719187356406658651	1.00593047838176241626	0.00060186719285907047	0.00049148063510867244
0.36999999999999999556	0.99995267062942028158	0.35286750090471968866	0.64708516972471052942	6.31046057652245817593	1.00706808034381167793	1.00567980216038743713	0.00060212985631924280	0.00049268489482131098
0.37199999999999999734	0.99995234643650798834	0.34842124857912754043	0.65153109785739016235	6.31424550597506417660	1.00694178475321227673	1.00542758997822478939	0.00060238805127297765	0.00049388967092385690
0.37399999999999999911	0.99995202151494844145	0.34399706449613937087	0.65595495701882111650	6.31800834852237347405	1.00681300596020784077	1.00517387920519807309	0.00060264174980714997	0.00049509495442347120
0.37600000000000000089	0.99995169587092080921	0.33959542330793845988	0.66035627256299322951	6.32174864100252342780	1.00668176352859717326	1.00491872941889859305	0.00060289092296641068	0.00049630073626940403
0.37800000000000000266	0.99995136951068541720	0.33521679631053197257	0.66473457320016382521	6.32546592359951098672	1.00654807740610108269	1.00466218340270185827	0.00060313554297400601	0.00049750700735535201
0.38000000000000000444	0.99995104244055610376	0.33086165138872475344	0.66908939105184073171	6.32915973989649316422	1.00641196791306941627	1.00440428150160454557	0.00060337558266123899	0.00049871375852067446
0.38200000000000000622	0.99995071466692708739	0.32653045296165422728	0.67342026170528423989	6.33282963692909817155	1.00627345573128290646	1.00414506033433870158	0.00060361101546336398	0.00049992098055160123
0.38400000000000000799	0.99995038619626219756	0.32222366192883677982	0.67772672426743574281	6.33647516523783682629	1.00613256189402844321	1.00388454066568022505	0.00060384181540973423	0.00050112866418242075
0.38600000000000000977	0.99995005703509121098	0.31794173561677435691	0.68200832141833056532	6.34009587892019244038	1.00598930777316142304	1.00362275687955193604	0.00060406795713862835	0.00050233680009669802
0.38800000000000001155	0.99994972718999508565	0.31368512772608864170	0.68626459946391549227	6.34369133568164844661	1.00584371506803837981	1.00335974225717472486	0.00060428941590805814	0.00050354537892851410
0.39000000000000001332	0.99994939666761128993	0.30945428827924226223	0.69049510838838124016	6.34726109688702333500	1.00569580579444517454	1.00309552810231727982	0.00060450616760362400	0.00050475439126372135
0.39200000000000001510	0.99994906547463657809	0.30524966356879001950	0.69469940190585954820	6.35080472761034364737	1.00554560227355582747	1.00283014507428558382	0.00060471818872613668	0.00050596382764117359
0.39400000000000001688	0.99994873361782332655	0.30107169610622352973	0.69887703751160812349	6.35432179668491414759	1.00539312712083139800	1.00256362322138503629	0.00060492545639423217	0.00050717367855396202
0.39600000000000001865	0.99994840110395211141	0.29692082457137908280	0.70302757653258529658	6.35781187675233816492	1.00523840323509183747	1.00229599201354679927	0.00060512794834630926	0.00050838393445065461
0.39800000000000002043	0.99994806793989676752	0.29279748376242475949	0.70715058417747933550	6.36127454431143313229	1.00508145378763935618	1.00202728037433042019	0.00060532564294186737	0.00050959458573653831
0.40000000000000002220	0.99994773413257143080	0.28870210454644817943	0.71124562958613368746	6.36470937976764528088	1.00492230221208522778	1.00175752433671694241	0.00060551851877335542	0.00051080562277408504
0.40200000000000002398	0.99994739968891321880	0.28463511381061379346	0.71531228587831263699	6.36811596747703312360	1.00476097219243665215	1.00148674409282834041	0.00060570655584447236	0.00051201703588577398
0.40400000000000002576	0.99994706461589322188	0.28059693441394273350	0.71935013020196447719	6.37149389579488900637	1.00459748765313228169	1.00121496713559565706	0.00060588973438823216	0.00051322881535455049
0.40600000000000002753	0.99994672892054803359	0.27658798513968574362	0.72335874378087194891	6.37484275712242265399	1.00443187274853040769	1.00094222052276959900	0.00060606803526530399	0.00051444095142508109
0.40800000000000002931	0.99994639260993734009	0.27260868064830812152	0.72733771196164209716	6.37816214795399272219	1.00426415185351824988	1.00066854022859375029	0.00060624143940216080	0.00051565343430388542
0.41000000000000003109	0.99994605568758720970	0.26865943143075327049	0.73128662425684354265	6.38145166889527537535	1.00409434955335474804	1.00039374034289219040	0.00060640995270817215	0.00051686625420930177
0.41200000000000003286	0.99994571816407296083	0.26474064376367240081	0.73520507440041349412	6.38471092477342949678	1.00392249062694838280	1.00011823610935235429	0.00060657351245594444	0.00051807940123421367
0.41400000000000003464	0.99994538004650312946	0.26085271966325968007	0.73909266038325183157	6.38793952462121161773	1.00374860004565458205	0.99984186647085149247	0.00060673212430131828	0.00051929286548281636
0.41600000000000003642	0.99994504134200057344	0.25699605684108034476	0.74294898450093116438	6.39113708173922034916	1.00357270296002676346	0.99956465735007660189	0.00060688577224197332	0.00052050663702730027
0.41799999999999998268	0.99994470205770968896	0.25317104866017309250	0.74677365339754764317	6.39430321373805554686	1.00339482468999330322	0.99928663361087743944	0.00060703444093439555	0.00052172070590916905
0.41999999999999998446	0.99994436220079530031	0.24937808409182313230	0.75056627810898468578	6.39743754258042063299	1.00321499071517128421	0.99900781981181518976	0.00060717811567075888	0.00052293506214051060
0.42199999999999998623	0.99994402177843866308	0.24561754767296303803	0.75432647410548891997	6.40053969462233762755	1.00303322666530858598	0.99872824019387129724	0.00060731678237897508	0.00052414969570526858
0.42399999999999998801	0.99994368079785000969	0.24188981946423612768	0.75805386133362340217	6.40360930065380262732	1.00284955831088851141	0.99844791856672743258	0.00060745042762608249	0.00052536459656052077
0.42599999999999998979	0.99994333926621781217	0.23819527500870510406	0.76174806425752505934	6.40664599593865968785	1.00266401155384832222	0.99816687841569662343	0.00060757903861574755	0.00052657975463775224
0.42799999999999999156	0.99994299719076640276	0.23453428529123629409	0.76540871189954484688	6.40964942025400308268	1.00247661241842678237	0.99788514291937635559	0.00060770260319035758	0.00052779515984413300
0.42999999999999999334	0.99994265457871533975	0.23090721669853950249	0.76903543788019268490	6.41261921792882993998	1.00228738704213538036	0.99760273496509388469	0.00060782110983108035	0.00052901080206379516
0.43199999999999999512	0.99994231143728062872	0.22731443097988143776	0.77262788045741548348	6.41555503788194769754	1.00209636166691296033	0.99731967715715263978	0.00060793454765830615	0.00053022667115911176
0.43399999999999999689	0.99994196777367960749	0.22375628520847623548	0.77618568256521824900	6.41845653365940460588	1.00190356263036450812	0.99703599182517566035	0.00060804290643188619	0.00053144275697197558
0.43599999999999999867	0.99994162359511984395	0.22023313174355355071	0.77970849185158352945	6.42132336347114485164	1.00170901635715781097	0.99675170102808396955	0.00060814617655098125	0.00053265904932507755
0.43800000000000000044	0.99994127890883299781	0.21674531819311004810	0.78319596071573915896	6.42415519022721870357	1.00151274935059997340	0.99646682656152418822	0.00060824434905446055	0.00053387553802318650
0.44000000000000000222	0.99994093372205439252	0.21329318737734875855	0.78664774634472234283	6.42695168157455842817	1.00131478818490737837	0.99618139767290592168	0.00060833741521348200	0.00053509221285361346
0.44200000000000000400	0.99994058804198171497	0.20987707729280763447	0.79006351074919134447	6.42971250992805742897	1.00111515949584584106	0.99589542783354623179	0.00060842536775970919	0.00053630906358913288
0.44400000000000000577	0.99994024187578023355	0.20649732107718099527	0.79344292079861578060	6.43243735250621373467	1.00091388997334629352	0.99560893807877759443	0.00060850819964942363	0.00053752607998843176
0.44600000000000000755	0.99993989523060167190	0.20315424697485165439	0.79678564825576747577	6.43512589136456725214	1.00071100635361553977	0.99532194922277517080	0.00060858590447734743	0.00053874325179738649
0.44800000000000000933	0.99993954811361029922	0.19984817830311468745	0.80009136981051420801	6.43777781342854638069	1.00050653541142242631	0.99503448181216735957	0.00060865847647773844	0.00053996056875034199
0.45000000000000001110	0.99993920053192864028	0.19657943341910655288	0.80335976711283751950	6.44039281052684842166	1.00030050395330838420	0.99474656658647164775	0.00060872590995497168	0.00054117802057025190
0.45200000000000001288	0.99993885249259173431	0.19334832568744850234	0.80659052680516096778	6.44297057941607942411	1.00009293880799932097	0.99445820259699213572	0.00060878820154265981	0.00054239559697333718
0.45400000000000001465	0.99993850400263217804	0.19015516344860078357	0.80978334055405187808	6.44551082181809320559	0.99988386682124641425	0.99416942050703394074	0.00060884534682941957	0.00054361328766699599
0.45600000000000001643	0.99993815506906125190	0.18700024998793782216	0.81293790508114016635	6.44801324444759416110	0.99967331484803623187	0.99388023989000784386	0.00060889734260043680	0.00054483108235219685
0.45800000000000001821	0.99993780569882118048	0.18388388350553488970	0.81605392219330552539	6.45047755904097996904	0.99946130974565983163	0.99359068008924977811	0.00060894418627658925	0.00054604897072475008
0.46000000000000001998	0.99993745589545224295	0.18080635708637871062	0.81913109880909584781	6.45290348236637356649	0.99924787836960271559	0.99330058464387782635	0.00060898589888288201	0.00054726694252251579
0.46200000000000002176	0.99993710566915838811	0.17776795867249561844	0.82216914699668641742	6.45529073630448202437	0.99903304755807553761	0.99301032000466404881	0.00060902243358648299	0.00054848498738968880
0.46400000000000002354	0.99993675502673884381	0.17476897103403685185	0.82516778399272450173	6.45763904782379771774	0.99881684413510352094	0.99271973200624852307	0.00060905381228239556	0.00054970309501425354
0.46600000000000002531	0.99993640397492533634	0.17180967174226022265	0.82812673223269062106	6.45994814902364744569	0.99859929490084498038	0.99242883984909746609	0.00060908003490231521	0.00055092125508405816
0.46800000000000002709	0.99993605252041262155	0.16889033314296228450	0.83104571937747129251	6.46221777715962986122	0.99838042662534731697	0.99213766175491058252	0.00060910110203258195	0.00055213945728812327
0.47000000000000002887	0.99993570066983394895	0.16601122233064347089	0.83392447833921501399	6.46444767466845426895	0.99816026604254115551	0.99184621572267117617	0.00060911701488911745	0.00055335769131790145
0.47200000000000003064	0.99993534842974973742	0.16317260112340045697	0.83676274730637367760	6.46663758919163900174	0.99793883984441111856	0.99155451953427575784	0.00060912777531611870	0.00055457594686853363
0.47400000000000003242	0.99993499580665934356	0.16037472603857427789	0.83956026976810504969	6.46878727359897531812	0.99771617467529638557	0.99126259075717415570	0.00060913338578346679	0.00055579421364010059
0.47600000000000003419	0.99993464280700239399	0.15761784826913544100	0.84231679453789010115	6.47089648601124078908	0.99749229712630005373	0.99097044673502565626	0.00060913384938790483	0.00055701248133887638
0.47800000000000003597	0.99993428943711770707	0.15490221366079820475	0.84503207577634231740	6.47296498982151558010	0.99726723372999848127	0.99067810460893523938	0.00060912916984893291	0.00055823073967857420
0.47999999999999998224	0.99993393570329291986	0.15222806268990851652	0.84770587301340727393	6.47499255371675364046	0.99704101095513997244	0.99038558128677967041	0.00060911935150784451	0.00055944897838158987
0.48199999999999998401	0.99993358161172207765	0.14959563044205426152	0.85033795116969201899	6.47697895169787329905	0.99681365520160036819	0.99009289349418216908	0.00060910439932647300	0.00056066718718024281
0.48399999999999998579	0.99993322716851540388	0.14700514659143765206	0.85292808057709890157	6.47892396309934159859	0.99658519279548762881	0.98980005774992496637	0.00060908431888498414	0.00056188535581801278
0.48599999999999998757	0.99993287237970640557	0.14445683538100062560	0.85547603699872365457	6.48082737260839181204	0.99635564998436998430	0.98950709037115458511	0.00060905911637993066	0.00056310347405077261
0.48799999999999998934	0.99993251725126341967	0.14195091560329728408	0.85798160164798775718	6.48268897028467172561	0.99612505293323527766	0.98921401512199913508	0.00060902879819979224	0.00056432153164717215
0.48999999999999999112	0.99993216178903754354	0.13948760058211268076	0.86044456120694556844	6.48450855157379990601	0.99589342771891797845	0.98892084020387716059	0.00060899337219765925	0.00056553951839156751
0.49199999999999999289	0.99993180599875364223	0.13706709815484643955	0.86286470784392999001	6.48628591732593928754	0.99566080032637760411	0.98862758137164785666	0.00060895284640590820	0.00056675742408437936
0.49399999999999999467	0.99993144988603865908	0.13468961065565263069	0.86524183923040454136	6.48802087381169467761	0.99542719664456014161	0.98833425419355425134	0.00060890722946456270	0.00056797523854330845
0.49599999999999999645	0.99993109345639552554	0.13235533489933468121	0.86757575855708379819	6.48971323273731570680	0.99519264246241190275	0.98804087405657359255	0.00060885653061956593	0.00056919295160454760
0.49799999999999999822	0.99993073671526333523	0.13006446216600156540	0.86986627454928566738	6.49136281125942105064	0.99495716346503992877	0.98774745616506043344	0.00060880075972017712	0.00057041055312398795
0.50000000000000000000	0.99993037966793274496	0.12781717818647370111	0.87211320148147952747	6.49296943200012677266	0.99472078523073592660	0.98745402548580851754	0.00060873992665454082	0.00057162803297729702
0.50200000000000000178	0.99993002231953109771	0.12561366312844607362	0.87431635919110228805	6.49453292305364460191	0.99448353322542770716	0.98716057721787886514	0.00060867404357735811	0.00057284538106445169
0.50400000000000000355	0.99992966467507915507	0.12345409158343291500	0.87647557309167112294	6.49605311800522233767	0.99424543280126587153	0.98686713594387698301	0.00060860312158492755	0.00057406258730762156
0.50600000000000000533	0.99992930673945945586	0.12133863255444779505	0.87859067418502989621	6.49752985593995990854	0.99400650919279842643	0.98657371617185229962	0.00060852717291495968	0.00057527964165345145
0.50800000000000000711	0.99992894851742464279	0.11926744944446678043	0.88066149907297663901	6.49896298145411055458	0.99376678751379421417	0.98628033226299249847	0.00060844621039598634	0.00057649653407424340
0.51000000000000000888	0.99992859001358613824	0.11724070004563234837	0.88268788996797631352	6.50035234466445732693	0.99352629275439374723	0.98598699842866177612	0.00060836024744368551	0.00057771325456913074
0.51200000000000001066	0.99992823123239871208	0.11525853652922823933	0.88466969470319001267	6.50169780121758122959	0.99328504977830234246	0.98569372873758542841	0.00060826929805812347	0.00057892979316524697
0.51400000000000001243	0.99992787217817058476	0.11332110543641878142	0.88660676674177041345	6.50299921229846411563	0.99304308332012813931	0.98540053712406150410	0.00060817337682118259	0.00058014613991888933
0.51600000000000001421	0.99992751285507308623	0.11142854766974326364	0.88849896518534854373	6.50425644463813945606	0.99280041798288132249	0.98510743739281947384	0.00060807249889317078	0.00058136228491667563
0.51800000000000001599	0.99992715326707914958	0.10958099848536791143	0.89034615478173118053	6.50546937052026574833	0.99255707823568573023	0.98481444322203925967	0.00060796668000958709	0.00058257821827669483
0.52000000000000001776	0.99992679341486379041	0.10777858748579180470	0.89214820592909194197	6.50663786777323949195	0.99231308841419207933	0.98452140907153062876	0.00060785595948986487	0.00058379393019567460
0.52200000000000001954	0.99992643330517394507	0.10602143861455032292	0.89390499469064466087	6.50776181981669576970	0.99206847270968401276	0.98422866357985661079	0.00060774030859835114	0.00058500941081287129
0.52400000000000002132	0.99992607294147650698	0.10430967014984308949	0.89561640279165333212	6.50884111562676714868	0.99182325517675129500	0.98393606313361225979	0.00060761976739432571	0.00058622465034765994
0.52600000000000002309	0.99992571232704385853	0.10264339470012900923	0.89728231762693422269	6.50987564975272814394	0.99157745972810906743	0.98364362169950625425	0.00060749435385900664	0.00058743963905537799
0.52800000000000002487	0.99992535146496619447	0.10102271920018106310	0.89890263226480149328	6.51086532232014381094	0.99133111013289743063	0.98335135242260018895	0.00060736408655533288	0.00058865436722848870
0.53000000000000002665	0.99992499035802873131	0.09944774491592656140	0.90047724544212270903	6.51181003902524668803	0.99108423001586831713	0.98305889448705285893	0.00060722882429545451	0.00058986882487707963
0.53200000000000002842	0.99992462900898804179	0.09791856741811291731	0.90200606159089413705	6.51270971116471919515	0.99083684283186401753	0.98276724859044450877	0.00060708890130625780	0.00059108300267969214
0.53400000000000003020	0.99992426742035189768	0.09643527660432235638	0.90348899081604761019	6.51356425560568386146	0.99058897191010597538	0.98247582003032696285	0.00060694418340571151	0.00059229689104650359
0.53600000000000003197	0.99992390559442589915	0.09499795669021511568	0.90492594890422972664	6.51437359479630639925	0.99034064043055958226	0.98218462811083862007	0.00060679469131510099	0.00059351048042913376
0.53800000000000003375	0.99992354353330714645	0.09360668620937620532	0.90631685732394806632	6.51513765676586764641	0.99009187142336341214	0.98189368570634460998	0.00060664044633401530	0.00059472376132180184
0.54000000000000003553	0.99992318123885914893	0.09226153801389631870	0.90766164322498010808	6.51585637512345350331	0.98984268776798922662	0.98160300571279168746	0.00060648147029823056	0.00059593672426239835
0.54200000000000003730	0.99992281871273569482	0.09096257927570620960	0.90896023943704684633	6.51652968905601071015	0.98959311219250434277	0.98131260103419570839	0.00060631778557591876	0.00059714935983355016
0.54400000000000003908	0.99992245595638196143	0.08970987148866504945	0.91021258446773822826	6.51715754332594610077	0.98934316727297499927	0.98102248452704843285	0.00060614941506396687	0.00059836165866367812
0.54600000000000004086	0.99992209297103507026	0.08850347047138779066	0.91141862249966387743	6.51773988826905892324	0.98909287543359336592	0.98073267610571290831	0.00060597638175052110	0.00059957361142717912
0.54800000000000004263	0.99992172975765181153	0.08734342637080069749	0.91257830338686596328	6.51827667978671865257	0.98884225894513300137	0.98044318144440401053	0.00060579871001735302	0.00060078520884721378
0.55000000000000004441	0.99992136631693495641	0.08622978366646415205	0.91369158265048389111	6.51876787934270041092	0.98859133992532788326	0.98015401336710195057	0.00060561642431944244	0.00060199644169585268
0.55200000000000004619	0.99992100264934347109	0.08516258117563398067	0.91475842147372576907	6.51921345395774132214	0.98834014033876338434	0.97986518473926764727	0.00060542954962317205	0.00060320730079509903
0.55400000000000004796	0.99992063875508185866	0.08414185205905466702	0.91577878669604328987	6.51961337620305769747	0.98808868199688459910	0.97957670844859257020	0.00060523811140215987	0.00060441777701790336
0.55600000000000004974	0.99992027463407207044	0.08316762382749351423	0.91675265080659551487	6.51996762419321740367	0.98783698655814811129	0.97928859739430706988	0.00060504213563265634	0.00060562786128916864
0.55800000000000005151	0.99991991028600146763	0.08223991834901719922	0.91767999193700022786	6.52027618157871824423	0.98758507552824270626	0.97900086454128831814	0.00060484164878877157	0.00060683754458674619
0.56000000000000005329	0.99991954571027263921	0.08135875185698648870	0.91856079385330158260	6.52053903753900243601	0.98733297026111266348	0.97871353190600263172	0.00060463667729140913	0.00060804681794132903
0.56200000000000005507	0.99991918090384801499	0.08052413497424684707	0.91939504592961551754	6.52075618641190324354	0.98708069197892756019	0.97842650520179941243	0.00060442735555267990	0.00060925567265243436
0.56400000000000005684	0.99991881586871211862	0.07973607269426724597	0.92018274317446202559	6.52092762853477125873	0.98682826171114335079	0.97814007259913937631	0.00060421359674143549	0.00061046409984591725
0.56600000000000005862	0.99991846680779639112	0.07899457642516984068	0.92092389038264510503	6.52105349524204047640	0.98657568866400968677	0.97786874823550096192	0.00060400546903159732	0.00061167211078398047
0.56800000000000006040	0.99991811808479336143	0.07829962823688278728	0.92161848984792815731	6.52113367837624746670	0.98632302769781154961	0.97733532346060636442	0.00060378360890512932	0.00061287967800179076
0.57000000000000006217	0.99991776972757173692	0.07765121647814024475	0.92226655324944528669	6.52116819310858719660	0.98607029960578562733	0.97679459368184462509	0.00060355756641676148	0.00061408679313462429
0.57200000000000006395	0.99991742170875952400	0.07704932383359379411	0.92286809787518286896	6.52115706071639511521	0.98581752559827406923	0.97624563965442434643	0.00060332729952122723	0.00061529344773366670
0.57400000000000006573	0.99991707399586704508	0.07649392741559007947	0.92342314658029289731	6.52110030811191254685	0.98556472684118812122	0.97568838170405181032	0.00060309283004298341	0.00061649963339375266
0.57600000000000006750	0.99991672656331254121	0.07598499879487287390	0.92393172776845400307	6.52099796779336138286	0.98531192437307157928	0.97512279176496430289	0.00060285419150440424	0.00061770534177676148
0.57799999999999995826	0.99991637939400179746	0.07552250401921123402	0.92439387537480732782	6.52085007780041348013	0.98505913907285458375	0.97454899812734130382	0.00060261141989956149	0.00061891056461656061
0.57999999999999996003	0.99991603247861526871	0.07510640362956826077	0.92480962884906303678	6.52065668167098078101	0.98480639164994243639	0.97396719488914551555	0.00060236455278565881	0.00062011529372213198
0.58199999999999996181	0.99991568581220469092	0.07473665268222531854	0.92517903312999449916	6.52041782813770343097	0.98455370262608232768	0.97337770709965676375	0.00060211361630953676	0.00062131952095475108
0.58399999999999996358	0.99991533939849097656	0.07441320075146864998	0.92550213864704045097	6.52013357164259321763	0.98430109243846986011	0.97277993333107348750	0.00060185866622736747	0.00062252323828720577
0.58599999999999996536	0.99991499324473354093	0.07413599195313182177	0.92577900129161838638	6.51980397203292483255	0.98404858135602579772	0.97217418553232648470	0.00060159973914650526	0.00062372643776549878
0.58799999999999996714	0.99991464736102242394	0.07390496496286634576	0.92600968239817349481	6.51942909452529661962	0.98379618947171609822	0.97156086766041960257	0.00060133687239472618	0.00062492911151028818
0.58999999999999996891	0.99991430175958673221	0.07372005303477295601	0.92619424872483102629	6.51900900967395457997	0.98354393670345141576	0.97094039914089536047	0.00060107010384846508	0.00062613125171798515
0.59199999999999997069	0.99991395645160963124	0.07358118401698282574	0.92633277243464240414	6.51854379341335121723	0.98329184281172576920	0.97031295231746983454	0.00060079950066989959	0.00062733285071932493
0.59399999999999997247	0.99991361145455015524	0.07348828038283052033	0.92642533107173974383	6.51803352682724579381	0.98303992734088563310	0.96967960486746374027	0.00060052504361645970	0.00062853390080655784
0.59599999999999997424	0.99991326678383074533	0.07344125923991345894	0.92647200754393543853	6.51747829631103670067	0.98278820969878244451	0.96904037081237459628	0.00060024680153958928	0.00062973439440963707
0.59799999999999997602	0.99991292245507390479	0.07344003235507667871	0.92647289010001399046	6.51687819348849028955	0.98253670913154267375	0.96839564962400137560	0.00059996481423334560	0.00063093432403810374
0.59999999999999997780	0.99991257848388692686	0.07348450617634720572	0.92642807230755919168	6.51623331518616666358	0.98228544472770218388	0.96774582381055773705	0.00059967912204576530	0.00063213368228219526
0.60199999999999997957	0.99991223488568115041	0.07357458185558295172	0.92633765303011716963	6.51554376340577867666	0.98203443543520874126	0.96709115935445078005	0.00059938976656437229	0.00063333246181532395
0.60399999999999998135	0.99991189169721506058	0.07371015528436836162	0.92620173641286707156	6.51480964561322473116	0.98178369999301517979	0.96643246287651685122	0.00059909678286753601	0.00063453065538105900
0.60599999999999998312	0.99991154835541329327	0.07389111612157242548	0.92602043223385710480	6.51403110484568426131	0.98153270159770267256	0.97190188816619804690	0.00059876942957635233	0.00063572819424021171
0.60799999999999998490	0.99991120545718104040	0.07411734935167910154	0.92579385610552022978	6.51320823185706387903	0.98128197608041867195	0.97164941789114034343	0.00059846650596174882	0.00063692512725213525
0.60999999999999998668	0.99991086300868348147	0.07438873502438698992	0.92552212798431376939	6.51234114929285645701	0.98103154076132725869	0.97140407797072148011	0.00059815992021222588	0.00063812144709255965
0.61199999999999998845	0.99991052101353028458	0.07470514800677309497	0.92520537300677330173	6.51142998486407975633	0.98078141316875055988	0.97116291729521908582	0.00059784971832587232	0.00063931714652921143
0.61399999999999999023	0.99991017947495453022	0.07506645801185354849	0.92484372146311599749	6.51047487132823476941	0.98053161091528462379	0.97092409603971041587	0.00059753594230057910	0.00064051221841381263
0.61599999999999999201	0.99990983839636016217	0.07547252962641227969	0.92443730876996776935	6.50947594646639071669	0.98028215160016407559	0.97068678910233752166	0.00059721863073509149	0.00064170665567528276
0.61799999999999999378	0.99990949778148086047	0.07592322233897023931	0.92398627544252998067	6.50843335305039349947	0.98003305278266106271	0.97045041692116518206	0.00059689782310677056	0.00064290045132149630
0.61999999999999999556	0.99990915763451315712	0.07641839056830741772	0.92349076706622534871	6.50734723881624343989	0.97978433195215730578	0.97021474584891875814	0.00059657355812130154	0.00064409359843773891
0.62199999999999999734	0.99990881795992203607	0.07695788369221467917	0.92295093426772811807	6.50621775643526767396	0.97953600643749705323	0.96998052879681917471	0.00059624587117133377	0.00064528609018008162
0.62399999999999999911	0.99990847876246258252	0.07754154607695910861	0.92236693268552438774	6.50504506347933109112	0.97928809351520640369	0.96974739302234314042	0.00059591480302069216	0.00064647791978612304
0.62600000000000000089	0.99990814004716344066	0.07816921710755328490	0.92173892293963100020	6.50382932239156641430	0.97904061040046519437	0.96951508762708560329	0.00059558039470501993	0.00064766908057553303
0.62800000000000000266	0.99990780181928506920	0.07884073121855561528	0.92106707060075121429	6.50257070045470975117	0.97879357423996926624	0.96928346752936311859	0.00059524268744372451	0.00064885956595042043
0.63000000000000000444	0.99990746408435815518	0.07955591792545040064	0.92035154615892655894	6.50126936975971059240	0.97854700210800438231	0.96905246070180450779	0.00059490172270260328	0.00065004936939582565
0.63200000000000000622	0.99990712684806126731	0.08031460185661244700	0.91959252499147026150	6.49992550717407002736	0.97830091101835070511	0.96882191712115184323	0.00059455754230535970	0.00065123848448043640
0.63400000000000000799	0.99990679011621341754	0.08111660278576339478	0.91879018733047124190	6.49853929430381782595	0.97805531789847377500	0.96859195167184397590	0.00059421018874967774	0.00065242690485793576
0.63600000000000000977	0.99990645389475274474	0.08196173566508180297	0.91794471822969092578	6.49711091746595403862	0.97781023960010016172	0.96836264696273399721	0.00059385970365878214	0.00065361462426525338
0.63800000000000001155	0.99990611818966534941	0.08284981065881938389	0.91705630753087030715	6.49564056765229569379	0.97756569290401407191	0.96813405733588642210	0.00059350612958099919	0.00065480163652441542
0.64000000000000001332	0.99990578300700982961	0.08378063317750565620	0.91612514982952386600	6.49412844049525883605	0.97732169452302042334	0.96790624318285234384	0.00059314950935410204	0.00065598793554312368
0.64200000000000001510	0.99990544835287342718	0.08475400391270884737	0.91515144444018237113	6.49257473623317427069	0.97707826110525208829	0.96767926753430710818	0.00059278988609645948	0.00065717351531531661
0.64400000000000001688	0.99990511423327388396	0.08576971887229380143	0.91413539536100107963	6.49097965967696755030	0.97683540921893952103	0.96745339875049563005	0.00059242730266924272	0.00065835836992065514
0.64600000000000001865	0.99990478065442123246	0.08682756941648389626	0.91307721123795859697	6.48934342024043253616	0.97659315510735933419	0.96722975632211505292	0.00059206178076591444	0.00065954249348218702
0.64800000000000002043	0.99990444762242491894	0.08792734229314724814	0.91197710532929976424	6.48766623177808643419	0.97635151496834604590	0.96700778252362151743	0.00059169337237697009	0.00066072588022694095
0.65000000000000002220	0.99990411514343502386	0.08906881967521911025	0.91083529546823549516	6.48594831259386328526	0.97611050520802256081	0.96678680534172201089	0.00059132213489114624	0.00066190852449672329
0.65200000000000002398	0.99990378322345729867	0.09025177919843080376	0.90965200402504697852	6.48418988541650609392	0.97587014218706047419	0.96656687827052567563	0.00059094811236469469	0.00066309042072145265
0.65400000000000002576	0.99990345186836926406	0.09147599399928524333	0.90842745786910261696	6.48239117736185832541	0.97563044222439898601	0.96634805715581961749	0.00059057134907122919	0.00066427156341959507
0.65600000000000002753	0.99990312108391421475	0.09274123275354702323	0.90716188833039101969	6.48055241989477881503	0.97539142160116321101	0.96613039684676760288	0.00059019188952103799	0.00066545194719863719
0.65800000000000002931	0.99990279087571187766	0.09404725971523310302	0.90585553116050077094	6.47867384879018359811	0.97515309656474302713	0.96591394958439846796	0.00058980977846338474	0.00066663156675556392
0.66000000000000003109	0.99990246124926829285	0.09539383475610883900	0.90450862649318020114	6.47675570409420942042	0.97491548333277011640	0.96569876510945829029	0.00058942506088038231	0.00066781041687732467
0.66200000000000003286	0.99990213220996382315	0.09678071340566786473	0.90312141880431373586	6.47479823008417909591	0.97467859809721657527	0.96548489027593498157	0.00058903778198270064	0.00066898849244129003
0.66400000000000003464	0.99990180376307125076	0.09820764689160546568	0.90169415687148823935	6.47280167522870808483	0.97444245702820431188	0.96527237131891607813	0.00058864798718470733	0.00067016578841565949
0.66600000000000003642	0.99990147591376310476	0.09967438218076556111	0.90022709373302067792	6.47076629214691045888	0.97420707627809211004	0.96506125229810690858	0.00058825572210914807	0.00067134229985987782
0.66800000000000003819	0.99990114866709101094	0.10118066202056190395	0.89872048664655102002	6.46869233756736861096	0.97397247198548819735	0.96485157530374487944	0.00058786103258025757	0.00067251802192503838
0.67000000000000003997	0.99990082202801500166	0.10272622498086865506	0.89717459704717106295	6.46658007228672104816	0.97373866027925404243	0.96464338069143362731	0.00058746396461581375	0.00067369294985427004
0.67200000000000004174	0.99990049600138897201	0.10431080549636248533	0.89558969050505388143	6.46442976112748013406	0.97350565728251725606	0.96443670736811093480	0.00058706456441938578	0.00067486707898310879
0.67400000000000004352	0.99990017059195390736	0.10593413390932049367	0.89396603668265695042	6.46224167289562689831	0.97327347911664729985	0.96423159281088433037	0.00058666287837492060	0.00067604040473985864
0.67600000000000004530	0.99989984580436030992	0.10759593651286773752	0.89230390929151826018	6.46001608033794738617	0.97304214190516757910	0.96402807340575469297	0.00058625895303745254	0.00067721292264593357
0.67800000000000004707	0.99989952164314299665	0.10929593559465108910	0.89060358604851519448	6.45775326009839467645	0.97281166177772393500	0.96382618461256230891	0.00058585283512538810	0.00067838462831618432
0.68000000000000004885	0.99989919811273830774	0.11103384948095729179	0.88886534863180377553	6.45545349267465162768	0.97258205487396631739	0.96362596110834686236	0.00058544457151379773	0.00067955551745921196
0.68200000000000005063	0.99989887521747633503	0.11280939258124618452	0.88708948263625553299	6.45311706237391646823	0.97235333734741524747	0.96342743696250821017	0.00058503420922760086	0.00068072558587766721
0.68400000000000005240	0.99989855296160046194	0.11462227543310722633	0.88527627752851878462	6.45074425726845390727	0.97212552536919860646	0.96323064718228046388	0.00058462179542949203	0.00068189482946852615
0.68600000000000005418	0.99989823134923738746	0.11647220474762179365	0.88342602660163804806	6.44833536915068883388	0.97189863513059893130	0.96303563976724637641	0.00058420737736550711	0.00068306324422325721
0.68800000000000005596	0.99989791038440056781	0.11835888345512393660	0.88153902692930241614	6.44589069348782217617	0.97167268284789920507	0.96284244986297251589	0.00058379100245417256	0.00068423082622816550
0.69000000000000005773	0.99989759007103162780	0.12028201075136152332	0.87961557931969391877	6.44341052937615010876	0.97144768476659515422	0.96265110806920151099	0.00058337271825497391	0.00068539757166467547
0.69200000000000005951	0.99989727041293063881	0.12224128214404181292	0.87765598826891344508	6.44089517949480772074	0.97122365716527470081	0.96246164489948771159	0.00058295257244893154	0.00068656347680957333
0.69400000000000006128	0.99989695141136336609	0.12423638949850902835	0.87566056191287977573	6.43834495006876927903	0.97100061636232226636	0.96227394371035857024	0.00058253063537866119	0.00068772853808033070
0.69600000000000006306	0.99989663307228415778	0.12626702108871712404	0.87362961198359645465	6.43576015079141239283	0.97077857870960471143	0.96208832997103155282	0.00058210691023891873	0.00068889275190080852
0.69800000000000006484	0.99989631539915524439	0.12833286164129878437	0.87156345375788324414	6.43314109481016238590	0.97055756060721565248	0.96190468439498044706	0.00058168146716973629	0.00069005611483514799
0.70000000000000006661	0.99989599839533860326	0.13043359238478452466	0.86946240601057711572	6.43048809866767534515	0.97033757850296176173	0.96172303874606313023	0.00058125435422127277	0.00069121862354359052
0.70200000000000006839	0.99989568206406875817	0.13256889109797637127	0.86732679096611897673	6.42780148225368552772	0.97011864889598087291	0.96154342375332246817	0.00058082561954769503	0.00069238027478268590
0.70399999999999995914	0.99989536640848553084	0.13473843215867059575	0.86515693424984174698	6.42508156875694336208	0.96990078834026771659	0.96136587022855879425	0.00058039531137891759	0.00069354106540544375
0.70599999999999996092	0.99989505143160939404	0.13694188659271969155	0.86295316483891248982	6.42232868461666850379	0.96968401344819066257	0.96119040907543384922	0.00057996347801375864	0.00069470099236147124
0.70799999999999996270	0.99989473713634779983	0.13917892212342045100	0.86071581501294991412	6.41954315947385367735	0.96946834089390865330	0.96101707130666791379	0.00057953016781431461	0.00069586005269709991
0.70999999999999996447	0.99989442352549817716	0.14144920322122089829	0.85844522030430248094	6.41672532612197077384	0.96925378741682122197	0.96084588805446069504	0.00057909542919913745	0.00069701824355549813
0.71199999999999996625	0.99989411060174870904	0.14375239115374532917	0.85614171944803041381	6.41387552045765207964	0.96904036982490004970	0.96067689057502902994	0.00057865931063668188	0.00069817556217677149
0.71399999999999996803	0.99989379836769509691	0.14608814403614456268	0.85380565433157606936	6.41099408143121873849	0.96882810499800220416	0.96051011027110111407	0.00057822186063916363	0.00069933200589804984
0.71599999999999996980	0.99989348682584133776	0.14845611688172655196	0.85143736994413998787	6.40808135099818620972	0.96861700989127985650	0.96034558937904290765	0.00057778312731582759	0.00070048757215268153
0.71799999999999997158	0.99989317597853910602	0.15085596165281489611	0.84903721432575096628	6.40513767406521417058	0.96840710153805453775	0.96018334901838398032	0.00057734315969746306	0.00070164225847207647
0.71999999999999997335	0.99989286582803293957	0.15328732731198144168	0.84660553851607689424	6.40216339844151072214	0.96819839705311361300	0.96002342103934135142	0.00057690200638920699	0.00070279606248485485
0.72199999999999997513	0.99989255637644780528	0.15574985987352446548	0.84414269650294770919	6.39915887478802059007	0.96799091363577993707	0.95986583748280196460	0.00057645971601405271	0.00070394898191688301
0.72399999999999997691	0.99989224762577011418	0.15824320245520565043	0.84164904517058869438	6.39612445656615591361	0.96778466857295430970	0.95971063057532457474	0.00057601633720699914	0.00070510101459129700
0.72599999999999997868	0.99989193957789423983	0.16076699533026247990	0.83912494424765982082	6.39306049998679881696	0.96757967924198651222	0.95955783283623519164	0.00057557191860909090	0.00070625215842851519
0.72799999999999998046	0.99989163223458066287	0.16332087597965438963	0.83657075625495203042	6.38996736395839270983	0.96737596311358864387	0.95940747700497841510	0.00057512650886114758	0.00070740241144623753
0.72999999999999998224	0.99989132559748328255	0.16590447914457043255	0.83398684645294085538	6.38684541003550343419	0.96717353775458514420	0.95925959598908627779	0.00057468015659725062	0.00070855177175943205
0.73199999999999998401	0.99989101966815552291	0.16851743687917633552	0.83137358278900774788	6.38369500236672493543	0.96697242083067191931	0.95911422286586600627	0.00057423291043901686	0.00070970023758031009
0.73399999999999998579	0.99989071444803023780	0.17115937860356841838	0.82873133584448688271	6.38051650764404421068	0.96677263010956515643	0.95897139948044862745	0.00057378481849483672	0.00071084780721729975
0.73599999999999998757	0.99989040993837607907	0.17382993115690370534	0.82606047878149979624	6.37731029504475177561	0.96657418346211876337	0.95883114133128766188	0.00057333593032091895	0.00071199447907794157
0.73799999999999998934	0.99989010614036688551	0.17652871885086746095	0.82336138728952545929	6.37407673618450321129	0.96637709886610023702	0.95869349203223297451	0.00057288629397436329	0.00071314025166589030
0.73999999999999999112	0.99988980305505315016	0.17925536352325396883	0.82063443953182679813	6.37081620506270418502	0.96618139440819184038	0.95855848530079512670	0.00057243595796373226	0.00071428512358181779
0.74199999999999999289	0.99988950068337045796	0.18200948459176471972	0.81788001609163740735	6.36752907800938050542	0.96598708828632040557	0.95842615502676165029	0.00057198497075375081	0.00071542909352332533
0.74399999999999999467	0.99988919902614270541	0.18479069910799625354	0.81509849991817551196	6.36421573363195225426	0.96579419881185624153	0.95829653527063196616	0.00057153338075926075	0.00071657216028484384
0.74599999999999999645	0.99988889808405689852	0.18759862181160927297	0.81229027627247274435	6.36087655276182406539	0.96560274441173976623	0.95816966026158023606	0.00057108123633927256	0.00071771432275752236
0.74799999999999999822	0.99988859785768291477	0.19043286518467364421	0.80945573267303749798	6.35751191840092033658	0.96541274363047668849	0.95804556439328480977	0.00057062858579062542	0.00071885557992910356
0.75000000000000000000	0.99988829834749182179	0.19329303950617521268	0.80659525884134319895	6.35412221566790247351	0.96522421513207223853	0.95792428221872927274	0.00057017547734171826	0.00071999593088378701
0.75200000000000000178	0.99988799955380425200	0.19617875290668049248	0.80370924664715903685	6.35070783174428044049	0.96503717770185515334	0.95780584845121718995	0.00056972195914719984	0.00072113537480208143
0.75400000000000000355	0.99988770147685313017	0.19908961142315295678	0.80079809005372959430	6.34726915582042838793	0.96485165024818253521	0.95769029795616666956	0.00056926807928061414	0.00072227391096064270
0.75600000000000000533	0.99988740411673537878	0.20202521905391521151	0.79786218506284922736	6.34380657904162870153	0.96466765180400892987	0.95757766576309799600	0.00056881388572986916	0.00072341153873210242
0.75800000000000000711	0.99988710747341369434	0.20498517781372860291	0.79490192965971528949	6.34032049445340106786	0.96448520152846139997	0.95746798702818469717	0.00056835942639073690	0.00072454825758488386
0.76000000000000000888	0.99988681154675562723	0.20796908778902081782	0.79191772375776470216	6.33681129694757938609	0.96430431870812771677	0.95736129703852779205	0.00056790474906105194	0.00072568406708300591
0.76200000000000001066	0.99988651633650549311	0.21097654719321734529	0.78890996914331656953	6.33327938320758487833	0.96412502275837741461	0.95725763120858931021	0.00056744990143476443	0.00072681896688587546
0.76400000000000001243	0.99988622184226949585	0.21400715242218165679	0.78587906942011864775	6.32972515165382532132	0.96394733322450598667	0.95715702507378819242	0.00056699493109618315	0.00072795295674806784
0.76600000000000001421	0.99988592806355003351	0.21706049810976599246	0.78282542995381232398	6.32614900238905608632	0.96377126978276028701	0.95705951428121649460	0.00056653988551373408	0.00072908603651909536
0.76800000000000001599	0.99988563499972404891	0.22013617718345379615	0.77974945781629534380	6.32255133714369232933	0.96359685224122271219	0.95696513458446408329	0.00056608481203475087	0.00073021820614316486
0.77000000000000001776	0.99988534265004491708	0.22323378092008508422	0.77665156172998839335	6.31893255922086183318	0.96342410054062055380	0.95687392183420305614	0.00056562975787914204	0.00073134946565892316
0.77200000000000001954	0.99988505101142033382	0.22635289899991328788	0.77353215201153679992	6.31529307344979695671	0.96325303475795232000	0.95678575652137043406	0.00056517479335129969	0.00073247981524562575
0.77400000000000002132	0.99988476008501980807	0.22949311956762366571	0.77039164051742548001	6.31163328610353335790	0.96308367509749237545	0.95670098003227654893	0.00056471991944345463	0.00073360925508451262
0.77600000000000002309	0.99988446986970680452	0.23265402928320647047	0.76723044058652489774	6.30795360487327894106	0.96291604190129709284	0.95661947690266635469	0.00056426520571518533	0.00073473778549594298
0.77800000000000002487	0.99988418036425052993	0.23583521337963816999	0.76404896698464286331	6.30425443880330416135	0.96275015564584731642	0.95654128440343866302	0.00056381069879993630	0.00073586540689354288
0.78000000000000002665	0.99988389156729340357	0.23903625571890016466	0.76084763584842107775	6.30053619823525234978	0.96258603694223399128	0.95646643873113668111	0.00056335644519706692	0.00073699211978393701
0.78200000000000002842	0.99988360347735416589	0.24225673884807361058	0.75762686462931094766	6.29679929475342348155	0.96242370653607089981	0.95639497611931534315	0.00056290249124517388	0.00073811792476642733
0.78400000000000003020	0.99988331609283764845	0.24549624405544120953	0.75438707203742316754	6.29304414112925503133	0.96226318530739840540	0.95632693282215053276	0.00056244888311593271	0.00073924282253265915
0.78600000000000003197	0.99988302941204210139	0.24875435142663349097	0.75112867798543847542	6.28927115126656577360	0.96210449427029576253	0.95626234510629160024	0.00056199566680906307	0.00074036681386627733
0.78800000000000003375	0.99988274343312877335	0.25203063990076085554	0.74785210353239817138	6.28548074014576307889	0.96194765457253517127	0.95620124923891014479	0.00056154288814688671	0.00074148989964257107
0.79000000000000003553	0.99988245815417930995	0.25532468732661334210	0.74455777082759255769	6.28167332376944376193	0.96179268749489676971	0.95614368147292894129	0.00056109059276880570	0.00074261208082810866
