0.00000000000000000000	1.00000000000000000000	0.00000000000000000000	1.00000000000000000000	0.00000000000000000000	1.00000000000000022204	0.00005000000000000000	0.00000000000000000000
0.00500000000000000010	1.00000000049964699045	0.00000000050000999725	0.99999999949998974458	0.00001999333378694849	0.99999999957875795875	0.00004995001668939172	0.00004995001668939172
0.01000000000000000021	1.00000000050022630482	0.00000000799721381556	0.99999999200278577582	0.00007992536183512652	1.00000000014982903807	0.00004985015246238112	0.00009980016915177284
0.01499999999999999944	1.00000000050188386780	0.00000004046923208587	0.99999995953076803445	0.00017971221204749041	1.00000000102203534524	0.00004975045297451046	0.00014955062212628330
0.02000000000000000042	1.00000000050461856915	0.00000012784553692942	0.99999987215446295430	0.00031925416986826202	1.00000000219553353276	0.00004965092795229888	0.00019920155007858219
0.02500000000000000139	1.00000000050842796639	0.00000031197254356954	0.99999968802745620167	0.00049843573399873287	1.00000000366945096530	0.00004955158707025055	0.00024875313714883276
0.02999999999999999889	1.00000000051331694451	0.00000064657276570986	0.99999935342723478282	0.00071712567838785326	1.00000000544115463796	0.00004945243995000839	0.00029820557709884116
0.03500000000000000333	1.00000000051928217282	0.00000119719804714214	0.99999880280195296844	0.00097517712047979360	1.00000000750526796267	0.00004935349615952109	0.00034755907325836226
0.04000000000000000083	1.00000000052632387337	0.00000204117688127109	0.99999795882311837136	0.00127242759570191772	1.00000000985245929286	0.00004925476521222155	0.00039681383847058380
0.04499999999999999833	1.00000000053444715320	0.00000326755582950415	0.99999673244417064399	0.00160869913817775472	1.00000001246792358245	0.00004915625656621830	0.00044597009503680212
0.05000000000000000278	1.00000000054365312252	0.00000497703504875701	0.99999502296495157427	0.00198379836765070908	1.00000001532966975581	0.00004905797962349500	0.00049502807466029715
0.05500000000000000028	1.00000000055394266951	0.00000728189793767495	0.99999271810206225020	0.00239751658260532524	1.00000001840653052199	0.00004895994372911978	0.00054398801838941697
0.05999999999999999778	1.00000000056532134529	0.00001030593491057259	0.99998969406508919633	0.00284962985957393916	1.00000002165588863789	0.00004886215817046287	0.00059285017655987980
0.06500000000000000222	1.00000000057779181439	0.00001418436130755396	0.99998581563869248789	0.00333989915861751313	1.00000002502120777237	0.00004876463217641996	0.00064161480873629970
0.07000000000000000666	1.00000000059135674135	0.00001906372944879711	0.99998093627055106847	0.00386807043497031143	1.00000002842923874091	0.00004866737491664273	0.00069028218365294242
0.07499999999999999722	1.00000000060602078911	0.00002510183484057708	0.99997489816515927608	0.00443387475683893265	1.00000003178700791473	0.00004857039550077316	0.00073885257915371557
0.08000000000000000167	1.00000000062178973081	0.00003246761654026318	0.99996753238346036685	0.00503702842934689206	1.00000003497854983436	0.00004847370297768191	0.00078732628213139743
0.08500000000000000611	1.00000000063866800737	0.00004134105168726502	0.99995865894831237330	0.00567723312461659250	1.00000003786134139538	0.00004837730633471058	0.00083570358846610801
0.08999999999999999667	1.00000000065665894944	0.00005191304420672332	0.99994808695579318059	0.00635417601798116214	1.00000004026253730416	0.00004828121449691375	0.00088398480296302180
0.09500000000000000111	1.00000000067577188290	0.00006438530769264660	0.99993561469230762828	0.00706752993031894115	1.00000004197487735169	0.00004818543632630496	0.00093217023928932681
0.10000000000000000555	1.00000000069601102659	0.00007897024247719380	0.99992102975752306104	0.00781695347650388991	1.00000004275239917639	0.00004808998062110011	0.00098026021991042683
0.10499999999999999611	1.00000000071738237573	0.00009589080689289307	0.99990410919310701576	0.00860209121996544264	1.00000004230587324905	0.00004799485611496167	0.00102825507602538851
0.11000000000000000056	1.00000000073989259164	0.00011538038273477822	0.99988461961726537996	0.00942257383335124744	1.00000004029795941385	0.00004790007147624097	0.00107615514750162948
0.11500000000000000500	1.00000000076354789158	0.00013768263492971704	0.99986231736507003021	0.01027801826528664843	1.00000003633814094073	0.00004780563530721808	0.00112396078280884749
0.11999999999999999556	1.00000000078835293849	0.00016305136542060528	0.99983694863457928115	0.01116802791322434388	1.00000002997739612098	0.00004771155614333837	0.00117167233895218588
0.12500000000000000000	1.00000000081431372756	0.00019175036127360887	0.99980824963872683142	0.01209219280237751847	1.00000002070263316334	0.00004761784245244521	0.00121929018140463116
0.13000000000000000444	1.00000000084143492174	0.00022405323701726198	0.99977594676298287002	0.01305008977072959382	1.00000000793084664608	0.00004752450263400817	0.00126681468403863932
0.13500000000000000888	1.00000000086972051783	0.00026024327122296646	0.99973975672877735121	0.01404128266011300981	0.99999999100308045730	0.00004743154501834513	0.00131424622905698435
0.14000000000000001332	1.00000000089917473467	0.00030061323733729660	0.99969938676266312250	0.01506532251334897696	0.99999996917811317942	0.00004733897786583929	0.00136158520692282372
0.14499999999999999001	1.00000000092979801636	0.00034546522877750338	0.99965453477122256931	0.01612174777743947962	0.99999994162591343549	0.00004724680936614877	0.00140883201628897239
0.14999999999999999445	1.00000000096159125107	0.00039511047830270859	0.99960488952169690435	0.01721008451280169396	0.99999990742088817886	0.00004715504763740889	0.00145598706392638128
0.15499999999999999889	1.00000000099454999791	0.00044986917167453064	0.99955013082832500082	0.01832984660853434478	0.99999986553489594865	0.00004706370072542628	0.00150305076465180750
0.16000000000000000333	1.00000000102867159235	0.00051007025562223665	0.99948992974437789183	0.01948053600370383900	0.99999981483000988103	0.00004697277660286558	0.00155002354125467301
0.16500000000000000777	1.00000000106394715260	0.00057605124012903401	0.99942394875987128344	0.02066164291463734939	0.99999975405111696247	0.00004688228316842532	0.00159690582442309839
0.17000000000000001221	1.00000000110035758283	0.00064815799505773479	0.99935184200494231455	0.02187264606820781346	0.99999968181827758595	0.00004679222824600551	0.00164369805266910396
0.17500000000000001665	1.00000000113788911627	0.00072674454113580607	0.99927325545886436231	0.02311301294109495419	0.99999959661887416473	0.00004670261958386520	0.00169040067225296911
0.17999999999999999334	1.00000000117651599574	0.00081217283532173529	0.99918782716467802185	0.02438220000500409407	0.99999949679960664639	0.00004661346485376842	0.00173701413710673747
0.18499999999999999778	1.00000000121620424842	0.00090481255057669248	0.99909518744942371615	0.02567965297782282691	0.99999938055826331773	0.00004652477165012037	0.00178353890875685784
0.19000000000000000222	1.00000000125691168584	0.00100504085006764628	0.99899495914993252654	0.02700480708069353739	0.99999924593532452111	0.00004643654748909216	0.00182997545624595005
0.19500000000000000666	1.00000000129858457321	0.00111324215583046698	0.99888675784416980363	0.02835708730097768332	0.99999909080540871908	0.00004634879980773316	0.00187632425605368321
0.20000000000000001110	1.00000000134115740735	0.00122980791192398345	0.99877019208807582551	0.02973590866108478947	0.99999891286854358796	0.00004626153596307243	0.00192258579201675566
0.20500000000000001554	1.00000000138455358289	0.00135513634210861732	0.99864486365789129074	0.03114067649313723152	0.99999870964129422557	0.00004617476323120735	0.00196876055524796301
0.20999999999999999223	1.00000000142867184749	0.00148963220208598451	0.99851036779791368936	0.03257078671943901271	0.99999847844774070182	0.00004608848880638011	0.00201484904405434305
0.21499999999999999667	1.00000000147340051271	0.00163370652633874078	0.99836629347366157017	0.03402562613871300268	0.99999821641034891684	0.00004600271980004108	0.00206085176385438409
0.22000000000000000111	1.00000000151859680386	0.00178777636961304875	0.99821222363038730752	0.03550457271806954640	0.99999792044070212604	0.00004591746323989999	0.00210676922709428401
0.22500000000000000555	1.00000000156409685204	0.00195226454308920815	0.99804773545691072290	0.03700699589066516054	0.99999758723014142703	0.00004583272606896365	0.00215260195316324763
0.23000000000000000999	1.00000000160970636820	0.00212759934528935568	0.99787240065471127792	0.03853225685900652647	0.99999721324028922886	0.00004574851514456085	0.00219835046830780829
0.23500000000000001443	1.00000000165519620232	0.00231421428777462161	0.99768578571222543694	0.04007970890385204737	0.99999679469353819350	0.00004566483723735395	0.00224401530554516233
0.23999999999999999112	1.00000000170030101110	0.00251254781568780979	0.99748745218431245085	0.04164869769865957999	0.99999632756341860773	0.00004558169903033746	0.00228959700457549969
0.24499999999999999556	1.00000000174470926595	0.00272304302320132635	0.99727695697679918929	0.04323856162952442739	0.99999580756495953793	0.00004549910711782315	0.00233509611169332304
0.25000000000000000000	1.00000000178806414119	0.00294614736393413595	0.99705385263606571833	0.04484863212054830683	0.99999523014498359341	0.00004541706800441241	0.00238051317969773532
0.25500000000000000444	1.00000000182954451589	0.00318231172673073869	0.99681768827326966420	0.04647775201590845923	0.99999458483933478803	0.00004528800575682888	0.00242580118545456403
0.26000000000000000888	1.00000000186863879925	0.00343198936253253295	0.99656801063746747182	0.04812472455441273861	0.99999386471212292626	0.00004511217897311638	0.00247091336442768024
0.26500000000000001332	1.00000000190518933962	0.00369563601080051931	0.99630436398919974827	0.04978881329204938588	0.99999306870480719756	0.00004493730128197683	0.00251585066570965714
0.27000000000000001776	1.00000000193857130348	0.00397371015869378303	0.99602628984130636702	0.05146927714166370238	0.99999219057461097293	0.00004476338593681578	0.00256061405164647281
0.27500000000000002220	1.00000000196807303787	0.00426667271298901852	0.99573332728701124950	0.05316537075404095120	0.99999122370658011238	0.00004459044597561327	0.00260520449762208619
0.28000000000000002665	1.00000000199288985314	0.00457498666793727717	0.99542501333206245828	0.05487634490318798325	0.99999016109955196629	0.00004441849422029288	0.00264962299184237898
0.28500000000000003109	1.00000000201210936801	0.00489911676917276218	0.99510088323082812600	0.05660144687569803462	0.99998899535173990660	0.00004424754327612400	0.00269387053511850301
0.28999999999999998002	1.00000000202470462618	0.00523952917379313671	0.99476047082620633333	0.05833992086407317756	0.99998771864603908099	0.00004407760553115480	0.00273794814064965775
0.29499999999999998446	1.00000000202951500050	0.00559669110673611386	0.99440330889326411512	0.06009100836387908789	0.99998632273505672075	0.00004390869315567443	0.00278185683380533216
0.29999999999999998890	1.00000000202524264026	0.00597107051358197315	0.99402892948641830007	0.06185394857459593221	0.99998479892585734330	0.00004374081810170546	0.00282559765190703747
0.30499999999999999334	1.00000000201042893444	0.00636313570991695662	0.99363686429008335477	0.06362797880402812356	0.99998313806448235752	0.00004357399210252277	0.00286917164400956031
0.30999999999999999778	1.00000000198344629609	0.00677335502739775334	0.99322664497260260141	0.06541233487612845010	0.99998133052021864753	0.00004340822667220036	0.00291257987068176084
0.31500000000000000222	1.00000000194247906649	0.00720219645666256725	0.99279780354333735382	0.06720625154208563490	0.99997936616971516699	0.00004324353310518356	0.00295582340378694420
0.32000000000000000666	1.00000000188550619562	0.00765012728723973856	0.99234987271275998388	0.06900896289452071453	0.99997723438089047843	0.00004307992247588610	0.00299890332626283037
0.32500000000000001110	1.00000000181028214641	0.00811761374461019217	0.99188238625538971416	0.07081970278463108059	0.99997492399669718477	0.00004291740563831220	0.00304182073190114276
0.33000000000000001554	1.00000000171431735474	0.00860512062458573639	0.99139487937541415086	0.07263770524211370094	0.99997242331877189692	0.00004275599322570098	0.00308457672512684388
0.33500000000000001998	1.00000000159485780138	0.00911311092517049816	0.99088688907482969093	0.07446220489769649065	0.99996972009100049128	0.00004259569565019405	0.00312717242077703789
0.34000000000000002442	1.00000000144885747844	0.00964204547607865753	0.99035795452392139104	0.07629243740809818486	0.99996680148300121083	0.00004243652310252457	0.00316960894387956259
0.34500000000000002887	1.00000000127296106989	0.01019238256608689941	0.98980761743391343366	0.07812763988323122299	0.99996365407360032762	0.00004227848555172728	0.00321188742943129008
0.35000000000000003331	1.00000000106347153306	0.01076457756840610951	0.98923542243159390264	0.07996705131545951695	0.99996026383427938367	0.00004212159274486893	0.00325400902217615889
0.35499999999999998224	1.00000000081632922644	0.01135908256426194744	0.98864091743573789817	0.08180991301071098565	0.99995661611270358904	0.00004196585420679808	0.00329597487638295678
0.35999999999999998668	1.00000000052707571641	0.01197634596488011786	0.98802365403511926978	0.08365546902124627870	0.99995269561626221044	0.00004181127923991423	0.00333778615562287106
0.36499999999999999112	1.00000000019083157277	0.01261681213207732806	0.98738318786792256265	0.08550296657987231652	0.99994848639575439897	0.00004165787692395498	0.00337944403254682602
0.36999999999999999556	0.99999999980225795504	0.01328092099766496441	0.98671907900233490896	0.08735165653538702613	0.99994397182920946587	0.00004150565611580093	0.00342094968866262688
0.37500000000000000000	0.99999999935551742158	0.01396910768187788025	0.98603089231812190985	0.08920079378903549017	0.99993913460587680042	0.00004135462544929019	0.00346230431411191728
0.38000000000000000444	0.99999999884425183616	0.01468180211104636208	0.98531819788895347312	0.09104963773175081543	0.99993395671043749928	0.00004120479333508653	0.00350350910744700369
0.38500000000000000888	0.99999999826152818905	0.01541942863473491285	0.98458057136526466735	0.09289745268194654626	0.99992841940748478091	0.00004105616796049274	0.00354456527540749624
0.39000000000000001332	0.99999999759981550440	0.01618240564257709610	0.98381759435742288655	0.09474350832362436747	0.99992250322630249482	0.00004090875728934783	0.00358547403269684388
0.39500000000000001776	0.99999999685092855195	0.01697114518104082467	0.98302885481895885267	0.09658708014455151536	0.99991618794595638064	0.00004076256906190715	0.00362623660175875103
0.40000000000000002220	0.99999999600598710181	0.01778605257036433573	0.98221394742963530344	0.09842744987425942893	0.99990945258084151792	0.00004061761079475354	0.00366685421255350452
0.40500000000000002665	0.99999999505537628952	0.01862752602190792181	0.98137247397809190819	0.10026390592160762394	0.99990227536653131235	0.00004047388978067115	0.00370732810233417561
0.41000000000000003109	0.99999999398869010570	0.01949595625617204023	0.98050404374382771344	0.10209574381165237300	0.99989463374626730285	0.00004033141308863607	0.00374765951542281161
0.41500000000000003553	0.99999999279468576585	0.02039172612173760848	0.97960827387826232560	0.10392226662155318317	0.99988650435780557224	0.00004019018756372073	0.00378784970298653252
0.41999999999999998446	0.99999999146122897642	0.02131521021538904451	0.97868478978461048712	0.10574278541524655128	0.99987786302094794344	0.00004005021982705987	0.00382789992281359253
0.42499999999999998890	0.99999998997523753541	0.02226677450368563446	0.97773322549631402900	0.10755661967660885836	0.99986868472557766108	0.00003991151627582174	0.00386781143908941421
0.42999999999999999334	0.99999998832262959603	0.02324677594625173399	0.97675322405374787049	0.10936309774082626778	0.99985894362044025474	0.00003977408308319104	0.00390758552217260538
0.43499999999999999778	0.99999998648825338954	0.02425556212106096468	0.97574443787893883062	0.11116155722368516179	0.99984861300254723737	0.00003963792619836591	0.00394722344837097113
0.44000000000000000222	0.99999998445583793139	0.02529347085199396689	0.97470652914800648414	0.11295134544849112779	0.99983766530739259792	0.00003950305134656639	0.00398672649971753765
0.44500000000000000666	0.99999998220791974646	0.02636082983895349577	0.97363917016104661872	0.11473181987031881579	0.99982607209989948771	0.00003936946402905739	0.00402609596374659505
0.45000000000000001110	0.99999997972577714389	0.02745795629082534509	0.97254204370917429756	0.11650234849729260156	0.99981380406627506918	0.00003923716952318130	0.00406533313326977626
0.45500000000000001554	0.99999997698936360369	0.02858515656157688961	0.97141484343842321447	0.11826231030859156446	0.99980083100667405116	0.00003910617288240620	0.00410443930615218226
0.46000000000000001998	0.99999997397723527914	0.02974272578978963064	0.97025727421021035202	0.12001109566886937474	0.99978712182885198789	0.00003897647893638421	0.00414341578508856632
0.46500000000000002442	0.99999997066647405841	0.03093094754192518905	0.96906905245807473115	0.12174810673877628497	0.99977264454278724770	0.00003884809229102251	0.00418226387737958855
0.47000000000000002887	0.99999996703261440079	0.03215009345962764609	0.96784990654037239555	0.12347275788126410578	0.99975736625627487086	0.00003872101732856796	0.00422098489470815619
0.47500000000000003331	0.99999996304956795257	0.03340042291136905567	0.96659957708863086800	0.12518447606335555977	0.99974125317168516247	0.00003859525820770196	0.00425958015291585772
0.47999999999999998224	0.99999995868953095446	0.03468218264874667334	0.96531781735125332666	0.12688270125305109448	0.99972427058370150199	0.00003847081886364994	0.00429805097177950787
0.48499999999999998668	0.99999995392291085583	0.03599560646774432882	0.96400439353225553241	0.12856688681104869176	0.99970638287835766889	0.00003834770300830132	0.00433639867478780895
0.48999999999999999112	0.99999994871823705278	0.03734091487527234354	0.96265908512472753156	0.13023649987694585484	0.99968755353313554224	0.00003822591413034388	0.00437462458891815266
0.49499999999999999556	0.99999994304207262541	0.03871831476130265653	0.96128168523869716999	0.13189102174959072000	0.99966774511839362471	0.00003810545549540919	0.00441273004441356149
0.50000000000000000000	0.99999993685892141215	0.04012799907691725482	0.95987200092308244681	0.13352994826124783834	0.99964691930001836617	0.00003798633014623251	0.00445071637455979417
0.50500000000000000444	0.99999993013113896989	0.04157014651914885811	0.95842985348085107944	0.13515279035062963131	0.99962503690538317969	0.00003786855177666627	0.00448858492633646012
0.51000000000000000888	0.99999992281883831602	0.04304492122356484013	0.95695507877643537498	0.13675907463599323854	0.99960205804621760084	0.00003775214463108895	0.00452633707096754875
0.51500000000000001332	0.99999991487978645566	0.04455247246389509169	0.95544752753610462381	0.13834834357183886655	0.99957794193153903795	0.00003763712172069614	0.00456397419268824486
0.52000000000000001776	0.99999990626931423154	0.04609293435785619120	0.95390706564214378105	0.13992015559063553098	0.99955264675560107079	0.00003752348492218747	0.00460149767761043257
0.52500000000000002220	0.99999989694020807729	0.04766642557996073060	0.95233357442003929716	0.14147408543989195562	0.99952612985093736153	0.00003741123588651841	0.00463890891349695057
0.53000000000000002665	0.99999988684260621152	0.04927304908217486346	0.95072695091782521981	0.14300972451100563143	0.99949834770000955952	0.00003730037603926565	0.00467620928953621593
0.53500000000000003109	0.99999987592390560120	0.05091289182274678915	0.94908710817725394637	0.14452668115954880879	0.99946925594836744100	0.00003719090658100577	0.00471340019611722182
0.54000000000000003553	0.99999986412863817176	0.05258602450352822810	0.94741397549647143883	0.14602458101665333201	0.99943880941934937212	0.00003708282848770712	0.00475048302460492899
0.54500000000000003997	0.99999985139837499482	0.05429250131611074170	0.94570749868388992443	0.14750306729115680859	0.99940696213037738538	0.00003697614251113484	0.00478745916711606403
0.55000000000000004441	0.99999983767161770842	0.05603235969709624564	0.94396764030290358782	0.14896180106217180028	0.99937366731078725035	0.00003687084917927141	0.00482433001629533568
0.55500000000000004885	0.99999982288367794681	0.05780562009282048247	0.94219437990717957998	0.15040046156174552427	0.99933887742132798682	0.00003676694879674985	0.00486109696509208575
0.56000000000000005329	0.99999980696657653212	0.05961228573384524249	0.94038771426615519466	0.15181874644727377799	0.99930254417516473087	0.00003666444144530543	0.00489776140653739103
0.56500000000000005773	0.99999978984892168299	0.06145234241953287380	0.93854765758046698743	0.15321637206334076664	0.99926461856065240674	0.00003656332698423906	0.00493432473352163007
0.57000000000000006217	0.99999977145579777016	0.06332575831301462399	0.93667424168698554254	0.15459307369265865018	0.99922505086556079323	0.00003646360505090124	0.00497078833857253141
0.57500000000000006661	0.99999975170865318397	0.06523248374685863826	0.93476751625314180583	0.15594860579577740634	0.99918379070309637502	0.00003636527506118988	0.00500715361363372139
0.57999999999999996003	0.99999973052518031924	0.06717245103974280040	0.93282754896025732450	0.15728274223925023390	0.99914078703938224990	0.00003626833621006862	0.00504342194984378975
0.58499999999999996447	0.99999970781920732854	0.06914557432443149687	0.93085442567556830884	0.15859527651193541797	0.99909598822271172835	0.00003617278747210098	0.00507959473731589041
0.58999999999999996891	0.99999968350056789301	0.07115174938734988852	0.92884825061265030577	0.15988602192912126920	0.99904934201430839469	0.00003607862760200583	0.00511567336491789652
0.59499999999999997335	0.99999965747500385582	0.07319085352004790768	0.92680914647995216171	0.16115481182417343287	0.99900079562071275596	0.00003598585513523214	0.00515165922005312877
0.59999999999999997780	0.99999962964403243948	0.07526274538283631022	0.92473725461716360652	0.16240149972739559292	0.99895029572779758809	0.00003589446838855393	0.00518755368844168313
0.60499999999999998224	0.99999959990484221795	0.07736726488087425357	0.92263273511912591296	0.16362595953181777175	0.99889778853626332022	0.00003580446546068789	0.00522335815390237088
0.60999999999999998668	0.99999956815017165823	0.07950423305298008614	0.92049576694702028856	0.16482808564561507447	0.99884321979875423381	0.00003571584423293280	0.00525907399813530397
0.61499999999999999112	0.99999953426819321312	0.08167345197343124641	0.91832654802656965565	0.16600779313088234734	0.99878653485842161519	0.00003562860236983249	0.00529470260050513616
0.61999999999999999556	0.99999949814240973733	0.08387470466701010818	0.91612529533299014162	0.16716501782848769420	0.99872767868901579646	0.00003554273731986345	0.00533024533782499969
0.62500000000000000000	0.99999945965152925442	0.08610775503754779236	0.91389224496245258234	0.16829971646873886915	0.99866659593639439674	0.00003545824631613988	0.00536570358414113942
0.63000000000000000444	0.99999941866936681301	0.08837234781020597563	0.91162765218979424642	0.16941186676760669472	0.99860323096142766808	0.00003537512637718035	0.00540107871051831966
0.63500000000000000888	0.99999937506472502680	0.09066820848773138319	0.90933179151226839476	0.17050146750825609376	0.99853752788430472087	0.00003529337430763495	0.00543637208482595450
0.64000000000000001332	0.99999932870129470963	0.09299504332090731407	0.90700495667909319941	0.17156853860764403885	0.99846943063012660868	0.00003521298669910431	0.00547158507152505861
0.64500000000000001776	0.99999927943754696180	0.09535253929341601375	0.90464746070658419441	0.17261312116795907157	0.99839888297574008735	0.00003513395993095835	0.00550671903145601681
0.65000000000000002220	0.99999922712662825397	0.09774036412131781315	0.90225963587868229787	0.17363527751267934796	0.99832582859783403073	0.00003505629017119013	0.00554177532162720716
0.65500000000000002665	0.99999917161626594719	0.10015816626733936578	0.89984183373266024564	0.17463509120704343025	0.99825021112215284180	0.00003497997337730219	0.00557675529500450962
0.66000000000000003109	0.99999911274866815081	0.10260557497015641848	0.89739442502984356764	0.17561266706273764848	0.99817197417377534485	0.00003490500529722595	0.00561166030030173582
0.66500000000000003553	0.99999905036043656992	0.10508220028884057706	0.89491779971115992254	0.17656813112661220999	0.99809106142847925369	0.00003483138147027385	0.00564649168177200952
0.67000000000000003997	0.99999898428246691839	0.10758763317595690379	0.89241236682404245784	0.17750163064601925944	0.99800690592289731384	0.00003475911300399494	0.00568125079477600423
0.67500000000000004441	0.99999840073872603430	0.11012144551430164130	0.88987855448569808114	0.17841333404594428291	0.99792043842523747710	0.00003468816446951779	0.00571593895924552182
0.68000000000000004885	0.99999777809573153764	0.11268319024492448599	0.88731680975507676301	0.17930343084875691173	0.99783112501096171698	0.00003461854561641021	0.00575055750486193167
0.68500000000000005329	0.99999711414360004103	0.11527240146173299562	0.88472759853826687948	0.18017213160390083138	0.99773891000049741429	0.00003455025116181486	0.00578510775602374648
0.69000000000000005773	0.99999640657309385450	0.11788859453391301035	0.88211140546608701740	0.18101966779443640077	0.99764373803167605281	0.00003448327561962102	0.00581959103164336744
0.69500000000000006217	0.99999565297254555674	0.12053126624427938640	0.87946873375572054421	0.18184629172677388431	0.99754555411554579614	0.00003441761330164783	0.00585400864494501488
0.70000000000000006661	0.99999485082474348641	0.12319989494363854654	0.87680010505636152285	0.18265227640351378025	0.99744430369274750259	0.00003435325831886917	0.00588836190326388377
0.70499999999999996003	0.99999399750381312568	0.12589394072122755963	0.87410605927877194077	0.18343791537931672386	0.99733993269019660666	0.00003429020458268232	0.00592265210784656635
0.70999999999999996447	0.99999309027206595424	0.12861284559127880711	0.87138715440872138718	0.18420352259974495657	0.99723238757813237321	0.00003422844580622321	0.00595688055365278975
0.71499999999999996891	0.99999212627682920740	0.13135603369574341825	0.86864396630425622092	0.18494943222303156238	0.99712161542728017238	0.00003416797550572754	0.00599104852915851704
0.71999999999999997335	0.99999110254725576130	0.13412291152319549825	0.86587708847680355806	0.18567599842475338012	0.99700756396620537902	0.00003410878700193943	0.00602515731616045606
0.72499999999999997780	0.99999111602856816106	0.13691283116298250122	0.86307923869514890924	0.18638310827865797736	0.99715712617218554836	0.00003405576792789937	0.00605921308408835513
0.72999999999999998224	0.99999112965212733073	0.13972628568938785798	0.86026579779231526768	0.18707322675841994708	0.99705201911799734571	0.00003399943060500544	0.00609321251469336061
0.73499999999999998668	0.99999114336984307183	0.14256156364230870848	0.85743053355712317565	0.18774529947562948462	0.99694424626072086770	0.00003394436906231815	0.00612715688375567880
0.73999999999999999112	0.99999115712820574320	0.14541800222398426623	0.85457410873382588790	0.18839976645339254202	0.99683378570215652736	0.00003389057642141927	0.00616104746017709804
0.74499999999999999556	0.99999117086786348807	0.14829492216782833025	0.85169720252965241958	0.18903708692094878252	0.99672061695879154986	0.00003383804562826517	0.00619488550580536354
0.75000000000000000000	0.99999118452341806407	0.15119162804491659280	0.84880051030813075119	0.18965773903179813931	0.99660472100657615524	0.00003378676945476094	0.00622867227526012479
0.75500000000000000444	0.99999119802310287852	0.15410740858611676751	0.84588474326662688174	0.19026221956510963595	0.99648608032355456832	0.00003373674049777879	0.00626240901575790369
0.76000000000000000888	0.99999121128859247420	0.15704153701980017033	0.84295062809844467644	0.19085104361049640143	0.99636467892966740223	0.00003368795117568065	0.00629609696693358457
0.76500000000000001332	0.99999122423453634667	0.15999327142495428644	0.83999890663924869916	0.19142474423630259639	0.99624050242554729184	0.00003364039373002227	0.00632973736066360683
0.77000000000000001776	0.99999123676845846909	0.16296185509965321891	0.83703033549848260275	0.19198387214176584892	0.99611353803048396927	0.00003359406023241806	0.00636333142089602448
0.77500000000000002220	0.99999124879035161673	0.16594651694464315761	0.83404568567539771884	0.19252899529302303083	0.99598377461787435116	0.00003354894258885770	0.00639688036348488257
0.78000000000000002665	0.99999126019240924812	0.16894647186192515709	0.83104574216018500810	0.19306069854312163381	0.99585120274909844085	0.00003350503254147722	0.00643038539602635954
0.78500000000000003109	0.99999127085862982156	0.17196092116811959039	0.82803130352021914184	0.19357958323617954766	0.99571581470507963818	0.00003346232167037207	0.00646384771769673190
0.79000000000000003553	0.99999128066463183195	0.17498905302246006710	0.82500318147188878015	0.19408626679594631614	0.99557760451575771921	0.00003342080139545587	0.00649726851909218812
0.79500000000000003997	0.99999128947716975357	0.17803004286910165122	0.82196220043779333331	0.19458138229887406156	0.99543656798767410354	0.00003338046297835288	0.00653064898207054122
0.80000000000000004441	0.99999129715392476303	0.18108305389361400994	0.81890919709004184046	0.19506557803204951917	0.99529270272960046473	0.00003334129752432473	0.00656399027959486594
0.80500000000000004885	0.99999130354312404378	0.18414723749331840530	0.81584501987954494151	0.19553951703614133595	0.99514600817527487653	0.00003330329598426198	0.00659729357557912750
0.81000000000000005329	0.99999130848313122488	0.18722173376121692412	0.81277052855165832224	0.19600387663365353985	0.99499648560462417013	0.00003326644915669005	0.00663056002473581731
0.81500000000000005773	0.99999131180220546256	0.19030567198326886480	0.80968659364868378336	0.19645934794281769142	0.99484413816225047977	0.00003323074768984085	0.00666379077242565832
0.82000000000000006217	0.99999131331799118172	0.19339817114861115877	0.80659409599912945676	0.19690663537732697175	0.99468897087356011877	0.00003319618208376104	0.00669698695450941968
0.82500000000000006661	0.99999131283721909291	0.19649834047249561952	0.80349392619447002062	0.19734645613233112171	0.99453099065871874984	0.00003316274269246232	0.00673014969720188167
0.83000000000000007105	0.99999131015533548883	0.19960527993154666970	0.80038698405353314591	0.19777953965697828154	0.99437020634420159038	0.00003313041972612403	0.00676328011692800546
0.83499999999999996447	0.99999130505605082764	0.20271808081097111853	0.79727417807482070522	0.19820662711384243182	0.99420662867144771191	0.00003309920325334309	0.00679637932018134841
0.83999999999999996891	0.99999129731098601592	0.20583582626338228772	0.79415642487733739685	0.19862847082565504575	0.99404027030348707239	0.00003306908320342990	0.00682944840338477795
0.84499999999999997335	0.99999128667925607505	0.20895759187881521313	0.79103464863016315078	0.19904583370969625156	0.99387114582895552672	0.00003304004936875611	0.00686248845275353424
0.84999999999999997780	0.99999127290697409354	0.21208244626551303602	0.78790978047117010696	0.19945948870024196586	0.99369927176329364560	0.00003301209140715534	0.00689550054416068932
0.85499999999999998224	0.99999125572693803310	0.21520945164111554559	0.78478275791551399543	0.19987021815954408854	0.99352466654791249390	0.00003298519884435446	0.00692848574300504363
0.85999999999999998668	0.99999123485808982803	0.21833766443372573662	0.78165452425403669778	0.20027881327770688524	0.99334735054622191885	0.00003295936107650028	0.00696144510408154386
0.86499999999999999112	0.99999121000504453960	0.22146613589244787401	0.77852602794224412541	0.20068607346196265517	0.99316734603773315637	0.00003293456737269171	0.00699437967145423532
0.86999999999999999556	0.99999118085775795528	0.22459391270695544529	0.77539822198042385182	0.20109280571584609021	0.99298467720927385827	0.00003291080687759577	0.00702729047833183101
0.87500000000000000000	0.99999114709095793252	0.22772003763549930611	0.77227206328504804933	0.20149982400866162102	0.99279937014339592061	0.00003288806861410854	0.00706017854694593935
0.88000000000000000444	0.99999110836365467936	0.23084355014093993486	0.76914851205226342223	0.20190794863582911534	0.99261145280477725006	0.00003286634148607226	0.00709304488843201172
0.88500000000000000888	0.99999106431871109812	0.23396348703427313764	0.76602853111394553220	0.20231800557060747314	0.99242095502386995509	0.00003284561428104511	0.00712589050271305712
0.89000000000000001332	0.99999101458225758687	0.23707888312506297801	0.76291308528665791044	0.20273082580768372885	0.99222790847801189962	0.00003282587567313783	0.00715871637838619464
0.89500000000000001776	0.99999095876330057475	0.24018877187833012621	0.75980314071437848877	0.20314724469925521388	0.99203234666993655999	0.00003280711422589498	0.00719152349261209002
0.90000000000000002220	0.99999089645309680030	0.24329218607723573919	0.75669966420520917705	0.20356810128407404337	0.99183430490436919058	0.00003278931839523910	0.00722431281100732910
0.90500000000000002665	0.99999082722466270390	0.24638815849106265876	0.75360362256288149219	0.20399423761009083389	0.99163382026128910063	0.00003277247653248277	0.00725708528753981220
0.91000000000000003109	0.99999075063225273396	0.24947572254788852320	0.75051598191357127288	0.20442649805126619778	0.99143093156783690389	0.00003275657688738097	0.00728984186442719305
0.91500000000000003553	0.99999066621079579775	0.25255391301134777482	0.74743770702857503796	0.20486572861913612820	0.99122567936705108238	0.00003274160761126052	0.00732258347203845316
0.92000000000000003997	0.99999057347532815943	0.25562176666088048949	0.74436976064348592264	0.20531277626974858697	0.99101810588456773488	0.00003272755676019948	0.00735531102879865249
0.92500000000000004441	0.99999047192047707533	0.25867832297487847182	0.74131310277454243174	0.20576848820661591821	0.99080825499325231309	0.00003271441229843139	0.00738802544109708366
0.93000000000000004885	0.99999036101984040137	0.26172262481604863238	0.73826869003263106972	0.20623371118025393689	0.99059617217559703395	0.00003270216210117820	0.00742072760319826153
0.93500000000000005329	0.99999024022543603341	0.26475371911841460992	0.73523747493574032053	0.20670929078502092713	0.99038190448355933881	0.00003269079395846451	0.00745341839715672576
0.94000000000000005773	0.99999010896711471030	0.26777065757529067147	0.73222040522042142197	0.20719607075386944905	0.99016550049660434496	0.00003268029557839654	0.00748609869273512193
0.94500000000000006217	0.99998996665196182576	0.27077249732754643530	0.72921842315287577208	0.20769489225165646551	0.98994701027758102985	0.00003267065459064670	0.00751876934732576864
0.95000000000000006661	0.99998981266370789989	0.27375830165157238882	0.72623246484044889915	0.20820659316772738290	0.98972648532672191646	0.00003266185854999598	0.00755143120587576430
0.95500000000000007105	0.99998964636210407875	0.27672714064620385077	0.72326345954405479866	0.20873200740839412126	0.98950397853359983724	0.00003265389493993917	0.00758408510081570383
0.95999999999999996447	0.99998946708233160674	0.27967809191799625212	0.72031232899232455757	0.20927196419003724071	0.98927954412712959531	0.00003264675117635314	0.00761673185199205661
0.96499999999999996891	0.99998927413439375744	0.28261024126412914725	0.71737998669806357643	0.20982728733348257610	0.98905323762429941947	0.00003264041461121086	0.00764937226660326788
0.96999999999999997335	0.99998906667916553914	0.28552268334308039677	0.71446733716369403844	0.21039879450486695389	0.98882511577615495035	0.00003263487253637843	0.00768200713913964623
0.97499999999999997780	0.99998884819961331161	0.28841458860546409504	0.71157521342154972377	0.21098043945906316821	0.98226832976809430598	0.00003266925600419207	0.00771467639514383796
0.97999999999999998224	0.99998861727099175312	0.29128513908742781346	0.70870443201074106998	0.21157942274935973015	0.98185934689282394761	0.00003266725114447546	0.00774734364628831308
0.98499999999999998668	0.99998837291249764725	0.29413346670718715226	0.70585586003225631035	0.21219651990983329215	0.98144520720233296984	0.00003266608249539043	0.00778000972878370358
0.98999999999999999112	0.99998811412286103817	0.29695871492001213454	0.70303035302954708374	0.21283249725378192152	0.98102604096710765980	0.00003266573952408517	0.00781267546830778821
0.99499999999999999556	0.99998783987717854149	0.29976003936006667683	0.70022875434354725499	0.21348811119725402685	0.98060197483901234694	0.00003266621167823793	0.00784534167998602629
1.00000000000000000000	0.99998754912427767483	0.30253660847492569452	0.69745189447550914874	0.21416410758969617323	0.98017313267489647455	0.00003266748838987557	0.00787800916837590182
1.00500000000000011546	0.99998724078439604757	0.30528760415204603262	0.69470059045821686006	0.21486122105234012336	0.97973963619576731610	0.00003266955907896183	0.00791067872745486282
1.01000000000000000888	0.99998691374710468871	0.30801222233648234416	0.69197564523617693943	0.21558017432497339483	0.97930160551662703838	0.00003267241315676478	0.00794335114061162778
1.01500000000000012434	0.99998656686948839134	0.31070967363919754778	0.68927784705551675692	0.21632167762177900716	0.97885915956943359006	0.00003267604002909658	0.00797602718064072472
1.02000000000000001776	0.99998619897444007698	0.31337918393522795624	0.68660796886408748119	0.21708642799686272973	0.97841241644191934146	0.00003268042909939325	0.00800870760974011810
1.02499999999999991118	0.99998580884921495215	0.31601999495111698923	0.68396676772259412669	0.21787510872019127950	0.97796149364552564798	0.00003268556977170570	0.00804139317951182465
1.03000000000000002665	0.99998539524395224642	0.31863136484086862499	0.68135498422718676625	0.21868838866453801928	0.97750650832620045172	0.00003269145145358514	0.00807408463096541060
1.03499999999999992006	0.99998495687048050140	0.32121256874984638330	0.67877334194431748760	0.21952692170415127881	0.97704757742881975791	0.00003269806355888097	0.00810678269452429212
1.04000000000000003553	0.99998449240107034619	0.32376289936592100860	0.67622254685839044974	0.22039134612576194439	0.97658481782103212510	0.00003270539551048322	0.00813948809003477505
1.04499999999999992895	0.99998400046731195090	0.32628166745726649989	0.67370328683282121318	0.22128228405259361966	0.97611834638568628630	0.00003271343674298165	0.00817220152677775730
1.05000000000000004441	0.99998347965910405755	0.32876820239618137487	0.67121623108519690160	0.22220034088201620626	0.97564828008530746217	0.00003272217670527596	0.00820492370348303336
1.05499999999999993783	0.99998292852362513639	0.33122185266832504524	0.66876202967705145053	0.22314610473746879227	0.97517473600408122181	0.00003273160486313128	0.00823765530834616455
1.06000000000000005329	0.99998234556440124265	0.33364198636674741172	0.66634131301884458320	0.22412014593525483863	0.97469783137054644140	0.00003274171070167217	0.00827039701904783674
1.06499999999999994671	0.99998172924043282617	0.33602799167020180882	0.66395469139083573840	0.22512301646686530554	0.97421768356418958490	0.00003275248372784065	0.00830314950277567798
1.07000000000000006217	0.99998107796531621183	0.33837927730507261215	0.66160275448022609623	0.22615524949735735238	0.97373441010839500986	0.00003276391347279924	0.00833591341624847701
1.07499999999999995559	0.99998039010646633251	0.34069527299046958868	0.65928607093532487493	0.22721735888043648188	0.97324812865187448896	0.00003277598949429447	0.00836868940574277131
1.08000000000000007105	0.99997966398431703539	0.34297542986585832780	0.65700518793708906351	0.22830983869075446857	0.97275895694056002672	0.00003278870137897050	0.00840147810712174245
1.08499999999999996447	0.99997889787161653441	0.34521922090079365519	0.65476063078872503986	0.22943316277402267533	0.97226701278131899553	0.00003280203874464423	0.00843428014586638727
1.09000000000000007994	0.99997808999270410002	0.34742614128615845193	0.65255290252367459392	0.23058778431542212295	0.97177241399879210615	0.00003281599124253948	0.00846709613710892699
1.09499999999999997335	0.99997723852286024560	0.34959570880652030000	0.65038248353265792900	0.23177413542688160564	0.97127527838661109616	0.00003283054855947835	0.00849992668566840540
1.10000000000000008882	0.99997634158767312318	0.35172746419305589427	0.64824983121007784259	0.23299262675367768405	0.97077572365376751939	0.00003284570042003453	0.00853277238608843996
1.10499999999999998224	0.99997539726242579139	0.35382097145665258875	0.64615537962033131603	0.23424364710086231778	0.97027386736740794948	0.00003286143658864313	0.00856563382267708229
1.11000000000000009770	0.99997440359130806975	0.35587581761415421067	0.64409953979076595143	0.23552756455515752587	0.96976570949368301466	0.00003287765611638226	0.00859851147879346460
1.11499999999999999112	0.99997335851842983345	0.35789161473895131360	0.64208269759209501970	0.23684472163264624900	0.96925937025067199215	0.00003289452773862939	0.00863140600653209376
1.12000000000000010658	0.99997225996453742436	0.35986799847828737642	0.64010521529781660988	0.23819543957024097436	0.96875107416430983331	0.00003291195318540360	0.00866431795971749769
1.12500000000000000000	0.99997110579800974062	0.36180462888504155705	0.63816743072343096177	0.23958001647665264078	0.96824093742615457980	0.00003292992240477753	0.00869724788212227450
1.13000000000000011546	0.99996989383439416343	0.36370119064562256295	0.63626965699808168964	0.24099872706457745042	0.96772907588769552234	0.00003294842539332363	0.00873019630751559889
1.13500000000000000888	0.99996862183604817709	0.36555739328580000302	0.63441218235834395678	0.24245182240492510473	0.96721560487134150552	0.00003296745219944900	0.00876316375971504871
1.14000000000000012434	0.99996728751171981564	0.36737297135415286631	0.63259526996438886215	0.24393952970361185151	0.96670063910214609759	0.00003298699292524629	0.00879615075264029468
1.14500000000000001776	0.99996588851624756966	0.36914768458289304309	0.63081915773884400522	0.24546205210122748475	0.96618429264005001311	0.00003300703772828797	0.00882915779036858202
1.15000000000000013323	0.99996442245024952378	0.37088131802580137641	0.62908405822854274181	0.24701956849584358333	0.96566667881207868263	0.00003302757682340700	0.00886218536719198847
1.15500000000000002665	0.99996288685991274736	0.37257368217309005942	0.62739015848944923448	0.24861223338921856207	0.96514791014533374280	0.00003304860048442407	0.00889523396767641188
1.15999999999999992006	0.99996127923670763415	0.37422461304295207007	0.62573761999484867058	0.25024017675659754323	0.96462809830104367936	0.00003307009904583948	0.00892830406672225074
1.16500000000000003553	0.99995959701725567470	0.37583397224968723149	0.62412657856705666681	0.25190350394032834380	0.96410735400934377548	0.00003309206290449217	0.00896139612962674331
1.16999999999999992895	0.99995783758314393808	0.37740164704822448671	0.62255714433273123820	0.25360229556743302259	0.96358578700570907127	0.00003311448252117302	0.00899451061214791639
1.17500000000000004441	0.99995599826088121809	0.37892755035498631999	0.62102940170194920189	0.25533660749130687728	0.96306350596845446965	0.00003313734842221053	0.00902764796057012667
1.17999999999999993783	0.99995407632176580570	0.38041162074493689582	0.61954340937104956932	0.25710647075760828528	0.96254061845816651921	0.00003316065120100907	0.00906080861177113554
1.18500000000000005329	0.99995411799188116397	0.38185509713469473203	0.61809997465145327666	0.25891380458822904620	0.96219789626142393502	0.00003318950101862830	0.00909399811278976435
1.18999999999999994671	0.99995416005735593412	0.38325676682544407292	0.61669834702622006173	0.26075678581341599216	0.96157285631188826880	0.00003321378101607890	0.00912721189380584323
1.19500000000000006217	0.99995420246693500488	0.38461664533272671429	0.61533851092855507137	0.26263537934281688813	0.96094480303289697698	0.00003323846229128660	0.00916045035609712975
1.19999999999999995559	0.99995424516617148480	0.38593477340194687342	0.61402042555861391371	0.26454952577484935894	0.96031415494099092722	0.00003326353530947510	0.00919371389140660571
1.20500000000000007105	0.99995428809710729112	0.38721121688178350428	0.61274402500975200248	0.26649914156655263309	0.95968105578752305185	0.00003328899021670009	0.00922700288162330538
1.20999999999999996447	0.99995433119794951971	0.38844606657232816360	0.61150921842008965079	0.26848411915589509569	0.95904565106491490578	0.00003331481720701115	0.00926031769883031708
1.21500000000000007994	0.99995437440288126307	0.38963943805001394205	0.61031589014737630539	0.27050432710776867173	0.95840808792645049152	0.00003334100652407226	0.00929365870535438926
1.21999999999999997335	0.99995441766881265622	0.39079147147538878526	0.60916389998797682015	0.27255961029624209413	0.95776851510221228114	0.00003336754846281406	0.00932702625381720378
1.22500000000000008882	0.99995446092333040156	0.39190233136830587846	0.60805308334961549743	0.27464978933731093447	0.95712823700465343713	0.00003339443794718484	0.00936042069176438833
1.22999999999999998224	0.99995450408923880481	0.39297220634814389317	0.60698325153572740831	0.27677466619739432563	0.95648987720997113993	0.00003342163167668134	0.00939384232344107027
1.23500000000000009770	0.99995454708417219614	0.39400130885966577754	0.60595419201917877228	0.27893401640194892543	0.95585023576825312031	0.00003344914525611044	0.00942729146869718086
1.23999999999999999112	0.99995458982007312532	0.39498987490420323088	0.60496566871058554682	0.28112759267352210868	0.95520945786360123009	0.00003347696925199083	0.00946076843794917133
1.24500000000000010658	0.99995463220287672534	0.39593816373019374844	0.60401742226744437048	0.28335512521718325685	0.95456769093108340130	0.00003350509427155149	0.00949427353222072334
1.25000000000000000000	0.99995467413209693230	0.39684645750220992610	0.60310917042468192850	0.28561632202742381903	0.95392508430925304630	0.00003353351096774157	0.00952780704318846421
1.25500000000000011546	0.99995471550047765330	0.39771506094891950767	0.60224060834639281392	0.28791086921630859585	0.95328178893396653404	0.00003356221004358922	0.00956136925323205350
1.26000000000000000888	0.99995475619368134890	0.39854430099030874191	0.60141140899824629962	0.29023843136251559205	0.95263795706468668012	0.00003359118225602068	0.00959496043548807402
1.26500000000000012434	0.99995479608983728337	0.39933452634459476460	0.60062122354015989867	0.29259865188092737398	0.95199374203256781346	0.00003362041841930516	0.00962858085390738000
1.27000000000000001776	0.99995483505928939305	0.40008610711533570958	0.59986968173890509171	0.29499115341241982646	0.95134929800663026178	0.00003364990940815456	0.00966223076331553486
1.27500000000000013323	0.99995487296415763723	0.40079943435912090965	0.59915639240002072086	0.29741553823336319695	0.95070477977228673439	0.00003367964616057473	0.00969591040947610956
1.28000000000000002665	0.99995490965799871397	0.40147491963437709206	0.59848094381863958802	0.29987138868442392292	0.95006034251967463877	0.00003370961968050476	0.00972962002915661421
1.28499999999999992006	0.99995494498547665696	0.40211299453182675068	0.59784290424869956926	0.30235826761817402586	0.94941614163841059337	0.00003373982104028469	0.00976335985019689823
1.29000000000000003553	0.99995497878198769115	0.40271411018708852536	0.59724182238998424488	0.30487571886498404661	0.94877233251823878124	0.00003377024138297280	0.00979713009157987154
1.29499999999999992895	0.99995501087334726087	0.40327873677602565916	0.59667722789243304859	0.30742326771667755070	0.94812907035289117896	0.00003380087192455520	0.00983093096350442716
1.30000000000000004441	0.99995504107541144379	0.40380736299339736739	0.59614863187715994020	0.31000042142737788131	0.94748650994796690394	0.00003383170395603861	0.00986476266746046625
1.30499999999999993783	0.99995506919378673860	0.40430049551541752395	0.59565552747354322261	0.31260666973094947130	0.94684480553116434631	0.00003386272884545387	0.00989862539630591981
1.31000000000000005329	0.99995509502349189113	0.40475865844687403117	0.59519739037181451646	0.31524148537445723095	0.94620411056465703048	0.00003389393803979417	0.00993251933434571334
1.31499999999999994671	0.99995511834868788803	0.40518239275342649020	0.59477367939047598444	0.31790432466699120040	0.94556457756069889342	0.00003392532306686991	0.00996644465741258409
1.32000000000000006217	0.99995513894231158325	0.40557225567971233460	0.59438383705783659483	0.32059462804318744622	0.94492635789944989799	0.00003395687553710366	0.01000040153294968689
1.32499999999999995559	0.99995515656585842734	0.40592882015401526852	0.59402729020709421626	0.32331182064083197059	0.94428960164952258083	0.00003398858714528429	0.01003439012009497110
1.33000000000000007105	0.99995517096909969368	0.40625267418014388010	0.59370345058421847284	0.32605531289182121402	0.94365445739259978808	0.00003402044967225333	0.01006841056976722458
1.33499999999999996447	0.99995518188979959362	0.40654442021721276523	0.59341171546786442015	0.32882450112576727674	0.94302107205095997422	0.00003405245498656395	0.01010246302475378832
1.34000000000000007994	0.99995518905348623750	0.40680467454808649785	0.59315146830068388173	0.33161876818555036106	0.94238959071967820513	0.00003408459504609120	0.01013654761979987905
1.34499999999999997335	0.99995519217325168349	0.40703406663724783776	0.59292207933129126296	0.33443748405409806645	0.94176015650344957475	0.00003411686189962055	0.01017066448169949913
1.35000000000000008882	0.99995519094948048799	0.40723323847874820514	0.59272290626601986663	0.33728000649156986146	0.94113291035843016363	0.00003414924768839851	0.01020481372938789738
1.35499999999999998224	0.99995518506970437755	0.40740284393512304906	0.59255329492986275053	0.34014568168227360401	0.94050799094004267076	0.00003418174464766771	0.01023899547403556501
1.36000000000000009770	0.99995517420843682554	0.40754354806623449559	0.59241257993746876398	0.34303384538349163124	0.93988569988168013669	0.00003421434118589369	0.01027320981522145821
1.36499999999999999112	0.99995515802696555152	0.40765602645216109101	0.59230008537005884861	0.34594382268554602078	0.93926602939289971506	0.00003424703299484876	0.01030745684821630752
1.37000000000000010658	0.99995513617318576571	0.40774096451125474427	0.59221512545716825660	0.34887492903630878960	0.93864909100555427024	0.00003427981305775250	0.01034173666127406049
1.37500000000000000000	0.99995510828146549898	0.40779905681073619350	0.59215700526593539887	0.35182647097662139712	0.93803501275265532833	0.00003431267399731914	0.01037604933527138014
1.38000000000000011546	0.99995507397252603177	0.40783100637195057736	0.59212502139574818560	0.35479774682373937944	0.93742391969695038068	0.00003434560853791826	0.01041039494380929797
1.38500000000000000888	0.99995503285332409948	0.40783752397127143174	0.59211846267718404313	0.35778804735962882466	0.93681593381880690075	0.00003437860950711015	0.01044477355331640753
1.39000000000000012434	0.99995498451692865771	0.40781932743752441484	0.59213661087449387388	0.36079665652332787440	0.93621117391288000142	0.00003441166983717522	0.01047918522315358265
1.39500000000000001776	0.99995492854246681436	0.40777714094672218303	0.59217874139078219287	0.36382285210651754692	0.93560975549121294659	0.00003444478256668485	0.01051363000572026751
1.40000000000000013323	0.99995486449501158610	0.40771169431493353708	0.59224412397505299399	0.36686590645145661371	0.93501179069407280853	0.00003447794084208751	0.01054810794656235555
1.40500000000000002665	0.99995479192553249348	0.40762372229012333591	0.59233202343032154147	0.36992508715045901990	0.93441738820755659845	0.00003451113791933425	0.01058261908448169045
1.40999999999999992006	0.99995471037083083488	0.40751396384374471982	0.59244170032191301178	0.37299965774603099922	0.93382665318787960729	0.00003454436716554216	0.01061716345164723241
1.41500000000000003553	0.99995461935345575366	0.40738316146297304243	0.59257241168522567509	0.37608887843089339187	0.93323968719265670835	0.00003457762206068937	0.01065174107370792100
1.41999999999999992895	0.99995451838173232684	0.40723206044433868378	0.59272341173203946241	0.37919200674697439712	0.93265658811746510182	0.00003461089619936564	0.01068635196990728661
1.42500000000000004441	0.99995440694968729112	0.40706140818960157013	0.59289395255462284950	0.38230829828258849901	0.93207745013872267403	0.00003464418329256098	0.01072099615319984690
1.42999999999999993783	0.99995428918770556947	0.40687195543554777188	0.59308328754657857473	0.38543701044147321566	0.93150236366140704014	0.00003467747716951079	0.01075567363036935772
1.43500000000000005329	0.99995416560459515765	0.40666454472772378681	0.59329057467117252145	0.38856773729888327562	0.93501535864115714602	0.00003476376743309638	0.01079043739780245412
1.43999999999999994671	0.99995403451020359320	0.40644001982579719412	0.59351496847858564720	0.39170863355613866341	0.93462844435890068961	0.00003480020845786977	0.01082523760626032464
1.44500000000000006217	0.99995389502963005768	0.40619913892287767831	0.59375570990079473699	0.39485892363918867476	0.93424572355185553363	0.00003483674796346477	0.01086007435422379000
1.44999999999999995559	0.99995374629224342833	0.40594265879343610637	0.59401204129271290011	0.39801783324416051268	0.93386724936376275252	0.00003487338204592064	0.01089494773626971044
1.45500000000000007105	0.99995358742571671673	0.40567133409361194607	0.59428320712586235608	0.40118459002501521971	0.93349306807733345437	0.00003491010687324793	0.01092985784314295765
1.45999999999999996447	0.99995341755089306446	0.40538591666979995054	0.59456845467468610877	0.40435842427560003687	0.93312322008023973474	0.00003494691868923878	0.01096480476183219616
1.46500000000000007994	0.99995323577768613355	0.40508715487627466878	0.59486703469482837825	0.40753856960534595721	0.93275774050386084379	0.00003498381381491746	0.01099978857564711324
1.46999999999999997335	0.99995304120158590155	0.40477579290239978915	0.59517820209241600882	0.41072426360750213803	0.93239665972805396699	0.00003502078864912566	0.01103480936429623860
1.47500000000000008882	0.99995283290064362891	0.40445257011007912373	0.59550121658359789212	0.41391474852224902081	0.93203999694429517930	0.00003505783965029877	0.01106986720394653734
1.47999999999999998224	0.99995260993293377805	0.40411822038215411412	0.59583534334359866680	0.41710927188406582422	0.93168777165812632912	0.00003509496337603904	0.01110496216732257714
1.48500000000000009770	0.99995237133427405940	0.40377347148245529285	0.59617985364440817531	0.42030708716169956629	0.93133999899307029491	0.00003513215646446842	0.01114009432378704548
1.48999999999999999112	0.99995211611631296122	0.40341904442817316800	0.59653402548048739540	0.42350745438884851435	0.93099669122814576738	0.00003516941561905549	0.01117526373940610010
1.49500000000000010658	0.99995184326478481207	0.40305565287517164386	0.59689714418169881327	0.42670964078181378154	0.93065785717144511313	0.00003520673761803639	0.01121047047702413563
1.50000000000000000000	0.99995155173795391423	0.40268400251692798575	0.59726850301283840317	0.42991292134456959850	0.93032350235790894910	0.00003524411931353836	0.01124571459633767409
1.50500000000000011546	0.99995124046524663797	0.40230479049771239453	0.59764740375904701342	0.43311657946050996504	0.92999362922443995494	0.00003528155763061131	0.01128099615396828577
1.51000000000000000888	0.99995090834591382478	0.40191870484063468849	0.59803315729647910093	0.43631990747016341503	0.92966823726761282920	0.00003531904956619749	0.01131631520353448307
1.51500000000000012434	0.99995055424797862909	0.40152642389118620159	0.59842508414765316349	0.43952220723425228233	0.92934732318902546488	0.00003535659218803769	0.01135167179572252154
1.52000000000000001776	0.99995017700711774644	0.40112861577682273895	0.59882251502079575367	0.44272279068138969960	0.92903088103029740630	0.00003539418263354993	0.01138706597835607154
1.52500000000000013323	0.99994977542569751794	0.40072593788315319374	0.59922479133266393081	0.44592098033983773586	0.92871890230057563276	0.00003543181810866201	0.01142249779646473291
1.53000000000000002665	0.99994934827187187398	0.40031903634728788210	0.59963126571429226086	0.44911610985273764385	0.92841137609823587429	0.00003546949588662450	0.01145796729235135786
1.53500000000000014211	0.99994889427871980203	0.39990854556885968574	0.60004130249913267825	0.45230752447625299784	0.92810828922750576719	0.00003550721330680780	0.01149347450565816643
1.54000000000000003553	0.99994841214349805547	0.39949508773920050508	0.60045427819310992490	0.45549458156010425025	0.92780962631293528720	0.00003554496777347962	0.01152901947343164604
1.54499999999999992895	0.99994790052689463966	0.39907927238913032397	0.60086958192609196683	0.45867665100998167294	0.92751536990941840788	0.00003558275675457840	0.01156460223018622446
1.55000000000000004441	0.99994735805233947445	0.39866169595579881157	0.60128661588435006191	0.46185311573135640062	0.92722550061086583817	0.00003562057778048775	0.01160022280796671294
1.55499999999999993783	0.99994678330536979072	0.39824294136900978414	0.60170479572362189913	0.46502337205428978528	0.92693999715669650463	0.00003565842844280420	0.01163588123640951766
1.56000000000000005329	0.99994617483302195016	0.39782357765736675592	0.60212355096233682872	0.46818683013878148458	0.92665883653643499329	0.00003569630639311431	0.01167157754280263166
1.56499999999999994671	0.99994553114327067167	0.39740415957464203522	0.60254232535470242382	0.47134291436028558087	0.92638199409171062548	0.00003573420934178200	0.01170731175214441422
1.57000000000000006217	0.99994485070457606035	0.39698522724666990280	0.60296057724332008387	0.47449106367509014115	0.92610944361723668283	0.00003577213505675062	0.01174308388720116461
1.57499999999999995559	0.99994413194531173161	0.39656730583904742371	0.60337777989099727893	0.47763073196515365426	0.92584115745904627115	0.00003581008136235195	0.01177889396856351620
1.58000000000000007105	0.99994337325336746236	0.39615090524589641197	0.60379342179147621472	0.48076138836213699879	0.92557710660987413398	0.00003584804613813844	0.01181474201470165443
1.58499999999999996447	0.99994257297574495880	0.39573651980000013051	0.60420700695898899024	0.48388251755045230684	0.92531726080226806008	0.00003588602731773466	0.01185062804201938991
1.59000000000000007994	0.99994172941815095967	0.39532462800439416295	0.60461805519619671312	0.48699362004894236611	0.92506158859829101804	0.00003592402288770252	0.01188655206490709174
1.59499999999999997335	0.99994084084472889540	0.39491569228571521410	0.60502610234060860694	0.49009421247117745946	0.92481005747584577037	0.00003596203088643109	0.01192251409579352280
1.60000000000000008882	0.99993990542890542894	0.39451015871136668745	0.60543070049823555223	0.49318383001271448585	0.92456449765663095697	0.00003599996676461552	0.01195851406255813917
1.60499999999999998224	0.99993892138583739815	0.39410845692726337308	0.60583141823833785988	0.49626201991299212501	0.92432124864206643977	0.00003603799200816148	0.01199455205456630147
1.61000000000000009770	0.99993788685279083595	0.39371099987042401658	0.60622784076114266671	0.49932834840469347837	0.92408204036246999191	0.00003607602411671402	0.01203062807868301477
1.61499999999999999112	0.99993679992440498427	0.39331818363409082329	0.60661957006805677928	0.50238239863781397609	0.92384683656970589816	0.00003611406133227977	0.01206674214001529459
1.62000000000000010658	0.99993565865263289716	0.39293038733101426363	0.60700622509826529516	0.50542377083095424428	0.92361560037270828971	0.00003615210194106280	0.01210289424195635719
1.62500000000000000000	0.99993446104655048234	0.39254797297878180062	0.60738744184327642106	0.50845208240036121605	0.92338829423746393577	0.00003619014427463695	0.01213908438623099474
1.63000000000000011546	0.99993320507237115624	0.39217128540718837471	0.60776287343949708664	0.51146696806704183835	0.92316488003286678588	0.00003622818670906080	0.01217531257294005541
1.63500000000000000888	0.99993188865335502769	0.39180065218753268308	0.60813219023887932213	0.51446807994193999303	0.92294531908452681623	0.00003626622766382545	0.01221157880060388078
1.64000000000000012434	0.99993050966989294182	0.39143638358379717612	0.60849507985783546360	0.51745508758938540961	0.92272957222348828132	0.00003630426560081382	0.01224788306620469384
1.64500000000000001776	0.99992906595950992177	0.39107877252546813240	0.60885124720440630952	0.52042767806877254788	0.92251759983264425280	0.00003634229902323865	0.01228422536522793228
1.65000000000000013323	0.99992755531705190819	0.39072809460193969056	0.60920041448402129092	0.52338555595480817928	0.92230936188873680059	0.00003638032647458652	0.01232060569170251828
1.65500000000000002665	0.99992597549476125440	0.39038460807822822352	0.60954232118394280349	0.52632844333637063272	0.92210481800176069545	0.00003641834653755382	0.01235702403824007201
1.66000000000000014211	0.99992432420254750980	0.39004855393177129130	0.60987672403660897480	0.52925607979422573113	0.92190392745160509858	0.00003645635783296925	0.01239348039607304081
1.66500000000000003553	0.99992259910819480950	0.38972015591012376667	0.61020339696225711634	0.53216822235793059814	0.92170664922108314077	0.00003649435901872779	0.01242997475509176851
1.66999999999999992895	0.99992079783770915213	0.38939962060918970055	0.61052213099099150728	0.53506464544208354184	0.92151294202822608970	0.00003653234878870910	0.01246650710388047707
1.67500000000000004441	0.99991891797560517041	0.38908713757168095215	0.61083273416460104333	0.53794514076224086985	0.92132276435497451050	0.00003657032587170782	0.01250307742975218482
1.67999999999999993783	0.99991899916719817476	0.38878360807160733392	0.61113634485634771298	0.54081447664496284933	0.92097380212591273274	0.00003661341374764110	0.01253969084349982645
1.68500000000000005329	0.99991908005090990308	0.38848846982869245092	0.61143156398304798760	0.54366776423874951796	0.92081789035968264479	0.00003665152038807218	0.01257634236388789802
1.68999999999999994671	0.99991916037327588374	0.38820186186152633168	0.61171825227266318770	0.54650486109093765474	0.92066649317331239466	0.00003668956317008725	0.01261303192705798444
1.69500000000000006217	0.99991923987406372554	0.38792390664003190137	0.61199628699501595896	0.54932563742895046399	0.92052036301273143515	0.00003672757345801845	0.01264975950051600365
1.69999999999999995559	0.99991931828401325877	0.38765471030225656657	0.61226556174281132616	0.55212998035139593256	0.92037947526219576755	0.00003676554941627719	0.01268652504993228111
1.70500000000000007105	0.99991939532427542847	0.38739436286868667025	0.61252598621672404988	0.55491779363283266768	0.92024380194036847769	0.00003680348917071238	0.01272332853910299391
1.70999999999999996447	0.99991947070605113890	0.38714293847455710784	0.61277748599270376317	0.55768899750866940401	0.92011331200475010572	0.00003684139081813527	0.01276016992992112971
1.71500000000000007994	0.99991954413000116997	0.38690049561950207169	0.61302000227178177205	0.56044352844080991272	0.91998797159976897220	0.00003687925243392616	0.01279704918235505598
1.71999999999999997335	0.99991961528585304730	0.38666707743415545950	0.61325349161304709700	0.56318133886489929463	0.91986774426168294028	0.00003691707207817319	0.01283396625443322843
1.72500000000000008882	0.99991968385192020463	0.38644271196309443184	0.61347792565023928635	0.56590239691985977366	0.91975259107098883415	0.00003695484780062621	0.01287092110223385377
1.72999999999999998224	0.99991974949466866374	0.38622741246358405220	0.61369329079255685588	0.56860668616034981682	0.91964247081995842414	0.00003699257764492694	0.01290791367987878004
1.73500000000000009770	0.99991981186831968564	0.38602117771955268832	0.61389958791030563301	0.57129420525294138944	0.91953734013903876132	0.00003703025965208100	0.01294494393953086152
1.73999999999999999112	0.99991987061447473728	0.38582399237014941562	0.61409683200591291818	0.57396496765658688854	0.91943715361408151487	0.00003706789186341433	0.01298201183139427624
1.74500000000000010658	0.99991992536169271855	0.38563582725230471926	0.61428505187102910856	0.57661900128817411559	0.91934186389419403351	0.00003710547232309699	0.01301911730371737262
1.75000000000000000000	0.99991997572518642734	0.38545663975660099387	0.61446428973028210940	0.57925634817380644570	0.91925142179409990995	0.00003714299908031546	0.01305626030279768805
1.75500000000000011546	0.99992002130649515479	0.38528637419581779344	0.61463460087241328367	0.58187706408653339096	0.91916577639135854660	0.00003718047019116056	0.01309344077298884787
1.76000000000000000888	0.99992006169318592423	0.38512496218547909166	0.61479605326947217581	0.58448121817130294087	0.91908487512101577632	0.00003721788372027050	0.01313065865670911755
1.76500000000000012434	0.99992009645853174860	0.38497232303565354083	0.61494872718468462924	0.58706889255774963310	0.91900866386852264611	0.00003725523774225840	0.01316791389445137565
1.77000000000000001776	0.99992012516137018796	0.38482836415337490221	0.61509271476983118365	0.58964018196170353558	0.91893708706217880344	0.00003729253034297190	0.01320520642479434785
1.77500000000000013323	0.99992014734579015567	0.38469298145489688734	0.61522811965275125967	0.59219519327605762982	0.91887008776455936232	0.00003732975962057971	0.01324253618441492697
1.78000000000000002665	0.99992016254093318839	0.38456605978706592808	0.61535505651573574326	0.59473404515178962537	0.91880760776387138122	0.00003736692368652593	0.01327990310810145229
1.78500000000000014211	0.99992017026088042542	0.38444747335712942116	0.61547365066562964575	0.59725686756997375948	0.91874958766582104364	0.00003740402066635005	0.01331730712876780243
1.79000000000000003553	0.99992017000449939790	0.38433708617012868336	0.61558403759625179852	0.59976380140543983366	0.91869596698570288318	0.00003744104870039404	0.01335474817746819601
1.79499999999999992895	0.99992016125530525095	0.38423475247318783499	0.61568636254398578789	0.60225499798293458120	0.91864668423906259420	0.00003747800594441376	0.01339222618341260988
1.80000000000000004441	0.99992014348139945934	0.38414031720593616592	0.61578078003731329115	0.60473061862658161747	0.91860167703314976606	0.00003751489057008668	0.01342974107398269695
1.80499999999999993783	0.99992011613544506954	0.38405361645627777989	0.61586745344099780297	0.60719083420340369539	0.91856088215706721556	0.00003755170076545312	0.01346729277474814981
1.81000000000000005329	0.99992007865460941218	0.38397447792072142425	0.61594655449568469496	0.60963582466164190077	0.91852423567109409142	0.00003758843473527835	0.01350488120948342870
1.81499999999999994671	0.99992003046058353100	0.38390272136856090635	0.61601826285376659609	0.61206577856479260635	0.91849167299361889061	0.00003762509070137890	0.01354250630018480686
1.82000000000000006217	0.99991997095966678177	0.38383815910910945579	0.61608276561224317724	0.61448089262206628813	0.91846312898627169297	0.00003766166690288500	0.01358016796708769180
1.82499999999999995559	0.99991989954282245456	0.38378059646117929082	0.61614025684326600985	0.61688137121600938872	0.91843853803661246182	0.00003769816159649816	0.01361786612868418934
1.83000000000000007105	0.99991981558581155554	0.38372983222410245174	0.61619093712323758094	0.61926742592815764432	0.91841783413656719048	0.00003773457305671919	0.01365560070174090881
1.83499999999999996447	0.99991971844927673985	0.38368565914952590390	0.61623501306119521370	0.62163927506346716712	0.91840095095817098070	0.00003777089957609531	0.01369337160131700419
1.84000000000000007994	0.99991960747903207984	0.38364786441318687871	0.61627269682718199828	0.62399714317423216059	0.91838782192425272299	0.00003780713946547982	0.01373117874078248410
1.84499999999999997335	0.99991948200602742691	0.38361623008597589557	0.61630420568127242120	0.62634126058388395197	0.91837838027500862115	0.00003784329105432181	0.01376902203183680631
1.85000000000000008882	0.99991934134732329831	0.38359053360149103495	0.61632976150691132222	0.62867186356284543436	0.91837243625601872044	0.00003787934723648527	0.01380690137907329175
1.85499999999999998224	0.99991918480557850923	0.38357054822349995193	0.61634959034300906833	0.63098919261421304583	0.91837004476090511318	0.00003791531131797903	0.01384481669039127130
1.86000000000000009770	0.99991901166966590253	0.38355604351254385387	0.61636392191788813566	0.63329349255906985938	0.91837113745785914354	0.00003795118197928673	0.01388276787237055845
1.86499999999999999112	0.99991882121507857928	0.38354678578690853952	0.61637298918875838005	0.63558501210395867975	0.91837564741312027738	0.00003798695762721892	0.01392075482999777757
1.87000000000000010658	0.99991861270427351283	0.38354253857916709158	0.61637702788549397770	0.63786400337729831644	0.91838350776060029279	0.00003802263668995605	0.01395877746668773393
1.87500000000000000000	0.99991838538714217233	0.38354306308780505841	0.61637627605950706666	0.64013072147040084303	0.91839465173402390352	0.00003805821761786181	0.01399683568430559570
1.88000000000000011546	0.99991813850144883880	0.38354811862316784410	0.61637097363821791163	0.64238542398359554930	0.91840901269399199958	0.00003809369888443314	0.01403492938319002813
1.88500000000000000888	0.99991787127337283803	0.38355746304717830419	0.61636136198587487822	0.64462837057820576714	0.91842652414958902973	0.00003812907898738208	0.01407305846217741033
1.89000000000000012434	0.99991758291800569847	0.38357085320614137114	0.61634768347127011356	0.64685982253492058103	0.91844711977455328888	0.00003816435644985905	0.01411122281862726979
1.89500000000000001776	0.99991727263998320119	0.38358804535608831410	0.61633018104300862916	0.64908004231921079263	0.91847073341861262818	0.00003819952982182446	0.01414942234844909427
1.90000000000000013323	0.99991693963403904810	0.38360879558000199330	0.61630909781282738891	0.65128929315425942992	0.91849729911431998719	0.00003823459768156414	0.01418765694613065807
1.90500000000000002665	0.99991658308568820424	0.38363286019648151770	0.61628467664765862466	0.65348783860213532915	0.91852675107943448918	0.00003826955863736175	0.01422592650476802063
1.91000000000000014211	0.99991620217190624320	0.38365999615917573129	0.61625715977082018426	0.65567594215354341181	0.91855902371592068612	0.00003830441132929942	0.01426423091609732054
1.91500000000000003553	0.99991579606183667028	0.38368996144657563363	0.61622678837296240850	0.65785386682678537174	0.91859405160484230990	0.00003833915443121773	0.01430257007052853843
1.91999999999999992895	0.99991536391757906976	0.38372251544163371584	0.61619380223323827472	0.66002187477642570990	0.91863176949872449306	0.00003837378665280090	0.01434094385718133989
1.92500000000000004441	0.99991491702684232035	0.38375742167639659286	0.61615844910731043527	0.66218024560651067567	0.91867211231117329451	0.00003840830674179297	0.01437935216392313351
1.92999999999999993783	0.99991445807773038368	0.38379450709842732881	0.61612090473573055682	0.66432129365875447480	0.91559882034423845099	0.00003848750155639504	0.01441783966547952912
1.93500000000000005329	0.99991398263267239344	0.38383359594273080972	0.61608134044591944534	0.66645264517389157799	0.91549756764306333690	0.00003852441549443672	0.01445636408097396644
1.93999999999999994671	0.99991348905743226982	0.38387445882107773532	0.61603998399185389001	0.66857453724236226567	0.91539712326099531570	0.00003856129087078926	0.01449492537184475516
1.94500000000000006217	0.99991297575820092813	0.38391686910038419489	0.61599706041283108782	0.67068720465469311431	0.91529743386164041929	0.00003859812735054667	0.01453352349919530100
1.94999999999999995559	0.99991244117010003034	0.38396060319080371759	0.61595279173379136051	0.67279087959014316489	0.91519845220742879199	0.00003863492450952464	0.01457215842370482642
1.95500000000000007105	0.99991188374770512137	0.38400544082314541638	0.61590739667853211525	0.67488579131529202737	0.91510013578871307605	0.00003867168187369474	0.01461083010557852162
1.95999999999999996447	0.99991130195776323220	0.38405116531529059909	0.61586109039588610159	0.67697216589595321512	0.91500244602757518919	0.00003870839893135061	0.01464953850450987152
1.96500000000000007994	0.99991069427298173711	0.38409756382708193367	0.61581408419873151505	0.67905022592260622094	0.91490534772312859246	0.00003874507514021150	0.01468828357965008304
1.96999999999999997335	0.99991005916716568791	0.38414442760344080785	0.61576658531595573898	0.68112019024953729396	0.91480880863043112505	0.00003878170993212761	0.01472706528958220989
1.97500000000000008882	0.99990939511127430173	0.38419155220542838824	0.61571879665744078114	0.68318227374769691096	0.91471279913320013844	0.00003881830271643871	0.01476588359229864811
1.97999999999999998224	0.99990870057013381267	0.38423873772900607459	0.61567091659205874787	0.68523668707119111954	0.91461729197488617071	0.00003885485288248624	0.01480473844518113459
1.98500000000000009770	0.99990797399974329362	0.38428578901128751522	0.61562313873869267677	0.68728363643733103583	0.91452226204380737684	0.00003889135980153885	0.01484362980498267308
1.98999999999999999112	0.99990721384523550963	0.38433251582426253279	0.61557565177048256810	0.68932332342043123319	0.91442768619225767157	0.00003892782282828934	0.01488255762781096232
1.99500000000000010658	0.99990641853913309056	0.38437873305575198657	0.61552863923213219088	0.69135594475907014012	0.91433354308867798022	0.00003896424130202905	0.01492152186911299173
1.99500000000000010658	0.99990558649996896801	0.38442426087758219122	0.61548227937033772594	0.69338169217689094026	0.91423981309597179834	0.00003900061454754790	0.01496052248366053911
