0.00000000000000000000	1.00000000000000000000	1.00000000000000000000	0.00000000000000000000	5.00000000000000000000	1.99999999999999955591	0.01000000000000000368	0.00000000000000000000
0.00500000000000000010	0.99999961257752145727	0.99984964388847397121	0.00014996868904402867	4.99640719158209734019	1.97494665879306330325	0.01124608331746730985	0.00005623041658733655
0.01000000000000000021	0.99999982382730390196	0.99940024477338351705	0.00059957905391802709	4.99311840623312086507	1.98515195779730513337	0.01124649475164009142	0.00011246289034553701
0.01499999999999999944	0.99999996060113638396	0.99865170749827669727	0.00134825310285624630	4.99013083553816638727	1.98514651771332983898	0.01124568416147244364	0.00016869131115289924
0.02000000000000000042	0.99999998795842226507	0.99760475364094636230	0.00239523431747387097	4.98744340916174788703	1.98514038333264153380	0.01124493586772837284	0.00022491599049154109
0.02500000000000000139	0.99999987115293109685	0.99626028269902622281	0.00373958845390551155	4.98505488042547284522	1.98513361345035033168	0.01124424932079261599	0.00028113723709550419
0.02999999999999999889	0.99999957564125574461	0.99461937119167187493	0.00538020444958209939	4.98296382743752985789	1.98512626719728535463	0.01124362391324278294	0.00033735535666171807
0.03500000000000000333	0.99999906708506058894	0.99268327165045644467	0.00731579543460293778	4.98116865429309196855	1.98511840414256024445	0.01124305899239549933	0.00039357065162369558
0.04000000000000000083	0.99999831134931149723	0.99045341150271504205	0.00954489984659685764	4.97966759235519784710	1.98512277200778530784	0.01124260285403436664	0.00044978366589386743
0.04499999999999999833	0.99999727449954722847	0.98793139185158851401	0.01206588264795907875	4.97845870163062720337	1.98511355417637824772	0.01124216380593217289	0.00050599448492352826
0.05000000000000000278	0.99999592279889448765	0.98511898615459914108	0.01487693664429393624	4.97753987224289939917	1.98510397327757792674	0.01124178318720725663	0.00056220340085956456
0.05500000000000000028	0.99999422270516080680	0.98201813880231680898	0.01797608390284356761	4.97690882600276562897	1.98509409078206688903	0.01124146017944883773	0.00061841070175680871
0.05999999999999999778	0.99999329353943666732	0.97863208347102137452	0.02136121006841558423	4.97656545621679047287	1.98508396868287251280	0.01124119392340778949	0.00067461667137384764
0.06500000000000000222	0.99999221875033361684	0.97496223274787785495	0.02502998600245560923	4.97650537206433707382	1.98508393332323640479	0.01124106395921535204	0.00073082199116992444
0.07000000000000000666	0.99999098885780512980	0.97101105228102846390	0.02897993657677717938	4.97672585333235684146	1.98508294982199062773	0.01124099909639873079	0.00078702698665191807
0.07499999999999999722	0.99998959454889468912	0.96678117112434069913	0.03320842342455390672	4.97722401954019488812	1.98508090323574926117	0.01124097738140240887	0.00084323187355893011
0.08000000000000000167	0.99998802669614250682	0.96227537964180887009	0.03771264705433391429	4.97799683225121558650	1.98507800716552385012	0.01124103956142653155	0.00089943707136606280
0.08500000000000000611	0.99998627636582881895	0.95749662761861253912	0.04248964874721614798	4.97904109711585629583	1.98507422947891476461	0.01124116459427803791	0.00095564289433745298
0.08999999999999999667	0.99998433483156656809	0.95244802210027412759	0.04753631273129258622	4.98035346621601604511	1.98506959607513189248	0.01124135163678347156	0.00101184965252137027
0.09500000000000000111	0.99998219358582496330	0.94713282518846786395	0.05284936839735682873	4.98193044043956767553	1.98506413295259975804	0.01124159981342226326	0.00106805765158848160
0.10000000000000000555	0.99998005434999504004	0.94155375108994665556	0.05842630326004995267	4.98377172400375645367	1.98505786618841617575	0.01124190821683286948	0.00112426719267264604
0.10499999999999999611	0.99997494845789491880	0.93571422455392483375	0.06426072390396973810	4.98234300234875782110	1.78250466680656494134	0.01725189231334600323	0.00121052665423937596
0.11000000000000000056	0.99997203451345373360	0.92962219132650969478	0.07034984318694312289	4.98117809588687521227	1.78429586287458796789	0.01724875613475539485	0.00129677043491315284
0.11500000000000000500	0.99996886999653400441	0.92328116975832519309	0.07668770023820981052	4.98026183440479819353	1.78470093955182385059	0.01724534480194662295	0.00138299715892288588
0.11999999999999999556	0.99996603616814694337	0.91669508315473924309	0.08327095301340646516	4.97959339361497654863	1.78501923054961464388	0.01724263221846810204	0.00146921032001522643
0.12500000000000000000	0.99996435470053801620	0.90986822289289159826	0.09009613180764682039	4.97917256491304183186	1.78523486542483489359	0.01724013500553650893	0.00155541099504290887
0.13000000000000000444	0.99996170458362354516	0.90280480560383447042	0.09715689897979008782	4.97898440255040064528	1.78539900690349240264	0.01723785832020478803	0.00164160028664393277
0.13500000000000000888	0.99996006898388301032	0.89550957998941260740	0.10445048899446988944	4.97903391778918091859	1.78550590019143262666	0.01723593887374253938	0.00172777998101264550
0.14000000000000001332	0.99995735035893540399	0.88798703050302540962	0.11197031985590842618	4.97930585430260030932	1.78559504581366024212	0.01723429098358994493	0.00181395143593059529
0.14499999999999999001	0.99995556395540874384	0.88024220996280844176	0.11971335399259910859	4.97980501729369251507	1.78564932979974466676	0.01723302311956363686	0.00190011655152841352
0.14999999999999999445	0.99995467024365269904	0.87228009989896160281	0.12767457034469190114	4.98052592443654340570	1.78561623258668289438	0.01723306717529856855	0.00198628188740490640
0.15499999999999999889	0.99995381485551948497	0.86410574885542923429	0.13584806600009097233	4.98145883856091575836	1.78564046603557602388	0.01723242609183078464	0.00207244401786406017
0.16000000000000000333	0.99995282399283447194	0.85572420015467676180	0.14422862383815554521	4.98259595496903706646	1.78788253148659670444	0.01723646939291325828	0.00215862636482862637
0.16500000000000000777	0.99995169660726368477	0.84714075296123203529	0.15281094364603012292	4.98393352070840389700	1.78792547721955519258	0.01723667409526499078	0.00224480973530495143
0.17000000000000001221	0.99995042244840637302	0.83836079936431340265	0.16158962308409138831	4.98546582352375722280	1.78795243211522447702	0.01723719343037423066	0.00233099570245682251
0.17500000000000001665	0.99994899083370558657	0.82938983017053879987	0.17055916066316492707	4.98718705816614082948	1.78796480909364796652	0.01723802229335443317	0.00241718581392359484
0.17999999999999999334	0.99994739066971183306	0.82023343221363065325	0.17971395845607901487	4.98909132771376029325	1.78798217390466374077	0.01723922277456621868	0.00250338192779642589
0.18499999999999999778	0.99994561050314001438	0.81089728100072877570	0.18904832950241123868	4.99117265270826138135	1.78796128638278162271	0.01724067393990728198	0.00258958529749596248
0.19000000000000000222	0.99994363856616641506	0.80138714257976584321	0.19855649598640046083	4.99342496878646713299	1.78793507972306020548	0.01724242032507675854	0.00267579739912134637
0.19500000000000000666	0.99994146271407513549	0.79170886606306256628	0.20823259665101198634	4.99584213494151185841	1.78789719519944356740	0.01724446084849796945	0.00276201970336383603
0.20000000000000001110	0.99993907293915729184	0.78186838273179570802	0.21807069020736030707	4.99841788633278927279	1.78784035558386533715	0.01724692215954061469	0.00284825431416153895
0.20500000000000001554	0.99993645552438736868	0.77187169744939232441	0.22806475807499521080	5.00114651141673149937	1.78783111050979726109	0.01724826724174401138	0.00293449565037025902
0.20999999999999999223	0.99993459726923539233	0.76172553954282662403	0.23820905772640910136	5.00402368694742705202	1.78786589889967117983	0.01724825187738953172	0.00302073690975720663
0.21499999999999999667	0.99993154347340140742	0.75143477904010591573	0.24849676443329496434	5.00704030246635323209	1.78788878064794087841	0.01724861657764513445	0.00310697999264543216
0.22000000000000000111	0.99992924418073592108	0.74100689440399303276	0.25892234977674061236	5.01019257604189416355	1.78789246097351073317	0.01724921297125560013	0.00319322605750171039
0.22500000000000000555	0.99992672304262586458	0.73044758905440732022	0.26947913398821704556	5.01346904041504881633	1.78775983700206553273	0.01725443321122570317	0.00327949822355783896
0.23000000000000000999	0.99992494559964695267	0.71976351022582252259	0.28016143537382331985	5.01687005114560502506	1.78774336735517946906	0.01725581691302868065	0.00336577730812298234
0.23500000000000001443	0.99992291469721361619	0.70896078349233537796	0.29096213120487451897	5.02038528929751137753	1.78772218162186069534	0.01725742509718048920	0.00345206443360888482
0.23999999999999999112	0.99991970831425280863	0.69804556509595672154	0.30187414321829336705	5.02400472193824043643	1.78769401788025272815	0.01725928740289852520	0.00353836087062337759
0.24499999999999999556	0.99991719132515488599	0.68702489807561761825	0.31289229324953354849	5.02772859649795123005	1.78765390707881555166	0.01726139904973800557	0.00362466786587206744
0.25000000000000000000	0.99991345432912903668	0.67590471007206986975	0.32400874425705683546	5.03154318805401690184	1.78760899709757725695	0.01726370688747738344	0.00371098640030945431
0.25500000000000000444	0.99991150232853609481	0.66469278577432244770	0.33521871655420998337	5.03545040251254594210	1.78804352038443226114	0.01726736861824529345	0.00379732324340068070
0.26000000000000000888	0.99990947881345948467	0.65339489791684379760	0.34651458089661263395	5.03943856802363576719	1.78801877952937493532	0.01727035369541925908	0.00388367501187777703
0.26500000000000001332	0.99990644650191418119	0.64201732498659702664	0.35788912151531299122	5.04349748108733741958	1.78798431840046445629	0.01727358468174517228	0.00397004293528650277
0.27000000000000001776	0.99990429852385687148	0.63056737774444149291	0.36933692077940993848	5.04762726677888817761	1.78794534099075463907	0.01727702711113376227	0.00405642807084217148
0.27500000000000002220	0.99990111291988492681	0.61905101668029349771	0.38085009623958593350	5.05181415185250415334	1.78789265727020119101	0.01728064771928447541	0.00414283130943859414
0.28000000000000002665	0.99989882816025932311	0.60747564654345065360	0.39242318161680284083	5.05605836231509986334	1.78783656594417372787	0.01728447090879767223	0.00422925366398258212
0.28500000000000003109	0.99989645375182889531	0.59584758934870674096	0.40404886440311676976	5.06034951129609833487	1.78776743557714890009	0.01728844748870340259	0.00431569590142609916
0.28999999999999998002	0.99989304729356498491	0.58417315292619964584	0.41571989436735878876	5.06467741651129088609	1.78798120534002835669	0.01729362024168505305	0.00440216400263452462
0.29499999999999998446	0.99989157586109544962	0.57246026730632693091	0.42743130855476330066	5.06904592927743724573	1.78789903517198123239	0.01729798906501647457	0.00448865394795960708
0.29999999999999998890	0.99989013383195857188	0.56071487107768580582	0.43917526275426671534	5.07344142411151821648	1.78781721305862073557	0.01730253463150670593	0.00457516662111714066
0.30499999999999999334	0.99988870911431293464	0.54894366347106127169	0.45094504564324394691	5.07785705300929457451	1.78771638249656517061	0.01730726393985269895	0.00466170294081640416
0.30999999999999999778	0.99988750278999072307	0.53715343200128751189	0.46273407078869444042	5.08228636380130449623	1.78760871286705835814	0.01731212063529541031	0.00474826354399288109
0.31500000000000000222	0.99988633546172156485	0.52535078102248888854	0.47453555443922568191	5.08672085302862342360	1.78786814283724160290	0.01732001269198745960	0.00483486360745281809
0.32000000000000000666	0.99988514534262751265	0.51354235634868927729	0.48634278899392741069	5.09115510863283482479	1.78775903360584909052	0.01732525227455612021	0.00492148986882559852
0.32500000000000001110	0.99988392814008530962	0.50173480971724337962	0.49814911842283210452	5.09558243686656453519	1.78764404552310418595	0.01733058871258713954	0.00500814281238853420
0.33000000000000001554	0.99988267926369334138	0.48993477213061953357	0.50994790713306459295	5.09999611147926401600	1.78753247617562549543	0.01733613420436650593	0.00509482348341036648
0.33500000000000001998	0.99988139416856858244	0.47814884799561579998	0.52173254617294095858	5.10438951921482075846	1.78741316230372371265	0.01734170846127983112	0.00518153202571676550
0.34000000000000002442	0.99988006819210506482	0.46638361215464002596	0.53349645603745543543	5.10875603153544943780	1.78729254779586055335	0.01734743207808796608	0.00526826918610720507
0.34500000000000002887	0.99987869670882290052	0.45464560631325501294	0.54523309039555545308	5.11308912024363504401	1.78716495745491976699	0.01735315827919387682	0.00535503497750317459
0.35000000000000003331	0.99987737043828239791	0.44294138559498458241	0.55693598484328477038	5.11738257939145846365	1.78703631023004150258	0.01735902051789181208	0.00544183008009263385
0.35499999999999998224	0.99987599575320729173	0.43127738372218898943	0.56859861203100514615	5.12162756925944329112	1.78736556408116009642	0.01736810207232286629	0.00552867059045424828
0.35999999999999998668	0.99987454584100254884	0.41966002468092056255	0.58021452116006810851	5.12581962299752191825	1.78723916982945341125	0.01737402663514799397	0.00561554072362998799
0.36499999999999999112	0.99987301742933210047	0.40809568174340637992	0.59177733568591051050	5.12995240145645592378	1.78710928708543703713	0.01737997401745800322	0.00570244059371727806
0.36999999999999999556	0.99987140731149404260	0.39659067745156967311	0.60328072985990954802	5.13401962563097580272	1.78697627939867320634	0.01738593521472343167	0.00578937026979089563
0.37500000000000000000	0.99986971227729459777	0.38515128021655015145	0.61471843206072984689	5.13801507876946850217	1.78684039826189611233	0.01739190305463541100	0.00587632978506407236
0.38000000000000000444	0.99986792916808042708	0.37378370102058561253	0.62608422814747910490	5.14193261212853958142	1.78670208004117925249	0.01739786613214010236	0.00596331911572477256
0.38500000000000000888	0.99986605483802848404	0.36249409011972355543	0.63737196471828794220	5.14576614588326375355	1.78656157802372450583	0.01740381714620593823	0.00605033820145580228
0.39000000000000001332	0.99986408665262183071	0.35128853452410885305	0.64857555212849837822	5.14950967481104715517	1.78642108854669756646	0.01740977512302259445	0.00613738707707091498
0.39500000000000001776	0.99986202151399661275	0.34017305277579895639	0.65968896873817906013	5.15315727206509244240	1.78627752827042085570	0.01741567006671361842	0.00622446542740448267
0.40000000000000002220	0.99985985571708557718	0.32915359367397922785	0.67070626204309025109	5.15670308494823981249	1.78613287057726433105	0.01742152432599378825	0.00631157304903445186
0.40500000000000002665	0.99985758627043930247	0.31823603290906732344	0.68162155336135066275	5.16014134746101671425	1.78598767538795066834	0.01742732431796452375	0.00639870967062427468
0.41000000000000003109	0.99985520993131449252	0.30742616981069259552	0.69242904012060091379	5.16346637812151154634	1.78584227811410078957	0.01743306118147220155	0.00648587497653163592
0.41500000000000003553	0.99985272386707024772	0.29672972457043406136	0.70312299929661215003	5.16667260161043895295	1.78569725200972384549	0.01743868494720264214	0.00657306840126764894
0.41999999999999998446	0.99985012535057815608	0.28615233528872291435	0.71369779006183142744	5.16975451604076141621	1.78555289225091073924	0.01744422696706476872	0.00666028953610297257
0.42499999999999998890	0.99984741165365587090	0.27569955514394717255	0.72414785650968094277	5.17270671215278898813	1.78540958474054223259	0.01744967994955402488	0.00674753793585074289
0.42999999999999999334	0.99984458005133802772	0.26537684964634467022	0.73446773040497126406	5.17552387753523923664	1.78526744676049053950	0.01745503331174372286	0.00683481310240946147
0.43499999999999999778	0.99984162781729390979	0.25518959394783780059	0.74465203386943024100	5.17820079790312437495	1.78512690818434061057	0.01746027927933315946	0.00692211449880612752
0.44000000000000000222	0.99983855221843387362	0.24514307022206738296	0.75469548199634250985	5.18073236001812986729	1.78498828663480901824	0.01746540924503008421	0.00700944154503127786
0.44500000000000000666	0.99983535051130034699	0.23524246510886390182	0.76459288540241210352	5.18311355411206786670	1.78485190075986577263	0.01747041469472051731	0.00709679361850488067
0.45000000000000001110	0.99983303911774612516	0.22549364092168378004	0.77433939819603725407	5.18534175966481392095	1.78471805944628769680	0.01747528786857439898	0.00718417005784775277
0.45500000000000001554	0.99982959119797110148	0.21590005810554119270	0.78392953309240309689	5.18740763022875572830	1.78458595898330352192	0.01747998237222895754	0.00727156996970889768
0.46000000000000001998	0.99982699567693344989	0.20646812196031685827	0.79335887371658952993	5.18931093606402260576	1.78445999521406317712	0.01748454424335703361	0.00735899269092568295
0.46500000000000002442	0.99982328896270256102	0.19720109942724298180	0.80262218953542663336	5.19104274924865904950	1.78433470413428629797	0.01748893295416827087	0.00744643735569652451
0.47000000000000002887	0.99982145181499970654	0.18810528466944592685	0.81171616714552685679	5.19260385100174559625	1.78421606715900793461	0.01749317261264752080	0.00753390321875976182
0.47500000000000003331	0.99981851970206037095	0.17918360878623190713	0.82063491091580276215	5.19398469308831334246	1.78410146048768369909	0.01749722826985366728	0.00762138936010903038
0.47999999999999998224	0.99981543893296731529	0.17044126440411974666	0.82937417452882322699	5.19518313435026612979	1.78399600094585553123	0.01750112178636723664	0.00770889496904086664
0.48499999999999998668	0.99981322321329368918	0.16188341560607155678	0.83792980760719371069	5.19619729990639278583	1.78389706244435508609	0.01750482808593612979	0.00779641910947054696
0.48999999999999999112	0.99980990913240874729	0.15351339498711391585	0.84629651414526330111	5.19702011698959775998	1.78379833400085585637	0.01750832985712757681	0.00788396075875618524
0.49499999999999999556	0.99980648102334979122	0.14533470004742499171	0.85447178097589793211	5.19764743884160740350	1.78370092339773322898	0.01751161801130933504	0.00797151884881273226
0.50000000000000000000	0.99980293108036810690	0.13735199407376119662	0.86245093700657871061	5.19807674534125574439	1.78361626281188567766	0.01751471774763918229	0.00805909243755092812
0.50500000000000000444	0.99980021879420721831	0.12956997391940000552	0.87023024487477795841	5.19830651896360507180	1.78353446015469407904	0.01751759903877845095	0.00814668043274482077
0.51000000000000000888	0.99979544684125531973	0.12199069693163339112	0.87780474990958512471	5.19832822949594675066	1.78345897698832223099	0.01752025118272971041	0.00823428168865847007
0.51500000000000001332	0.99979150811092587503	0.11461871097121553720	0.88517279713967322863	5.19814235448027961439	1.78338858367754582446	0.01752266988734535805	0.00832189503809519643
0.52000000000000001776	0.99978844214662232481	0.10745830199131954641	0.89233014015526979090	5.19774696427862092918	1.78332670099630918870	0.01752485839350323080	0.00840951933006271225
0.52500000000000002220	0.99978427613125464557	0.10051115833964383017	0.89927311779158169980	5.19713475743711583732	1.78327158866742330190	0.01752680621778877901	0.00849715336115165580
0.53000000000000002665	0.99978196680090880566	0.09378225387977323635	0.90599971292110137444	5.19630784868483530659	1.78346454589064196128	0.01752959487210485959	0.00858480133551218008
0.53500000000000003109	0.99977867029385958375	0.08727296259107650278	0.91250570770274797017	5.19525844521035473633	1.78343045331043348334	0.01753119672448961996	0.00867245731913462818
0.54000000000000003553	0.99977532937115309863	0.08098708342806787419	0.91878824594305297246	5.19398585134165369226	1.78340523780475379567	0.01753256183946663715	0.00876012012833196109
0.54500000000000003997	0.99977294430422603000	0.07492835897153639346	0.92484458533265700986	5.19248963790891693293	1.78338755452173747251	0.01753366161610284829	0.00884778843641247613
0.55000000000000004441	0.99976956714855935715	0.06909776436404528599	0.93067180278447858566	5.19076327306925833227	1.78337642066409141073	0.01753452441729664787	0.00893546105849895959
0.55500000000000004885	0.99976712859582406168	0.06349961583414982791	0.93626751276163300286	5.18880853095381322504	1.78337486067118677902	0.01753512608883701571	0.00902313668894314490
0.56000000000000005329	0.99976370946860504407	0.05813462553245717784	0.94162908393611055580	5.18661926395397099299	1.78337939346279328312	0.01753544001116911707	0.00911081388899899133
0.56500000000000005773	0.99976025456224504318	0.05300595776952414517	0.94675429679267897320	5.18419546506702833000	1.78339303594469966718	0.01753544134159507051	0.00919849109570696627
0.57000000000000006217	0.99975776304217234269	0.04811671200267039761	0.95164105103946239339	5.18153733634169633149	1.78341708845337065803	0.01753522550767474056	0.00928616722324534030
0.57500000000000006661	0.99975450217937611441	0.04346714172078940119	0.95628736045855067260	5.17863934024192573702	1.78344579178468154446	0.01753464092962387852	0.00937384042789345985
0.57999999999999996003	0.99975129754358971201	0.03906002682738528298	0.96069127071616566838	5.17550016349774644198	1.78359849477736953638	0.01753675853140895802	0.00946152422055050388
0.58499999999999996447	0.99975003546894469775	0.03489899145898889971	0.96485104400991417162	5.17212393720324836721	1.78381587945253428096	0.01753671415923171648	0.00954920779134666234
0.58999999999999996891	0.99974876413315716395	0.03098385811025243172	0.96876490602286002840	5.16850531375706978565	1.78386959719434723404	0.01753539250420291240	0.00963688475386767669
0.59499999999999997335	0.99974748530173351835	0.02731612089084789821	0.97243136441084498944	5.16464310712138185977	1.78392962351478190364	0.01753380556918390440	0.00972455378171359699
0.59999999999999997780	0.99974619963411037737	0.02389713483780093323	0.97584906479626198905	5.16053631930321632382	1.78399818641421181731	0.01753186996641598050	0.00981221313154567731
0.60499999999999998224	0.99974490751705513691	0.02072811675584477695	0.97901679076116288059	5.15618406200808987450	1.78407690832899201716	0.01752965508646552040	0.00989986140697800450
0.60999999999999998668	0.99974360910849968676	0.01781014525176597904	0.98193346385668944798	5.15158560225852202308	1.78416523365400547796	0.01752711962093986275	0.00998749700508270305
0.61499999999999999112	0.99974230439015088212	0.01514416067424007202	0.98459814371586518167	5.14674036189102768191	1.78426275834538206055	0.01752422342225859117	0.01007511812219399547
0.61999999999999999556	0.99974099313048536697	0.01273096533609239731	0.98701002779434443557	5.14164787109883025806	1.78437084539182388987	0.01752103813068276589	0.01016272331284740968
0.62500000000000000000	0.99973986425585836813	0.01057140388775416537	0.98916846036805372577	5.13630822050986513005	1.78448851101440419953	0.01751748670008407283	0.01025031074634782935
0.63000000000000000444	0.99973881718167356691	0.00866590943995447331	0.99107290774166834080	5.13071945396417827823	1.78469655897551215951	0.01751644631529738344	0.01033789297792431575
0.63500000000000000888	0.99973774769154177822	0.00701477340250924487	0.99272297428898126359	5.12488288777087497294	1.78483035516560839540	0.01751224261765952847	0.01042545419101261264
0.64000000000000001332	0.99973665501123787358	0.00561824827383724558	0.99411840673734530593	5.11879862235609373045	1.78497491933659357954	0.01750769619471672159	0.01051299267198619637
0.64500000000000001776	0.99973553845621287994	0.00447645029647098826	0.99525908815969099663	5.11246689516745522752	1.78512983135315739247	0.01750281541541962721	0.01060050674906329489
0.65000000000000002220	0.99973439737230784807	0.00358936014893597097	0.99614503722331726454	5.10588807993831039767	1.78529578342471273444	0.01749758225822452620	0.01068799466035441799
0.65500000000000002665	0.99973323110405709624	0.00295682336651226620	0.99677640773748632519	5.09906268617554303546	1.78547261717806393655	0.01749200226529181584	0.01077545467168087787
0.66000000000000003109	0.99973203898730533812	0.00257855112021948942	0.99715348786702762141	5.09199135759236476417	1.78566041426895316668	0.01748607452398204948	0.01086288504430078794
0.66500000000000003553	0.99973082035063731698	0.00245412099926110979	0.99727669935131968426	5.08467487167748810606	1.78585928111065372903	0.01747979705432242681	0.01095028402957239945
0.67000000000000003997	0.99972957451331978529	0.00258297784975739051	0.99714659666350657918	5.07711413810013301173	1.78606928255000396710	0.01747316933403974745	0.01103764987624259765
0.67500000000000004441	0.99972830061450057570	0.00296443467526845503	0.99676386593917176704	5.06931019774104729692	1.78629049344887591566	0.01746619037205130939	0.01112498082810285498
0.68000000000000004885	0.99972699800832454109	0.00359767361946245791	0.99612932438880519292	5.06126424016398246408	1.78652397369640425495	0.01745881581329788296	0.01121227490716934436
0.68500000000000005329	0.99972566614358149284	0.00448174701658719636	0.99524391912693555007	5.05297756625929306296	1.78676894489438220504	0.01745108700655739753	0.01129953034220213155
0.69000000000000005773	0.99972430446789417591	0.00561557848912627808	0.99410872597871124956	5.04445160394996161557	1.78702537044510223474	0.01744300520380332245	0.01138674536822114822
0.69500000000000006217	0.99972291242017952140	0.00699796412437890449	0.99272494829574065012	5.03568790815918543302	1.78729335322584703682	0.01743456858761308417	0.01147391821115921300
0.70000000000000006661	0.99972148943576932822	0.00862757371388357848	0.99109391572182581331	5.02668815865633700213	1.78757300249785400226	0.01742578931433137052	0.01156104715773086968
0.70499999999999996003	0.99972003494713146399	0.01050295204856623379	0.98921708289850529550	5.01745415857634924350	1.78786417655712281949	0.01741664402580648738	0.01164813037785990268
0.70999999999999996447	0.99971854838454221603	0.01262252027435349991	0.98709602811012497892	5.00798783288773297073	1.78816698069283153139	0.01740714483119812361	0.01173516610201589400
0.71499999999999996891	0.99971702917636018348	0.01498457730730237344	0.98473245186899638348	4.99829122679204385093	1.78848141983888053730	0.01739729242476689350	0.01182215256413972869
0.71999999999999997335	0.99971547674948468831	0.01758730130701218267	0.98212817544240993417	4.98836650407889869996	1.78880749367807601047	0.01738708767632352742	0.01190908800252134594
0.72499999999999997780	0.99971389044344360908	0.02042875114819914933	0.97928513929517979619	4.97821594516892851345	1.78914519012291517441	0.01737653165268620778	0.01199597066078477749
0.72999999999999998224	0.99971226966306492301	0.02350686818974800224	0.97620540147325662872	4.96784196026553193093	1.78949654391070156478	0.01736558968086499011	0.01208279860918910244
0.73499999999999998668	0.99971061393771087911	0.02681947783810450028	0.97289113609954336326	4.95724705858809233661	1.78985956164996995454	0.01735429887280854483	0.01216957010355314457
0.73999999999999999112	0.99970892280912759809	0.03036429119098632903	0.96934463161807804532	4.94643386064892265352	1.79023416129877066538	0.01734266144553968034	0.01225628341078084313
0.74499999999999999556	0.99970719581252431851	0.03413890678221708636	0.96556828903024261024	4.93540509634332469346	1.79062029127200195155	0.01733067954561492985	0.01234293680850891833
0.75000000000000000000	0.99970543247707932544	0.03814081238016661657	0.96156462009684962045	4.92416360337686942472	1.79101790380016367976	0.01731835453453823073	0.01242952858118161023
0.75500000000000000444	0.99970363232628489669	0.04236738683479347733	0.95733624549142648519	4.91271232486949394058	1.79142693336403691085	0.01730568890247249914	0.01251605702569397356
0.76000000000000000888	0.99970179487739452284	0.04681590197308342638	0.95288589290424952072	4.90105430742820225021	1.79184731014219900125	0.01729268499421520583	0.01260252045066504942
0.76500000000000001332	0.99969991964136672991	0.05148352454167602621	0.94821639509962651893	4.88919269904515196856	1.79227895680580839866	0.01727934532873802442	0.01268891717730873982
0.77000000000000001776	0.99969800612272896601	0.05636731819518203679	0.94333068792748375753	4.87713074695384918300	1.79272178889276601055	0.01726567259396120935	0.01277524554027854517
0.77500000000000002220	0.99969605381968273949	0.06146424552878943653	0.93823180829083152599	4.86487179544344261473	1.79317571469871439582	0.01725166964610621786	0.01286150388850907690
0.78000000000000002665	0.99969406222352430458	0.06677117015381490994	0.93292289206963963100	4.85241928361090657518	1.79364062447735728156	0.01723733956024280436	0.01294769058631029153
0.78500000000000003109	0.99969203081866186977	0.07228485881475119057	0.92740717200384292784	4.83977674311956551634	1.79411641175239755519	0.01722268551916057017	0.01303380401390609455
0.79000000000000003553	0.99968995908252433757	0.07800198354636968257	0.92168797553608539097	4.82694779590001843417	1.79460296398014262920	0.01720771085717379828	0.01311984256819196358
0.79500000000000003997	0.99968784648564967821	0.08391912386947936175	0.91576872261610431369	4.81393615181158640581	1.79510016157317831009	0.01719241907118089496	0.01320580466354786750
0.80000000000000004441	0.99968569249157857026	0.09003276902386440905	0.90965292346764581310	4.80074560618627543818	1.79560787667525501021	0.01717681401920653078	0.01329168873364390026
0.80500000000000004885	0.99968349655692501088	0.09633932023698806024	0.90334417631986785313	4.78738003767102870967	1.79612598008364621194	0.01716089910579566072	0.01337749322917287931
0.81000000000000005329	0.99968125813142827418	0.10283509302701042409	0.89684616510434822523	4.77384340554469943640	1.79665433137884344994	0.01714467849411452013	0.01346321662164345206
0.81500000000000005773	0.99967897665776905836	0.10951631953856219570	0.89016265711913922232	4.76013974733306355347	1.79719278560351058971	0.01712815629553048405	0.01354885740312110516
0.82000000000000006217	0.99967665157165097600	0.11637915090987985267	0.88329750066169998579	4.74627317631471257187	1.79774119176332702885	0.01711133676839511619	0.01363441408696308005
0.82500000000000006661	0.99967428230164401270	0.12341965966951366773	0.87625462263205611269	4.73224787900078958103	1.79829939311642239552	0.01709422431329125913	0.01371988520852953676
0.83000000000000007105	0.99967186826924459009	0.13063384216147583272	0.86903802610769165238	4.71806811257394009829	1.79886721838643759419	0.01707682351462713743	0.01380526932610267286
0.83499999999999996447	0.99966940888854882719	0.13801762099762174274	0.86165178789085083988	4.70373820233363826304	1.79944449943608453246	0.01705913905167383629	0.01389056502136104196
0.83999999999999996891	0.99966690358870446964	0.14556684753540938271	0.85410005605322014688	4.68926253912863799655	1.80003106311265326234	0.01704117573162385393	0.01397577090001916184
0.84499999999999997335	0.99966435179612656015	0.15327730437935388474	0.84638704741669645859	4.67464557673295022511	1.80062673088059432835	0.01702293849551996668	0.01406088559249676212
0.84999999999999997780	0.99966175285305525211	0.16114470790350682305	0.83851704494947287838	4.65989182911691557365	1.80123131931076230217	0.01700443241264685060	0.01414590775455999705
0.85499999999999998224	0.99965910614248265631	0.16916471079753997442	0.83049439534486779735	4.64500586794016268044	1.80184463979620512752	0.01698566267759299073	0.01423083606794796167
0.85999999999999998668	0.99965641103920377386	0.17733290463008424820	0.82232350640904694483	4.62999231983241799071	1.80246649897259070272	0.01696663460904134640	0.01431566924099316775
0.86499999999999999112	0.99965366690969337249	0.18564482243042457199	0.81400884447919263920	4.61485586371513711867	1.80309669883511092259	0.01694735364532057656	0.01440040600921977006
0.86999999999999999556	0.99965087311180911289	0.19409594128648410827	0.80555493182524617879	4.59960122811001159704	1.80373503691092551549	0.01692782534099013941	0.01448504513592472134
0.87500000000000000000	0.99964802899454574536	0.20268168495760277570	0.79696634403686006376	4.58423318843635829722	1.80438130643499894390	0.01690805536339149567	0.01456958541274167886
0.88000000000000000444	0.99964513389764841911	0.21139742650061693618	0.78824770739695249056	4.56875656429883658660	1.80503529664940409738	0.01688804948904391520	0.01465402566018689928
0.88500000000000000888	0.99964218715121500036	0.22023849090770789005	0.77940369624342342725	4.55317621676669315178	1.80569679287247875088	0.01686781360016826811	0.01473836472818774133
0.89000000000000001332	0.99963918807538965083	0.22920015775461552443	0.77043903032068872250	4.53749704564763245429	1.80636557667842256869	0.01684735368108342471	0.01482260149659315844
0.89500000000000001776	0.99963613597970335523	0.23827766385757609413	0.76135847212204499357	4.52172398675466347129	1.80704142608892115440	0.01682667581454120112	0.01490673487566586408
0.90000000000000002220	0.99963303016268179046	0.24746620593767254537	0.75216682422492220361	4.50586200917111856512	1.80772411578993352776	0.01680578617796843824	0.01499076380655570660
0.90500000000000002665	0.99962986991116586921	0.25676094329099585778	0.74286892662008130461	4.48991611251251754311	1.80841341725626869597	0.01678469103983647875	0.01507468726175488841
0.91000000000000003109	0.99962665449968302056	0.26615700046320295291	0.73346965403639585723	4.47389132418812529579	1.80910909901333805117	0.01676339675584567757	0.01515850424553411707
0.91500000000000003553	0.99962338318969434781	0.27564946992699884687	0.72397391326261084643	4.45779269666317023990	1.80981092681984812032	0.01674190976505696496	0.01524221379435940216
0.92000000000000003997	0.99962005522888197628	0.28523341476112584747	0.71438664046766964244	4.44162530472397776293	1.81051866386655313512	0.01672023658608566207	0.01532581497728983076
0.92500000000000004441	0.99961666985025554588	0.29490387132936057846	0.70471279852080814798	4.42539424274616433053	1.81123207097819127753	0.01669838381324090584	0.01540930689635603562
0.93000000000000004885	0.99961322627122073392	0.30465585195812144859	0.69495737431301363163	4.40910462196819352698	1.81195090689160864805	0.01667635811248223410	0.01549268868691844672
0.93500000000000005329	0.99961073000151368095	0.31448434761127774806	0.68512638239014889141	4.39276156777177373414	1.81267492839003185878	0.01665416621763595589	0.01557595951800662577
0.94000000000000005773	0.99960817049012085089	0.32438433055568138830	0.67522383993435564076	4.37637020336698068235	1.81340348448359667266	0.01663182020315796122	0.01565911861902241631
0.94500000000000006217	0.99960456983124446051	0.33435075702369626560	0.66525381280746087587	4.35993567433483697471	1.81413671737816306617	0.01660932241041577356	0.01574216523107449528
0.95000000000000006661	0.99960189671876076289	0.34437856987612591730	0.65522332684254802615	4.34346313219138302486	1.81487482009089307056	0.01658667296812214170	0.01582509859591510470
0.95500000000000007105	0.99959917332640202403	0.35446270126275736256	0.64513647206355417829	4.32695774537155575246	1.81561667733955078852	0.01656389137132697684	0.01590791805277173843
0.95999999999999996447	0.99959540815866121388	0.36459807524308407434	0.63499733291548643432	4.31042465575148625589	1.81636243961920795797	0.01654097941787682075	0.01599062294986112326
0.96499999999999996891	0.99959256779730487619	0.37477961043403934527	0.62481295736317332690	4.29386901711041168994	1.81711235685625505099	0.01651793547767191686	0.01607321262724948144
0.96999999999999997335	0.99958967602188197876	0.38500222261423572290	0.61458745340755116526	4.27729599199189891578	1.81786525936184228947	0.01649478131186256705	0.01615568653380879474
0.97499999999999997780	0.99958573835497932514	0.39526082731772160805	0.60432491103716456937	4.26071070839658982976	1.81862128989425331227	0.01647151853561085524	0.01623804412648684886
0.97999999999999998224	0.99958272545591186908	0.40555034246074594950	0.59403238299507388209	4.24411829866177559012	1.81938075997328851940	0.01644814390234668536	0.01632028484599858109
0.98499999999999998668	0.99957965954031102740	0.41586569086685981622	0.58371396867335989533	4.22752389590246391293	1.82014243824015276019	0.01642468124507183089	0.01640240825222393992
0.98999999999999999112	0.99957652730834123389	0.42620180284886272082	0.57337472445938519883	4.21093259116519647023	1.82090646832111269227	0.01640113197816765386	0.01648441391211477938
0.99499999999999999556	0.99957234998211008659	0.43655361869900893845	0.56301873128300727878	4.19434947132115532042	1.82167266458646093241	0.01637750177044380862	0.01656630142096699940
1.00000000000000000000	0.99956909003494354149	0.44691609131378395858	0.55265299872106576906	4.17777960417853400088	1.82244134690645620545	0.01635378695844398947	0.01664807035575921815
1.00500000000000011546	0.99956577434792925896	0.45728418856125796488	0.54228158578657592592	4.16122804784156308244	1.82321121000979102789	0.01633001399118645322	0.01672972042571515064
1.01000000000000000888	0.99956238959602772276	0.46765289582737518126	0.53190949376855212183	4.14469980847805974378	1.82398239752007373937	0.01630618402105783737	0.01681125134582044101
1.01500000000000012434	0.99955795384491585853	0.47801721839003669112	0.52154073545478285556	4.12819987806000465724	1.82475475515197471665	0.01628230209609295501	0.01689266285630090444
1.02000000000000001776	0.99955443302729862776	0.48837218401849763483	0.51118224900870146143	4.11173322009573816160	1.82552866695335902492	0.01625836317098040482	0.01697395467215580614
1.02499999999999991118	0.99955085291704992567	0.49871284551000200080	0.50083800740694872644	4.09530477855798302755	1.82630220282772448570	0.01623439981778694585	0.01705512667124474066
1.03000000000000002665	0.99954720037556943346	0.50903428239006121014	0.49051291798540486155	4.07891943660876687971	1.82707722500199754023	0.01621040545146971990	0.01713617869850208794
1.03499999999999992006	0.99954347394981757358	0.51933160349063589578	0.48021187045907820501	4.06258205222911694676	1.82785179853489876400	0.01618638856951642307	0.01721711064134966856
1.04000000000000003553	0.99953868851880989244	0.52959994962091672122	0.46993873889778697839	4.04629744458512874417	1.82862631097106964617	0.01616235668262178127	0.01729792242476277733
1.04499999999999992895	0.99953481284221934455	0.53983449587943832526	0.45970031696267765753	4.03007039353846341356	1.82940124330030107203	0.01613830258944524629	0.01737861393771000448
1.05000000000000004441	0.99953087143286578620	0.55003045352068458129	0.44950041791207967501	4.01390564710795327841	1.83017508554239993757	0.01611425800963029245	0.01745918522775815468
1.05499999999999993783	0.99952786312354202636	0.56018384143817168130	0.43934402168527320054	3.99780912835560542362	1.83094802373687870478	0.01609022359573535066	0.01753963634573683233
1.06000000000000005329	0.99952595853703307682	0.57028917098852505152	0.42923678754840421945	3.98178422135692944295	1.83182161537434939902	0.01606728159626943930	0.01761997275371817925
1.06499999999999994671	0.99952315167625527259	0.58034104540265274430	0.41918210627349938857	3.96583265221797320876	1.83255716191984885377	0.01604629333385520704	0.01770020422038745544
1.07000000000000006217	0.99952128961628028403	0.59033631996767066408	0.40918496964850648023	3.94996305121076884959	1.83332135102163507057	0.01602243046762620929	0.01778031637272558738
1.07499999999999995559	0.99951840423195159602	0.60026895286353076919	0.39924945136831618830	3.93417744695786408826	1.83408266305683098629	0.01599860317497966283	0.01786030938860048642
1.08000000000000007105	0.99951647295647205738	0.61013588156997766720	0.38938059138638386747	3.91848275756015729243	1.83484304281325605324	0.01597481629009621720	0.01794018347005096881
1.08499999999999996447	0.99951450160537280709	0.61993189468497922334	0.37958260692028295002	3.90288211602537993272	1.83560009721497308099	0.01595107948306343643	0.01801993886746628554
1.09000000000000007994	0.99951149954753004678	0.62965186408387274763	0.36985963546354599929	3.88737855551747779614	1.83635459924554611533	0.01592739882143416261	0.01809957586157345463
1.09499999999999997335	0.99950944379645156879	0.63929284528415963873	0.36021659851218390536	3.87197886434715821125	1.83710765853935020786	0.01590377794377675208	0.01817909475129233718
1.10000000000000008882	0.99950734441586674972	0.64884981594793955662	0.35065752846781783614	3.85668597548677505316	1.83785681348415907976	0.01588022736566847837	0.01825849588812068075
1.10499999999999998224	0.99950421177189352484	0.65831784084669897616	0.34118637092508141695	3.84150271117802644127	1.83860278036953217473	0.01585675384464051152	0.01833777965734388268
1.11000000000000009770	0.99950201888706846631	0.66769410708544896238	0.33180791180150492892	3.82643570205853755795	1.83934672821730660353	0.01583335923621951441	0.01841694645352498147
1.11499999999999999112	0.99949977803157730172	0.67697379694700121622	0.32252598108446356440	3.81148766208570632941	1.84008621933927440928	0.01581005500449510215	0.01849599672854745566
1.12000000000000010658	0.99949649840455068173	0.68615218335380856463	0.31334431505062937395	3.79666118409353270380	1.84082194895225303988	0.01578684730529365809	0.01857493096507392347
1.12500000000000000000	0.99949415329961122101	0.69522660310873540812	0.30426755019075701902	3.78196273154847650844	1.84155515484437493079	0.01576373844702251906	0.01865374965730903778
1.13000000000000011546	0.99949175507697041176	0.70419245758600990115	0.29529929749084254942	3.76739478200878474823	1.84228334549183281332	0.01574073836121527709	0.01873245334911511489
1.13500000000000000888	0.99948830975704516799	0.71304524234282928852	0.28644306741409453210	3.75295968103294086404	1.84300723253043674532	0.01571785433479161442	0.01881104262078907297
1.14000000000000012434	0.99948579482813793007	0.72178246052055683446	0.27770333430745941516	3.73866371800209407184	1.84372809686622307623	0.01569508684684912253	0.01888951805502332021
1.14500000000000001776	0.99948423605779923573	0.73040039055224792452	0.26908384550542840952	3.72451050928212712421	1.84458238519832828928	0.01567349437499706774	0.01896788552689830654
1.15000000000000013323	0.99948266628281356994	0.73889476094171879783	0.26058790534097026059	3.71050218355588645736	1.84529608125732669244	0.01565107466719561219	0.01904614090023428602
1.15500000000000002665	0.99948108606632224404	0.74726200331978775981	0.25221908274640431058	3.69664211685578747435	1.84600492824403739078	0.01562882149802396689	0.01912428500772440573
1.15999999999999992006	0.99947949582799056056	0.75549862567157655135	0.24398087015628694418	3.68293361791828210983	1.84670901255746611191	0.01560670655508706629	0.01920231854049984227
1.16500000000000003553	0.99947789595470371005	0.76360121364279065492	0.23587668231178959832	3.66937991510665817430	1.84740926389391857398	0.01558472915986029543	0.01928024218629914230
1.16999999999999992895	0.99947628680462563544	0.77156643179319184256	0.22790985501130375801	3.65598414553288764139	1.84810445582670657139	0.01556291266772178751	0.01935805674963774967
1.17500000000000004441	0.99947466866337930647	0.77939102483665056997	0.22008364382660289271	3.64274936070255872522	1.84879440185309218414	0.01554126354374272059	0.01943576306735646242
1.17999999999999993783	0.99947320395921857017	0.78707191475193893915	0.21240128920715151128	3.62967875697423281167	1.84947897471163824612	0.01551978740757981902	0.01951336200439436272
1.18500000000000005329	0.99947182160792968908	0.79460597443052150002	0.20486584717728020810	3.61677325028864515843	1.85009038732904063096	0.01550158397623007354	0.01959086992427551410
1.18999999999999994671	0.99947042457340740107	0.80199014968523818503	0.19748027488804095753	3.60403730263676269630	1.85076261549595710854	0.01548051967518077922	0.01966827252265141920
1.19500000000000006217	0.99946901167065049787	0.80922151792406904480	0.19024749374645538724	3.59147360997084597045	1.85142925299704375064	0.01545964414627076441	0.01974557074338277249
1.19999999999999995559	0.99946758187241879767	0.81629724238406375925	0.18317033948822339373	3.57908477829309656926	1.85209016620748823101	0.01543896317761688126	0.01982276555927085793
1.20500000000000007105	0.99946613418587293420	0.82321457296366207235	0.17625156122207957798	3.56687332296870573956	1.85274526200660472064	0.01541848161902838882	0.01989985796736599977
1.20999999999999996447	0.99946466760448315902	0.82997084707066548503	0.16949382053368697298	3.55484166770716747408	1.85339444073578096805	0.01539820449091263733	0.01997684898982056423
1.21500000000000007994	0.99946318108754839127	0.83656349044904887435	0.16289969063836720609	3.54299214363943448802	1.85403759209934393404	0.01537813704100388090	0.02005373967502558502
1.21999999999999997335	0.99946167354973081132	0.84299001796189665381	0.15647165558770101401	3.53132698899753005861	1.85467464132273751609	0.01535828365677875673	0.02013053109330947832
1.22500000000000008882	0.99946014385078529862	0.84924803432324735830	0.15021210952740318700	3.51984834829809534185	1.85530550331893051563	0.01533864896985669656	0.02020722433815876073
1.22999999999999998224	0.99945859079464582919	0.85533523479290651803	0.14412335600160361415	3.50855827159908573165	1.85593008062734532437	0.01531923787879656100	0.02028382052755274209
1.23500000000000009770	0.99945701312406454164	0.86124940581490838643	0.13820760730901660018	3.49745871436169020186	1.85654831190380642525	0.01530005436959836970	0.02036032079940073430
1.23999999999999999112	0.99945540951460365431	0.86698842560404876245	0.13246698391041875076	3.48655153678243623361	1.85716012427010435104	0.01528110269941522839	0.02043672631289781064
1.24500000000000010658	0.99945377857553951984	0.87255026469461649530	0.12690351388078099926	3.47583850320953624546	1.85776543200714061577	0.01526238739381795100	0.02051303824986689880
1.25000000000000000000	0.99945211885203288915	0.87793298643387973623	0.12151913241801358401	3.46532128255068272438	1.85836421010518071384	0.01524391125969127604	0.02058925780616535639
1.25500000000000011546	0.99945042882116597038	0.88313474741937880719	0.11631568140164506853	3.45500144744428494548	1.85895640445214760383	0.01522567803893564581	0.02066538619636003327
1.26000000000000000888	0.99944870688974540851	0.88815379789266857280	0.11129490899693531003	3.44488047396786134513	1.85954195806156263870	0.01520769140948211723	0.02074142465340744410
1.26500000000000012434	0.99944695139364347902	0.89298848208511039104	0.10645846930839353295	3.43495974143330373707	1.86012081686670804892	0.01518995491524328598	0.02081737442798366200
1.27000000000000001776	0.99944516059682997344	0.89763723851475218929	0.10180792208193654991	3.42524053223127333823	1.86069293093074827894	0.01517247195840638885	0.02089323678777569443
1.27500000000000013323	0.99944333268461149622	0.90209860002909147969	0.09734473265537417486	3.41572403189475659602	1.86125811285984710253	0.01515526028064399441	0.02096901308917891588
1.28000000000000002665	0.99944146570985759048	0.90637119457781634146	0.09307027113190043111	3.40641132841136773379	1.86181655670703549710	0.01513829495664147616	0.02104470456396212441
1.28499999999999992006	0.99943955772206349852	0.91045374472946805078	0.08898581299245227061	3.39730342999318013497	1.86237028063483811557	0.01512155513246679454	0.02112031233962445922
1.29000000000000003553	0.99943760679652526857	0.91434506802555182148	0.08509253877082983974	3.38840123172214324754	1.86291724758840349097	0.01510507939269462724	0.02119583773658793163
1.29499999999999992895	0.99943561095013400131	0.91804407705812696161	0.08139153389185772858	3.37970553138872764620	1.86345733240675359710	0.01508887126026786131	0.02127128209288927166
1.30000000000000004441	0.99943356812359307462	0.92154977946659899501	0.07788378865684957020	3.37121702994102268036	1.86399050271483290864	0.01507293332368590290	0.02134664675950770016
1.30499999999999993783	0.99943147617945105043	0.92486127789897543128	0.07457019828033351061	3.36293633166363070686	1.86451672859711115038	0.01505726803108465781	0.02142193309966312215
1.31000000000000005329	0.99942933290014390746	0.92797776992654779082	0.07145156297344905372	3.35486394440367874381	1.86503598248891155897	0.01504187768928586660	0.02149714248810955311
1.31499999999999994671	0.99942713598601662373	0.93089854791226855912	0.06852858807360531768	3.34700027984347192600	1.86554823910512812546	0.01502676446223064760	0.02157227631042070784
1.32000000000000006217	0.99942488305336363297	0.93362299883319121996	0.06580188422002389292	3.33934565381785164462	1.86605347511440156083	0.01501193037247972734	0.02164733596228310755
1.32499999999999995559	0.99942257163231407180	0.93615060405743433236	0.06327196757473042832	3.33190028667736992674	1.86655166919273329817	0.01499737730026620003	0.02172232284878443734
1.33000000000000007105	0.99942019916480739905	0.93848093907606011665	0.06093926008859618104	3.32466430369651710919	1.86704280195934591013	0.01498310698193924123	0.02179723838369413205
1.33499999999999996447	0.99941776300246354392	0.94061367319036370827	0.05880408981194834572	3.31763773552557061919	1.86752685567320697579	0.01496912101153994451	0.02187208398875183091
1.34000000000000007994	0.99941526040445272105	0.94254856915501061820	0.05686669124928720592	3.31082051868629800850	1.86800381429438644432	0.01495542084034265536	0.02194686109295354570
1.34499999999999997335	0.99941268853527975846	0.94428548277749613238	0.05512720575763134512	3.30421249611122691547	1.86847366342158438535	0.01494200777543321784	0.02202157113183071321
1.35000000000000008882	0.99941004461748783605	0.94582436263846170199	0.05358568197886983547	3.29781341785218451435	1.86893638977674192425	0.01492888298191997858	0.02209621554674031166
1.35499999999999998224	0.99940836659474940884	0.94716584771123857323	0.05224251888335549460	3.29162338420303468567	1.86939197924290234631	0.01491604750966951318	0.02217079578428865841
1.36000000000000009770	0.99940662837342497671	0.94830946917667657825	0.05109715919659265498	3.28564152538115106239	1.86983953476935260696	0.01490350305686350199	0.02224531329957297673
1.36499999999999999112	0.99940483017358872075	0.94925545190511062543	0.05014937826831920159	3.27986731788124785680	1.87027990473507532698	0.01489125157101249194	0.02231976955742803748
