0.00000000000000000000	1.00000000000000000000	1.00000000000000000000	0.00000000000000000000	5.00000000000000000000	1.99994577959870922790	0.49999891977834975965	0.00000000000000000000
0.00500000000000000010	0.99999844206058408069	0.99984844527728045094	0.00014999678330604663	4.99980486503935583897	1.99994842216887014352	0.50011056689327315627	0.00250055283446636587
0.01000000000000000021	0.99999796410094887733	0.99939808695927345727	0.00059987714167999962	4.99991540566060166384	1.99994937864328203858	0.50011019000337941787	0.00500110378448326287
0.01499999999999999944	0.99999717070986449130	0.99864782998303869288	0.00134934072683016125	5.00032432313403596424	1.99995096592808541125	0.50010966168313308877	0.00750165209289892828
0.02000000000000000042	0.99999606071578539535	0.99759815381489125308	0.00239790690090026237	5.00103110977989029351	1.99995195090108768277	0.50010937472346539412	0.01000219896651625626
0.02500000000000000139	0.99999463285400669310	0.99624971778744597639	0.00374491506656333571	5.00203507764571320138	1.99995447067875575797	0.50010862670920530615	0.01250274210006228209
0.02999999999999999889	0.99999288577924450028	0.99460336067388421810	0.00538952510536651590	5.00333535901791393030	1.99995762888045436334	0.50010772577951401185	0.01500328072895985160
0.03500000000000000333	0.99999194015905779054	0.99266121227625758738	0.00733072788280545850	5.00493428323292199877	1.99996142825467626558	0.50010667119560592297	0.01750381408493788260
0.04000000000000000083	0.99999089649940875457	0.99042357241089606923	0.00956732408851692327	5.00682792930253839359	1.99996351555926588084	0.50010613523288394155	0.02000434476110230300
0.04499999999999999833	0.99998975331827455459	0.98789181168373629838	0.01209794163454081667	5.00901489734408844612	1.99996580186903760712	0.50010555605026030257	0.02250487254135360299
0.05000000000000000278	0.99998850913316494893	0.98506747699028562870	0.01492103214288344019	5.01149361125601977562	1.99996829015055599399	0.50010493286548829417	0.02500539720568104377
0.05500000000000000028	0.99998716246299801380	0.98195229054934107804	0.01803487191366073827	5.01426231971883318295	1.99997098336780254613	0.50010426489397052929	0.02750591853015089613
0.05999999999999999778	0.99998571183092765935	0.97854814883279683801	0.02143756299813476610	5.01731909729228942041	1.99997388447640700448	0.50010355135022466211	0.03000643628690202042
0.06500000000000000222	0.99998415576706112251	0.97485712139111890817	0.02512703437594470887	5.02066184561672024245	1.99997699641835624540	0.50010279144919078664	0.03250695024414797241
0.07000000000000000666	0.99998249281098994246	0.97088144957521027578	0.02910104323578380225	5.02428829471714166743	1.99998032211672294167	0.50010198440757991367	0.03500746016618587475
0.07499999999999999722	0.99998072151431416366	0.96662354515560877655	0.03335717635871157660	5.02819600440988345724	1.99998271602387722723	0.50010142294447690325	0.03750796728090825816
0.08000000000000000167	0.99997884044301255102	0.96208598883977702876	0.03789285160323838803	5.03238236581029685368	1.99998639947035883324	0.50010053888602190586	0.04000846997533837046
0.08500000000000000611	0.99997684817986443040	0.95727152868861764556	0.04270531949124719423	5.03684460294157698712	1.99999030518549392177	0.50009960538414521825	0.04250896800225909683
0.08999999999999999667	0.99997474332666425045	0.95218307843290872494	0.04779166489375732962	5.04157977444221039320	1.99999443595587167444	0.50009862167800789301	0.04500946111064913630
0.09500000000000000111	0.99997252450643347998	0.94682371569094736508	0.05314880881548984803	5.04658477537222260878	1.99999879452604689689	0.50009758701437134754	0.04750994904572099220
0.10000000000000000555	0.99996936152640225615	0.94119590421291077220	0.05877345731349468277	5.05185376236447059028	2.00000338359454987724	0.50009650064864996644	0.05001043154896424314
0.10499999999999999611	0.99996614560891683432	0.93530396927772163629	0.06466217633119794583	5.05706713487537218299	2.00000453037428727043	0.50063428000014242869	0.05251360294896495473
0.11000000000000000056	0.99996329256696481202	0.92915196419319623367	0.07081132837377038247	5.06254076267361252661	2.00001031479380397826	0.50063385752838063247	0.05501677223660685762
0.11500000000000000500	0.99996059837251627389	0.92274343134226166629	0.07721716703025542639	5.06827031931180282953	2.00001568745336122390	0.50063324638466422112	0.05751993846853017955
0.11999999999999999556	0.99995900194587183929	0.91608309013149991085	0.08387591181437430154	5.07425904067262134589	2.00002091114567903674	0.50063253259240025894	0.06002310113149218057
0.12500000000000000000	0.99995739443002518154	0.90917397118080578444	0.09078342324921992446	5.08049530844485630610	2.00002413516679666827	0.50063219068929909472	0.06252626208493868021
0.13000000000000000444	0.99995603180042968994	0.90202048840505277827	0.09793554339537703657	5.08697574924314732669	2.00002742876228678526	0.50063180893010950090	0.06502942112958923215
0.13500000000000000888	0.99995367029736592634	0.89462588758176397885	0.10532778271560247485	5.09368617736666084994	2.00003344580398101371	0.50063706260922968827	0.06753260644263538170
0.14000000000000001332	0.99995216463047653654	0.88699625200793197344	0.11295591262254285614	5.10063773183074875561	2.00003837661613870225	0.50063638483901029552	0.07003578836683042874
0.14499999999999999001	0.99995056666880377527	0.87913536896182153946	0.12081519770698298522	5.10781897953924257649	2.00004152856492112278	0.50063622984705835606	0.07253896951606572663
0.14999999999999999445	0.99994884762376368137	0.87104796624451341636	0.12890088137925118095	5.11522496876192622750	2.00004492543821532635	0.50063599698362060142	0.07504214950098382630
0.15499999999999999889	0.99994700941592407073	0.86273893235982079819	0.13720807705610507665	5.12285079908700424767	2.00004856221791627036	0.50063573513031089934	0.07754532817663538358
0.16000000000000000333	0.99994505352938700682	0.85421328668447515930	0.14573176684491126465	5.13069143591006593397	2.00005243407633148678	0.50063544657597869314	0.08004850540951527482
0.16500000000000000777	0.99994200196053917296	0.84547539194064857959	0.15446661001989087092	5.13873467479313017492	2.00005653836165731008	0.50063513175159490842	0.08255168106827324992
0.17000000000000001221	0.99993980843317165075	0.83653209621616730907	0.16340771221700517435	5.14698925980186228202	2.00006285861452415276	0.50063428447284763489	0.08505485249063748920
0.17500000000000001665	0.99993752979723182772	0.82738802566591462817	0.17254950413131325826	5.15544296928426071247	2.00006551873316462675	0.50063495896925225281	0.08755802728548374436
0.17999999999999999334	0.99993619099349251300	0.81804947799762606220	0.18188671299586364749	5.16409773369022406797	2.00007013993235016613	0.50063459156178802267	0.09006120024329268559
0.18499999999999999778	0.99993483104873970291	0.80852131667895443812	0.19141351436978318312	5.17294094293222173064	2.00007284712859956244	0.50063479208169514578	0.09256437420370115798
0.19000000000000000222	0.99993344747625023672	0.79880927502132637041	0.20112417245492450468	5.18196687863288474318	2.00007560275978812925	0.50063495763876408873	0.09506754899189498453
0.19500000000000000666	0.99993203832233146233	0.78891919518230302355	0.21101284314002824449	5.19116965678792663397	2.00007840978497464235	0.50063514190954427896	0.09757072470144270704
0.20000000000000001110	0.99993060289272139851	0.77885702521167832213	0.22107357768104210494	5.20054329403880899463	2.00008127207915009649	0.50063534286407385121	0.10007390141576308351
0.20500000000000001554	0.99992913862534915648	0.76862881273479699562	0.23130032589055360415	5.21008164194410117176	2.00008317593657025668	0.50063588454416374507	0.10257708083848390834
0.20999999999999999223	0.99992764263909716949	0.75824070355149841838	0.24168693908759877886	5.21977852236151385057	2.00008611424197724205	0.50063618551995303640	0.10508026176608367686
0.21499999999999999667	0.99992611257918806444	0.74769893753341287734	0.25222717504577302217	5.22962765933694040399	2.00008912019965334750	0.50063648866038268359	0.10758344420938559249
0.22000000000000000111	0.99992454627496696329	0.73700984492290189110	0.26291470135206357339	5.23962268819696141975	2.00009219814709071628	0.50063679556885720690	0.11008662818722987631
0.22500000000000000555	0.99992312910468128528	0.72617996550399677158	0.27374316360068462473	5.24975853175473172740	2.00009535216810663272	0.50063710564367458478	0.11258981371544825312
0.23000000000000000999	0.99992175540404781842	0.71521572350217144098	0.28470603190187454556	5.26002957335003706874	2.00009804274651115108	0.50063656605121686916	0.11509299654570433191
0.23500000000000001443	0.99992032879605718954	0.70412363352091544844	0.29579669527514113048	5.27042690478369468821	2.00010084573463853275	0.50063693757270844031	0.11759618123356786745
0.23999999999999999112	0.99991884813339193538	0.69291034899747216969	0.30700849913591882201	5.28094384447613052203	2.00010375673388418605	0.50063730736598610616	0.12009936777039779965
0.24499999999999999556	0.99991731254297877562	0.68158259420159894582	0.31833471834137910816	5.29157364369384897174	2.00010677759883614968	0.50063767386893620603	0.12260255613974248290
0.25000000000000000000	0.99991572130453265643	0.67014716009736052804	0.32976856120717240595	5.30230948791538025944	2.00010990987677939046	0.50063803634173698054	0.12510574632145116114
0.25500000000000000444	0.99991407379401919808	0.65861090021571855324	0.34130317357829836888	5.31314450152119999160	2.00011315490399166350	0.50063839379242547345	0.12760893829041328185
0.26000000000000000888	0.99991236945550987514	0.64698072651225946306	0.35293164294324935737	5.32407175173430058379	2.00011651386986155643	0.50063874526968188405	0.13011213201676169460
0.26500000000000001332	0.99991060779055507268	0.63526360520352209704	0.36464700258703036662	5.33508425269522845724	2.00011998785066946738	0.50063908983813509845	0.13261532746595236509
0.27000000000000001776	0.99990878835501550981	0.62346655257680905216	0.37644223577820490334	5.34617496968574190674	2.00012357781448457672	0.50063942642585657072	0.13511852459808165738
0.27500000000000002220	0.99990691071645609878	0.61159663075076675653	0.38831027996568973082	5.35733682358788776412	2.00012728463893862951	0.50063975406510852206	0.13762172336840719500
0.28000000000000002665	0.99990497449102022642	0.59966094345488418771	0.40024403103613165333	5.36856269320707735204	2.00013110918818703965	0.50064007227999141048	0.14012492372980714372
0.28500000000000003109	0.99990297931979099655	0.58766663175159239429	0.41223634756819976799	5.37984542211672334133	2.00013505221658993705	0.50064037993925225578	0.14262812562950341611
0.28999999999999998002	0.99990092487917270336	0.57562086975607051897	0.42428005512310279501	5.39117782083112917491	2.00013911443940051171	0.50064067636901987690	0.14513132901134850883
0.29499999999999998446	0.99989881088320275992	0.56353086033262367316	0.43636795055057941983	5.40255267238420344711	2.00014329649416877643	0.50064096055638696026	0.14763453381413044196
0.29999999999999998890	0.99989663707417675287	0.55140383076825461028	0.44849280630592192054	5.41396273659084670271	2.00014759894662264017	0.50064123149794104162	0.15013773997162013774
0.30499999999999999334	0.99989440321622535812	0.53924702843580596401	0.46064737478042089291	5.42540075447242475803	2.00015202234855582475	0.50064148778063199963	0.15264094741052330884
0.30999999999999999778	0.99989210909846015785	0.52706771645146310856	0.47282439264699749337	5.43685945250757107772	2.00015656717660794683	0.50064172831582176570	0.15514415605210241100
0.31500000000000000222	0.99988975453575323904	0.51487316932292515048	0.48501658521282803305	5.44833154683318454659	2.00016123384409860719	0.50064195247594833749	0.15764736581448215991
0.32000000000000000666	0.99988733936528961799	0.50267066858980824495	0.49721667077547815339	5.45980974767926063862	2.00016602272107624216	0.50064215933599953701	0.16015057661116216536
0.32500000000000001110	0.99988486340697269039	0.49046749844849441002	0.50941736495847578237	5.47128676341324471366	2.00017093413605406838	0.50064234796465645339	0.16265378835098545651
0.33000000000000001554	0.99988232731761506056	0.47827094212923759731	0.52161138518837546485	5.48275529566559605144	2.00017518851420517123	0.50064273828894445550	0.16515700204243016769
0.33500000000000001998	0.99987973230500515331	0.46608827635817123847	0.53379145594683274911	5.49420807092231644475	2.00018030781304911869	0.50064290221235407952	0.16766021655349194752
0.34000000000000002442	0.99987707630857658447	0.45392676622977101708	0.54595031007880501228	5.50563780876455943769	2.00018554952229932198	0.50064304376144630471	0.17016343177229917294
0.34500000000000002887	0.99987435929420542813	0.44179366307432094141	0.55808069621988365405	5.51703725567545788522	2.00019091372304336218	0.50064316337955105940	0.17266664758919691991
0.35000000000000003331	0.99987158122866881538	0.42969619912735834699	0.57017538210130935816	5.52839917823893767235	2.00019640050036384693	0.50064326012358562057	0.17516986388981484191
0.35499999999999998224	0.99986874207711051721	0.41764158320663458124	0.58222715887047304939	5.53971636744669204688	2.00020200994002195216	0.50064333304318164863	0.17767308055503075459
0.35999999999999998668	0.99986584180058746263	0.40563699640467543173	0.59422884539590914432	5.55098164299024521284	2.00020774213338947689	0.50064338117985163201	0.18017629746093000165
0.36499999999999999112	0.99986288035358272808	0.39368958779950541382	0.60617329255407559341	5.56218785753451072651	2.00021359718262425886	0.50064340356609515759	0.18267951447876049076
0.36999999999999999556	0.99986085944687164151	0.38180708073173336148	0.61805377871513145216	5.57333229925141449002	2.00021957520516169282	0.50064339922482659073	0.18518273147488462094
0.37500000000000000000	0.99985778886201504001	0.36999534508382259101	0.62986244377818956242	5.58439915913453521767	2.00022368562696417627	0.50064384796060168448	0.18768595071468763269
0.38000000000000000444	0.99985466387197663440	0.35826200468570851276	0.64159265918626540159	5.59538579448178818865	2.00022986737508912114	0.50064380158568333457	0.19018916972261604159
0.38500000000000000888	0.99985147646787775333	0.34661403321118783305	0.65323744325668964272	5.60628518950859433545	2.00023617465418768191	0.50064372123906764056	0.19269238832881138701
0.39000000000000001332	0.99984922943170240206	0.33505901269468135739	0.66479021673702032302	5.61709478382009042008	2.00024260751885307741	0.50064360967951948567	0.19519560637720898000
0.39500000000000001776	0.99984592349250156484	0.32360251213214835664	0.67624341136034793465	5.62779902112579044626	2.00024718490687947181	0.50064394279165946866	0.19769882609116729011
0.40000000000000002220	0.99984256149951844517	0.31225198560870454090	0.68759057589080951889	5.63839547590347933692	2.00025384112769222256	0.50064377651286839921	0.20020204497373161878
0.40500000000000002665	0.99983913571609073223	0.30101416963288157858	0.69882496608320565645	5.64887737502334719153	2.00026062561396900108	0.50064357185477792456	0.20270526283300549508
0.41000000000000003109	0.99983564595549645482	0.28989573636901860842	0.70993990958647334999	5.65923805609393326677	2.00026753858841255251	0.50064333137013405928	0.20520847948985615483
0.41500000000000003553	0.99983309152714772150	0.27890399309284696905	0.72092909843429875405	5.66947522178334750720	2.00027458046818695792	0.50064305397864095060	0.20771169475974934904
0.41999999999999998446	0.99982947784830045190	0.26804405650590373833	0.73178542134239410455	5.67957379410329554759	2.00027977452045924167	0.50064321549863144423	0.21021491083724250237
0.42499999999999998890	0.99982580526042008628	0.25732306747494110288	0.74250273778547726256	5.68953165405044813951	2.00028705195070832801	0.50064287041615596063	0.21271812518932328717
0.42999999999999999334	0.99982206658940653288	0.24674737663751242223	0.75307468995189352778	5.69934241974450817025	2.00029446320847315022	0.50064248517380072201	0.21522133761519229855
0.43499999999999999778	0.99981826190804212739	0.23632325079744417873	0.76349501111059447922	5.70899984239983471213	2.00030200701907023841	0.50064205402544648127	0.21772454788531953040
0.44000000000000000222	0.99981439087850154657	0.22605686418848874863	0.77375752669001063300	5.71849776236110507455	2.00030968403491726804	0.50064158000346670185	0.22022775578533687613
0.44500000000000000666	0.99980945525551534470	0.21595352642274573407	0.78385592883276744569	5.72782589472030156941	2.00031749498049693514	0.50064106195434510127	0.22273096109510859275
0.45000000000000001110	0.99980544958869843608	0.20602074489789409806	0.79378470469080220084	5.73698672221530792115	2.00032741665353430704	0.50064002055800804758	0.22523416119789863021
0.45500000000000001554	0.99980137073737729292	0.19626362966617036387	0.80353774107120579107	5.74597013317597049564	2.00033493921760463508	0.50063954562859913633	0.22773735892604163311
0.46000000000000001998	0.99979622823633884643	0.18668715816931019669	0.81310907006702692890	5.75476622320808139932	2.00034313918573314339	0.50063889294136987296	0.23024055339074847581
0.46500000000000002442	0.99979201621043789494	0.17729857587818143028	0.82249344033225346706	5.76337773709314671322	2.00035344833608963455	0.50063771330482986777	0.23274374195727262626
0.47000000000000002887	0.99978773030288936585	0.16810263246483794775	0.83168509783804889235	5.77179491205827588374	2.00036192855800987189	0.50063698398311362592	0.23524692687718820605
0.47500000000000003331	0.99978340599479464945	0.15910409157963997795	0.84067931441515220126	5.78001116972213146994	2.00037054492844745823	0.50063618025672740330	0.23775010777847183085
0.47999999999999998224	0.99977999553455376702	0.15030971994594610752	0.84947027558860499497	5.78802652751796387065	2.00037927609543730867	0.50063532923893416804	0.24025328442466650780
0.48499999999999998668	0.99977652025869023777	0.14172390167541826234	0.85805261858327053215	5.79583173105832383243	2.00038617418625275235	0.50063493905754630209	0.24275645911995424875
0.48999999999999999112	0.99977200206337635269	0.13335157517624784962	0.86642042688712572751	5.80341894170475036674	2.00039320120097663391	0.50063446823276025466	0.24525963146111803836
0.49499999999999999556	0.99976840785294662783	0.12519791910753350073	0.87457048874541132299	5.81078890603997866293	2.00040231022396453042	0.50063346062374003420	0.24776279876423673576
0.50000000000000000000	0.99976476107062062226	0.11726760508078870604	0.88249715598982803044	5.81793405958719045401	2.00040955195600211880	0.50063290113731062636	0.25026596326992328612
0.50500000000000000444	0.99976006378112725059	0.10956519090241167991	0.89019487287871257308	5.82484685123584178257	2.00041692298171103204	0.50063231242753991612	0.25276912483206098736
0.51000000000000000888	0.99975629536535259856	0.10209541620098422365	0.89766087916436421157	5.83152851898746060755	2.00042639334143057539	0.50063114905668737453	0.25527228057734441258
0.51500000000000001332	0.99975247382547738351	0.09486255743308838473	0.90488991639238303133	5.83797187911782522463	2.00043398480113143734	0.50063043496637404939	0.25777543275217629226
0.52000000000000001776	0.99974858699611390822	0.08787085602693091302	0.91187773096918034454	5.84417266835509696676	2.00044170653121433645	0.50062966036919920310	0.26027858105402229549
0.52500000000000002220	0.99974364807901960894	0.08112432709712022461	0.91861932098189680307	5.85012393618874160239	2.00044955907698485120	0.50062882867001057274	0.26278172519737236223
0.53000000000000002665	0.99973963588643843803	0.07462709019673451072	0.92511254568970213708	5.85582753314390558330	2.00045951763931384448	0.50062744422401728173	0.26528486241849247307
0.53500000000000003109	0.99973556931510632051	0.06838285840059843412	0.93135271091450322345	5.86127685281959553976	2.00046759898882786644	0.50062647947919047819	0.26778799481588844156
0.54000000000000003553	0.99973143581338763664	0.06239527837547870215	0.93733615743790410502	5.86646821730670708916	2.00047581334004664910	0.50062547821485581245	0.27029112220696271951
0.54500000000000003997	0.99972723504026983488	0.05666784353780823097	0.94305939150245587932	5.87139816240567391503	2.00048416208677659611	0.50062441575730598498	0.27279424428574927664
0.55000000000000004441	0.99972198070991291630	0.05120383244341945167	0.94851814826648761514	5.87606047757259197795	2.00049264599594733838	0.50062329095164237458	0.27529736074050747963
0.55500000000000004885	0.99971764773006999150	0.04600654528701428325	0.95371110244305001835	5.88045783554204160026	2.00050324254674904978	0.50062158050330618497	0.27780046864302399001
0.56000000000000005329	0.99971325715980585702	0.04107893859257263219	0.95863431856722802760	5.88458437456699545720	2.00051197023280380449	0.50062033722261545243	0.28030357032913705284
0.56500000000000005773	0.99970879680932900335	0.03642386873510395501	0.96328492807422028132	5.88843722132275981807	2.00052083693863647085	0.50061902602481134217	0.28280666545926108624
0.57000000000000006217	0.99970426611441476350	0.03204402935867251695	0.96766023675573975549	5.89201371341991464448	2.00052984407690770396	0.50061764815450504607	0.28530975370003358593
0.57500000000000006661	0.99969966446418467854	0.02794194914451617745	0.97175771531966348427	5.89531135875163592175	2.00053899349141062203	0.50061618773169169749	0.28781283463869206107
0.57999999999999996003	0.99969400268508601393	0.02411995492231664914	0.97557404776276235303	5.89832488357917039679	2.00054828517178862057	0.50061467934965442339	0.29031590803544032875
0.58499999999999996447	0.99969027253390319032	0.02058034817757809290	0.97910992435632127062	5.90106101527180104682	2.00055803915925478620	0.50061465838447094523	0.29281898132736267071
0.58999999999999996891	0.99968650661743285735	0.01732507764277784607	0.98236142897465217327	5.90351191463043267760	2.00056552685688382454	0.50061360113721919962	0.29532204933304878613
0.59499999999999997335	0.99968286188283117522	0.01435600307098300159	0.98532685881184045584	5.90567621653779983859	2.00057308460342531120	0.50061251533433315242	0.29782511190972044135
0.59999999999999997780	0.99967928534576944166	0.01167480673601001967	0.98800447860975237901	5.90755040159365396590	2.00058043153072473430	0.50061511214229426070	0.30032818747043193985
0.60499999999999998224	0.99967566987855782656	0.00928299842569472143	0.99039267145285692084	5.90913436993284424403	2.00058762517338717402	0.50061410010797313674	0.30283125797097182330
0.60999999999999998668	0.99967201387651594136	0.00718191774109042374	0.99249009613541661068	5.91042681255567448062	2.00059489913950505624	0.50061303172895899039	0.30533432312961661381
0.61499999999999999112	0.99966933150613235259	0.00537374554810444559	0.99429558595801970089	5.91143268811843203281	2.00060225577876238390	0.50061190696001511835	0.30783738266441668108
0.61999999999999999556	0.99966663283638912407	0.00385848293001227367	0.99580814990637100959	5.91214510093659129097	2.00060767455939236825	0.50061123180119160292	0.31034043882342265963
0.62500000000000000000	0.99966292203381368342	0.00263595207210929510	0.99702696996169681842	5.91255729722817413574	2.00061312402549784650	0.50061051692668345758	0.31284349140805606249
0.63000000000000000444	0.99966019876835221503	0.00170879193073541699	0.99795140683760874545	5.91268067704609023849	2.00062058511370377545	0.50060926230327329467	0.31534653771957243951
0.63500000000000000888	0.99965745427036578619	0.00107645889726649003	0.99858099537308997462	5.91250876606336284169	2.00062609573030725230	0.50060845012843957491	0.31784957997021462406
0.64000000000000001332	0.99965469259749850650	0.00073924806341156839	0.99891544453407821180	5.91204133451176705449	2.00063164051846875680	0.50060759832057577512	0.32035261796181752070
0.64500000000000001776	0.99965091642229397806	0.00069629413771264291	0.99895462228457487797	5.91127231497046956576	2.00063659401475923971	0.50060685804432192292	0.32285565225203910478
0.65000000000000002220	0.99964812420914572755	0.00094950758967315583	0.99869861661946490727	5.91021381851565319465	2.00064418189778692181	0.50060541843933747952	0.32535867934423579051
0.65500000000000002665	0.99964530726112388326	0.00149765419930917762	0.99814765306180697202	5.90886006869386903873	2.00064982680239955570	0.50060441688748402722	0.32786170142867321342
0.66000000000000003109	0.99964246961738534303	0.00234032644243290476	0.99730214317494503273	5.90721153874940085871	2.00065551280874309725	0.50060337322923798009	0.33036471829481939277
0.66500000000000003553	0.99963861404128551147	0.00347597414113416832	0.99616263990014441987	5.90526285123642136199	2.00066124197548189656	0.50060227866571249677	0.33286772968814792861
0.67000000000000003997	0.99963573890564161317	0.00490577380156248521	0.99472996510407296622	5.90302684351881357117	2.00066899474332826614	0.50060063879343963400	0.33537073288211510791
0.67500000000000004441	0.99963283497073551764	0.00662780790945029143	0.99300502706127691255	5.90049842369131471997	2.00067481270936031734	0.50059943329005940349	0.33787373004856541270
0.68000000000000004885	0.99962990632465009710	0.00864097152919979239	0.99098893479544480911	5.89767876770077936754	2.00068067997902776511	0.50059817504648940201	0.34037672092379783750
0.68500000000000005329	0.99962595696741107787	0.01094304185361371327	0.98868291511378725289	5.89456317804785712156	2.00068659807068494061	0.50059687015409481958	0.34287970527456829162
0.69000000000000005773	0.99962298333576182774	0.01353445953432272017	0.98608852380143019456	5.89116520864751347375	2.00069454471255347983	0.50059501771475933829	0.34538268036314206944
0.69500000000000006217	0.99961997682121905839	0.01641263927349248183	0.98320733754771716395	5.88748044362420230868	2.00070056691813880079	0.50059359499358224710	0.34788564833810997623
0.70000000000000006661	0.99961694171988291213	0.01957579074494197532	0.98004115097493194053	5.88351075288419611553	2.00070664554669708224	0.50059208683529721196	0.35038860877228644730
0.70499999999999996003	0.99961288383859892015	0.02302103679184414053	0.97659184704674850686	5.87925211274586967392	2.00071278306922728518	0.50059052148304938878	0.35289156137970167926
0.70999999999999996447	0.99960979597161758736	0.02674808759075145842	0.97286170838085617163	5.87471877708988632349	2.00072095273213212963	0.50058840705216456346	0.35539450341496248154
0.71499999999999996891	0.99960667055955221283	0.03075371177530620420	0.96885295878423538518	5.86990700068793369581	2.00072721061575364843	0.50058671374018615108	0.35789743698366338620
0.71999999999999997335	0.99960351163498839533	0.03503545180616572663	0.96456805982881499428	5.86481931808620338131	2.00073353521448993320	0.50058496519316819651	0.36040036180962919943
0.72499999999999997780	0.99959932777394266967	0.03958980106764146967	0.96000952670629302599	5.85945235658769725262	2.00073992831855518304	0.50058315681483278592	0.36290327759370338834
0.72999999999999998224	0.99959610701527956689	0.04441575127549628882	0.95518035573977255748	5.85382105084084791713	2.00074835722405053318	0.50058079845805281138	0.36540618158599363907
0.73499999999999998668	0.99959385200340300504	0.04951033080042151202	0.95008352120297479004	5.84792843260892691859	2.00075285602098862370	0.50057986604144111276	0.36790908091620083686
0.73999999999999999112	0.99959158923301716371	0.05486956259039902500	0.94472202664260818139	5.84177170251859756434	2.00075740193701312464	0.50057841469891772856	0.37041197298969541496
0.74499999999999999556	0.99958930580801685917	0.06049016540785969592	0.93909914040014841330	5.83535612783761692413	2.00076198875829058821	0.50057537604037039003	0.37291484986989725803
0.75000000000000000000	0.99958700484806228825	0.06636871506610839133	0.93321828978194454329	5.82868320311255949662	2.00076659310795612612	0.50057378917293082754	0.37541771881576191383
0.75500000000000000444	0.99958468220997920284	0.07250164381475750208	0.92708303839521077894	5.82175651037974972724	2.00077123987089189328	0.50057214997474175355	0.37792057956563562815
0.76000000000000000888	0.99958233569256116358	0.07888523443084516362	0.92069710126170556386	5.81457979272725911102	2.00077593382251839316	0.50057045666077759627	0.38042343184893950836
0.76500000000000001332	0.99957996361143164332	0.08551562242995844332	0.91406434118146318024	5.80715694345662480913	2.00078067842634910178	0.50056870824285859545	0.38292627539015378080
0.77000000000000001776	0.99957756449232504359	0.09238879842817016019	0.90718876606414577957	5.79949200171180923036	2.00078547665074957251	0.50056690407889614658	0.38542910991054823988
0.77500000000000002220	0.99957513698325162199	0.09950061060207140984	0.90007452638117124710	5.79158914940205438171	2.00079033119619831282	0.50056504381537836323	0.38793193512962514946
0.78000000000000002665	0.99957267980951380881	0.10684676723473342241	0.89272591257476963111	5.78345270832747004874	2.00079524460205071534	0.50056312728360818909	0.39043475076604317042
0.78500000000000003109	0.99957019174824479624	0.11442283934450903082	0.88514735240372421909	5.77508713739657864039	2.00080021930591822610	0.50056115427580061272	0.39293755653742218348
0.79000000000000003553	0.99956767159693127311	0.12222426339306827203	0.87734340820385381399	5.76649702970119992784	2.00080525769827621829	0.50055912454957229851	0.39544035216017003886
0.79500000000000003997	0.99956511818398030567	0.13024634407632937338	0.86931877410764146763	5.75768710973580510881	2.00081036210814522391	0.50055703809084317601	0.39794313735062425419
0.80000000000000004441	0.99956253035726971845	0.13848425719007398382	0.86107827316718554833	5.74866223044982671553	2.00081553482478469164	0.50055489488135396225	0.40044591182503103122
0.80500000000000004885	0.99955990821539175695	0.14693305275095369655	0.85262685546442640305	5.73942737749899656308	2.00082003667922636581	0.50055288119171503780	0.40294867623098962195
0.81000000000000005329	0.99955725217436852681	0.15558765793208373385	0.84396959424227246949	5.72998766069067855256	2.00082532574240845591	0.50055063297682533818	0.40545142939587375253
0.81500000000000005773	0.99955455801555159745	0.16444287932454368373	0.83511167869099478533	5.72034828197937628147	2.00083069007180736065	0.50054832575723140486	0.40795417102465991732
0.82000000000000006217	0.99955182463565694917	0.17349340725836742694	0.82605841737727936369	5.71051457762627912018	2.00083613184956954356	0.50054596173347221111	0.41045690083332725395
0.82500000000000006661	0.99954905092268497846	0.18273381858410556178	0.81681523233856878630	5.70049199667480710474	2.00084165328531060624	0.50054354090081998319	0.41295961853783136331
0.83000000000000007105	0.99954623574350454085	0.19215857996060328738	0.80738765578289317659	5.69028609759465187068	2.00084725663303109044	0.50054106309449608592	0.41546232385330383874
0.83499999999999996447	0.99954337796755587942	0.20176205121303103507	0.79778132675451418621	5.67990254501058089431	2.00085294414618264369	0.50053852844281987444	0.41796501649551792701
0.83999999999999996891	0.99954047643856647198	0.21153848872170599726	0.78800198771685259214	5.66934710609366643297	2.00085871805171500171	0.50053593719739641887	0.42046769618150492409
0.84499999999999997335	0.99953752960175878961	0.22148204883430144818	0.77805548076744834862	5.65862564481755381252	2.00086458148827039949	0.50053328503335026145	0.42297036260667170149
0.84999999999999997780	0.99953453620278454039	0.23158679156875150440	0.76794774463402315501	5.64774412282025206622	2.00087053694713290497	0.50053057500995934426	0.42547301548172150598
0.85499999999999998224	0.99953203402412538203	0.24184712407817327007	0.75768490994593939991	5.63671084971053737434	2.00087658675456392388	0.50052780835795773751	0.42797565452351127302
0.85999999999999998668	0.99952895366557059642	0.25225604683923202876	0.74727290682632874219	5.62552750706099224942	2.00088165687391583702	0.50052525113841317417	0.43047828077920335943
0.86499999999999999112	0.99952582544306101120	0.26280779151718586251	0.73671803392586410197	5.61420253857178419565	2.00088787984357452387	0.50052237777814545527	0.43298089266809408615
0.86999999999999999556	0.99952264651612787727	0.27349606753335248266	0.72602657898276257153	5.60274224385860986075	2.00089420303455955974	0.50051944735297670963	0.43548348990485896692
0.87500000000000000000	0.99951941567054847226	0.28431450769392629940	0.71520490797661007143	5.59115300808055515347	2.00090062890874964552	0.50051646075994660201	0.43798607220865870548
0.88000000000000000444	0.99951613167312935992	0.29525667067060668014	0.70425946100250980120	5.57944128963139718280	2.00090715991170942090	0.50051341806746518781	0.44048863929899600977
0.88500000000000000888	0.99951279327026254506	0.30631604487385288849	0.69319674839639489061	5.56761361624634609768	2.00091379852811490636	0.50051031935002054940	0.44299119089574612307
0.89000000000000001332	0.99950939918647041527	0.31748605236572502442	0.68202334682073217920	5.55567658106977457777	2.00092054728489010529	0.50050716468701528239	0.44549372671918119337
0.89500000000000001776	0.99950594812307058667	0.32876005280995512781	0.67074589531310191415	5.54363683868724965720	2.00092740875402608225	0.50050395416062820608	0.44799624648998431775
0.90000000000000002220	0.99950243870867505613	0.34013134734431360595	0.65937109136434768342	5.53150110017448781718	2.00093438555507496801	0.50050068785476786726	0.45049874992925814654
0.90500000000000002665	0.99949886896303408168	0.35159318290194974121	0.64790568606107290517	5.51927612405799639106	2.00094148100118740530	0.50049736971264469076	0.45300123677782139220
0.91000000000000003109	0.99949523820593821899	0.36313875600262690568	0.63635648220329521507	5.50696873302604394951	2.00094869793575291794	0.50049399183749943010	0.45550370673700890656
0.91500000000000003553	0.99949154502974291159	0.37476121687756375200	0.62473032815216344993	5.49458578708720146722	2.00095603834507107521	0.50049055843535561472	0.45800615952918566354
0.92000000000000003997	0.99948778799678561491	0.38645367358405208202	0.61303411441271560278	5.48213418738596836022	2.00096350507197540125	0.50048706958233790676	0.46050859487709733253
0.92500000000000004441	0.99948396563744823506	0.39820919612776012331	0.60127476950966829428	5.46962087206285474394	2.00097110102158870504	0.50048352534927365021	0.46301101250384368857
0.93000000000000004885	0.99948007644859515608	0.41002082060547184739	0.58945925584310843170	5.45705281209732184777	2.00097882916474478776	0.50047992579965072668	0.46551341213284191944
0.93500000000000005329	0.99947611889217113923	0.42188155336555999142	0.57759456552659438344	5.44443700713440037475	2.00098669254097805137	0.50047627098727176520	0.46801579348777827549
0.94000000000000005773	0.99947209139249471033	0.43378437518315887678	0.56568771620932067901	5.43178048128871271416	2.00099469426128440119	0.50047256095696635025	0.47051815629256310558
0.94500000000000006217	0.99946799233402328078	0.44572224544811034352	0.55374574688589761617	5.41909027895209938208	2.00100283751734586701	0.50046879573699776245	0.47302050027124808995
0.95000000000000006661	0.99946382005757816724	0.45768810636145690340	0.54177571369610433294	5.40637346056161760544	2.00101112557930704838	0.50046497534532174978	0.47552282514797472590
0.95500000000000007105	0.99945957286341768899	0.46967488714394339810	0.52978468571945835919	5.39363709728439832958	2.00101956176625161987	0.50046110534133980696	0.47802513067468144214
0.95999999999999996447	0.99945524902047611082	0.48167550825506366685	0.51777974076539490245	5.38088827022199645000	2.00102814959751462709	0.50045717461503536061	0.48052741654775660285
0.96499999999999996891	0.99945084674545170422	0.49368288559476120048	0.50576796115067068627	5.36813406270578852286	2.00103689254129912811	0.50045318869332922063	0.48302968249122324451
0.96999999999999997335	0.99944636420932464471	0.50568993472183809690	0.49375642948746756300	5.35538155724538356139	2.00104579421037165332	0.50044914752912317280	0.48553192822886886981
0.97499999999999997780	0.99944179953560396967	0.51768957506527635282	0.48175222447031212925	5.34263783130566149993	2.00105485831112783757	0.50044505105812642221	0.48803415348415951636
0.97999999999999998224	0.99943715079893447051	0.52967473413067645005	0.46976241666823959076	5.32990995309229820265	2.00106408864702345340	0.50044089919511702824	0.49053635798013511815
0.98499999999999998668	0.99943241602353605213	0.54163835169915497403	0.45779406432436420271	5.31720497734463748429	2.00107348912109683781	0.50043669183259809063	0.49303854143929809473
0.98999999999999999112	0.99942759318180462991	0.55357338401626110524	0.44585420916552481740	5.30452994113962184031	2.00108306373946964740	0.50043242883935357135	0.49554070358349489034
0.99499999999999999556	0.99942268016066115877	0.56547280794878063137	0.43394987221186320792	5.29189185955034435693	2.00109281661383109352	0.50042811005917975375	0.49804284413379079632
1.00000000000000000000	0.99941869882497913480	0.57733014812124883175	0.42208855070371181784	5.27930231967418706063	2.00110275213568167274	0.50042373525837358095	0.50054496281008264980
1.00500000000000011546	0.99941465201277512875	0.58913790262770004968	0.41027674938505775959	5.26676384182129986300	2.00111083074895779177	0.50041980846676836769	0.50304706185241654381
1.01000000000000000888	0.99941054123032391221	0.60088913629943918604	0.39852140493086707362	5.25428337074373796867	2.00111903747686303845	0.50041584205535072361	0.50554914106269333018
1.01500000000000012434	0.99940636523023262949	0.61257694963709119484	0.38682941559312383761	5.24186779831589433343	2.00112737474992741227	0.50041183496612762216	0.50805120023752392555
1.02000000000000001776	0.99940302477416931293	0.62419480912130209660	0.37520821565284984134	5.22952906229279257388	2.00113522574425894973	0.50040794308676705970	0.51055323995295776029
1.02499999999999991118	0.99939773619397553883	0.63573479635843022084	0.36366293983552344660	5.21725936407705326303	2.00114202498285331799	0.50040430509948141680	0.51305526147845514906
1.03000000000000002665	0.99939337201618250184	0.64719139005665982101	0.35220198195950097597	5.20507947723054353872	2.00115271984438702901	0.50039969594411715104	0.51555725995817569540
1.03499999999999992006	0.99938893479449020241	0.65855741653056021345	0.34083151826391000494	5.19299158007235561740	2.00116157586780385458	0.50039553431902006331	0.51805923762977079683
1.04000000000000003553	0.99938442578583275289	0.66982622380867451461	0.32955820197713747710	5.18100232755023881737	2.00117057579193824424	0.50039133436943739053	0.52056119430161795769
1.04499999999999992895	0.99937984352880893102	0.68099121984389865414	0.31838862368489179167	5.16911829765836028372	2.00117972247171493905	0.50038709484192211985	0.52306312977582758439
1.05000000000000004441	0.99937518653837609239	0.69204587763334879380	0.30732930890500420595	5.15734600236179741017	2.00118901888402511702	0.50038281583720900514	0.52556504385501368048
1.05499999999999993783	0.99936946238088530947	0.70298335535246958550	0.29638610702839479627	5.14568730211646840900	2.00119846806036916220	0.50037849743798912261	0.52806693634220358557
1.06000000000000005329	0.99936465468552748703	0.71379804662868073795	0.28556660805682826387	5.13415773043735779169	2.00121004961333026628	0.50037365338016992489	0.53056880460910438302
1.06499999999999994671	0.99936077468127859635	0.72448350593088906013	0.27487726875036833096	5.12276477771056892863	2.00121981246829028223	0.50036925529409004287	0.53307065088557481491
1.07000000000000006217	0.99935682643125955948	0.73503322720747665819	0.26432359922376541528	5.11150896432966117544	2.00122771638558960561	0.50036532389952259603	0.53557247750507241957
1.07499999999999995559	0.99935280747228827369	0.74544106524172493167	0.25391174223054246983	5.10039641006846089510	2.00123576201497366256	0.50036135841804751934	0.53807428429716264162
1.08000000000000007105	0.99934772004208938245	0.75570062918128988461	0.24364709086077634970	5.08942848985692020136	2.00124395249305342404	0.50035735966149152976	0.54057607109547012314
1.08499999999999996447	0.99934355863131330011	0.76580662970202473261	0.23353692892927063740	5.07862047815756145752	2.00125427720028525869	0.50035283951385134404	0.54307783529303943482
1.09000000000000007994	0.99933932843161521475	0.77575295937614396902	0.22358636905544740370	5.06797250744691041291	2.00126074061023873085	0.50035074907004761791	0.54557958903838965625
1.09499999999999997335	0.99933604788735719282	0.78553393797406323440	0.21380210991327108783	5.05749727992747288852	2.00126928517823854392	0.50034679632934264681	0.54808132302003631509
1.10000000000000008882	0.99933272243820048253	0.79514367639918903663	0.20418904603899076800	5.04719469977434265218	2.00127591246724767515	0.50034334171728778173	0.55058303972862276954
1.10499999999999998224	0.99932935943900780273	0.80457661201926056194	0.19475274741972267711	5.03707037092163378844	2.00128263156082875085	0.50033985312370787835	0.55308473899424126508
1.11000000000000009770	0.99932594400738072871	0.81382729676040144184	0.18549864724695669382	5.02712765570767317058	2.00128935206700075966	0.50033981927789450417	0.55558643809063068542
1.11499999999999999112	0.99932248400885259620	0.82289040577685534927	0.17643207823196974116	5.01737383641645617871	2.00129624463758526431	0.50033636474090670276	0.55808811991433526778
1.12000000000000010658	0.99931897610969822043	0.83176070266829960076	0.16755827344137094737	5.00781411031743939333	2.00130323116966568620	0.50033289858386620352	0.56058978440725459880
1.12500000000000000000	0.99931541847493510211	0.84043306929643546432	0.15888234917847632310	4.99845356273481566944	2.00131031558856298247	0.50032942270958857822	0.56309143152080254335
1.13000000000000011546	0.99931180957299348133	0.84890250783887222230	0.15040930173409491899	4.98929716054385430368	2.00131750100648408974	0.50032593747803133510	0.56559306120819274888
1.13500000000000000888	0.99930814803443190897	0.85716414352882874805	0.14214400450557485023	4.98034974777034378235	2.00132479016015052409	0.50032244321295726852	0.56809467342425756797
1.14000000000000012434	0.99930443257031908999	0.86521322740139672280	0.13409120516889433405	4.97161604240423482537	2.00133218561236958521	0.50031894023658562975	0.57059626812544050889
1.14500000000000001776	0.99930066192952948789	0.87304513899391145149	0.12625552293559078043	4.96310063347724828020	2.00133968984430854476	0.50031542880762613912	0.57309784526947860073
1.15000000000000013323	0.99929583777753450136	0.88065527928352282938	0.11864055849398419396	4.95480212053590385324	2.00134730530650273295	0.50031190915050349766	0.57559940481523108602
1.15500000000000002665	0.99929195081151289681	0.88803951728785490705	0.11125243352362734761	4.94673652548788922445	2.00135703420327137891	0.50030788008528237487	0.57810094421565749734
1.15999999999999992006	0.99928800281489349455	0.89519351726994722540	0.10409448554491421146	4.93890218557563276391	2.00136488499412479314	0.50030434684287439229	0.58060246594987185986
1.16500000000000003553	0.99928401249520515393	0.90211321116505283069	0.09717080133012181986	4.93130325320277140833	2.00137286196645680647	0.50030080528949683050	0.58310396997631930294
1.16999999999999992895	0.99928068859163743376	0.90879472375253500527	0.09048596483906910792	4.92394800458489889650	2.00137943878444479751	0.50029906751121211439	0.58560546531387536184
1.17500000000000004441	0.99927731209815451319	0.91523417777200599676	0.08404313432611308643	4.91683578586501646157	2.00138614268966064103	0.50029593334024091700	0.58810694498057658475
1.17999999999999993783	0.99927388016658447167	0.92142792226067349315	0.07784595790588087760	4.90997020394084060513	2.00139295496713742750	0.50029279471954291036	0.59060840895417432428
1.18500000000000005329	0.99927039057172872827	0.92737245358956921226	0.07189793698212944284	4.90335472037286113078	2.00139988049474526477	0.50028965179784490314	0.59310985721316356045
1.18999999999999994671	0.99926684149786715317	0.93306441771512171890	0.06620242378271641581	4.89699264890543517481	2.00140692299673705890	0.50028650451741718541	0.59561128973575061529
1.19500000000000006217	0.99926323127505023436	0.93850061191919664783	0.06076261935582043944	4.89088715236087256955	2.00141408582660051962	0.50028335289826841858	0.59811270650024195294
1.19999999999999995559	0.99925955830115265055	0.94367798655732193502	0.05558157174379614596	4.88504124050544596969	2.00142137219057669739	0.50028019667211365284	0.60061410748360255507
1.20500000000000007105	0.99925582100929011276	0.94859364673816071178	0.05066217427109728777	4.87945776777546047498	2.00142878520683575871	0.50027703638619436255	0.60311549266553354798
1.20999999999999996447	0.99925201754665415876	0.95324485362394051347	0.04600716392267952676	4.87413943007735195323	2.00143632858749453973	0.50027386993721179032	0.60561686201521958139
1.21500000000000007994	0.99924814626246449834	0.95762902642105907081	0.04161911984137216247	4.86908876636615328692	2.00144400558776203169	0.50027069826445347278	0.60811821550654188151
1.21999999999999997335	0.99924420569006677795	0.96174374363414216749	0.03750046205588750819	4.86430815579264930193	2.00145181934570448590	0.50026752158148213301	0.61061955311444926497
1.22500000000000008882	0.99924115616480135849	0.96558691053041623142	0.03365424563434465943	4.85980349858452154166	2.00145905523616285393	0.50026451872670762988	0.61312087570808282422
1.22999999999999998224	0.99923710606537541334	0.96915609522944801135	0.03008101083589149669	4.85556962599192853958	2.00146524132459946443	0.50026179907255785562	0.61562218470344565180
1.23500000000000009770	0.99923297955998169328	0.97244952745166857166	0.02678345210827648079	4.85161196432927432909	2.00147342145003959146	0.50025862060681425270	0.61812347780647969309
1.23999999999999999112	0.99922980024857521730	0.97546558792590298825	0.02376421232263414146	4.84793619363086758511	2.00148175013562568125	0.50025543723964860376	0.62062475499267788503
1.24500000000000010658	0.99922657262766001462	0.97820250735667135800	0.02102406527095125252	4.84454006552884930414	2.00148819283133549973	0.50025274784654416571	0.62312601873191064694
1.25000000000000000000	0.99922329341157478666	0.98065884365395028510	0.01856444975759023383	4.84142496813068845540	2.00149473865219951207	0.50025006482540679276	0.62562726905603771588
1.25500000000000011546	0.99921897005961879401	0.98283319437692706622	0.01638577568265654760	4.83858829364914022619	2.00150138841240643472	0.50024738907142607403	0.62812850600139480406
1.26000000000000000888	0.99921559267221382594	0.98472471180659715273	0.01449088086558073495	4.83603881348224096115	2.00151012255235238868	0.50024423389886873981	0.63062972717088916497
1.26500000000000012434	0.99921216411865176887	0.98633232225345912614	0.01287984186515142224	4.83377357733580836907	2.00151696606946982726	0.50024157706275995672	0.63313093505620299251
1.27000000000000001776	0.99920868113585170622	0.98765525273693210995	0.01155342839888035683	4.83179330342059820680	2.00152391834174725460	0.50023892353734111804	0.63563212967388971197
1.27500000000000013323	0.99920514303418106472	0.98869289906939639145	0.01051224396474371645	4.83009855413884814368	2.00153098058911194101	0.50023627684679761174	0.63813331105812365340
1.28000000000000002665	0.99920055616548819621	0.98944472990484255703	0.00975582626060616034	4.82868584285492197239	2.00153815422056924334	0.50023363728729874911	0.64063447924456018434
1.28499999999999992006	0.99919691082776629365	0.98991067507146202065	0.00928623575626319128	4.82756316774317539853	2.00154742374385063997	0.50023051552106279072	0.64313563182216548775
1.29000000000000003553	0.99919320986356974235	0.99009053559281012813	0.00910267427072064539	4.82672670030549255671	2.00155481058801187899	0.50022789170843373618	0.64563677128070762201
1.29499999999999992895	0.99918945038404471948	0.98998438187007420375	0.00920506851392452995	4.82617631619912490493	2.00156231423494723742	0.50022527538752303844	0.64813789765764528994
1.30000000000000004441	0.99918663739449664618	0.98959334815970434462	0.00959328923474710160	4.82591989072601101896	2.00156993628438328869	0.50022266525627567813	0.65063901098392662448
1.30499999999999993783	0.99918376378187756526	0.98891692789556884247	0.01026683588626184362	4.82594883249905048928	2.00157567388293111676	0.50022055581051960704	0.65314011376297920197
1.31000000000000005329	0.99917983908644958380	0.98795563264880303933	0.01122420643760380608	4.82625862542372896513	2.00158153202041955154	0.50021845462315550623	0.65564120603609499227
1.31499999999999994671	0.99917585735300695760	0.98670948220138021689	0.01246637515158234392	4.82684824940340817534	2.00158949229695970473	0.50021586968056164224	0.65814228538449781603
1.32000000000000006217	0.99917281093447130047	0.98518103741417795138	0.01399177352024814046	4.82772898382534698669	2.00159578173733487816	0.50021528643205748210	0.66064336181665805903
1.32499999999999995559	0.99917074245042902803	0.98337056522227428434	0.01580017722811445993	4.82889574557454093195	2.00160190598839715648	0.50021331814103897617	0.66314442840736320672
1.33000000000000007105	0.99916766680358992669	0.98127841972291762751	0.01788924708062795618	4.83033525182410183874	2.00160607850678040620	0.50021184668169749177	0.66564548764077169363
1.33499999999999996447	0.99916556203165196592	0.97890765940843271764	0.02025790262317832963	4.83206216989990000599	2.00161226730556096598	0.50020996878473122926	0.66814653748469532424
1.34000000000000007994	0.99916245201276143728	0.97625822194014133526	0.02290423007257556820	4.83405873945994635221	2.00161650459264395252	0.50020864426223488053	0.67064758070600649642
1.34499999999999997335	0.99916037736482421483	0.97333345469538568029	0.02582692266939696363	4.83633961494472597309	2.00162276442183184599	0.50020686867854413649	0.67314861504939926817
1.35000000000000008882	0.99915731952831299267	0.97013366905493692016	0.02902365047333011969	4.83888448790665215427	2.00162700801924176019	0.50020928017872856586	0.67564966145029292655
1.35499999999999998224	0.99915523073706080659	0.96666250033270473274	0.03249273040431217840	4.84170935257036560984	2.00163317659653161584	0.50020762755127468058	0.67815069958804929939
1.36000000000000009770	0.99915212538915254559	0.96292061136993278847	0.03623151401917778375	4.84479565346487817123	2.00163739830706166600	0.50020650809567890338	0.68065173212852769780
1.36499999999999999112	0.99914998890462691783	0.95891189876672688897	0.04023809013785559913	4.84815731454588760840	2.00164366566212059695	0.50020491016889645497	0.68315275667937214177
1.37000000000000010658	0.99914782851199790414	0.95463811848657209591	0.04450971002537819354	4.85178361100592514532	2.00164798496818185924	0.50020384665088746257	0.68565377591262655077
1.37500000000000000000	0.99914464812376502234	0.95010122735203905719	0.04904342077167691410	4.85566360135264663000	2.00165236017045389261	0.50020280381937809455	0.68815478993172340960
1.38000000000000011546	0.99914243245529055226	0.94530551138257234989	0.05383692107266959542	4.85981080403053500305	2.00165878036907107784	0.50020128773357352969	0.69065579637039131722
1.38500000000000000888	0.99913919679521001616	0.94025252533617598161	0.05888667145898597577	4.86420578510695822416	2.00166326034489294727	0.50020030401656212504	0.69315679789047413006
1.39000000000000012434	0.99913692722796199064	0.93494680541043528876	0.06419012181748164070	4.86886182705918812985	2.00166979272226885911	0.50019883982687451951	0.69565779208960853985
1.39500000000000001776	0.99913463104258082303	0.92939092148317714592	0.06974370955935804695	4.87376739674258629975	2.00167438194274671659	0.50019790845240574839	0.69815878163187061745
1.40000000000000013323	0.99913131144320566079	0.92358763790048836739	0.07554367354266741663	4.87891074907212285439	2.00167903245843437077	0.50019699416674334724	0.70065976660270434806
1.40500000000000002665	0.99912895435186210857	0.91754184748266165439	0.08158710686915271459	4.88430479964885932986	2.00168573523546733384	0.50019560398782247912	0.70316074462264344103
1.40999999999999992006	0.99912557365806808907	0.91125595634778000509	0.08786961731023769373	4.88992925839323877568	2.00169050173276463767	0.50019474489276294360	0.70566171834710722521
1.41500000000000003553	0.99912315707392984621	0.90473508387360346283	0.09438807320027618741	4.89579683370369522777	2.00169732832364610786	0.50019340164426151496	0.70816268535532855832
1.41999999999999992895	0.99912071118631851085	0.89798256577265422873	0.10113814541361229593	4.90189522630608465192	2.00170221533056036378	0.50019258946868971893	0.71066364830267203523
1.42500000000000004441	0.99911723788949224900	0.89100192287710422434	0.10811531501233444252	4.90821192672145834024	2.00170716896731271106	0.50019179164596816456	0.71316460726090191713
1.42999999999999993783	0.99911472547276924949	0.88379859367081958776	0.11531613180189888290	4.91475931960884615535	2.00171418331834205517	0.50019051438665118603	0.71566555983283519637
1.43500000000000005329	0.99911218209460239681	0.87637634691031174317	0.12273583518423591965	4.92152469374807477465	2.00171857870163938387	0.50018994236738612003	0.71816650954467209367
1.43999999999999994671	0.99910861083254964843	0.86873912936721431333	0.13036948146527685410	4.92849512454140814555	2.00172370523464282499	0.50018921162725027418	0.72066745560280831562
1.44500000000000006217	0.99910599738231642419	0.86089267192022023156	0.13821332546204168068	4.93568268210386662531	2.00173089340803622704	0.50018799765368071597	0.72316839559107670699
1.44999999999999995559	0.99910340800417962726	0.85284118243163631323	0.14626222557248830247	4.94307474058773443915	2.00173615419934902704	0.50018729202550904489	0.72566933205120420780
1.45500000000000007105	0.99910152524848783173	0.84458986220609044704	0.15451166304233837634	4.95067374229441448108	2.00173990412074953582	0.50018635323799742753	0.72817026381739424767
1.45999999999999996447	0.99909961668481117592	0.83614328538853688322	0.16295633129621833746	4.95846697574420947063	2.00174368990223827680	0.50018608425266419815	0.73067119423865756200
1.46500000000000007994	0.99909767943606420104	0.82750653099246629374	0.17159114844353698381	4.96644930959075470156	2.00174753173698638520	0.50018583456419474231	0.73317212341147852683
1.46999999999999997335	0.99909571234529970241	0.81868478678796718917	0.18041092555727228364	4.97461551899692189238	2.00175143229784913146	0.50018560290273439417	0.73567305142599215273
1.47500000000000008882	0.99909371460578577651	0.80968334533757335691	0.18941036926815132957	4.98296027795627338719	2.00175539329638896291	0.50018538826738712100	0.73817397836732911998
1.47999999999999998224	0.99909168553148086644	0.80050760063843018344	0.19858408489298662314	4.99147816074472672199	2.00175941614225072485	0.50018518973602021926	0.74067490431600924161
1.48500000000000009770	0.99908962448620830532	0.79116304480013821543	0.20792657968600627982	5.00016364465682450202	2.00176350212776510418	0.50018500644966690238	0.74317582934825754393
1.48999999999999999112	0.99908753085622059587	0.78165526469282664568	0.21743226616333369283	5.00901111312562008493	2.00176765249152488479	0.50018483748912490050	0.74567675353570317398
1.49500000000000010658	0.99908540403779322325	0.77198993855103981154	0.22709546548668813060	5.01801485903326405236	2.00177186845047572206	0.50018468199822785358	0.74817767694569425885
1.50000000000000000000	0.99908324343302090664	0.76217283253078405014	0.23691041090216935494	5.02716908811237228605	2.00177615121059115921	0.50018453907094007072	0.75067859964104899362
1.50500000000000011546	0.99908104844678091716	0.75220979721838920895	0.24687125122832553892	5.03646792245582908265	2.00178050197004786526	0.50018440773121231047	0.75317952167970503297
1.51000000000000000888	0.99907881848514712431	0.74210676409334430659	0.25697205439173670394	5.04590540403355181098	2.00178492192719525988	0.50018428708805440230	0.75568044311514526168
1.51500000000000012434	0.99907655309219389750	0.73186974199546450670	0.26720681109666366559	5.05547549879435464959	2.00178941227644280332	0.50018417611237164788	0.75818136399570712491
1.52000000000000001776	0.99907425186238685288	0.72150481347135297927	0.27756943839096620552	5.06517209996886119683	2.00179397329199293409	0.50018407435181788667	0.76068228436746621046
1.52500000000000013323	0.99907191388833649359	0.71101813090222321101	0.28805378298604888965	5.07498902971626186797	2.00179860707759038618	0.50018398013277831637	0.76318320426813013313
1.53000000000000002665	0.99906953858034652782	0.70041591311332329628	0.29865362546695645163	5.08492004587155399520	2.00180331482098461393	0.50018389258898388050	0.76568412373107508362
1.53500000000000014211	0.99906712534895825151	0.68970444151370002839	0.30936268383518933378	5.09495884441388291464	2.00180809771546419640	0.50018381099889641650	0.76818504278606958291
1.54000000000000003553	0.99906467360718786974	0.67889005632471088880	0.32017461728240498298	5.10509906350156139609	2.00181295694487459969	0.50018373387531800400	0.77068596145544621123
1.54499999999999992895	0.99906218277049729792	0.66797915277656927380	0.33108302999385619270	5.11533428708975979049	2.00181789369397611367	0.50018366029920557914	0.77318687975694222470
1.55000000000000004441	0.99905965226254633826	0.65697817727842766633	0.34208147498404511966	5.12565804883941567027	2.00182290914135263549	0.50018358931473694273	0.77568779770351592440
1.55499999999999993783	0.99905708150922145627	0.64589362355600232757	0.35316345795314524336	5.13606383265331434274	2.00182800445477138140	0.50018351889649148578	0.77818871529799837905
1.56000000000000005329	0.99905446993937574440	0.63473202877334189420	0.36432244116596063099	5.14654508314283454240	2.00183318078138894336	0.50018344896000321853	0.78068963254279843955
1.56499999999999994671	0.99905181698727940631	0.62349996962458431593	0.37555184736261826295	5.15709520633610996043	2.00183843927014626374	0.50018337834108528295	0.78319054943450383544
1.57000000000000006217	0.99904912209174645543	0.61220405840876990222	0.38684506368289983680	5.16770757356824006479	2.00184378106150040466	0.50018330592384030453	0.78569146596412298145
1.57499999999999995559	0.99904638469644524434	0.60085093908768483217	0.39819544560868341820	5.17837552543127710436	2.00184920728685300517	0.50018323058430746997	0.78819238211704456543
1.58000000000000007105	0.99904360425031879522	0.58944728332876938914	0.40959632092147568727	5.18909237573965498314	2.00185471906770695583	0.50018315119129719282	0.79069329787300102197
1.58499999999999996447	0.99904078020805575644	0.57799978653560446507	0.42104099367237168838	5.19985141550748775074	2.00186031751493720421	0.50018306660707845257	0.79319421320603644698
1.59000000000000007994	0.99903791203040392954	0.56651516386811373582	0.43252274816220981357	5.21064591693528278427	2.00186600372780798551	0.50018297568817804422	0.79569512808447728780
1.59499999999999997335	0.99903499918466520668	0.55500014625508897748	0.44403485292949729235	5.22146913740421769745	2.00187177879327515839	0.50018287728609678311	0.79819604247090780724
1.60000000000000008882	0.99903204114504329247	0.54346147640130348933	0.45557056474365981158	5.23231432347487945833	2.00187764378505539398	0.50018277024809909559	0.80069695632214832326
1.60499999999999998224	0.99902903739315018772	0.53190590479172461524	0.46712313260135157611	5.24317471488915032296	2.00188359976291296860	0.50018265341795142831	0.80319786958923811149
1.61000000000000009770	0.99902598741807602245	0.52034018569496520712	0.47868580172302965803	5.25404354857043376370	2.00188964777167921483	0.50018252563669207689	0.80569878221742152746
1.61499999999999999112	0.99902289071696481759	0.50877107316973835260	0.49025181754714119986	5.26491406226501013066	2.00189578890100250419	0.50018238679702453631	0.80819969415140668900
1.62000000000000010658	0.99901974679630911602	0.49720531707334547633	0.50181442972288514692	5.27577949960724623679	2.00190202404484862697	0.50018223364218017402	0.81070060531961762873
1.62500000000000000000	0.99901655517109311244	0.48564965907720503147	0.51336689609380470323	5.28663311304063743279	2.00190835425715896179	0.50018206605040715917	0.81320151564986964399
1.63000000000000011546	0.99901331536566162494	0.47411082869277137997	0.52490248667280781092	5.29746816814930188144	2.00191478051540672212	0.50018188285929476855	0.81570242506416612560
1.63500000000000000888	0.99901002691406792788	0.46259553930794189425	0.53641448760604060197	5.30827794762320248623	2.00192130377809718311	0.50018168290733755477	0.81820333347870277674
1.64000000000000012434	0.99900769972917491391	0.45111054663830091327	0.54789715309078668160	5.31905872391496092888	2.00192792498414107172	0.50018146503492733057	0.82070424080387738286
1.64500000000000001776	0.99900532471560110626	0.43966246752700322009	0.55934285718851128877	5.32980084780761753649	2.00193264569598827762	0.50018171289128621204	0.82320514936833377728
1.65000000000000013323	0.99900191787090353301	0.42825787364281991954	0.57074404422799640546	5.34049479601919241389	2.00193746109965609037	0.50018194292641737775	0.82570605908296590414
1.65500000000000002665	0.99899945931199318760	0.41690351191403751674	0.58209594739786818529	5.35113976320472506387	2.00194433136243343796	0.50018167472941088558	0.82820696745661293026
1.66000000000000014211	0.99899596641212573545	0.40560580917130290013	0.59339015724073673752	5.36172338147178262346	2.00194930498497791760	0.50018187413590819990	0.83070787682729252399
1.66500000000000003553	0.99899342767927856723	0.39437145890620073363	0.60462196877299290154	5.37224492183500590414	2.00195634885422935056	0.50018156740480657074	0.83320878466431658183
1.66999999999999992895	0.99899084532747206566	0.38320687571958633733	0.61578396960779713254	5.38269498565499660003	2.00196148390613171131	0.50018172954253203866	0.83570969331202926700
1.67500000000000004441	0.99898722809819551216	0.37211840547957009129	0.62686882261853449361	5.39306425148781620749	2.00196671573589268789	0.50018186656334939766	0.83821060264484603675
1.67999999999999993783	0.99898455878914627082	0.36111263356619960341	0.63787192522285751650	5.40335209092217017002	2.00197401050109569098	0.50018149741817719001	0.84071151013193690105
1.68500000000000005329	0.99898184507370746399	0.35019580565539731865	0.64878603941821555434	5.41354929243389371152	2.00197940822494713231	0.50018159174405585343	0.84321241809065716755
1.68999999999999994671	0.99897809964261974347	0.33937408572334493151	0.65960401391917633518	5.42364673040401168436	2.00198490399178652410	0.50018165819436166686	0.84571332638162899364
1.69500000000000006217	0.99897529695837294916	0.32865391994589837621	0.67032137701237681782	5.43364389507924894218	2.00199245743385034757	0.50018121625779210504	0.84821423246291793863
1.69999999999999995559	0.99897145852250213149	0.31804122014403068963	0.68093023837837296508	5.44352894906781781259	2.00199812358075224239	0.50018123287086391215	0.85071513862727221600
1.70500000000000007105	0.99896856974373371418	0.30754232546599569176	0.69142624427763810235	5.45330152015606461902	2.00200586456288620596	0.50018073399470175389	0.85321604229724568036
1.70999999999999996447	0.99896563505200419719	0.29716312237758457648	0.70180251267432225415	5.46295274964979871157	2.00201170419257046262	0.50018069537592801943	0.85571694577412527050
1.71500000000000007994	0.99896166235016448098	0.28690939470971699166	0.71205226764035156606	5.47247388117951594211	2.00201764449860730721	0.50018062407729046992	0.85821784889451169231
1.71999999999999997335	0.99895863524880479378	0.27678729426520176649	0.72217134098349766713	5.48186473374480787157	2.00202565633612605822	0.50018003553897871782	0.86071874907220657924
1.72500000000000008882	0.99895556139701169318	0.26680244886107379321	0.73215311253583570394	5.49111671865056560904	2.00203177444753332992	0.50017990286883229345	0.86321964858655075847
1.72999999999999998224	0.99895145087931003225	0.25696037189323828187	0.74199107898596816657	5.50022135841957116043	2.00203799464186760204	0.50017973473800847461	0.86572054726024083582
1.73500000000000009770	0.99894828271411140186	0.24726699944115829166	0.75168128327285244072	5.50917867826745855098	2.00204628444199572712	0.50017904665718682100	0.86822144249352672940
1.73999999999999999112	0.99894506698189078353	0.23772766948441426127	0.76121739749737327152	5.51798037984995470850	2.00205268707954830987	0.50017883640550464541	0.87072233667555420933
1.74500000000000010658	0.99894081547112689723	0.22834759439179316831	0.77059322107922800793	5.52661829741274512884	2.00205919298674528406	0.50017857651076458314	0.87322322955810804945
1.75000000000000000000	0.99893750399439107390	0.21913246837680797063	0.77980503561747849250	5.53509268920481911636	2.00206658551008587210	0.50017811067416195758	0.87572412011147882094
1.75500000000000011546	0.99893315285620132293	0.21008709720911489249	0.78884605564698040414	5.54339282574972269657	2.00207326155217657515	0.50017779826112362951	0.87822500910278444852
1.76000000000000000888	0.99892974877134521616	0.20121700247259496908	0.79771274629864363792	5.55151917273444439616	2.00208202308580673900	0.50017694113666599787	0.88072589380846777463
1.76500000000000012434	0.99892629575330660341	0.19252697211634223207	0.80639932363685806749	5.55946396979470769395	2.00208888718767985537	0.50017655036305941341	0.88322677656028303339
1.77000000000000001776	0.99892179898568866925	0.18402165109864229708	0.81490014788694065118	5.56721959768126684054	2.00209585696891156914	0.50017611804439487955	0.88572765715050505442
1.77500000000000013323	0.99891824702440679129	0.17570627985075620847	0.82321196717354450101	5.57478681591280622598	2.00210491177989569067	0.50017515535232115464	0.88822853292726666741
1.78000000000000002665	0.99891464542604080368	0.16758528147511633777	0.83132936395081691305	5.58215824527689719048	2.00211207275889790935	0.50017462427709991069	0.89072940604865213921
1.78500000000000014211	0.99891109514560239013	0.15966321732018931567	0.83924787782530430036	5.58932964490161854343	2.00211934089788989866	0.50017406521682217235	0.89323027637473628726
1.79000000000000003553	0.99890853591275041712	0.15194476696570413665	0.84696376894693381487	5.59629743509087784759	2.00212478607454347213	0.50017899517032826662	0.89573117135058788474
1.79499999999999992895	0.99890594524779008356	0.14443396099598845850	0.85447198425168835456	5.60305626870654460703	2.00212993047749510112	0.50017898322751108697	0.89823206626672547070
1.80000000000000004441	0.99890332221215172304	0.13713496409493422523	0.86176835811710172930	5.60960200410958975681	2.00213513934953146745	0.50017893281999159516	0.90073296093082544367
1.80499999999999993783	0.99890066629430385170	0.13005181245812372226	0.86884885383606702547	5.61593063047964680123	2.00214041381132057396	0.50017884323059846885	0.90323385514697840382
1.81000000000000005329	0.99889797708828964584	0.12318841153353636553	0.87570956555464130044	5.62203826867495504160	2.00214575470643785238	0.50017871394347457326	0.90573474871669579223
1.81499999999999994671	0.99889525422379277231	0.11654853385676125499	0.88234672036691430552	5.62792117335035690928	2.00215116279328553262	0.50017854379794601805	0.90823564143568547014
1.82000000000000006217	0.99889249734852725293	0.11013581697029461992	0.88875668037811650368	5.63357573485816232051	2.00215663879449889961	0.50017833190886440420	0.91073653309522983879
1.82499999999999995559	0.99888970612034955199	0.10395376142580990686	0.89493594469442749872	5.63899848111457213662	2.00216218340676821441	0.50017807767400179753	0.91323742348359981946
1.83000000000000007105	0.99888688020476035234	0.09800572887125404142	0.90088115133339274898	5.64418607968005581199	2.00216779731264304942	0.50017777994825995957	0.91573831238334113536
1.83499999999999996447	0.99888401927431580418	0.09229494022309256418	0.90658907905111074665	5.64913533946230561611	2.00217348118420090941	0.50017743788247337466	0.91823919957275346171
1.84000000000000007994	0.99888112300839437818	0.08682447392353445648	0.91205664908474748387	5.65384321236008702272	2.00217923567716882260	0.50017705091432451692	0.92074008482732505598
1.84499999999999997335	0.99887819107521880202	0.08159726427188257469	0.91728092680321848817	5.65830679496802702033	2.00218506143549079823	0.50017661795878709530	0.92324096791711895982
1.85000000000000008882	0.99887522314996624040	0.07661609986702956621	0.92225912328282055874	5.66252333102755667227	2.00219095921062084642	0.50017613818523898317	0.92574184860804520358
1.85499999999999998224	0.99887221897111211355	0.07188362217238788987	0.92698859679860812211	5.66649021050576529035	2.00219692948369054619	0.50017561117251430058	0.92824272666390772457
1.86000000000000009770	0.99886917824512988506	0.06740232405766063972	0.93146685418735042372	5.67020497319047578344	2.00220297286956938621	0.50017503583660893884	0.93074360184309079536
