0.00000000000000000000	1.00000000000000000000	0.00000000000000000000	1.00000000000000000000	0.00000000000000000000	nan	0.00000000000000000000	0.00000000000000000000
0.00500000000000000010	1.00000000312499981447	0.00009999999968749994	0.99990000000031209471	0.00000000062499999805	nan	0.00000000000000000000	0.00000000000000000000
0.01000000000000000021	1.00000000312491632570	0.00039994999939611152	0.99960005000060370151	0.00000000999927078595	0.00000000000000000000	0.00000000000006248646	0.00000000000000031243
0.01499999999999999944	1.00000000312474934816	0.00089970002996872197	0.99910029997003124702	0.00000005061367238219	0.02778433663548968841	0.00000000000056222114	0.00000000000000312354
0.02000000000000000042	1.00000000312449555118	0.00159900024038850180	0.99840099975961160705	0.00000015993051114166	0.05578072307295683929	0.00000000000224789612	0.00000000000001436302
0.02500000000000000139	1.00000000312414383252	0.00249750104391954818	0.99750249895608056327	0.00000039035138426307	0.07297442433694155406	0.00000000000624048042	0.00000000000004556542
0.02999999999999999889	1.00000000312367265387	0.00359475332206458118	0.99640524667793550773	0.00000080917319895604	0.08358812447188983252	0.00000000001403077539	0.00000000000011571930
0.03500000000000000333	1.00000000312303805039	0.00489020868620334247	0.99510979131379662110	0.00000149853240131000	0.09047448280442324520	0.00000000002747618377	0.00000000000025310022
0.04000000000000000083	1.00000000312216896781	0.00638321979673787954	0.99361678020326194005	0.00000255533745912833	0.09517248644233759769	0.00000000004879669893	0.00000000000049708371
0.04499999999999999833	1.00000000312094483590	0.00807304073953366008	0.99192695926046570154	0.00000409118965217410	0.09852313613385492441	0.00000000008057012236	0.00000000000089993432
0.05000000000000000278	1.00000000311920089757	0.00995882745940836894	0.99004117254059231801	0.00000623229223241296	0.10100716688940485077	0.00000000012572651905	0.00000000000152856692
0.05500000000000000028	1.00000000311668979514	0.01203963825038327322	0.98796036174961654464	0.00000911934802592434	0.10291258633351700602	0.00000000018754192174	0.00000000000246627653
0.05999999999999999778	1.00000000311308023804	0.01431443430237566705	0.98568556569762466602	0.00001290744555717976	0.10441946190185866228	0.00000000026963129692	0.00000000000381443301
0.06500000000000000222	1.00000000310793391023	0.01678208030397400352	0.98321791969602623240	0.00001776593378534631	0.10564467233404387092	0.00000000037594078639	0.00000000000569413694
0.07000000000000000666	1.00000000310068237752	0.01944134510090194529	0.98055865489909777022	0.00002387828555116097	0.10666659780345481845	0.00000000051073924026	0.00000000000824783314
0.07499999999999999722	1.00000000309060732562	0.02229090240974096471	0.97770909759025970143	0.00003144194984172610	0.10753931836949703893	0.00000000067860905796	0.00000000001164087843
0.08000000000000000167	1.00000000307681524703	0.02532933158644609661	0.97467066841355354256	0.00004066819298929496	0.10830109038474670935	0.00000000088443635599	0.00000000001606306021
0.08500000000000000611	1.00000000305820990754	0.02855511844915490163	0.97144488155084518510	0.00005178192892874051	0.10897957878335524928	0.00000000113340048176	0.00000000002173006262
0.08999999999999999667	1.00000000303347102992	0.03196665615475310918	0.96803334384524697409	0.00006502153864692067	0.10959518440843735165	0.00000000143096289469	0.00000000002888487710
0.09500000000000000111	1.00000000300101987705	0.03556224612862848855	0.96443775387137087307	0.00008063867896557090	0.11016321686641367128	0.00000000178285543669	0.00000000003779915428
0.10000000000000000555	1.00000000295899482694	0.03934009904700856708	0.96065990095299214069	0.00009889808080765088	0.11069534760307726817	0.00000000219506801546	0.00000000004877449436
0.10499999999999999611	1.00000000290521762203	0.04329833587124535393	0.95670166412875468076	0.00012007733710525419	0.11120060261643910371	0.00000000267383572523	0.00000000006214367298
0.11000000000000000056	1.00000000283715606564	0.04743498893337698419	0.95256501106662316847	0.00014446668051524064	0.11168605386094253296	0.00000000322562543059	0.00000000007827180014
0.11500000000000000500	1.00000000275190603638	0.05174800307226361251	0.94825199692773665117	0.00017236875111666610	0.11215730928396779043	0.00000000385712184007	0.00000000009755740934
0.11999999999999999556	1.00000000264614219425	0.05623523681956241888	0.94376476318043778235	0.00020409835427186716	0.11261886570725559986	0.00000000457521309741	0.00000000012043347482
0.12500000000000000000	1.00000000251609222346	0.06089446363477593605	0.93910553636522442478	0.00023998220884068730	0.11307436665742084947	0.00000000538697591893	0.00000000014736835442
0.13000000000000000444	1.00000000235749553212	0.06572337318857615629	0.93427662681142320533	0.00028035868594481270	0.11352679327148516852	0.00000000629966030670	0.00000000017886665595
0.13500000000000000888	1.00000000216557261012	0.07071957269357712073	0.92928042730642290703	0.00032557753848651158	0.11397860738915820134	0.00000000732067386790	0.00000000021547002529
0.14000000000000001332	1.00000000193498572720	0.07588058828169658154	0.92411941171830391806	0.00037599962163322381	0.11443186002406213753	0.00000000845756577130	0.00000000025775785415
0.14499999999999999001	1.00000000165980229561	0.08120386642722313142	0.91879613357277678531	0.00043199660448645170	0.11488827445307943365	0.00000000971801037285	0.00000000030634790601
0.14999999999999999445	1.00000000133345468001	0.08668677541467009751	0.91331322458532993025	0.00049395067316020623	0.11534931048197490100	0.00000001110979054271	0.00000000036189685873
0.15499999999999999889	1.00000000094870666878	0.09232660685047398841	0.90767339314952588669	0.00056225422550091350	0.11581621460079884189	0.00000001264078072669	0.00000000042510076236
0.16000000000000000333	1.00000000049761461618	0.09812057721756718698	0.90187942278243271588	0.00063730955768712778	0.11629005945629805607	0.00000001431892977562	0.00000000049669541124
0.16500000000000000777	0.99999999997148780739	0.10406582947182474452	0.89593417052817503343	0.00071952854295367159	0.11677177516041813143	0.00000001615224357646	0.00000000057745662912
0.17000000000000001221	0.99999999936085437469	0.11015943467936481492	0.88984056532063549039	0.00080933230269089216	0.11726217430527932639	0.00000001814876751940	0.00000000066820046672
0.17500000000000001665	0.99999999865541921995	0.11639839369365075072	0.88360160630634976275	0.00090715087017558275	0.11776197208658152615	0.00000002031656883553	0.00000000076978331089
0.17999999999999999334	0.99999999784402771041	0.12277963887132206655	0.87722036112867773916	0.00101342284719579826	0.11827180259566877352	0.00000002266371883965	0.00000000088310190509
0.18499999999999999778	0.99999999691463603568	0.12930003582565763320	0.87069996417434258884	0.00112859505383724806	0.11879223208876724116	0.00000002519827511320	0.00000000100909328066
0.19000000000000000222	0.99999999585426857518	0.13595638521654759834	0.86404361478345215186	0.00125312217170418447	0.11932376985483471310	0.00000002792826366216	0.00000000114873459897
0.19500000000000000666	0.99999999464898015056	0.14274542457583341837	0.85725457542416672041	0.00138746638085275966	0.11986687716322586006	0.00000003086166108479	0.00000000130304290439
0.20000000000000001110	0.99999999328382960240	0.14966383016684803309	0.85033616983315196691	0.00153209699071959007	0.12042197466639703585	0.00000003400637678412	0.00000000147307478831
0.20500000000000001554	0.99999999174283893399	0.15670821887697375385	0.84329178112302616288	0.00168749006533291273	0.12098944855219589956	0.00000003737023525983	0.00000000165992596461
0.20999999999999999223	0.99999999000896644397	0.16387515014200801367	0.83612484985799218062	0.00185412804309800414	0.12156965567837781095	0.00000004096095851390	0.00000000186473075718
0.21499999999999999667	0.99999998806406864560	0.17116112790111348563	0.82883887209888629233	0.00203249935145270429	0.12216292787421260957	0.00000004478614860436	0.00000000208866150020
0.22000000000000000111	0.99999998588887795137	0.17856260258110984163	0.82143739741889054695	0.00222309801669277928	0.12276957555689192725	0.00000004885327038083	0.00000000233292785211
0.22500000000000000555	0.99999998346296692375	0.18607597310884158026	0.81392402689115839198	0.00242642326927044408	0.12338989078139089850	0.00000005316963443519	0.00000000259877602428
0.23000000000000000999	0.99999998076472373931	0.19369758895034891455	0.80630241104965139076	0.00264297914487288295	0.12402414981958738427	0.00000005774238030052	0.00000000288748792579
0.23500000000000001443	0.99999997777132620946	0.20142375217554225886	0.79857624782445790768	0.00287327408159064905	0.12467261534635039333	0.00000006257845993026	0.00000000320038022544
0.23999999999999999112	0.99999997445871680046	0.20925071954707410993	0.79074928045292636192	0.00311782051348884204	0.12533553829591781437	0.00000006768462148975	0.00000000353880333289
0.24499999999999999556	0.99999997080158020690	0.21717470463208313203	0.78282529536791689573	0.00337713446089656652	0.12601315944039603867	0.00000007306739349072	0.00000000390414030034
0.25000000000000000000	0.99999996677332292361	0.22519187993547506998	0.77480812006452470797	0.00365173511773263888	0.12670571073294811804	0.00000007873306929948	0.00000000429780564684
0.25500000000000000444	0.99999996234605292855	0.23329837905338668413	0.76670162094661320484	0.00394214443618760586	0.12741341645078485545	0.00000008468769204780	0.00000000472124410708
0.26000000000000000888	0.99999995749056502792	0.24149029884547823510	0.75850970115452176490	0.00424888670908414243	0.12813649416701536343	0.00000009093703997557	0.00000000517592930696
0.26500000000000001332	0.99999995217632264843	0.24976370162467659286	0.75023629837532357367	0.00457248815023944283	0.12887515557548268053	0.00000009748661223258	0.00000000566336236812
0.27000000000000001776	0.99999994637144795639	0.25811461736299129432	0.74188538263700887221	0.00491347647315467425	0.12962960718866095577	0.00000010434161516631	0.00000000618507044395
0.27500000000000002220	0.99999994004271108849	0.26653904591201221796	0.73346095408798739346	0.00527238046835769390	0.13040005092539375120	0.00000011150694912141	0.00000000674260518956
0.28000000000000002665	0.99999993315551893858	0.27503295923669063283	0.72496704076330931166	0.00564972957972603024	0.13118668460248755769	0.00000011898719577550	0.00000000733754116843
0.28500000000000003109	0.99999992567391460252	0.28359230366099802412	0.71640769633900225344	0.00604605348011783179	0.13198970234194212781	0.00000012678660603479	0.00000000797147419861
0.28999999999999998002	0.99999991756056705317	0.29221300212405343366	0.70778699787594678838	0.00646188164663876342	0.13280929490367865409	0.00000013490908851184	0.00000000864601964117
0.29499999999999998446	0.99999990877677291667	0.30089095644530233775	0.69910904355469805083	0.00689774293587290966	0.13364564995207783848	0.00000014335819860674	0.00000000936281063420
0.29999999999999998890	0.99999989928246102444	0.30962204959732669840	0.69037795040267346813	0.00735416515940557920	0.13449895226330882414	0.00000015213712821145	0.00000001012349627526
0.30499999999999999334	0.99999988903619096980	0.31840214798486449199	0.68159785201513567454	0.00783167465996546450	0.13536938387932745398	0.00000016124869605603	0.00000001092973975554
0.30999999999999999778	0.99999987799516387721	0.32722710372861230077	0.67277289627138803230	0.00833079588851289889	0.13625712421347482839	0.00000017069533871407	0.00000001178321644911
0.31500000000000000222	0.99999986611522517777	0.33609275695238399750	0.66390724304761639107	0.00885205098259989574	0.13716235011182731363	0.00000018047910228325	0.00000001268561196053
0.32000000000000000666	0.99999985335088581451	0.34499493807220182884	0.65500506192779772707	0.00939595934632653750	0.13808523587376247965	0.00000019060163475577	0.00000001363862013430
0.32500000000000001110	0.99999983965532635022	0.35392947008589203950	0.64607052991410784948	0.00996303723221671038	0.13902595323463573518	0.00000020106417909169	0.00000001464394102976
0.33000000000000001554	0.99999982498042072621	0.36289217086176162042	0.63710782913823826856	0.01055379732533434471	0.13998467131296063459	0.00000021186756700711	0.00000001570327886480
0.33500000000000001998	0.99999980927675069520	0.37187885542493565039	0.62812114457506396104	0.01116874832995953110	0.14096155652406816561	0.00000022301221348757	0.00000001681833993224
0.34000000000000002442	0.99999979249363624145	0.38088533823993747651	0.61911466176006202389	0.01180839455914133550	0.14195677246184543185	0.00000023449811203556	0.00000001799083049241
0.34500000000000002887	0.99999977457914945855	0.38990743548810086194	0.61009256451189919357	0.01247323552744171275	0.14297047974983614904	0.00000024632483065961	0.00000001922245464571
0.35000000000000003331	0.99999975548014963245	0.39894096733840311853	0.60105903266159721454	0.01316376554718210953	0.14400283586271026004	0.00000025849150861101	0.00000002051491218877
0.35499999999999998224	0.99999973514231221827	0.40798176021032639404	0.59201823978967349493	0.01388047332850142479	0.14505399491885714869	0.00000027099685387267	0.00000002186989645813
0.35999999999999998668	0.99999971351015570775	0.41702564902734684527	0.58297435097265337678	0.01462384158353050197	0.14612410744465234580	0.00000028383914140318	0.00000002328909216515
0.36499999999999999112	0.99999969052708959083	0.42606847945967435409	0.57393152054032581244	0.01539434663498474853	0.14721332011074442225	0.00000029701621213773	0.00000002477417322583
0.36999999999999999556	0.99999966613543744831	0.43510611015486544417	0.56489388984513433378	0.01619245802947317375	0.14832177544055957785	0.00000031052547274586	0.00000002632680058956
0.37500000000000000000	0.99999964027649046461	0.44413441495494737632	0.55586558504505212408	0.01701863815581726100	0.14944961149103497267	0.00000032436389614487	0.00000002794862007029
0.38000000000000000444	0.99999961289054162261	0.45314928509869983886	0.54685071490130010563	0.01787334186866980368	0.15059696150550536120	0.00000033852802276600	0.00000002964126018412
0.38500000000000000888	0.99999958391693566373	0.46214663140775763539	0.53785336859224230910	0.01875701611771842317	0.15176395353849347902	0.00000035301396256917	0.00000003140632999696
0.39000000000000001332	0.99999955329411149840	0.47112238645520793101	0.52887761354479234654	0.01967009958275451817	0.15295071005208094039	0.00000036781739780062	0.00000003324541698597
0.39500000000000001776	0.99999952095966082588	0.48007250671536627618	0.51992749328463350178	0.02061302231488281247	0.15415734748341430871	0.00000038293358648644	0.00000003516008491840
0.40000000000000002220	0.99999948685037187701	0.48899297469344471523	0.51100702530655539579	0.02158620538414207993	0.15538397578282325817	0.00000039835736665341	0.00000003715187175167
0.40500000000000002665	0.99999945090229291900	0.49787980103381979102	0.50212019896618032000	0.02259006053380145651	0.15663069792191683383	0.00000041408316126755	0.00000003922228755800
0.41000000000000003109	0.99999941305077855169	0.50672902660565011246	0.49327097339435055368	0.02362498984159245100	0.15789760937098204496	0.00000043010498387912	0.00000004137281247740
0.41500000000000003553	0.99999937323056176108	0.51553672456458776718	0.48446327543541223282	0.02469138538812904599	0.15918479754488928934	0.00000044641644496160	0.00000004360489470221
0.41999999999999998446	0.99999933137579644082	0.52429900238936677503	0.47570099761063311394	0.02578962893276430524	0.16049234121669578301	0.00000046301075893113	0.00000004591994849686
0.42499999999999998890	0.99999928742014421168	0.53301200389205716235	0.46698799610794311521	0.02692009159712411767	0.16182030989801443610	0.00000047988075183132	0.00000004831935225602
0.42999999999999999334	0.99999924129681638796	0.54167191120079805078	0.45832808879920161615	0.02808313355655312274	0.16316876318520964761	0.00000049701886966730	0.00000005080444660436
0.43499999999999999778	0.99999919293865224823	0.55027494671385568381	0.44972505328614420517	0.02927910373970138425	0.16453775007038742850	0.00000051441718737190	0.00000005337653254122
0.44000000000000000222	0.99999914227818476053	0.55881737502384742911	0.44118262497615245987	0.03050833953647241401	0.16592730821611684222	0.00000053206741838538	0.00000005603686963314
0.44500000000000000666	0.99999908924771363505	0.56729550481103208082	0.43270449518896797469	0.03177116651454844898	0.16733746319276993075	0.00000054996092482932	0.00000005878667425729
0.45000000000000001110	0.99999903377936305571	0.57570569070455634986	0.42429430929544337259	0.03306789814469907746	0.16876822767730542685	0.00000056808872825425	0.00000006162711789856
0.45500000000000001554	0.99999897580517271845	0.58404433511154429937	0.41595566488845564512	0.03439883553513276016	0.17021972839105883879	0.00000058644065082065	0.00000006455932115266
0.46000000000000001998	0.99999814482676863125	0.59230789000831818303	0.40769210999168209453	0.03576426717479989914	0.17169170095487179539	0.00000060500873059836	0.00000006758436480566
0.46500000000000002442	0.99999726579417269612	0.60049285870191515535	0.39950714129808501118	0.03716446868638401818	0.17318423527948242913	0.00000062378223892995	0.00000007070327600031
0.47000000000000002887	0.99999633665825871098	0.60859579755186610228	0.39140420244813317607	0.03859970258862298331	0.17469728363452968756	0.00000064275095303147	0.00000007391703076546
0.47500000000000003331	0.99999535531926586618	0.61661331765572124919	0.38338668234427830672	0.04007021806839013850	0.17623078076705589456	0.00000066190437110870	0.00000007722655262101
0.47999999999999998224	0.99999533744184510020	0.94332571894813188607	1.05667428105186655962	0.06567356275795677156	0.17778464284240649840	0.00000068123172606647	0.00000008063271125134
0.48499999999999998668	0.99999531882706405028	0.94147398108038660158	1.05852601891961550784	0.06800753256907167421	0.17935911763636075422	0.00000070071992846156	0.00000008413631089365
0.48999999999999999112	0.99999529944984777430	0.93961888742790433682	1.06038111257210032612	0.07037689938171430570	0.18095373040593820679	0.00000072035951772454	0.00000008773810848227
0.49499999999999999556	0.99999527929083453781	0.93776211716288981890	1.06223788283711351177	0.07278110647711674708	0.18256835359249615203	0.00000074013904820847	0.00000009143880372331
0.50000000000000000000	0.99999525833058500179	0.93590535543398767349	1.06409464456601754456	0.07521959448628587341	0.18420281814619465788	0.00000076004682039510	0.00000009523903782529
0.50500000000000000444	0.99999523654957389596	0.93405029204638090334	1.06594970795361665417	0.07769180178884520227	0.18585693062682037691	0.00000078007094292307	0.00000009913939253990
0.51000000000000000888	0.99999521392822043886	0.93219862013826904068	1.06780137986172540820	0.08019716531327839015	0.18705489837615318915	0.00000079942493649939	0.00000010313651722240
0.51500000000000001332	0.99999519044690421410	0.93035203485496675846	1.06964796514502902269	0.08273512053902423724	0.18781173910940049399	0.00000081806886866319	0.00000010722686156572
0.52000000000000001776	0.99999516608596505929	0.92851223202208288399	1.07148776797791467352	0.08530510189680778899	0.18814075174541128321	0.00000083596467272317	0.00000011140668492933
0.52500000000000002220	0.99999514082570728490	0.92668090681856296609	1.07331909318143781107	0.08790654316879620289	0.18805351153038477041	0.00000085307616505919	0.00000011567206575463
0.53000000000000002665	0.99999511464643198178	0.92485975245055873639	1.07514024754944093054	0.09053887788823515581	0.18756000707782979897	0.00000086936910098612	0.00000012001891125956
0.53500000000000003109	0.99999508752843524473	0.92305045882726277640	1.07694954117273966610	0.09320153973824969740	0.18666876845957233733	0.00000088481122661803	0.00000012444296739265
0.54000000000000003553	0.99999505945202382673	0.92125471123963409426	1.07874528876036501757	0.09589396294949177613	0.18538700904809751746	0.00000089937232664119	0.00000012893982902585
0.54500000000000003997	0.99999503039752912770	0.91947418904316979837	1.08052581095683519763	0.09861558269632071660	0.18372076071835405364	0.00000091302426792539	0.00000013350495036548
0.55000000000000004441	0.99999500034530353076	0.91771056434562847670	1.08228943565436486196	0.10136583549119702885	0.18167501367503230414	0.00000092574103890300	0.00000013813365556000
0.55500000000000004885	0.99999496927575970417	0.91596550070086235618	1.08403449929913375804	0.10414415957698973381	0.17925386012091665267	0.00000093749878465763	0.00000014282114948328
0.56000000000000005329	0.99999493716936493914	0.91424065180961677779	1.08575934819039221502	0.10694999531686529004	0.17646064202701383650	0.00000094827583767547	0.00000014756252867166
0.56500000000000005773	0.99999490400663137990	0.91253766022844817751	1.08746233977154638239	0.10978278558147530619	0.17329810702752679319	0.00000095805274421296	0.00000015235279239273
0.57000000000000006217	0.99999486976818141581	0.91085815608777098706	1.08914184391223445303	0.11264197613313088608	0.16976857629593611332	0.00000096681228625761	0.00000015718685382401
0.57500000000000006661	0.99999483443471703925	0.90920375581982526558	1.09079624418017551157	0.11552701600664065651	0.16587412288156830331	0.00000097453949904938	0.00000016205955131926
0.57999999999999996003	0.99999479798703228006	0.90757606089784692571	1.09242393910216750719	0.11843735788655294916	0.16161677313466729644	0.00000098122168415796	0.00000016696565974005
0.58499999999999996447	0.99999476040604551308	0.90597665658716874937	1.09402334341283724584	0.12137245848046983310	0.15699872622079502626	0.00000098684841811026	0.00000017189990183060
0.58999999999999996891	0.99999472167279290780	0.90440711070937540583	1.09559288929061793283	0.12433177888816657197	0.15202260230249917128	0.00000099141155656617	0.00000017685695961343
0.59499999999999997335	0.99999468176848127499	0.90286897242040942135	1.09713102757959624078	0.12731478496621878582	0.14669172961752116602	0.00000099490523406593	0.00000018183148578376
0.59999999999999997780	0.99999466670437942017	0.78063757929672916713	0.21935807928969239256	0.08873419031997732687	0.05610432002331591783	0.00000201523246041066	0.00000019190764808582
0.60499999999999998224	0.99999465092545802847	0.78545477404262464827	0.21454086876486178070	0.09116168562240641038	0.05400937049335935436	0.00000205730977297741	0.00000020219419695070
0.60999999999999998668	0.99999463585872105931	0.79012055722504481725	0.20987507051568882188	0.09362559335170657360	0.05186347499471498368	0.00000209931768891472	0.00000021269078539528
0.61499999999999999112	0.99999462131205818505	0.79463357788697253081	0.20536203530708241338	0.09612573880892387457	0.04967441225499189678	0.00000214128156601686	0.00000022339719322536
0.61999999999999999556	0.99999460712499255166	0.79899256948653940569	0.20100302952043708204	0.09866193197880242238	0.04745035121359724578	0.00000218322061317663	0.00000023431329629124
0.62500000000000000000	0.99999459316091932060	0.80319635019097412876	0.19679923485191669341	0.10123396762032391138	0.04519972023637790215	0.00000222515402485380	0.00000024543906641551
0.63000000000000000444	0.99999457930136070871	0.80724382311987463723	0.19275174806344111400	0.10384162536992279369	0.04293118658233967960	0.00000226710137067931	0.00000025677457326891
0.63500000000000000888	0.99999456544176690276	0.81113397653791419195	0.18886158078579484698	0.10648466985676584284	0.04065363577315820459	0.00000230908285128273	0.00000026831998752532
0.64000000000000001332	0.99999455148820715067	0.81486588399679282801	0.18512965937333913935	0.10916285082960673625	0.03837614947547111910	0.00000235111946512882	0.00000028007558485097
0.64500000000000001776	0.99999453735497867424	0.81843870442686095235	0.18155682481002927142	0.11187590329489958962	0.03610798106068598828	0.00000239323311365222	0.00000029204175041923
0.65000000000000002220	0.99999452296268143137	0.82185168217825321779	0.17814383266632738412	0.11462354766584489929	0.03385852833983128696	0.00000243544666245014	0.00000030421898373148
0.65500000000000002665	0.99999450823667346278	0.82510414701183854014	0.17489135310671968804	0.11740548992213419022	0.03163730319908854977	0.00000247778397050801	0.00000031660790358402
0.66000000000000003109	0.99999449310597932072	0.82819551404030367081	0.17179997094754334563	0.12022142178018969949	0.02945389799030838363	0.00000252026989568203	0.00000032920925306243
0.66500000000000003553	0.99999447750230796572	0.83112528361940940513	0.16887018576475223974	0.12307102087366442178	0.02731794873247764960	0.00000256293028224559	0.00000034202390447366
0.67000000000000003997	0.99999446135922376300	0.83389304118977070068	0.16610241205129039344	0.12595395094401581892	0.02523909517216077827	0.00000260579193460507	0.00000035505286414668
0.67500000000000004441	0.99999444461164588294	0.83649845706969849779	0.16349697942376564819	0.12886986204099706854	0.02322693792937407034	0.00000264888258021022	0.00000036829727704773
0.68000000000000004885	0.99999442719517905864	0.83894128619903240995	0.16105413287794961841	0.13181839073281562125	0.02129099299060869740	0.00000269223082387722	0.00000038175843116712
0.68500000000000005329	0.99999440904586245349	0.84122136783484713352	0.15877403309280183064	0.13479916032584665642	0.01944064384983809624	0.00000273586609519710	0.00000039543776164311
0.69000000000000005773	0.99999439009966317737	0.84333862519894509102	0.15665675678248489056	0.13781178109363087514	0.01768509174772388975	0.00000277981859031863	0.00000040933685459470
0.69500000000000006217	0.99999437029223814388	0.84529306507798529502	0.15470229709599633838	0.14085585051503174414	0.01603330439537446056	0.00000282411920910812	0.00000042345745064024
0.70000000000000006661	0.99999434955861588037	0.84708477737646292738	0.15291056406387798505	0.14393095352130766407	0.01449396371069757231	0.00000286879948848423	0.00000043780144808266
0.70499999999999996003	0.99999432783309782913	0.84871393462326449875	0.15128138509153798985	0.14703666275193927326	0.01307541310049998261	0.00000291389153258370	0.00000045237090574558
0.70999999999999996447	0.99999430504892106164	0.85018079143201430448	0.14981450549858690846	0.15017253881894909728	0.01178560484279292213	0.00000295942794029410	0.00000046716804544705
0.71499999999999996891	0.99999428113813870755	0.85148568391610901518	0.14850958910368733390	0.15333813057956172110	0.01063204817421634259	0.00000300544173061529	0.00000048219525410013
0.71999999999999997335	0.99999425603161429255	0.85262902905893911409	0.14736621885430739587	0.15653297541697233641	0.00962175868334781692	0.00000305196626624450	0.00000049745508543135
0.72499999999999997780	0.99999422965862505563	0.85361132403953565717	0.14638389750069724649	0.15975659952893794813	0.00876120963681048005	0.00000309903517572953	0.00000051295026131000
0.72999999999999998224	0.99999420194698285247	0.85443314551498794618	0.14556204831357114071	0.16300851822408951586	0.00805628583653951458	0.00000314668227451047	0.00000052868367268255
0.73499999999999998668	0.99999417282274172258	0.85509514885959014840	0.14490001584470024731	0.16628823622560720552	0.00751224061856679663	0.00000319494148512244	0.00000054465838010816
0.73999999999999999112	0.99999414221030491490	0.85559806736199428556	0.14439706672982838276	0.16959524798213210239	0.00713365655942521659	0.00000324384675684128	0.00000056087761389237
0.74499999999999999556	0.99999411003216776006	0.85594271138055233461	0.14405239053310142650	0.17292903798557254791	0.00692441043426807699	0.00000329343198498373	0.00000057734477381729
0.75000000000000000000	0.99999407620895863769	0.85612996745805969301	0.14386510063235216639	0.17628908109565244455	0.00688764291692394847	0.00000334373093012714	0.00000059406342846792
0.75500000000000000444	0.99999404065923402918	0.85616079739624462164	0.14383423514440552005	0.17967484287087154282	0.00702573346892293275	0.00000339477713744431	0.00000061103731415514
0.76000000000000000888	0.99999400329956855682	0.85603623729125299935	0.14395875788969494935	0.18308577990571364702	0.00734028077917973313	0.00000344660385636144	0.00000062827033343695
0.76500000000000001332	0.99999396404441132091	0.85575739653045024280	0.14423755939530449877	0.18652134017375243680	0.00783208908189600948	0.00000349924396075087	0.00000064576655324070
0.77000000000000001776	0.99999392280608190298	0.85532545675171778310	0.14466945793566224343	0.18998096337646253051	0.00850116056156715802	0.00000355272986983797	0.00000066353020258989
0.77500000000000002220	0.99999387949465667891	0.85474167076590201741	0.14525320061000865368	0.19346408129743355997	0.00934669401189124754	0.00000360709347001586	0.00000068156566993997
0.78000000000000002665	0.99999383401796015924	0.85400736144339051137	0.14598746445578142383	0.19697011816173715104	0.01036708979386893707	0.00000366236603772746	0.00000069987750012861
0.78500000000000003109	0.99999378628149160342	0.85312392056563157716	0.14687085759702361853	0.20049849100016792214	0.01155996108579917907	0.00000371857816361810	0.00000071847039094670
0.79000000000000003553	0.99999373618846720824	0.85209280764265282748	0.14790192042692784646	0.20404861001811103183	0.01292215130632590712	0.00000377575967808923	0.00000073734918933715
0.79500000000000003997	0.99999368363965945861	0.85091554869717844767	0.14907912682353918754	0.20761987896868891457	0.01444975752263696379	0.00000383393957843837	0.00000075651888722934
0.80000000000000004441	0.99999362853351581037	0.84959373501676482832	0.15040088539775656185	0.21121169553001850616	0.01613815956997653386	0.00000389314595772701	0.00000077598461701797
0.80500000000000004885	0.99999357076600448035	0.84812902187437111401	0.15186554077258007656	0.21482345168616870379	0.01798205453275869906	0.00000395340593553394	0.00000079575164669564
0.81000000000000005329	0.99999351023064664279	0.84652312721882050361	0.15347137489271611699	0.21845453411165099977	0.01997549617612350698	0.00000401474559072053	0.00000081582537464925
0.81500000000000005773	0.99999344681845003802	0.84477783033578957017	0.15521660836348810664	0.22210432455906944926	0.02211193884269398169	0.00000407718989636880	0.00000083621132413109
0.82000000000000006217	0.99999338041797913856	0.84289497048063233287	0.15709940181810719273	0.22577220024972557977	0.02438428529983465917	0.00000414076265699332	0.00000085691513741606
0.82500000000000006661	0.99999331091522902781	0.84087644548369933073	0.15911785731222072293	0.22945753426678944242	0.02678493795578920297	0.00000420548644818382	0.00000087794256965698
0.83000000000000007105	0.99999323819369156929	0.83872421032953303754	0.16127001974477506163	0.23315969595084637400	0.02930585285694823836	0.00000427138255877225	0.00000089929948245084
0.83499999999999996447	0.99999316213421829413	0.83644027571066870141	0.16355387830409487404	0.23687805129744113342	0.03193859583605006963	0.00000433847093563753	0.00000092099183712903
0.83999999999999996891	0.99999308261517083629	0.83402670655743915695	0.16596736793819508171	0.24061196335642642818	0.03467440018992942741	0.00000440677013128099	0.00000094302568778543
0.84499999999999997335	0.99999299951231479522	0.83148562054450214642	0.16850837084819614287	0.24436079263272561524	0.03750422525895525522	0.00000447629725422484	0.00000096540717405655
0.84999999999999997780	0.99999291269884105215	0.82881918657533082406	0.17117471800380915092	0.24812389748826957359	0.04041881528047699262	0.00000454706792237642	0.00000098814251366844
0.85499999999999998224	0.99999282204532180529	0.82602962324572770658	0.17396419067980004036	0.25190063454480232652	0.04340875794094392615	0.00000461909621940317	0.00000101123799476545
0.85999999999999998668	0.99999272741973244116	0.82311919728748139669	0.17687452201236225635	0.25569035908727999473	0.04646454203581604908	0.00000469239465421481	0.00000103469996803653
0.86499999999999999112	0.99999262868752236688	0.82009022199324022040	0.17990339857429360482	0.25949242546756540184	0.04957661372898834740	0.00000476697412363185	0.00000105853483865469
0.86999999999999999556	0.99999252571150454294	0.81694505562356400930	0.18304846196784951839	0.26330618750807793793	0.05273543089633089820	0.00000484284387827955	0.00000108274905804608
0.87500000000000000000	0.99999241835194285777	0.81368609979752370975	0.18630731043422482651	0.26713099890519992341	0.05593151515802959745	0.00000492001149179856	0.00000110734911550508
0.88000000000000000444	0.99999230646649761578	0.81031579786769736273	0.18967750047849335493	0.27096621363205669608	0.05915550115480999738	0.00000499848283337567	0.00000113234152967195
0.88500000000000000888	0.99999218991027860604	0.80683663328090493572	0.19315654850894889427	0.27481118634046963756	0.06239818279192520939	0.00000507826204369542	0.00000115773283989043
0.89000000000000001332	0.99999206853584998722	0.80325112792562436415	0.19674193248968310788	0.27866527276172414762	0.06565055614464282430	0.00000515935151429545	0.00000118352959746191
0.89500000000000001776	0.99999194219323495059	0.79956184046726830328	0.20043109360530214635	0.28252783010590043489	0.06890385879528547475	0.00000524175187038060	0.00000120973835681381
0.90000000000000002220	0.99999181072997100905	0.79577136467249909302	0.20422143793667071887	0.28639821745949711751	0.07214960547229300192	0.00000532546195711676	0.00000123636566659940
0.90500000000000002665	0.99999167399107391496	0.79188232772359767875	0.20811033814653973062	0.29027579618103271919	0.07537961987961014354	0.00000541047882939747	0.00000126341806074638
0.91000000000000003109	0.99999153181908895238	0.78789738852406632219	0.21209513517394751325	0.29415993029436704465	0.07858606261022030304	0.00000549679774511539	0.00000129090204947196
0.91500000000000003553	0.99999138405413212638	0.78381923599661995627	0.21617313993628814450	0.29804998687948069946	0.08176145521606402455	0.00000558441216192175	0.00000131882411028157
0.92000000000000003997	0.99999123053390448490	0.77965058737462089589	0.22034163503790857308	0.30194533646041654684	0.08489870041331400163	0.00000567331373746271	0.00000134719067896888
0.92500000000000004441	0.99999107109373719382	0.77539418648808056123	0.22459787648412352090	0.30584535339011881261	0.08799109852606572246	0.00000576349233309123	0.00000137600814063434
0.93000000000000004885	0.99999090556661429652	0.77105280204537429700	0.22893909539954265808	0.30974941623190876960	0.09103236028043336370	0.00000585493602101483	0.00000140528282073941
0.93500000000000005329	0.99999073378318337202	0.76662922591172788511	0.23336249974958708786	0.31365690813732483022	0.09401661609107239692	0.00000594763109486224	0.00000143502097621372
0.94000000000000005773	0.99999055557185545506	0.76212627138568433960	0.23786527606412508073	0.31756721722010222697	0.09693842204889208114	0.00000604156208362661	0.00000146522878663186
0.94500000000000006217	0.99999037075883301373	0.75754677147451676689	0.24244459116208746940	0.32147973692598486029	0.09979276275012047281	0.00000613671176894265	0.00000149591234547657
0.95000000000000006661	0.99999017916809629369	0.75289357716970006784	0.24709759387597640679	0.32539386639813050461	0.10257505123416325865	0.00000623306120565277	0.00000152707765150483
0.95500000000000007105	0.99998998062155031175	0.74816955572370025251	0.25182141677523600665	0.32930901083792546435	0.10528112621455781861	0.00000633058974559307	0.00000155873060023280
0.95999999999999996447	0.99998977493899710023	0.74337758892885985595	0.25661317788731818901	0.33322458186085135434	0.10790724688853453594	0.00000642927506455918	0.00000159087697555560
0.96499999999999996891	0.99998956193823729244	0.73852057139974258693	0.26146998241546165476	0.33713999784728054809	0.11045008552057714035	0.00000652909319234419	0.00000162352244151732
0.96999999999999997335	0.99998934143509454753	0.73360140885978331049	0.26638892445205919479	0.34105468428787932833	0.11290671806791162390	0.00000663001854584629	0.00000165667253424655
0.97499999999999997780	0.99998911321822736564	0.72862301642468041418	0.27136708867007913737	0.34496807412218527533	0.11527461306668748686	0.00000673202396507243	0.00000169033265407191
0.97999999999999998224	0.99998887611291142896	0.72358829786144818197	0.27640157012776395140	0.34888489472532158153	0.42726839743418854045	0.00000258209959905349	0.00000170324315206718
0.98499999999999998668	0.99998862980580871529	0.71850016337414934764	0.28148945830771693322	0.35279952623052746041	0.46223422011173431745	0.00000255995579018772	0.00000171604293101812
0.98999999999999999112	0.99998837410304264317	0.71336154604735335649	0.28662781993149133442	0.35671142981064540844	0.49959811549381555329	0.00000253741611464473	0.00000172873001159134
0.99499999999999999556	0.99998810880945920854	0.70817538166151372536	0.29181371902348268721	0.36062007538003765239	0.53951230400933447573	0.00000251449336003137	0.00000174130247839150
1.00000000000000000000	0.99998783372923605306	0.70294460702801320195	0.29704421857648821703	0.36452494187768347267	0.58212864503997352461	0.00000249121105465411	0.00000175375853366477
1.00500000000000011546	0.99998754866600225721	0.69767215833545681569	0.30231638220552903284	0.36842551756660518736	0.62760685291838713695	0.00000246759287874618	0.00000176609649805850
1.01000000000000000888	0.99998725342283756312	0.69236096950826542251	0.30762727578926091221	0.37232130032629512373	0.67611476221534183573	0.00000244366264370638	0.00000177831481127703
1.01500000000000012434	0.99998694780242958213	0.68701397057869717511	0.31297396909811880938	0.37621179793802789204	0.72782857731281780378	0.00000241944426975582	0.00000179041203262581
1.02000000000000001776	0.99998663160711920295	0.68163408607302777842	0.31835353740815969248	0.38009652836275248378	0.78293308997552424344	0.00000239496175873291	0.00000180238684141947
1.02499999999999991118	0.99998630463902393739	0.67622423341299142674	0.32376306309977925801	0.38397502001151534445	0.84162188809705118508	0.00000237023916983044	0.00000181423803726863
1.03000000000000002665	0.99998596670006589804	0.67078732133317220399	0.32919963724030232299	0.38784681200814330460	0.90409753663995440220	0.00000234530059529034	0.00000182596454024508
1.03499999999999992006	0.99998561759215742750	0.66532624831552600320	0.33466036114969999193	0.39171145444418348225	0.97057172921045731240	0.00000232017013606288	0.00000183756539092539
1.04000000000000003553	0.99998525711720553932	0.65984390104152546019	0.34014234794839148801	0.39556850862574671757	1.04126540087561969550	0.00000229487187744672	0.00000184903975031263
1.04499999999999992895	0.99998488507731908559	0.65434315286318500693	0.34564272408647855883	0.39941754731234274667	1.11640879886252131215	0.00000226942986473893	0.00000186038689963632
1.05000000000000004441	0.99998450127482185756	0.64882686229338748518	0.35115863085338622218	0.40325815494733358024	1.19624150017866526241	0.00000224386807892534	0.00000187160624003095
1.05499999999999993783	0.99998410551239669264	0.64329787151668937906	0.35668722586726897550	0.40708992788008119268	1.28101237145086943592	0.00000221821041243310	0.00000188269729209311
1.06000000000000005329	0.99998369759321226180	0.63775900492111325946	0.36222568454325948517	0.41091247457951024513	1.37097945888400496450	0.00000219248064498740	0.00000189365969531805
1.06499999999999994671	0.99998327732100300569	0.63221306765187956778	0.36777120153986941897	0.41472541583906019635	1.46640980383857177927	0.00000216670241960091	0.00000190449320741605
1.07000000000000006217	0.99998284450019037095	0.62666284418775253240	0.37332099218275321961	0.41852838497288613606	1.56757916925019058496	0.00000214089921871110	0.00000191519770350961
1.07499999999999995559	0.99998239893606288842	0.62111109694079713606	0.37887229386513998630	0.42232102800323056968	1.67477166712016312111	0.00000211509434056941	0.00000192577317521246
1.08000000000000007105	0.99998194043481214432	0.61556056488010113537	0.38442236742412672079	0.42610300383877741659	1.78827927698834532322	0.00000208931087576488	0.00000193621972959128
1.08499999999999996447	0.99998146880371152623	0.61001396218038306252	0.38996849849227976925	0.42987398444404467668	1.90840124367199992506	0.00000206357168409943	0.00000194653758801178
1.09000000000000007994	0.99998098385118761033	0.60447397689592219372	0.39550799882373555150	0.43363365499957778892	2.03544333951045830489	0.00000203789937171151	0.00000195672708487034
1.09499999999999997335	0.99998048538704020771	0.59894326966070987606	0.40103820759430525156	0.43738171405304360206	2.16971698016266412168	0.00000201231626852702	0.00000196678866621297
1.10000000000000008882	0.99997997322274034815	0.59342447241536988578	0.40655649267483723319	0.44111787366101457009	2.31153817927091376205	0.00000198684440609241	0.00000197672288824343
1.10499999999999998224	0.99997944717208742116	0.58792018715148586239	0.41206025188753908628	0.44484186374950024367	2.46538247211468641851	0.00000195975270776463	0.00000198652165178226
1.11000000000000009770	0.99997890705058345429	0.58243298469383897320	0.41754691422315093341	0.44855342368239681239	2.62780514663950226506	0.00000193293483931921	0.00000199618632597885
1.11499999999999999112	0.99997835267375700941	0.57696540352054281886	0.42301394101907235923	0.45225230677661309997	2.79923301145133640588	0.00000190637663075992	0.00000200571820913265
1.12000000000000010658	0.99997778385915048194	0.57151994860323673819	0.42845882712120730851	0.45593828038443223738	2.98007466881153915139	0.00000188007662313555	0.00000201511859224833
1.12500000000000000000	0.99997720042643445382	0.56609909027572857809	0.43387910201542184696	0.45961112597768849497	3.17073609263059408292	0.00000185403883655328	0.00000202438878643110
1.13000000000000011546	0.99997660219757633637	0.56070526313271229490	0.43927233092898426703	0.46327063922527711437	3.37161929925210923642	0.00000182827122196196	0.00000203353014254091
1.13500000000000000888	0.99997598899694062347	0.55534086495895484958	0.44463611590150142749	0.46691663006308675721	3.58312036656714205662	0.00000180278457379461	0.00000204254406540988
1.14000000000000012434	0.99997536065140579797	0.55000825568937528054	0.44996809682491839544	0.47054892275576382099	3.80562686841973718543	0.00000177759175246245	0.00000205143202417219
1.14500000000000001776	0.99997471699053042116	0.54470975640053265199	0.45526595245225232045	0.47416735595000070180	4.03951476987105628780	0.00000175270711905101	0.00000206019555976745
1.15000000000000013323	0.99997405784666693052	0.53944764833372726986	0.46052740137453901381	0.47777178271893089301	4.28514479794257585610	0.00000172814611776283	0.00000206883629035626
1.15500000000000002665	0.99997338305509730905	0.53422417195026239423	0.46575020296576158385	0.48136207059759145155	4.54285830438231030826	0.00000170392496283108	0.00000207735591517042
1.15999999999999992006	0.99997269245418418659	0.52904152601908571718	0.47093215829534007533	0.48493810160923195296	4.81297262324210528561	0.00000168006040035173	0.00000208575621717218
1.16500000000000003553	0.99997198588547819842	0.52390186673715766208	0.47607111100786736468	0.48849977228241303617	5.09577593218759794524	0.00000165656952456608	0.00000209403906479501
1.16999999999999992895	0.99997126319388207616	0.51880730688286458285	0.48116494816983945704	0.49204699365887999418	5.39152162613551588777	0.00000163346963417828	0.00000210220641296590
1.17500000000000004441	0.99997052422776910863	0.51375991500275730584	0.48621160108310412795	0.49557969129218465421	5.70042222062199677168	0.00000161077811845918	0.00000211026030355819
1.17999999999999993783	0.99996976883914756584	0.50876171463177388699	0.49120904606471521570	0.49909780523699986965	6.02264280545830654745	0.00000158851236577074	0.00000211820286538705
1.18500000000000005329	0.99996899688375973092	0.50381468354727287906	0.49615530519306089152	0.50260129002922493413	6.35829408521024674883	0.00000156668968910962	0.00000212603631383259
1.18999999999999994671	0.99996820822121945671	0.49892075305700689380	0.50104844702000950196	0.50609011465685793674	6.70742505588517357040	0.00000154532726471187	0.00000213376295015615
1.19500000000000006217	0.99996740271517292609	0.49408180732124279411	0.50588658724892210383	0.50956426252170128333	7.07001537358619547291	0.00000152444208079412	0.00000214138516056012
1.19999999999999995559	0.99996658023338480525	0.48929968270917095774	0.51066788937839135976	0.51302373139197066099	7.44596750108374649813	0.00000150405089419559	0.00000214890541503110
1.20500000000000007105	0.99996574064793120051	0.48457616718972040815	0.51539056531155913454	0.51646853334583309181	7.83509871996528328708	0.00000148417019329061	0.00000215632626599756
1.20999999999999996447	0.99996488383526793697	0.47991299975686096957	0.52005287593089943865	0.51989869470595162504	8.23713313048625295210	0.00000146481616586314	0.00000216365034682687
1.21500000000000007994	0.99996400967638299218	0.47531186988954921002	0.52465313163846172273	0.52331425596518399423	8.65169377185842769507	0.00000144600467099280	0.00000217088037018183
1.21999999999999997335	0.99996311805693549601	0.47077441704626049601	0.52918969286142003572	0.52671527170341370105	9.07829501224473389698	0.00000142775121419794	0.00000217801912625282
1.22500000000000008882	0.99996220886732190003	0.46630223019420941055	0.53366097052295236036	0.53010181049568128042	9.51633539404554795738	0.00000141007092523794	0.00000218506948087901
1.22999999999999998224	0.99996128200286171772	0.46189684737328728925	0.53806542647849531225	0.53347395481174497700	9.96509111404779446275	0.00000139297853813324	0.00000219203437356968
1.23500000000000009770	0.99996033736389533519	0.45755975529461367923	0.54240157391726673275	0.53683180090708515486	10.42371035456847749856	0.00000137648837303705	0.00000219891681543487
1.23999999999999999112	0.99995937485585006943	0.45329238897371149086	0.54666797772916952969	0.54017545870551308962	10.89120868490115867644	0.00000136061431968124	0.00000220571988703327
1.24500000000000010658	0.99995839438942535349	0.44909613139829374084	0.55086325483719122964	0.54350505167357099356	11.36646575374371792577	0.00000134536982215668	0.00000221244673614406
1.25000000000000000000	0.99995739588062859671	0.44497231323045399742	0.55498607449523817969	0.54682071668670528819	11.84822351567313702958	0.00000133076786487794	0.00000221910057546845
1.25500000000000011546	0.99995637925315228323	0.44092221294810035603	0.55903515814910831327	0.55012260370474974636	12.34850252694324801439	0.00000131564158368055	0.00000222567878338685
1.26000000000000000888	0.99995534442891886862	0.43694705541300837837	0.56300928085894463848	0.55341087616433071172	12.83867570603678132102	0.00000130240457995633	0.00000223219080628663
1.26500000000000012434	0.99995429134055580089	0.43304801286672706118	0.56690727031581733542	0.55668571028495461572	13.33064084871951493483	0.00000128984779765152	0.00000223864004527489
1.27000000000000001776	0.99995321992640384678	0.42922620437637398760	0.57072800739095685962	0.55994729508143414876	13.82260169668217741901	0.00000127798219698636	0.00000224502995625982
1.27500000000000013323	0.99995213013062878016	0.42548269570718366683	0.57447042626328892467	0.56319583219117308470	14.31264530555065839224	0.00000126681826580384	0.00000225136404758884
1.28000000000000002665	0.99995102190332429970	0.42181849922858538626	0.57813351451348204968	0.56643153569447701745	14.79875460381238738705	0.00000125636596462762	0.00000225764587741198
1.28499999999999992006	0.99994989520057042665	0.41823457385351336946	0.58171631318468319805	0.56965463192769949519	15.27882255113257592427	0.00000124663471813348	0.00000226387905100264
1.29000000000000003553	0.99994874998452321080	0.41473182501074939976	0.58521791681026413823	0.57286535928946002993	15.75066880111998379732	0.00000123763340720746	0.00000227006721803868
1.29499999999999992895	0.99994758622347079680	0.41131110464999415255	0.58863747340880789860	0.57606396804006509971	16.21205873004879194355	0.00000122937036156006	0.00000227621406984648
1.30000000000000004441	0.99994640389189060059	0.40797321127938612761	0.59197418444666882742	0.57925072009432976294	16.66072465678937675193	0.00000122185335291504	0.00000228232333661106
1.30499999999999993783	0.99994520297054168001	0.40471889003513122907	0.59522730476837937275	0.58242588880794132766	17.09438894592270230532	0.00000121508958871583	0.00000228839878455464
1.31000000000000005329	0.99994398344652779542	0.40154883278296588101	0.59839614249531936085	0.58558975875763086272	17.51078868056551485211	0.00000120908570637159	0.00000229444421308649
1.31499999999999994671	0.99994274531329485622	0.39846367825099215931	0.60148005889284072989	0.58874262551517253517	17.90770145164405846572	0.00000120384776802489	0.00000230046345192662
1.32000000000000006217	0.99994148857073505976	0.39546401219362825596	0.60447846820639183907	0.59188479541557337260	18.28297181210816546582	0.00000119938125583032	0.00000230646035820577
1.32499999999999995559	0.99994021322519377470	0.39255036758625344584	0.60739083746696465038	0.59501658531958523390	18.63453783673170960355	0.00000119569106776156	0.00000231243881354458
1.33000000000000007105	0.99993891928951417203	0.38972322485006943849	0.61021668626618474907	0.59813832237063335739	18.96045725936647841081	0.00000119278151391741	0.00000231840272111416
1.33499999999999996447	0.99993760678305831924	0.38698301210687535701	0.61295558650161663383	0.60125034374652552849	19.25893258333000446214	0.00000119065631334265	0.00000232435600268088
1.34000000000000007994	0.99993627573178422985	0.38433010546325091505	0.61560716209264743082	0.60435299640605699700	19.52833460486807481971	0.00000118931859135547	0.00000233030259563766
1.34499999999999997335	0.99993593357173993219	0.38176525565454061395	0.61817166974097803589	0.60744727438326795443	19.76722378929704859729	0.00000118877087740540	0.00000233624645002468
1.35000000000000008882	0.99993557765407714566	0.37928831185719041885	0.62064825762031627931	0.61053289676756794524	19.69360213430983819194	0.00000118890155665687	0.00000234219095780797
1.35499999999999998224	0.99993520767306265373	0.37689949598976701939	0.62303670350634943187	0.61361023752874588322	19.57856728367497112231	0.00000118996522530275	0.00000234814078393448
1.36000000000000009770	0.99993482332281546920	0.37459897937682740121	0.62533683576866350151	0.61667967934737344393	19.42274745661887536130	0.00000119196822850447	0.00000235410062507700
1.36499999999999999112	0.99993442429719636699	0.37238688317288237695	0.62754853294659751484	0.61974161333976041099	19.22712528477971360985	0.00000119491621840180	0.00000236007520616901
1.37000000000000010658	0.99993401028985584578	0.37026327881285830967	0.62967172329886933468	0.62279643877854173883	18.99302346183671730273	0.00000119881416262835	0.00000236606927698215
1.37500000000000000000	0.99993358099418627738	0.36822818848844668382	0.63170638432717862720	0.62584456280955735874	18.72208493446162691498	0.00000120366634277244	0.00000237208760869602
1.38000000000000011546	0.99993313610326428620	0.36628158564982660206	0.63365254227443601476	0.62888640016528862819	18.41624741018151567573	0.00000120947635393059	0.00000237813499046567
1.38500000000000000888	0.99993267530988994007	0.36442339553221697601	0.63551027159822093271	0.63192237287511654475	18.07771284836176661770	0.00000121624710515518	0.00000238421622599144
1.39000000000000012434	0.99993219830643553792	0.36265349570659538569	0.63727969441990894861	0.63495290997245779074	17.70891281789569049465	0.00000122398082077508	0.00000239033613009532
1.39500000000000001776	0.99993170478486947950	0.36097171665415039854	0.63896097995030054495	0.63797844719926344315	17.31247069592561160789	0.00000123267904262147	0.00000239649952530843
1.40000000000000013323	0.99993119443663791568	0.35937784236368175428	0.64055434389203003143	0.64099942670776755005	16.89116171764018048407	0.00000124234263317672	0.00000240271123847431
1.40500000000000002665	0.99993066695260024446	0.35787161095150760159	0.64206004781964276518	0.64401629675998206537	16.44787191597012565580	0.00000125297177963102	0.00000240897609737247
1.40999999999999992006	0.99993012202293585222	0.35645271530315930653	0.64347839853778809882	0.64702951142499520731	15.98555703852565201828	0.00000126456599889819	0.00000241529892736696
1.41500000000000003553	0.99992955933709792848	0.35512080373630233732	0.64480974741824625962	0.65003953027438066137	15.50720232428824729709	0.00000127712414353817	0.00000242168454808465
1.41999999999999992895	0.99992897858367779662	0.35387548068419849567	0.64605448971635781596	0.65304681807585607256	15.01578412633284109745	0.00000129064440865919	0.00000242813777012794
1.42500000000000004441	0.99992837945031043390	0.35271630739908732544	0.64721306386750376838	0.65605184448544628939	14.51423404036382081017	0.00000130512433974632	0.00000243466339182667
1.42999999999999993783	0.99992776162349505942	0.35164280267484510079	0.64828595076431960731	0.65905508373835941516	14.00540626058618443039	0.00000132056084146302	0.00000244126619603399
1.43500000000000005329	0.99992712478858636338	0.35065444358829112037	0.64927367301533411847	0.66205701433887176321	13.49204858525118666535	0.00000133695018742918	0.00000244795094697114
1.43999999999999994671	0.99992646862952239140	0.34975066625838219236	0.65017679418552631887	0.66505811874922504678	12.97677743643314762778	0.00000135428803095721	0.00000245472238712592
1.44500000000000006217	0.99992579282874338720	0.34893086662275901721	0.65099591801970102534	0.66805888307801808423	12.46205707371310467124	0.00000137256941679290	0.00000246158523420989
1.44999999999999995559	0.99992509706706023120	0.34819440123088613026	0.65173168764920230700	0.67105979676813409807	11.95018304773634376659	0.00000139178879383777	0.00000246854417817908
1.45500000000000007105	0.99992438102341596462	0.34754058805310023006	0.65238478478263395299	0.67406135228440700047	11.44326984896686560944	0.00000141194002887639	0.00000247560387832346
1.45999999999999996447	0.99992364437473957306	0.34696870730494727697	0.65295592888138209720	0.67706404480135706780	10.94324253939121760482	0.00000143301642131250	0.00000248276896043002
1.46500000000000007994	0.99992288679574703458	0.34647800228606301376	0.65344587632051576165	0.68006837189109015096	10.45183214017507289384	0.00000145501071894063	0.00000249004401402472
1.46999999999999997335	0.99992210795873293083	0.34606768023295647607	0.65385541953583992125	0.68307483321165463064	9.97057442771108526358	0.00000147791513472876	0.00000249743358969837
1.47500000000000008882	0.99992130753100461060	0.34573691318318511279	0.65418538615708798911	0.68608393019533453483	9.50081177145472111079	0.00000150172136467146	0.00000250494219652172
1.47999999999999998224	0.99992048517751652703	0.34548483885641728675	0.65443663812954822045	0.68909616520772420944	9.04469188919412303562	0.00000152632594623220	0.00000251257382625289
1.48500000000000009770	0.99991964056226567692	0.34531056154556244442	0.65461007082431765802	0.69211204248124491567	8.60192725908087574282	0.00000155184049183694	0.00000252033302871207
1.48999999999999999112	0.99991877334582601744	0.34521315301617633287	0.65470661213640668485	0.69513206693359652633	8.17348343708121483076	0.00000157822768502422	0.00000252822416713719
1.49500000000000010658	0.99991788318513696865	0.34519165341836333116	0.65472722157264473530	0.69815674402396044051	7.75999417716711814563	0.00000160547785368952	0.00000253625155640564
1.50000000000000000000	0.99991696973322818920	0.34524507220823108522	0.65467288932996370310	0.70118657944807005755	7.36194209543406685725	0.00000163358092035177	0.00000254441946100740
1.50500000000000011546	0.99991603263889594633	0.34537238907832518153	0.65454463536460905093	0.70422207883502874193	6.97967011499752931769	0.00000166252642583544	0.00000255273209313657
1.51000000000000000888	0.99991507154636050103	0.34557255489638749602	0.65434350845305266908	0.70726374744615305712	6.61339332466078477779	0.00000169230355441726	0.00000256119361090866
1.51500000000000012434	0.99991408609494214499	0.34584449265174227461	0.65407058524530947707	0.71031208987602612037	6.26321099580003348706	0.00000172290116018972	0.00000256980811670961
1.52000000000000001776	0.99991307591868294757	0.34618709840855932391	0.65372696931122853403	0.71336760975582658162	5.92911853737261029806	0.00000175430779474484	0.00000257857965568333
1.52500000000000013323	0.99991204064598415702	0.34659924226540883563	0.65331379018064883457	0.71643080945931791881	5.61101918942747701635	0.00000178651173615178	0.00000258751221436409
