0.000000000000000000e+00 1.353876350825609008e-08
2.000000000000000042e-02 6.770367499746319023e-13
4.000000000000000083e-02 1.172976864348324499e-11
5.999999999999999778e-02 3.827202941618026277e-11
8.000000000000000167e-02 8.050661335776448584e-11
1.000000000000000056e-01 1.347640389549846441e-10
1.199999999999999956e-01 2.195355272404017517e-10
1.400000000000000133e-01 2.563405826043448281e-10
1.600000000000000033e-01 2.754600679756321494e-10
1.799999999999999933e-01 2.693595759567109519e-10
2.000000000000000111e-01 2.336779448515527818e-10
2.200000000000000011e-01 8.346432887457625796e-11
2.399999999999999911e-01 4.249460480289724113e-11
2.600000000000000089e-01 9.835504102352295866e-12
2.800000000000000266e-01 2.895623716155722856e-13
2.999999999999999889e-01 1.906044317005914815e-11
3.200000000000000067e-01 6.726395363278812442e-11
3.400000000000000244e-01 1.393464952469767584e-10
3.599999999999999867e-01 2.239753509390537685e-10
3.800000000000000044e-01 3.060505206836769598e-10
4.000000000000000222e-01 3.548168535339128075e-10
4.199999999999999845e-01 3.825187925271603061e-10
4.400000000000000022e-01 3.658734507257273371e-10
4.600000000000000200e-01 3.078471311819632494e-10
4.799999999999999822e-01 2.217746631473576093e-10
5.000000000000000000e-01 1.284231894407013641e-10
5.200000000000000178e-01 5.051662464044586232e-11
5.400000000000000355e-01 6.319692934105156844e-12
5.600000000000000533e-01 4.516700696207616332e-12
5.799999999999999600e-01 4.210478256730473323e-11
5.999999999999999778e-01 1.057068500908799623e-10
6.199999999999999956e-01 1.756505448838845281e-10
6.400000000000000133e-01 2.319260695604813171e-10
6.600000000000000311e-01 2.590988240285419788e-10
6.800000000000000488e-01 2.509572133965829483e-10
7.000000000000000666e-01 2.115525994378003223e-10
7.199999999999999734e-01 1.531053972910678234e-10
7.399999999999999911e-01 9.148117448631142084e-11
7.600000000000000089e-01 4.088272900573745120e-11
7.800000000000000266e-01 9.856415209432985726e-12
8.000000000000000444e-01 1.863984263533829422e-15
8.200000000000000622e-01 7.383116951403787704e-12
8.399999999999999689e-01 2.540462359495035731e-11
8.599999999999999867e-01 4.754013719927836875e-11
8.800000000000000044e-01 6.885492856938858697e-11
9.000000000000000222e-01 8.624592340575020263e-11
9.200000000000000400e-01 9.769460727042035202e-11
9.400000000000000577e-01 7.534434652705982448e-11
9.599999999999999645e-01 7.029224857873273035e-11
9.799999999999999822e-01 5.790736381904256398e-11
1.000000000000000000e+00 4.029014631840215887e-11
1.020000000000000018e+00 2.124554144393560369e-11
1.040000000000000036e+00 5.935012326343858203e-12
1.060000000000000053e+00 1.040202996043938837e-14
1.080000000000000071e+00 8.466520231176366474e-12
1.100000000000000089e+00 3.440973674451477037e-11
1.120000000000000107e+00 7.776024513861647532e-11
1.140000000000000124e+00 1.338073590536406805e-10
1.159999999999999920e+00 1.957290097969266324e-10
1.179999999999999938e+00 2.456423610952705824e-10
1.199999999999999956e+00 2.836134014728581677e-10
1.219999999999999973e+00 2.126211332239225349e-10
1.239999999999999991e+00 1.862596468513455835e-10
1.260000000000000009e+00 1.328908118779293345e-10
1.280000000000000027e+00 7.441264670008545578e-11
1.300000000000000044e+00 2.638698038038718310e-11
1.320000000000000062e+00 1.237812684966548227e-12
1.340000000000000080e+00 1.028317125673543689e-11
1.360000000000000098e+00 5.831408869490721863e-11
1.380000000000000115e+00 1.431769299515680988e-10
1.400000000000000133e+00 2.542999478782549233e-10
1.419999999999999929e+00 3.734618534339043877e-10
1.439999999999999947e+00 4.772302450337865754e-10
1.459999999999999964e+00 5.416332210970269801e-10
1.479999999999999982e+00 5.485529195209737239e-10
1.500000000000000000e+00 4.920414493659500708e-10
1.520000000000000018e+00 3.821603465699062790e-10
1.540000000000000036e+00 2.443064102530913046e-10
1.560000000000000053e+00 1.134180842641368383e-10
1.580000000000000071e+00 2.433590704496314636e-11
1.600000000000000089e+00 1.242207290314001260e-12
1.620000000000000107e+00 4.603309386466546868e-11
1.640000000000000124e+00 1.421558171816338302e-10
1.660000000000000142e+00 2.607537057288429684e-10
1.679999999999999938e+00 3.666864932495506333e-10
1.699999999999999956e+00 4.300547566745865817e-10
1.719999999999999973e+00 4.346993571478137302e-10
1.739999999999999991e+00 3.825000795126796397e-10
1.760000000000000009e+00 2.912915044743802994e-10
1.780000000000000027e+00 1.873046400610683716e-10
1.800000000000000044e+00 9.558908246037466227e-11
1.820000000000000062e+00 3.252936070034844886e-11
1.840000000000000080e+00 3.150622828319300278e-12
1.860000000000000098e+00 3.203106699625421462e-12
1.880000000000000115e+00 2.376187300984897714e-11
1.900000000000000133e+00 3.662395599536278136e-11
1.919999999999999929e+00 6.576065283769508873e-11
1.939999999999999947e+00 9.339520293185178035e-11
1.959999999999999964e+00 1.151835172520043260e-10
1.979999999999999982e+00 1.277040033713587807e-10
2.000000000000000000e+00 1.283782606393956506e-10
2.020000000000000018e+00 1.161762446928163629e-10
2.040000000000000036e+00 9.251449305498560463e-11
2.060000000000000053e+00 6.166823679542893081e-11
2.080000000000000071e+00 3.044248542243008196e-11
2.100000000000000089e+00 7.182176323725286299e-12
2.120000000000000107e+00 3.150498564704312875e-13
2.140000000000000124e+00 1.667020257179601330e-11
2.160000000000000142e+00 5.940088487676210556e-11
2.180000000000000160e+00 1.255019926334770071e-10
2.200000000000000178e+00 2.105784492158425843e-10
2.220000000000000195e+00 2.173668619820671954e-10
2.240000000000000213e+00 2.512278384700054979e-10
2.260000000000000231e+00 2.564684830474190889e-10
2.280000000000000249e+00 2.452932011212149111e-10
2.300000000000000266e+00 1.939903419701952324e-10
2.319999999999999840e+00 1.259440675492189839e-10
2.339999999999999858e+00 5.974965239136263834e-11
2.359999999999999876e+00 1.249262496377497913e-11
2.379999999999999893e+00 1.451507306843345783e-12
2.399999999999999911e+00 3.930760721245078030e-11
2.419999999999999929e+00 1.300724043493985717e-10
2.439999999999999947e+00 2.664379257179506604e-10
2.459999999999999964e+00 4.284408337906981528e-10
2.479999999999999982e+00 5.853535574038962196e-10
2.500000000000000000e+00 7.013511018602306616e-10
2.520000000000000018e+00 7.447363719091580989e-10
2.540000000000000036e+00 6.982462687999509481e-10
2.560000000000000053e+00 5.669385748507738973e-10
2.580000000000000071e+00 3.800819758774216020e-10
2.600000000000000089e+00 1.871371048320963093e-10
2.620000000000000107e+00 4.600298731785780687e-11
2.640000000000000124e+00 9.921135198240695008e-13
2.660000000000000142e+00 4.372368517431843297e-11
2.680000000000000160e+00 1.883487727418540273e-10
2.700000000000000178e+00 3.904149363789181054e-10
2.720000000000000195e+00 5.868655627677958903e-10
2.740000000000000213e+00 7.168145614169497134e-10
2.760000000000000231e+00 7.424613454726359401e-10
2.780000000000000249e+00 6.611193059501445197e-10
2.800000000000000266e+00 5.036158667314867691e-10
2.819999999999999840e+00 3.198376123696659255e-10
2.839999999999999858e+00 1.585256717563783557e-10
2.859999999999999876e+00 5.080999535091909695e-11
2.879999999999999893e+00 3.912127619423530048e-12
2.899999999999999911e+00 1.132247135455258509e-12
2.919999999999999929e+00 2.246389196115744047e-11
2.939999999999999947e+00 5.852177403025049749e-11
2.959999999999999964e+00 9.821326090397325343e-11
2.979999999999999982e+00 1.355333246127726083e-10
3.000000000000000000e+00 1.664245728428533926e-10
3.020000000000000018e+00 1.866541389486527518e-10
3.040000000000000036e+00 1.921628782976083456e-10
3.060000000000000053e+00 1.805657306108502709e-10
3.080000000000000071e+00 1.524507775167466857e-10
3.100000000000000089e+00 1.120397654867478221e-10
3.120000000000000107e+00 6.706088091569815634e-11
3.140000000000000124e+00 2.812585513588689713e-11
3.160000000000000142e+00 4.682530716105825136e-12
3.180000000000000160e+00 1.597173269444530426e-12
3.200000000000000178e+00 2.050368541122682972e-11
3.220000000000000195e+00 6.248816481859274151e-11
3.240000000000000213e+00 1.181692590091650928e-10
3.260000000000000231e+00 1.820288030595867868e-10
3.280000000000000249e+00 3.118613890053525727e-10
3.300000000000000266e+00 3.679239851690956996e-10
3.320000000000000284e+00 3.803709551555781098e-10
3.339999999999999858e+00 3.505141723228094743e-10
3.359999999999999876e+00 2.805231394272314585e-10
3.379999999999999893e+00 1.904531179633206167e-10
3.399999999999999911e+00 8.985629569096858789e-11
3.419999999999999929e+00 2.105894557937593642e-11
3.439999999999999947e+00 8.086697207819908495e-13
3.459999999999999964e+00 4.539387734861037062e-11
3.479999999999999982e+00 1.595649627613688284e-10
3.500000000000000000e+00 3.322912073557063032e-10
3.520000000000000018e+00 5.327522949499285172e-10
3.540000000000000036e+00 7.213083357192130603e-10
3.560000000000000053e+00 8.510851271480431925e-10
3.580000000000000071e+00 8.803402285102750890e-10
3.600000000000000089e+00 7.893383497101709857e-10
3.620000000000000107e+00 4.779537212051269986e-10
3.640000000000000124e+00 2.390802939471615038e-10
3.660000000000000142e+00 5.022745614113189109e-11
3.680000000000000160e+00 5.086950850406037774e-12
3.700000000000000178e+00 1.460455639569743045e-10
3.720000000000000195e+00 4.629146032367304660e-10
3.740000000000000213e+00 8.814609557598112893e-10
3.760000000000000231e+00 1.284472700900700470e-09
3.780000000000000249e+00 1.538767823443906572e-09
3.800000000000000266e+00 1.598902985589888231e-09
3.820000000000000284e+00 1.431602900289388923e-09
3.839999999999999858e+00 1.096191491357496169e-09
3.859999999999999876e+00 5.945761502245669645e-10
3.879999999999999893e+00 2.789761378766538087e-10
3.899999999999999911e+00 1.715336997249356579e-10
3.919999999999999929e+00 3.938243948235864806e-11
3.939999999999999947e+00 7.266231233529845207e-13
3.959999999999999964e+00 1.827409648655075880e-11
3.979999999999999982e+00 5.478036496487162444e-11
4.000000000000000000e+00 9.662537201472120151e-11
4.020000000000000462e+00 1.549433699241185643e-10
4.040000000000000036e+00 2.045856674414601417e-10
4.060000000000000497e+00 2.447411356688007176e-10
4.080000000000000071e+00 2.582505091993331728e-10
4.099999999999999645e+00 2.495669559118878144e-10
4.120000000000000107e+00 2.178140118254301600e-10
4.139999999999999680e+00 1.664380616621474897e-10
4.160000000000000142e+00 1.072889948520344039e-10
4.179999999999999716e+00 4.819982845784730265e-11
4.200000000000000178e+00 1.210261970398549090e-11
4.219999999999999751e+00 1.703115018486388251e-13
4.240000000000000213e+00 2.068864267012425266e-11
4.259999999999999787e+00 7.553186372830654358e-11
4.280000000000000249e+00 1.600872292508813042e-10
4.299999999999999822e+00 2.635959323085338226e-10
4.320000000000000284e+00 3.602355967092679344e-10
4.339999999999999858e+00 4.375426086866646261e-10
4.360000000000000320e+00 4.798531654579145604e-10
4.379999999999999893e+00 4.617302246726924240e-10
4.400000000000000355e+00 3.817288119171362473e-10
4.419999999999999929e+00 2.907259967592616682e-10
4.440000000000000391e+00 1.797772567064457353e-10
4.459999999999999964e+00 7.507277378648205689e-11
4.480000000000000426e+00 8.278831096726859245e-12
4.500000000000000000e+00 1.419870944785521263e-11
4.520000000000000462e+00 1.202914502953982708e-10
4.540000000000000036e+00 3.378371714321944208e-10
4.560000000000000497e+00 6.494746859702304528e-10
4.580000000000000071e+00 1.002479007901947129e-09
4.600000000000000533e+00 1.312508250052571578e-09
4.620000000000000107e+00 1.494181173631032285e-09
4.639999999999999680e+00 1.462731510095569221e-09
4.660000000000000142e+00 1.190660011278747551e-09
4.679999999999999716e+00 7.609423087602694808e-10
4.700000000000000178e+00 3.327181654330225460e-10
4.719999999999999751e+00 4.137805016797886498e-11
4.740000000000000213e+00 5.679516259945622527e-11
4.759999999999999787e+00 4.615143991905840198e-10
4.780000000000000249e+00 1.114093216657584931e-09
4.799999999999999822e+00 1.845065905079277793e-09
4.820000000000000284e+00 2.404717952724235505e-09
4.839999999999999858e+00 2.574803545934903324e-09
4.860000000000000320e+00 2.271530243548493724e-09
4.879999999999999893e+00 1.603069486285069138e-09
4.900000000000000355e+00 8.656395658061689293e-10
4.919999999999999929e+00 4.582686462642176870e-10
4.940000000000000391e+00 1.193085163531215641e-10
4.959999999999999964e+00 6.723457173060356879e-12
4.980000000000000426e+00 9.307624287888896388e-12
5.000000000000000000e+00 4.753256127098519721e-11
5.020000000000000462e+00 9.340470590533571663e-11
5.040000000000000036e+00 1.438889894838777410e-10
5.060000000000000497e+00 1.967969365214556633e-10
5.080000000000000071e+00 2.439443557078464191e-10
5.100000000000000533e+00 2.781712673241361210e-10
5.120000000000000107e+00 2.959728579704545516e-10
5.139999999999999680e+00 2.923811887969602573e-10
5.160000000000000142e+00 2.668143891746033527e-10
5.179999999999999716e+00 2.222400265914120127e-10
5.200000000000000178e+00 1.650564951629788751e-10
5.219999999999999751e+00 1.043559681949311610e-10
5.240000000000000213e+00 5.057783670918247039e-11
5.259999999999999787e+00 1.206345575526731928e-11
5.280000000000000249e+00 3.894099919344009576e-13
5.299999999999999822e+00 2.370474822253539247e-11
5.320000000000000284e+00 8.501154635737172528e-11
5.339999999999999858e+00 1.977418222086388212e-10
5.360000000000000320e+00 3.320733704866043405e-10
5.379999999999999893e+00 4.460859114276936639e-10
5.400000000000000355e+00 5.572756116630210300e-10
5.419999999999999929e+00 6.673652178088849445e-10
5.440000000000000391e+00 6.812667628203789085e-10
5.459999999999999964e+00 6.294411214536568873e-10
5.480000000000000426e+00 5.129879866128165157e-10
5.500000000000000000e+00 2.605946410782177970e-10
5.520000000000000462e+00 1.243522510183464035e-10
5.540000000000000036e+00 1.719554919156049806e-11
5.560000000000000497e+00 9.264903972023036859e-12
5.580000000000000071e+00 1.516893734530443804e-10
5.600000000000000533e+00 4.744797242027853644e-10
5.620000000000000107e+00 9.346740229509740305e-10
5.639999999999999680e+00 1.437137860146560319e-09
5.660000000000000142e+00 1.855671137900803556e-09
5.679999999999999716e+00 1.907905044497129643e-09
5.700000000000000178e+00 2.080331781522625330e-09
5.719999999999999751e+00 1.621105574678353750e-09
5.740000000000000213e+00 9.394923703901488762e-10
5.759999999999999787e+00 3.037448382113486181e-10
5.780000000000000249e+00 1.166280894915851363e-12
5.799999999999999822e+00 2.825507435244310012e-10
5.820000000000000284e+00 1.206912373527209525e-09
5.839999999999999858e+00 2.561684647247967643e-09
5.860000000000000320e+00 3.787517535848556662e-09
5.879999999999999893e+00 4.313390845954541686e-09
5.900000000000000355e+00 3.800763381619204164e-09
5.919999999999999929e+00 2.441384028311064345e-09
5.940000000000000391e+00 9.813242933542630455e-10
5.959999999999999964e+00 1.370318418021909568e-10
5.980000000000000426e+00 1.728572151198431998e-11
6.000000000000000000e+00 1.715041786119485763e-10
6.020000000000000462e+00 2.877799771387160110e-10
6.040000000000000036e+00 3.776422464500577704e-10
6.060000000000000497e+00 4.676282176513447262e-10
6.080000000000000071e+00 5.552529690940948676e-10
6.100000000000000533e+00 6.584264836274035055e-10
6.120000000000000107e+00 7.244678729979678630e-10
6.140000000000000568e+00 7.672582651065366449e-10
6.160000000000000142e+00 7.781695889980902482e-10
6.179999999999999716e+00 7.595957211945262530e-10
6.200000000000000178e+00 7.011784854564789233e-10
6.219999999999999751e+00 6.001362886870546506e-10
6.240000000000000213e+00 4.751023908343393852e-10
6.259999999999999787e+00 4.753452784206677604e-10
6.280000000000000249e+00 2.902615680600778322e-10
6.299999999999999822e+00 2.349265312166049764e-10
6.320000000000000284e+00 1.429069611044225803e-10
6.339999999999999858e+00 6.989764025740602466e-11
6.360000000000000320e+00 5.038162365344547870e-12
6.379999999999999893e+00 1.721583005908781474e-11
6.400000000000000355e+00 6.317539000162867649e-11
6.419999999999999929e+00 1.233478945314668055e-10
6.440000000000000391e+00 1.826914301634333660e-10
6.459999999999999964e+00 2.308810159317242539e-10
6.480000000000000426e+00 2.444109039151782028e-10
6.500000000000000000e+00 2.179176761396062299e-10
6.520000000000000462e+00 1.527262801529817263e-10
6.540000000000000036e+00 6.773550096876126333e-11
6.560000000000000497e+00 5.256182489220034183e-12
6.580000000000000071e+00 2.005276226360286356e-11
6.600000000000000533e+00 1.559299729409095536e-10
6.620000000000000107e+00 4.819818802092808556e-10
6.640000000000000568e+00 1.042478436904773467e-09
6.660000000000000142e+00 1.842036842215960577e-09
6.679999999999999716e+00 2.938761940367163400e-09
6.700000000000000178e+00 4.094980490704008631e-09
6.719999999999999751e+00 5.000039919639409728e-09
6.740000000000000213e+00 5.735876084107131817e-09
6.759999999999999787e+00 5.524278505249796689e-09
6.780000000000000249e+00 4.319396424138271250e-09
6.799999999999999822e+00 2.789890439452167447e-09
6.820000000000000284e+00 9.597682575620036269e-10
6.839999999999999858e+00 1.970524202866310281e-11
6.860000000000000320e+00 6.265869621638088470e-10
6.879999999999999893e+00 2.834882454079307356e-09
6.900000000000000355e+00 5.801195967409825590e-09
6.919999999999999929e+00 7.710746389285086739e-09
6.940000000000000391e+00 6.841854481716746780e-09
6.959999999999999964e+00 3.388182828084713513e-09
6.980000000000000426e+00 3.711045534287683739e-10
7.000000000000000000e+00 1.949739803144793832e-10
7.020000000000000462e+00 7.546811755001549495e-10
7.040000000000000036e+00 9.277392977602203366e-10
7.060000000000000497e+00 1.062868972791943259e-09
7.080000000000000071e+00 1.195590123383201297e-09
7.100000000000000533e+00 1.322016804593451571e-09
7.120000000000000107e+00 1.436901360007231555e-09
7.140000000000000568e+00 1.534294902936766412e-09
7.160000000000000142e+00 1.607887319066324816e-09
7.179999999999999716e+00 1.651267700828431017e-09
7.200000000000000178e+00 1.658715380782996690e-09
7.219999999999999751e+00 1.634275254927586875e-09
7.240000000000000213e+00 1.568666899577052178e-09
7.259999999999999787e+00 1.460939833289915041e-09
7.280000000000000249e+00 1.313490053232931609e-09
7.299999999999999822e+00 1.132563673542081761e-09
7.320000000000000284e+00 9.263994297463810168e-10
7.339999999999999858e+00 7.059811829981062661e-10
7.360000000000000320e+00 4.903329902661313861e-10
7.379999999999999893e+00 2.965771089032577927e-10
7.400000000000000355e+00 1.416395669459638614e-10
7.419999999999999929e+00 4.085715935813500304e-11
7.440000000000000391e+00 4.948139180393397010e-13
7.459999999999999964e+00 2.368775989876611509e-11
7.480000000000000426e+00 9.543391561988641594e-11
7.500000000000000000e+00 2.079708921628460695e-10
7.520000000000000462e+00 3.280446149051678985e-10
7.540000000000000036e+00 4.165205366990879457e-10
7.560000000000000497e+00 4.325501197317913779e-10
7.580000000000000071e+00 3.585895463772125402e-10
7.600000000000000533e+00 2.226823818428467137e-10
7.620000000000000107e+00 6.969686893241231079e-11
7.640000000000000568e+00 6.030907846923034905e-13
7.660000000000000142e+00 1.345675784301231568e-10
7.679999999999999716e+00 5.759617028004387496e-10
7.700000000000000178e+00 1.451749647344461515e-09
7.719999999999999751e+00 2.840315381072301179e-09
7.740000000000000213e+00 4.802243871381869968e-09
7.759999999999999787e+00 7.254829783323791315e-09
7.780000000000000249e+00 9.442615719545634829e-09
7.799999999999999822e+00 1.083214806690499988e-08
7.820000000000000284e+00 1.075675376274101340e-08
7.839999999999999858e+00 8.648662910802239598e-09
7.860000000000000320e+00 5.076816943825541865e-09
7.879999999999999893e+00 1.311184184722540405e-09
7.900000000000000355e+00 1.579861971611064885e-10
7.919999999999999929e+00 5.066559983548282890e-09
7.940000000000000391e+00 1.692653723735022023e-08
7.959999999999999964e+00 3.072302604420158542e-08
7.980000000000000426e+00 2.916753943310277445e-08
8.000000000000000000e+00 3.841535019047600886e-09
8.019999999999999574e+00 9.851433397891977374e-10
8.040000000000000924e+00 1.029958449951353043e-09
8.060000000000000497e+00 1.067430587457427790e-09
8.080000000000000071e+00 1.095525744638768374e-09
8.099999999999999645e+00 1.112105394058639366e-09
8.120000000000000995e+00 1.115007103594357599e-09
8.140000000000000568e+00 1.102153751918445998e-09
8.160000000000000142e+00 1.071697291770883940e-09
8.179999999999999716e+00 1.017756960401960056e-09
8.199999999999999289e+00 9.475188491921848198e-10
8.220000000000000639e+00 8.578628086191608088e-10
8.240000000000000213e+00 7.465678557914760814e-10
8.259999999999999787e+00 6.250406827740318416e-10
8.279999999999999361e+00 4.936577596605125435e-10
8.300000000000000711e+00 3.592210300323458782e-10
8.320000000000000284e+00 2.306863928216713748e-10
8.339999999999999858e+00 1.191630237035252784e-10
8.359999999999999432e+00 3.769716104872224899e-11
8.380000000000000782e+00 7.681456867063310550e-13
8.400000000000000355e+00 2.342179282178895445e-11
8.419999999999999929e+00 1.199843698939452976e-10
8.439999999999999503e+00 3.023341017049043318e-10
8.460000000000000853e+00 5.772070297472252056e-10
8.480000000000000426e+00 9.428951377114075348e-10
8.500000000000000000e+00 1.392982191058327050e-09
8.519999999999999574e+00 1.896762255845328736e-09
8.540000000000000924e+00 2.429471261247991084e-09
8.560000000000000497e+00 2.944137699497047118e-09
8.580000000000000071e+00 3.407907782529911335e-09
8.599999999999999645e+00 3.478645379574779403e-09
8.620000000000000995e+00 3.670284278199817075e-09
8.640000000000000568e+00 3.624275940039006868e-09
8.660000000000000142e+00 3.313812178237171768e-09
8.679999999999999716e+00 2.743956494932996616e-09
8.700000000000001066e+00 1.996810760550862509e-09
8.720000000000000639e+00 1.124941352226547761e-09
8.740000000000000213e+00 3.602428058346944355e-10
8.759999999999999787e+00 1.336019519459831150e-12
8.779999999999999361e+00 3.862353548750250449e-10
8.800000000000000711e+00 1.829896021306970299e-09
8.820000000000000284e+00 4.478333572161895843e-09
8.839999999999999858e+00 8.141932831012876683e-09
8.859999999999999432e+00 1.188842799331211348e-08
8.880000000000000782e+00 1.404446050570497645e-08
8.900000000000000355e+00 1.221519716500730426e-08
8.919999999999999929e+00 5.510984728529822229e-09
8.939999999999999503e+00 6.498890425508381076e-12
8.960000000000000853e+00 2.138430281254729295e-08
8.980000000000000426e+00 1.431465084781097521e-07
9.000000000000000000e+00 5.521074149947756912e-07
9.019999999999999574e+00 7.592364987829082401e-11
9.040000000000000924e+00 9.178414527997481418e-11
9.060000000000000497e+00 1.109025320605419055e-10
9.080000000000000071e+00 1.339302478984496058e-10
9.099999999999999645e+00 1.616432451796319662e-10
9.120000000000000995e+00 1.949639042927997803e-10
9.140000000000000568e+00 2.349861655953316164e-10
9.160000000000000142e+00 2.830041231833512912e-10
9.179999999999999716e+00 3.405442450813894886e-10
9.200000000000001066e+00 4.094012528674509460e-10
9.220000000000000639e+00 4.916774885418491058e-10
9.240000000000000213e+00 5.898252908830657899e-10
9.259999999999999787e+00 7.066914631253635540e-10
9.279999999999999361e+00 8.455622948123716676e-10
9.300000000000000711e+00 1.010206748397037263e-09
9.320000000000000284e+00 1.204914268458272780e-09
9.339999999999999858e+00 1.434522137774677300e-09
9.359999999999999432e+00 1.704425296196396511e-09
9.380000000000000782e+00 2.020558950567048829e-09
9.400000000000000355e+00 2.389341026968603684e-09
9.419999999999999929e+00 2.817557446922961277e-09
9.439999999999999503e+00 3.312168271177254300e-09
9.460000000000000853e+00 3.880006936211677136e-09
9.480000000000000426e+00 4.527338220073419448e-09
9.500000000000000000e+00 5.259233543128105388e-09
9.519999999999999574e+00 6.078413794764905708e-09
9.540000000000000924e+00 6.987071877106066488e-09
9.560000000000000497e+00 7.974575194162012872e-09
9.580000000000000071e+00 9.039035420843204871e-09
9.599999999999999645e+00 1.015774700269131761e-08
9.620000000000000995e+00 1.130068518323799253e-08
9.640000000000000568e+00 1.236397178250207611e-08
9.660000000000000142e+00 1.338039063482931830e-08
9.679999999999999716e+00 1.425557336695207988e-08
9.700000000000001066e+00 1.482167431784566473e-08
9.720000000000000639e+00 1.497455445987829792e-08
9.740000000000000213e+00 1.456772791056363518e-08
9.759999999999999787e+00 1.345651872864264552e-08
9.779999999999999361e+00 1.153310116962342546e-08
9.800000000000000711e+00 8.790861354092976106e-09
9.820000000000000284e+00 5.436806342223741691e-09
9.839999999999999858e+00 2.081660938748401779e-09
9.859999999999999432e+00 5.249532284305451917e-11
9.880000000000000782e+00 1.920260904032671773e-09
9.900000000000000355e+00 1.224391863349195158e-08
9.919999999999999929e+00 3.897749729581705377e-08
9.939999999999999503e+00 9.590758717249612720e-08
9.960000000000000853e+00 2.019925935106495157e-07
9.980000000000000426e+00 3.887032343274591903e-07
