0.000000000000000000e+00 5.275087602521691635e-15
5.000000000000000104e-03 1.702740809213076919e-14
1.000000000000000021e-02 1.709410231899564695e-14
1.499999999999999944e-02 1.715977905633459085e-14
2.000000000000000042e-02 1.722442389527761991e-14
2.500000000000000139e-02 1.728802259427776783e-14
2.999999999999999889e-02 1.735056108367755265e-14
3.500000000000000333e-02 1.741202547023574465e-14
4.000000000000000083e-02 1.747240204161369082e-14
4.499999999999999833e-02 1.753167727081886112e-14
5.000000000000000278e-02 1.758983782060403540e-14
5.500000000000000028e-02 1.764687054782000442e-14
5.999999999999999778e-02 1.770276250772101485e-14
6.500000000000000222e-02 1.775750095821974303e-14
7.000000000000000666e-02 1.781107336409164275e-14
7.499999999999999722e-02 1.786346740112566312e-14
8.000000000000000167e-02 1.791467096022062339e-14
8.500000000000000611e-02 1.796467215142488760e-14
8.999999999999999667e-02 1.801345930791814634e-14
9.500000000000000111e-02 1.806102098993339647e-14
1.000000000000000056e-01 1.810734598861757275e-14
1.049999999999999961e-01 1.815242332982927889e-14
1.100000000000000006e-01 1.819624227787225164e-14
1.150000000000000050e-01 1.823879233916228915e-14
1.199999999999999956e-01 1.828006326582698742e-14
1.250000000000000000e-01 1.832004505923640085e-14
1.300000000000000044e-01 1.835872797346268325e-14
1.350000000000000089e-01 1.839610251866818864e-14
1.400000000000000133e-01 1.843215946441990820e-14
1.449999999999999900e-01 1.846688984292866882e-14
1.499999999999999944e-01 1.850028495221278090e-14
1.549999999999999989e-01 1.853233635918310926e-14
1.600000000000000033e-01 1.856303590264997423e-14
1.650000000000000078e-01 1.859237569624928290e-14
1.700000000000000122e-01 1.862034813128721202e-14
1.750000000000000167e-01 1.864694587950192167e-14
1.799999999999999933e-01 1.867216189574164337e-14
1.849999999999999978e-01 1.869598942055705375e-14
1.900000000000000022e-01 1.871842198270751716e-14
1.950000000000000067e-01 1.873945340157973007e-14
2.000000000000000111e-01 1.875907778951781106e-14
2.050000000000000155e-01 1.877728955406356487e-14
2.099999999999999922e-01 1.879408340010627029e-14
2.149999999999999967e-01 1.880945433194051539e-14
2.200000000000000011e-01 1.882339765523175488e-14
2.250000000000000056e-01 1.883590897888763968e-14
2.300000000000000100e-01 1.884698421683561706e-14
2.350000000000000144e-01 1.885661958970479168e-14
2.399999999999999911e-01 1.886481162641145702e-14
2.449999999999999956e-01 1.887155716564825970e-14
2.500000000000000000e-01 1.887685335727510329e-14
2.550000000000000044e-01 1.888069766361211967e-14
2.600000000000000089e-01 1.888308786063340810e-14
2.650000000000000133e-01 1.888402203906095177e-14
2.700000000000000178e-01 1.888349860535861728e-14
2.750000000000000222e-01 1.888151628262498108e-14
2.800000000000000266e-01 1.887807411138507759e-14
2.850000000000000311e-01 1.887317145028020132e-14
2.899999999999999800e-01 1.886680797665544726e-14
2.949999999999999845e-01 1.885898368704477515e-14
2.999999999999999889e-01 1.884969889755301382e-14
3.049999999999999933e-01 1.883895424413441113e-14
3.099999999999999978e-01 1.882675068276792514e-14
3.150000000000000022e-01 1.881308948952831628e-14
3.200000000000000067e-01 1.879797226055384192e-14
3.250000000000000111e-01 1.878140091190906714e-14
3.300000000000000155e-01 1.876337767934426532e-14
3.350000000000000200e-01 1.874390511794968563e-14
3.400000000000000244e-01 1.872298610170625572e-14
3.450000000000000289e-01 1.870062382293150795e-14
3.500000000000000333e-01 1.867682179162136644e-14
3.549999999999999822e-01 1.865158383468801907e-14
3.599999999999999867e-01 1.862491409509353051e-14
3.649999999999999911e-01 1.859681703087983675e-14
3.699999999999999956e-01 1.856729741409521585e-14
3.750000000000000000e-01 1.853636032961724120e-14
3.800000000000000044e-01 1.850401117387313240e-14
3.850000000000000089e-01 1.847025565345706191e-14
3.900000000000000133e-01 1.843509978364570822e-14
3.950000000000000178e-01 1.839854988681182494e-14
4.000000000000000222e-01 1.836061259073630887e-14
4.050000000000000266e-01 1.832129482682007317e-14
4.100000000000000311e-01 1.828060382819518938e-14
4.150000000000000355e-01 1.823854712773666127e-14
4.199999999999999845e-01 1.819513255597554704e-14
4.249999999999999889e-01 1.815036823891323076e-14
4.299999999999999933e-01 1.810426259573867041e-14
4.349999999999999978e-01 1.805682433644884938e-14
4.400000000000000022e-01 1.800806245937310067e-14
4.450000000000000067e-01 1.795798624860254359e-14
4.500000000000000111e-01 1.790660527132518235e-14
4.550000000000000155e-01 1.785392937506788415e-14
4.600000000000000200e-01 1.779996868484606705e-14
4.650000000000000244e-01 1.774473360022167470e-14
4.700000000000000289e-01 1.768823479227173541e-14
4.750000000000000333e-01 1.763048320046700043e-14
4.799999999999999822e-01 1.757149002946270317e-14
4.849999999999999867e-01 1.751126674580284037e-14
4.899999999999999911e-01 1.744982507453808239e-14
4.949999999999999956e-01 1.738717699575983714e-14
5.000000000000000000e-01 1.732333474105058419e-14
5.050000000000000044e-01 1.725831078985244204e-14
5.100000000000000089e-01 1.719211786575542916e-14
5.150000000000000133e-01 1.712476893270589880e-14
5.200000000000000178e-01 1.705627719113766843e-14
5.250000000000000222e-01 1.698665607402641521e-14
5.300000000000000266e-01 1.691591924286926530e-14
5.350000000000000311e-01 1.684408058359063102e-14
5.400000000000000355e-01 1.677115420237649200e-14
5.450000000000000400e-01 1.669715442143797860e-14
5.500000000000000444e-01 1.662209577470604363e-14
5.550000000000000488e-01 1.654599300345934276e-14
5.600000000000000533e-01 1.646886105188596108e-14
5.650000000000000577e-01 1.639071506258157643e-14
5.700000000000000622e-01 1.631157037198511645e-14
5.750000000000000666e-01 1.623144250575431084e-14
5.799999999999999600e-01 1.615034717408168775e-14
5.849999999999999645e-01 1.606830026695442533e-14
5.899999999999999689e-01 1.598531784935806481e-14
5.949999999999999734e-01 1.590141615642740461e-14
5.999999999999999778e-01 1.581661158854547791e-14
6.049999999999999822e-01 1.573092070639278156e-14
6.099999999999999867e-01 1.564436022594852322e-14
6.149999999999999911e-01 1.555694701344599789e-14
6.199999999999999956e-01 1.546869808028373772e-14
6.250000000000000000e-01 1.537963057789437572e-14
6.300000000000000044e-01 1.528976179257332487e-14
6.350000000000000089e-01 1.519910914026928904e-14
6.400000000000000133e-01 1.510769016133811392e-14
6.450000000000000178e-01 1.501552251526245819e-14
6.500000000000000222e-01 1.492262397533923501e-14
6.550000000000000266e-01 1.482901242333637942e-14
6.600000000000000311e-01 1.473470584412158595e-14
6.650000000000000355e-01 1.463972232026461940e-14
6.700000000000000400e-01 1.454408002661523082e-14
6.750000000000000444e-01 1.444779722485925687e-14
6.800000000000000488e-01 1.435089225805404774e-14
6.850000000000000533e-01 1.425338354514630357e-14
6.900000000000000577e-01 1.415528957547356719e-14
6.950000000000000622e-01 1.405662890325196391e-14
7.000000000000000666e-01 1.395742014205196949e-14
7.049999999999999600e-01 1.385768195926453673e-14
7.099999999999999645e-01 1.375743307055945486e-14
7.149999999999999689e-01 1.365669223433815383e-14
7.199999999999999734e-01 1.355547824618295871e-14
7.249999999999999778e-01 1.345380993330507713e-14
7.299999999999999822e-01 1.335170614899317375e-14
7.349999999999999867e-01 1.324918576706466771e-14
7.399999999999999911e-01 1.314626767632196695e-14
7.449999999999999956e-01 1.304297077501580214e-14
7.500000000000000000e-01 1.293931396531711508e-14
7.550000000000000044e-01 1.283531614780064750e-14
7.600000000000000089e-01 1.273099621594119575e-14
7.650000000000000133e-01 1.262637305062533196e-14
7.700000000000000178e-01 1.252146551468037125e-14
7.750000000000000222e-01 1.241629244742266758e-14
7.800000000000000266e-01 1.231087265922708111e-14
7.850000000000000311e-01 1.220522492612020128e-14
7.900000000000000355e-01 1.209936798439854049e-14
7.950000000000000400e-01 1.199332052527437737e-14
8.000000000000000444e-01 1.188710118955094094e-14
8.050000000000000488e-01 1.178072856232885889e-14
8.100000000000000533e-01 1.167422116774591791e-14
8.150000000000000577e-01 1.156759746375240792e-14
8.200000000000000622e-01 1.146087583692306631e-14
8.250000000000000666e-01 1.135407459730863721e-14
8.300000000000000711e-01 1.124721197332813911e-14
8.349999999999999645e-01 1.114030610670418379e-14
8.399999999999999689e-01 1.103337504744294636e-14
8.449999999999999734e-01 1.092643674886050453e-14
8.499999999999999778e-01 1.081950906265810147e-14
8.549999999999999822e-01 1.071260973404685289e-14
8.599999999999999867e-01 1.060575639692518945e-14
8.649999999999999911e-01 1.049896656910929174e-14
8.699999999999999956e-01 1.039225764761958954e-14
8.750000000000000000e-01 1.028564690398697951e-14
8.800000000000000044e-01 1.017915147979679444e-14
8.850000000000000089e-01 1.007278838194758046e-14
8.900000000000000133e-01 9.966574478306276723e-15
8.950000000000000178e-01 9.860526493265342942e-15
9.000000000000000222e-01 9.754661003396719536e-15
9.050000000000000266e-01 9.648994433172252493e-15
9.100000000000000311e-01 9.543543050752845367e-15
9.150000000000000355e-01 9.438322963847316602e-15
9.200000000000000400e-01 9.333350115642404215e-15
9.250000000000000444e-01 9.228640280777355331e-15
9.300000000000000488e-01 9.124209061530484210e-15
9.350000000000000533e-01 9.020071883814043391e-15
9.400000000000000577e-01 8.916243993504699931e-15
9.450000000000000622e-01 8.812740452726937155e-15
9.500000000000000666e-01 8.709576136240175843e-15
9.550000000000000711e-01 8.606765727906703163e-15
9.599999999999999645e-01 8.504323717241384407e-15
9.649999999999999689e-01 8.402264396044528536e-15
9.699999999999999734e-01 8.300601855119002513e-15
9.749999999999999778e-01 8.199349981072662500e-15
9.799999999999999822e-01 8.098522453207274203e-15
9.849999999999999867e-01 7.998132740533472671e-15
9.899999999999999911e-01 7.898194098682670042e-15
9.949999999999999956e-01 7.798719567288633714e-15
1.000000000000000000e+00 7.699721967082050104e-15
1.005000000000000115e+00 7.601213897263665163e-15
1.010000000000000009e+00 7.503207732932321722e-15
1.015000000000000124e+00 7.405715622606208648e-15
1.020000000000000018e+00 7.308749485837530057e-15
1.024999999999999911e+00 7.212321010921970370e-15
1.030000000000000027e+00 7.116441652703231301e-15
1.034999999999999920e+00 7.021122630473505384e-15
1.040000000000000036e+00 6.926374925970538409e-15
1.044999999999999929e+00 6.832209281471772241e-15
1.050000000000000044e+00 6.738636197986232242e-15
1.054999999999999938e+00 6.645665933544582901e-15
1.060000000000000053e+00 6.553308501587990668e-15
1.064999999999999947e+00 6.461573669456141076e-15
1.070000000000000062e+00 6.370470956974696518e-15
1.074999999999999956e+00 6.280009635142802882e-15
1.080000000000000071e+00 6.190198724920966116e-15
1.084999999999999964e+00 6.101046996119232457e-15
1.090000000000000080e+00 6.012562966386446985e-15
1.094999999999999973e+00 5.924754900300421690e-15
1.100000000000000089e+00 5.837630808559314384e-15
1.104999999999999982e+00 5.751198447274372308e-15
1.110000000000000098e+00 5.665465317364179247e-15
1.114999999999999991e+00 5.580438664050257874e-15
1.120000000000000107e+00 5.496125476454435135e-15
1.125000000000000000e+00 5.412532487297455584e-15
1.130000000000000115e+00 5.329666172699230750e-15
1.135000000000000009e+00 5.247532752080382986e-15
1.140000000000000124e+00 5.166138188164999388e-15
1.145000000000000018e+00 5.085488187084451405e-15
1.150000000000000133e+00 5.005588198582077428e-15
1.155000000000000027e+00 4.926443416318393071e-15
1.159999999999999920e+00 4.848058778276702939e-15
1.165000000000000036e+00 4.770438967268577453e-15
1.169999999999999929e+00 4.693588411539054315e-15
1.175000000000000044e+00 4.617511285470961922e-15
1.179999999999999938e+00 4.542211510388102041e-15
1.185000000000000053e+00 4.467692755456715089e-15
1.189999999999999947e+00 4.393958438684686849e-15
1.195000000000000062e+00 4.321011728018111678e-15
1.199999999999999956e+00 4.248855542534385455e-15
1.205000000000000071e+00 4.177492553731469361e-15
1.209999999999999964e+00 4.106925186912440954e-15
1.215000000000000080e+00 4.037155622664789800e-15
1.219999999999999973e+00 3.968185798433665657e-15
1.225000000000000089e+00 3.900017410188317160e-15
1.229999999999999982e+00 3.832651914180985792e-15
1.235000000000000098e+00 3.766090528797279323e-15
1.239999999999999991e+00 3.700334236497370752e-15
1.245000000000000107e+00 3.635383785846888357e-15
1.250000000000000000e+00 3.571239693636753773e-15
1.255000000000000115e+00 3.507902247090935444e-15
1.260000000000000009e+00 3.445371506161024910e-15
1.265000000000000124e+00 3.383647305906791430e-15
1.270000000000000018e+00 3.322729258961450805e-15
1.275000000000000133e+00 3.262616758080741199e-15
1.280000000000000027e+00 3.203308978774512243e-15
1.284999999999999920e+00 3.144804882019792807e-15
1.290000000000000036e+00 3.087103217054040191e-15
1.294999999999999929e+00 3.030202524247510861e-15
1.300000000000000044e+00 2.974101138053269314e-15
1.304999999999999938e+00 2.918797190033839107e-15
1.310000000000000053e+00 2.864288611962907701e-15
1.314999999999999947e+00 2.810573139000996469e-15
1.320000000000000062e+00 2.757648312943535526e-15
1.324999999999999956e+00 2.705511485540122990e-15
1.330000000000000071e+00 2.654159821883392153e-15
1.334999999999999964e+00 2.603590303866162051e-15
1.340000000000000080e+00 2.553799733705362752e-15
1.344999999999999973e+00 2.504784737531210476e-15
1.350000000000000089e+00 2.456541769040140432e-15
1.354999999999999982e+00 2.409067113210037572e-15
1.360000000000000098e+00 2.362356890075945770e-15
1.364999999999999991e+00 2.316407058564990466e-15
1.370000000000000107e+00 2.271213420388638100e-15
1.375000000000000000e+00 2.226771623990822664e-15
1.380000000000000115e+00 2.183077168550131325e-15
1.385000000000000009e+00 2.140125408034541583e-15
1.390000000000000124e+00 2.097911555306842754e-15
1.395000000000000018e+00 2.056430686279154568e-15
1.400000000000000133e+00 2.015677744114692625e-15
1.405000000000000027e+00 1.975647543475096879e-15
1.409999999999999920e+00 1.936334774811511132e-15
1.415000000000000036e+00 1.897734008697635455e-15
1.419999999999999929e+00 1.859839700202891000e-15
1.425000000000000044e+00 1.822646193303955798e-15
1.429999999999999938e+00 1.786147725332719894e-15
1.435000000000000053e+00 1.750338431458867536e-15
1.439999999999999947e+00 1.715212349205178353e-15
1.445000000000000062e+00 1.680763422993709284e-15
1.449999999999999956e+00 1.646985508720836785e-15
1.455000000000000071e+00 1.613872378359372151e-15
1.459999999999999964e+00 1.581417724585737173e-15
1.465000000000000080e+00 1.549615165430276693e-15
1.469999999999999973e+00 1.518458248948762327e-15
1.475000000000000089e+00 1.487940457913128815e-15
1.479999999999999982e+00 1.458055214519418191e-15
1.485000000000000098e+00 1.428795885111042246e-15
1.489999999999999991e+00 1.400155784915272618e-15
1.495000000000000107e+00 1.372128182791005665e-15
1.500000000000000000e+00 1.344706305985814415e-15
1.505000000000000115e+00 1.317883344900224694e-15
1.510000000000000009e+00 1.291652457857228705e-15
1.515000000000000124e+00 1.266006775874994088e-15
1.520000000000000018e+00 1.240939407440753897e-15
1.525000000000000133e+00 1.216443443283823311e-15
1.530000000000000027e+00 1.192511961145729714e-15
1.535000000000000142e+00 1.169138030545395022e-15
1.540000000000000036e+00 1.146314717537334837e-15
1.544999999999999929e+00 1.124035089460839323e-15
1.550000000000000044e+00 1.102292219678081450e-15
1.554999999999999938e+00 1.081079192299127570e-15
1.560000000000000053e+00 1.060389106891779587e-15
1.564999999999999947e+00 1.040215083174230213e-15
1.570000000000000062e+00 1.020550265688493875e-15
1.574999999999999956e+00 1.001387828452564812e-15
1.580000000000000071e+00 9.827209795892826690e-16
1.584999999999999964e+00 9.645429659298736861e-16
1.590000000000000080e+00 9.468470775901462187e-16
1.594999999999999973e+00 9.296266525173256459e-16
1.600000000000000089e+00 9.128750810055346218e-16
1.604999999999999982e+00 8.965858101778834066e-16
1.610000000000000098e+00 8.807523484332138080e-16
1.614999999999999991e+00 8.653682698554927262e-16
1.620000000000000107e+00 8.504272185838872950e-16
1.625000000000000000e+00 8.359229131415557756e-16
1.630000000000000115e+00 8.218491507212013785e-16
1.635000000000000009e+00 8.081998114254501917e-16
1.640000000000000124e+00 7.949688624601221798e-16
1.645000000000000018e+00 7.821503622784838472e-16
1.650000000000000133e+00 7.697384646745852531e-16
1.655000000000000027e+00 7.577274228237752964e-16
1.660000000000000142e+00 7.461115932685658001e-16
1.665000000000000036e+00 7.348854398479328893e-16
1.669999999999999929e+00 7.240435375682836830e-16
1.675000000000000044e+00 7.135805764142115991e-16
1.679999999999999938e+00 7.034913650972757886e-16
1.685000000000000053e+00 6.937708347410129003e-16
1.689999999999999947e+00 6.844140425004204374e-16
1.695000000000000062e+00 6.754161751141664514e-16
1.699999999999999956e+00 6.667725523878146308e-16
1.705000000000000071e+00 6.584786306063667632e-16
1.709999999999999964e+00 6.505300058744407182e-16
1.715000000000000080e+00 6.429224173824525871e-16
1.719999999999999973e+00 6.356517505971487383e-16
1.725000000000000089e+00 6.287140403749257452e-16
1.729999999999999982e+00 6.221054739963206265e-16
1.735000000000000098e+00 6.158223941201698035e-16
1.739999999999999991e+00 6.098613016558719691e-16
1.745000000000000107e+00 6.042188585522938983e-16
1.750000000000000000e+00 5.988918905018487644e-16
1.755000000000000115e+00 5.938773895582964413e-16
1.760000000000000009e+00 5.891725166668902173e-16
1.765000000000000124e+00 5.847746041054714660e-16
1.770000000000000018e+00 5.806811578351840301e-16
1.775000000000000133e+00 5.768898597594985145e-16
1.780000000000000027e+00 5.733985698902608397e-16
1.785000000000000142e+00 5.702053284195314775e-16
1.790000000000000036e+00 5.673083576960112692e-16
1.794999999999999929e+00 5.647060641048608725e-16
1.800000000000000044e+00 5.623970398497952316e-16
1.804999999999999938e+00 5.603800646363401857e-16
1.810000000000000053e+00 5.586541072551849717e-16
1.814999999999999947e+00 5.572183270646174267e-16
1.820000000000000062e+00 5.560720753710240646e-16
1.824999999999999956e+00 5.552148967065373822e-16
1.830000000000000071e+00 5.546465300028825801e-16
1.834999999999999964e+00 5.543669096605878008e-16
1.840000000000000080e+00 5.543761665126947712e-16
1.844999999999999973e+00 5.546746286821911467e-16
1.850000000000000089e+00 5.552628223324208567e-16
1.854999999999999982e+00 5.561414723097623782e-16
1.860000000000000098e+00 5.573115026778850807e-16
1.864999999999999991e+00 5.587740371430048122e-16
1.870000000000000107e+00 5.605303993695237137e-16
1.875000000000000000e+00 5.625821131855409101e-16
1.880000000000000115e+00 5.649309026777221051e-16
1.885000000000000009e+00 5.675786921751109728e-16
1.890000000000000124e+00 5.705276061214555698e-16
1.895000000000000018e+00 5.737799688357119392e-16
1.900000000000000133e+00 5.773383041604119261e-16
1.905000000000000027e+00 5.812053349976312315e-16
1.910000000000000142e+00 5.853839827323371195e-16
1.915000000000000036e+00 5.898773665429791077e-16
1.919999999999999929e+00 5.946888025991547123e-16
1.925000000000000044e+00 5.998218031463128751e-16
1.929999999999999938e+00 6.052800754774706182e-16
1.935000000000000053e+00 6.110675207919458843e-16
1.939999999999999947e+00 6.171882329412098050e-16
1.945000000000000062e+00 6.236464970619472418e-16
1.949999999999999956e+00 6.304467880965464828e-16
1.955000000000000071e+00 6.375937692011709344e-16
1.959999999999999964e+00 6.450922900354698272e-16
1.965000000000000080e+00 6.529473849676697854e-16
1.969999999999999973e+00 6.611642711270950758e-16
1.975000000000000089e+00 6.697483463643337413e-16
1.979999999999999982e+00 6.787051871144803397e-16
1.985000000000000098e+00 6.880405461337508285e-16
1.989999999999999991e+00 6.977603501313540757e-16
1.995000000000000107e+00 7.078706972925408976e-16
2.000000000000000000e+00 7.183778546935559784e-16
2.004999999999999893e+00 7.292882556091566974e-16
2.010000000000000231e+00 7.406084967080314686e-16
2.015000000000000124e+00 7.523453351754254480e-16
2.020000000000000018e+00 7.645056856482821054e-16
2.024999999999999911e+00 7.770966171564807204e-16
2.030000000000000249e+00 7.901253498784827138e-16
2.035000000000000142e+00 8.035992518280021512e-16
2.040000000000000036e+00 8.175258354342734054e-16
2.044999999999999929e+00 8.319127540225046437e-16
2.049999999999999822e+00 8.467677981957312939e-16
2.055000000000000160e+00 8.620988921192776313e-16
2.060000000000000053e+00 8.779140897090796886e-16
2.064999999999999947e+00 8.942215707252393492e-16
2.069999999999999840e+00 9.110296367721401317e-16
2.075000000000000178e+00 9.283467072065585238e-16
2.080000000000000071e+00 9.461813149552274931e-16
2.084999999999999964e+00 9.645421022433939078e-16
2.089999999999999858e+00 9.834378162358865493e-16
2.095000000000000195e+00 1.002877304592336337e-15
2.100000000000000089e+00 1.022869510938190779e-15
2.104999999999999982e+00 1.043423470253213177e-15
2.109999999999999876e+00 1.064548304179216874e-15
2.115000000000000213e+00 1.086253216248823476e-15
2.120000000000000107e+00 1.108547487037079950e-15
2.125000000000000000e+00 1.131440469237772434e-15
2.129999999999999893e+00 1.154941582666422336e-15
2.135000000000000231e+00 1.179060309191856984e-15
2.140000000000000124e+00 1.203806187598380054e-15
2.145000000000000018e+00 1.229188808380600281e-15
2.149999999999999911e+00 1.255217808472961430e-15
2.155000000000000249e+00 1.281902865916134995e-15
2.160000000000000142e+00 1.309253694462383848e-15
2.165000000000000036e+00 1.337280038122134465e-15
2.169999999999999929e+00 1.365991665653968877e-15
2.175000000000000266e+00 1.395398365000308300e-15
2.180000000000000160e+00 1.425509937671083791e-15
2.185000000000000053e+00 1.456336193077743396e-15
2.189999999999999947e+00 1.487886942819951494e-15
2.194999999999999840e+00 1.520171994927400189e-15
2.200000000000000178e+00 1.553201148059126925e-15
2.205000000000000071e+00 1.586984185662861122e-15
2.209999999999999964e+00 1.621530870096840746e-15
2.214999999999999858e+00 1.656850936716634617e-15
2.220000000000000195e+00 1.692954087929528927e-15
2.225000000000000089e+00 1.729849987219058527e-15
2.229999999999999982e+00 1.767548253142221145e-15
2.234999999999999876e+00 1.806058453302116419e-15
2.240000000000000213e+00 1.845390098298510822e-15
2.245000000000000107e+00 1.885552635659120857e-15
2.250000000000000000e+00 1.926555443754233544e-15
2.254999999999999893e+00 1.968407825697376280e-15
2.260000000000000231e+00 2.011119003234797912e-15
2.265000000000000124e+00 2.054698110626464011e-15
2.270000000000000018e+00 2.099154188521344758e-15
2.274999999999999911e+00 2.144496177829798227e-15
2.280000000000000249e+00 2.190732913595723331e-15
2.285000000000000142e+00 2.237873118891749870e-15
2.290000000000000036e+00 2.285925398620226358e-15
2.294999999999999929e+00 2.334898233518049117e-15
2.300000000000000266e+00 2.384799973980583474e-15
2.305000000000000160e+00 2.435638833993836398e-15
2.310000000000000053e+00 2.487422885064843549e-15
2.314999999999999947e+00 2.540160050171670957e-15
2.319999999999999840e+00 2.593858097735949732e-15
2.325000000000000178e+00 2.648524635620639321e-15
2.330000000000000071e+00 2.704167105156036340e-15
2.334999999999999964e+00 2.760792775196697274e-15
2.339999999999999858e+00 2.818408736212373316e-15
2.345000000000000195e+00 2.877021894415430415e-15
2.350000000000000089e+00 2.936638965928017268e-15
2.354999999999999982e+00 2.997266470991457873e-15
2.359999999999999876e+00 3.058910728220856863e-15
2.365000000000000213e+00 3.121577848907753569e-15
2.370000000000000107e+00 3.185273731373525862e-15
2.375000000000000000e+00 3.250004055376388036e-15
2.379999999999999893e+00 3.315774276574759892e-15
2.385000000000000231e+00 3.382589621049769231e-15
2.390000000000000124e+00 3.450455079889625108e-15
2.395000000000000018e+00 3.519375403838558951e-15
2.399999999999999911e+00 3.589355098013140714e-15
2.405000000000000249e+00 3.660398416688480611e-15
2.410000000000000142e+00 3.732509358157249816e-15
2.415000000000000036e+00 3.805691659663838182e-15
2.419999999999999929e+00 3.879948792416559113e-15
2.425000000000000266e+00 3.955283956680329666e-15
2.430000000000000160e+00 4.031700076952426406e-15
2.435000000000000053e+00 4.109199797223890234e-15
2.439999999999999947e+00 4.187785476329051733e-15
2.444999999999999840e+00 4.267459183385710025e-15
2.450000000000000178e+00 4.348222693328283627e-15
2.455000000000000071e+00 4.430077482536511297e-15
2.459999999999999964e+00 4.513024724562026846e-15
2.464999999999999858e+00 4.597065285954964673e-15
2.470000000000000195e+00 4.682199722193311280e-15
2.475000000000000089e+00 4.768428273716794256e-15
2.479999999999999982e+00 4.855750862067913577e-15
2.484999999999999876e+00 4.944167086142079454e-15
2.490000000000000213e+00 5.033676218549068718e-15
2.495000000000000107e+00 5.124277202088020375e-15
2.500000000000000000e+00 5.215968646337716085e-15
2.504999999999999893e+00 5.308748824364583138e-15
2.510000000000000231e+00 5.402615669549978724e-15
2.515000000000000124e+00 5.497566772538965095e-15
2.520000000000000018e+00 5.593599378312326095e-15
2.524999999999999911e+00 5.690710383383588960e-15
2.530000000000000249e+00 5.788896333123030632e-15
2.535000000000000142e+00 5.888153419210113788e-15
2.540000000000000036e+00 5.988477477216231641e-15
2.544999999999999929e+00 6.089863984319343980e-15
2.550000000000000266e+00 6.192308057151933852e-15
2.555000000000000160e+00 6.295804449783908372e-15
2.560000000000000053e+00 6.400347551841976416e-15
2.564999999999999947e+00 6.505931386766682533e-15
2.569999999999999840e+00 6.612549610208513892e-15
2.575000000000000178e+00 6.720195508564471788e-15
2.580000000000000071e+00 6.828861997656308381e-15
2.584999999999999964e+00 6.938541621551311377e-15
2.589999999999999858e+00 7.049226551527131564e-15
2.595000000000000195e+00 7.160908585181511467e-15
2.600000000000000089e+00 7.273579145687702420e-15
2.604999999999999982e+00 7.387229281197034169e-15
2.609999999999999876e+00 7.501849664388737197e-15
2.615000000000000213e+00 7.617430592168525282e-15
2.620000000000000107e+00 7.733961985516096064e-15
2.625000000000000000e+00 7.851433389482797592e-15
2.629999999999999893e+00 7.969833973339351997e-15
2.635000000000000231e+00 8.089152530874829041e-15
2.640000000000000124e+00 8.209377480847017854e-15
2.645000000000000018e+00 8.330496867584483994e-15
2.649999999999999911e+00 8.452498361740993423e-15
2.655000000000000249e+00 8.575369261202372804e-15
2.660000000000000142e+00 8.699096492145985979e-15
2.665000000000000036e+00 8.823666610253020707e-15
2.669999999999999929e+00 8.949065802073724470e-15
2.675000000000000266e+00 9.075279886545422140e-15
2.680000000000000160e+00 9.202294316663604211e-15
2.685000000000000053e+00 9.330094181305367732e-15
2.689999999999999947e+00 9.458664207205695898e-15
2.694999999999999840e+00 9.587988761085962538e-15
2.700000000000000178e+00 9.718051851934073034e-15
2.705000000000000071e+00 9.848837133436522489e-15
2.709999999999999964e+00 9.980327906561475011e-15
2.714999999999999858e+00 1.011250712229210206e-14
2.720000000000000195e+00 1.024535738451024298e-14
2.725000000000000089e+00 1.037886095302933851e-14
2.729999999999999982e+00 1.051299974677571593e-14
2.734999999999999876e+00 1.064775534711795283e-14
2.740000000000000213e+00 1.078310900134309682e-14
2.745000000000000107e+00 1.091904162627886396e-14
2.750000000000000000e+00 1.105553381206096391e-14
2.754999999999999893e+00 1.119256582604438589e-14
2.760000000000000231e+00 1.133011761685772723e-14
2.765000000000000124e+00 1.146816881859906404e-14
2.770000000000000018e+00 1.160669875517242534e-14
2.774999999999999911e+00 1.174568644476346322e-14
2.780000000000000249e+00 1.188511060445286132e-14
2.785000000000000142e+00 1.202494965496630770e-14
2.790000000000000036e+00 1.216518172555927150e-14
2.794999999999999929e+00 1.230578465903541097e-14
2.800000000000000266e+00 1.244673601689635053e-14
2.805000000000000160e+00 1.258801308462209485e-14
2.810000000000000053e+00 1.272959287707958379e-14
2.814999999999999947e+00 1.287145214405791326e-14
2.819999999999999840e+00 1.301356737592849899e-14
2.825000000000000178e+00 1.315591480942809275e-14
2.830000000000000071e+00 1.329847043356272781e-14
2.834999999999999964e+00 1.344120999563105377e-14
2.839999999999999858e+00 1.358410900736408671e-14
2.845000000000000195e+00 1.372714275118031138e-14
2.850000000000000089e+00 1.387028628655330488e-14
2.854999999999999982e+00 1.401351445648969360e-14
2.859999999999999876e+00 1.415680189411594928e-14
2.865000000000000213e+00 1.430012302937063532e-14
2.870000000000000107e+00 1.444345209580038504e-14
2.875000000000000000e+00 1.458676313745750744e-14
2.879999999999999893e+00 1.473003001589597486e-14
2.885000000000000231e+00 1.487322641726399407e-14
2.890000000000000124e+00 1.501632585949034611e-14
2.895000000000000018e+00 1.515930169956207621e-14
2.899999999999999911e+00 1.530212714089064343e-14
2.905000000000000249e+00 1.544477524076431802e-14
2.910000000000000142e+00 1.558721891788386986e-14
2.915000000000000036e+00 1.572943095997870500e-14
2.919999999999999929e+00 1.587138403150108044e-14
2.925000000000000266e+00 1.601305068139538373e-14
2.930000000000000160e+00 1.615440335093952402e-14
2.935000000000000053e+00 1.629541438165590371e-14
2.939999999999999947e+00 1.643605602328885954e-14
2.944999999999999840e+00 1.657630044184558495e-14
2.950000000000000178e+00 1.671611972769789562e-14
2.955000000000000071e+00 1.685548590374160714e-14
2.959999999999999964e+00 1.699437093361056816e-14
2.964999999999999858e+00 1.713274672994242062e-14
2.970000000000000195e+00 1.727058516269298234e-14
2.975000000000000089e+00 1.740785806749611523e-14
2.979999999999999982e+00 1.754453725406624883e-14
2.984999999999999876e+00 1.768059451463990511e-14
2.990000000000000213e+00 1.781600163240408722e-14
2.995000000000000107e+00 1.795073039021322717e-14
3.000000000000000000e+00 1.808475257881068785e-14
3.004999999999999893e+00 1.821804000561668936e-14
3.010000000000000231e+00 1.835056450326289724e-14
3.015000000000000124e+00 1.848229793820384908e-14
3.020000000000000018e+00 1.861321221934602304e-14
3.024999999999999911e+00 1.874327930669049072e-14
3.030000000000000249e+00 1.887247121998634260e-14
3.035000000000000142e+00 1.900076004739190744e-14
3.040000000000000036e+00 1.912811795413980878e-14
3.044999999999999929e+00 1.925451719120316045e-14
3.050000000000000266e+00 1.937993010395965430e-14
3.055000000000000160e+00 1.950432914085008490e-14
3.060000000000000053e+00 1.962768686202822826e-14
3.064999999999999947e+00 1.974997594799834498e-14
3.070000000000000284e+00 1.987116920823832604e-14
3.075000000000000178e+00 1.999123958980361888e-14
3.080000000000000071e+00 2.011016018590963013e-14
3.084999999999999964e+00 2.022790424448964843e-14
3.089999999999999858e+00 2.034444517672441559e-14
3.095000000000000195e+00 2.045975656554025061e-14
3.100000000000000089e+00 2.057381217407294972e-14
3.104999999999999982e+00 2.068658595409385273e-14
3.109999999999999876e+00 2.079805205439517879e-14
3.115000000000000213e+00 2.090818482913125233e-14
3.120000000000000107e+00 2.101695884617596999e-14
3.125000000000000000e+00 2.112434889512465225e-14
3.129999999999999893e+00 2.123032999583262335e-14
3.135000000000000231e+00 2.133487740632686775e-14
3.140000000000000124e+00 2.143796663093433609e-14
3.145000000000000018e+00 2.153957342829382485e-14
3.149999999999999911e+00 2.163967381930286011e-14
3.155000000000000249e+00 2.173824409499590310e-14
3.160000000000000142e+00 2.183526082435077575e-14
3.165000000000000036e+00 2.193070086202116361e-14
3.169999999999999929e+00 2.202454135599148228e-14
3.175000000000000266e+00 2.211675975515152611e-14
3.180000000000000160e+00 2.220733381678817294e-14
3.185000000000000053e+00 2.229624161399118820e-14
3.189999999999999947e+00 2.238346154297032003e-14
3.195000000000000284e+00 2.246897233028111681e-14
3.200000000000000178e+00 2.255275303995620139e-14
3.205000000000000071e+00 2.263478308054040838e-14
3.209999999999999964e+00 2.271504221202556565e-14
3.214999999999999858e+00 2.279351055268424180e-14
3.220000000000000195e+00 2.287016858579792185e-14
3.225000000000000089e+00 2.294499716627813771e-14
3.229999999999999982e+00 2.301797752717882417e-14
3.234999999999999876e+00 2.308909128609511999e-14
3.240000000000000213e+00 2.315832045144881593e-14
3.245000000000000107e+00 2.322564742865611738e-14
3.250000000000000000e+00 2.329105502617661716e-14
3.254999999999999893e+00 2.335452646144066386e-14
3.260000000000000231e+00 2.341604536665268961e-14
3.265000000000000124e+00 2.347559579446894501e-14
3.270000000000000018e+00 2.353316222354693673e-14
3.274999999999999911e+00 2.358872956396477891e-14
3.280000000000000249e+00 2.364228316250833776e-14
3.285000000000000142e+00 2.369380880782385319e-14
3.290000000000000036e+00 2.374329273543490494e-14
3.294999999999999929e+00 2.379072163262065260e-14
3.300000000000000266e+00 2.383608264315496173e-14
3.305000000000000160e+00 2.387936337190270189e-14
3.310000000000000053e+00 2.392055188927389200e-14
3.314999999999999947e+00 2.395963673553140151e-14
3.320000000000000284e+00 2.399660692495264292e-14
3.325000000000000178e+00 2.403145194984278168e-14
3.330000000000000071e+00 2.406416178439785439e-14
3.334999999999999964e+00 2.409472688841632458e-14
3.339999999999999858e+00 2.412313821085819910e-14
3.345000000000000195e+00 2.414938719324986539e-14
3.350000000000000089e+00 2.417346577293294885e-14
3.354999999999999982e+00 2.419536638615719979e-14
3.359999999999999876e+00 2.421508197101496764e-14
3.365000000000000213e+00 2.423260597021624322e-14
3.370000000000000107e+00 2.424793233370433850e-14
3.375000000000000000e+00 2.426105552110972678e-14
3.379999999999999893e+00 2.427197050404177200e-14
3.385000000000000231e+00 2.428067276821792739e-14
3.390000000000000124e+00 2.428715831542787925e-14
3.395000000000000018e+00 2.429142366533423872e-14
3.399999999999999911e+00 2.429346585710682173e-14
3.405000000000000249e+00 2.429328245089119879e-14
3.410000000000000142e+00 2.429087152911018930e-14
3.415000000000000036e+00 2.428623169759864104e-14
3.419999999999999929e+00 2.427936208656961131e-14
3.425000000000000266e+00 2.427026235141266572e-14
3.430000000000000160e+00 2.425893267332365741e-14
3.435000000000000053e+00 2.424537375976541869e-14
3.439999999999999947e+00 2.422958684475899897e-14
3.445000000000000284e+00 2.421157368900582466e-14
3.450000000000000178e+00 2.419133657984008348e-14
3.455000000000000071e+00 2.416887833101163630e-14
3.459999999999999964e+00 2.414420228229894512e-14
3.464999999999999858e+00 2.411731229895285361e-14
3.470000000000000195e+00 2.408821277097010928e-14
3.475000000000000089e+00 2.405690861219832196e-14
3.479999999999999982e+00 2.402340525927102042e-14
3.484999999999999876e+00 2.398770867037441990e-14
3.490000000000000213e+00 2.394982532384497566e-14
3.495000000000000107e+00 2.390976221659953719e-14
3.500000000000000000e+00 2.386752686239694174e-14
3.504999999999999893e+00 2.382312728993306666e-14
3.510000000000000231e+00 2.377657204076871907e-14
3.515000000000000124e+00 2.372787016709184565e-14
3.520000000000000018e+00 2.367703122931413225e-14
3.524999999999999911e+00 2.362406529350317960e-14
3.530000000000000249e+00 2.356898292865064327e-14
3.535000000000000142e+00 2.351179520377750861e-14
3.540000000000000036e+00 2.345251368487724523e-14
3.544999999999999929e+00 2.339115043169793927e-14
3.550000000000000266e+00 2.332771799436435946e-14
3.555000000000000160e+00 2.326222940984032612e-14
3.560000000000000053e+00 2.319469819823441563e-14
3.564999999999999947e+00 2.312513835894784534e-14
3.570000000000000284e+00 2.305356436666739147e-14
3.575000000000000178e+00 2.297999116720406583e-14
3.580000000000000071e+00 2.290443417317847575e-14
3.584999999999999964e+00 2.282690925955554643e-14
3.589999999999999858e+00 2.274743275902839713e-14
3.595000000000000195e+00 2.266602145725418304e-14
3.600000000000000089e+00 2.258269258794280820e-14
3.604999999999999982e+00 2.249746382780009673e-14
3.609999999999999876e+00 2.241035329132746080e-14
3.615000000000000213e+00 2.232137952547928657e-14
3.620000000000000107e+00 2.223056150418030035e-14
3.625000000000000000e+00 2.213791862270423418e-14
3.629999999999999893e+00 2.204347069191546935e-14
3.635000000000000231e+00 2.194723793237676929e-14
3.640000000000000124e+00 2.184924096832332569e-14
3.645000000000000018e+00 2.174950082150636496e-14
3.649999999999999911e+00 2.164803890490760233e-14
3.655000000000000249e+00 2.154487701632740569e-14
3.660000000000000142e+00 2.144003733184753363e-14
3.665000000000000036e+00 2.133354239917225329e-14
3.669999999999999929e+00 2.122541513084826072e-14
3.675000000000000266e+00 2.111567879736710515e-14
3.680000000000000160e+00 2.100435702015175488e-14
3.685000000000000053e+00 2.089147376442938097e-14
3.689999999999999947e+00 2.077705333199316085e-14
3.695000000000000284e+00 2.066112035385562620e-14
3.700000000000000178e+00 2.054369978279528420e-14
3.705000000000000071e+00 2.042481688579974976e-14
3.709999999999999964e+00 2.030449723640751856e-14
3.714999999999999858e+00 2.018276670695070648e-14
3.720000000000000195e+00 2.005965146070230847e-14
3.725000000000000089e+00 1.993517794392906868e-14
3.729999999999999982e+00 1.980937287785395651e-14
3.734999999999999876e+00 1.968226325053049542e-14
3.740000000000000213e+00 1.955387630863110585e-14
3.745000000000000107e+00 1.942423954915341296e-14
3.750000000000000000e+00 1.929338071104587910e-14
3.754999999999999893e+00 1.916132776675669276e-14
3.760000000000000231e+00 1.902810891370823955e-14
3.765000000000000124e+00 1.889375256569998560e-14
3.770000000000000018e+00 1.875828734424306138e-14
3.774999999999999911e+00 1.862174206982896309e-14
3.780000000000000249e+00 1.848414575313553315e-14
3.785000000000000142e+00 1.834552758617333453e-14
3.790000000000000036e+00 1.820591693337522695e-14
3.794999999999999929e+00 1.806534332263221230e-14
3.800000000000000266e+00 1.792383643627853727e-14
3.805000000000000160e+00 1.778142610202921512e-14
3.810000000000000053e+00 1.763814228387296101e-14
3.814999999999999947e+00 1.749401507292367109e-14
3.820000000000000284e+00 1.734907467823351566e-14
3.825000000000000178e+00 1.720335141757094376e-14
3.830000000000000071e+00 1.705687570816640127e-14
3.834999999999999964e+00 1.690967805742936918e-14
3.839999999999999858e+00 1.676178905363962508e-14
3.845000000000000195e+00 1.661323935661581064e-14
3.850000000000000089e+00 1.646405968836502859e-14
3.854999999999999982e+00 1.631428082371604404e-14
3.859999999999999876e+00 1.616393358093960206e-14
3.865000000000000213e+00 1.601304881235933581e-14
3.870000000000000107e+00 1.586165739495624380e-14
3.875000000000000000e+00 1.570979022096989500e-14
3.879999999999999893e+00 1.555747818849985482e-14
3.885000000000000231e+00 1.540475219211050318e-14
3.890000000000000124e+00 1.525164311344266521e-14
3.895000000000000018e+00 1.509818181183504903e-14
3.899999999999999911e+00 1.494439911495895220e-14
3.905000000000000249e+00 1.479032580946953742e-14
3.910000000000000142e+00 1.463599263167691489e-14
3.915000000000000036e+00 1.448143025824038567e-14
3.919999999999999929e+00 1.432666929688881214e-14
3.925000000000000266e+00 1.417174027717100769e-14
3.930000000000000160e+00 1.401667364123872380e-14
3.935000000000000053e+00 1.386149973466626073e-14
3.939999999999999947e+00 1.370624879730907637e-14
3.945000000000000284e+00 1.355095095420552680e-14
3.950000000000000178e+00 1.339563620652437980e-14
3.955000000000000071e+00 1.324033442256172671e-14
3.959999999999999964e+00 1.308507532879023691e-14
3.965000000000000302e+00 1.292988850096438032e-14
3.970000000000000195e+00 1.277480335528413608e-14
3.975000000000000089e+00 1.261984913962129106e-14
3.979999999999999982e+00 1.246505492481075935e-14
3.984999999999999876e+00 1.231044959601057536e-14
3.990000000000000213e+00 1.215606184413331188e-14
3.995000000000000107e+00 1.200192015735262141e-14
4.000000000000000000e+00 1.184805281268726414e-14
4.004999999999999893e+00 1.169448786766666937e-14
4.009999999999999787e+00 1.154125315208004374e-14
4.014999999999999680e+00 1.138837625981310757e-14
4.020000000000000462e+00 1.123588454077469517e-14
4.025000000000000355e+00 1.108380509291675624e-14
4.030000000000000249e+00 1.093216475435053995e-14
4.035000000000000142e+00 1.078099009556188833e-14
4.040000000000000036e+00 1.063030741172866348e-14
4.044999999999999929e+00 1.048014271514321005e-14
4.049999999999999822e+00 1.033052172774272596e-14
4.054999999999999716e+00 1.018146987375026780e-14
4.060000000000000497e+00 1.003301227242952405e-14
4.065000000000000391e+00 9.885173730955672419e-15
4.070000000000000284e+00 9.737978737405594997e-15
4.075000000000000178e+00 9.591451453869773560e-15
4.080000000000000071e+00 9.445615709688681392e-15
4.084999999999999964e+00 9.300494994816377315e-15
4.089999999999999858e+00 9.156112453313786886e-15
4.094999999999999751e+00 9.012490876974332360e-15
4.099999999999999645e+00 8.869652699084464184e-15
4.105000000000000426e+00 8.727619988321339108e-15
4.110000000000000320e+00 8.586414442790484831e-15
4.115000000000000213e+00 8.446057384205476949e-15
4.120000000000000107e+00 8.306569752212204654e-15
4.125000000000000000e+00 8.167972098859948172e-15
4.129999999999999893e+00 8.030284583221543031e-15
4.134999999999999787e+00 7.893526966164876240e-15
4.139999999999999680e+00 7.757718605277768595e-15
4.145000000000000462e+00 7.622878449948592312e-15
4.150000000000000355e+00 7.489025036604290092e-15
4.155000000000000249e+00 7.356176484108395676e-15
4.160000000000000142e+00 7.224350489320242354e-15
4.165000000000000036e+00 7.093564322818105447e-15
4.169999999999999929e+00 6.963834824787410779e-15
4.174999999999999822e+00 6.835178401076257389e-15
4.179999999999999716e+00 6.707611019419770678e-15
4.185000000000000497e+00 6.581148205835037260e-15
4.190000000000000391e+00 6.455805041188254460e-15
4.195000000000000284e+00 6.331596157935559371e-15
4.200000000000000178e+00 6.208535737039213806e-15
4.205000000000000071e+00 6.086637505060333159e-15
4.209999999999999964e+00 5.965914731429788186e-15
4.214999999999999858e+00 5.846380225898365954e-15
4.219999999999999751e+00 5.728046336167617018e-15
4.224999999999999645e+00 5.610924945702460881e-15
4.230000000000000426e+00 5.495027471726630484e-15
4.235000000000000320e+00 5.380364863402157146e-15
4.240000000000000213e+00 5.266947600193714815e-15
4.245000000000000107e+00 5.154785690418774974e-15
4.250000000000000000e+00 5.043888669984487293e-15
4.254999999999999893e+00 4.934265601311967600e-15
4.259999999999999787e+00 4.825925072448759153e-15
4.264999999999999680e+00 4.718875196369989442e-15
4.270000000000000462e+00 4.613123610468941173e-15
4.275000000000000355e+00 4.508677476237309585e-15
4.280000000000000249e+00 4.405543479135838731e-15
4.285000000000000142e+00 4.303727828655343021e-15
4.290000000000000036e+00 4.203236258568645733e-15
4.294999999999999929e+00 4.104074027373476288e-15
4.299999999999999822e+00 4.006245918926480918e-15
4.304999999999999716e+00 3.909756243268356969e-15
4.310000000000000497e+00 3.814608837640125842e-15
4.315000000000000391e+00 3.720807067690352081e-15
4.320000000000000284e+00 3.628353828848589649e-15
4.325000000000000178e+00 3.537251548013796307e-15
4.330000000000000071e+00 3.447502185180538423e-15
4.334999999999999964e+00 3.359107235510832375e-15
4.339999999999999858e+00 3.272067731465440430e-15
4.344999999999999751e+00 3.186384245150057461e-15
4.350000000000000533e+00 3.102056890849520690e-15
4.355000000000000426e+00 3.019085327749153010e-15
4.360000000000000320e+00 2.937468762842603287e-15
4.365000000000000213e+00 2.857205954024959713e-15
4.370000000000000107e+00 2.778295213370584802e-15
4.375000000000000000e+00 2.700734410594200801e-15
4.379999999999999893e+00 2.624520976694265082e-15
4.384999999999999787e+00 2.549651907777474701e-15
4.389999999999999680e+00 2.476123769062913909e-15
4.395000000000000462e+00 2.403932699064620708e-15
4.400000000000000355e+00 2.333074413950995111e-15
4.405000000000000249e+00 2.263544212079583806e-15
4.410000000000000142e+00 2.195336978705563312e-15
4.415000000000000036e+00 2.128447190862217690e-15
4.419999999999999929e+00 2.062868922411721069e-15
4.424999999999999822e+00 1.998595849264202348e-15
4.429999999999999716e+00 1.935621254763328964e-15
4.435000000000000497e+00 1.873938035236262061e-15
4.440000000000000391e+00 1.813538705705950162e-15
4.445000000000000284e+00 1.754415405763604594e-15
4.450000000000000178e+00 1.696559905599065230e-15
4.455000000000000071e+00 1.639963612186786395e-15
4.459999999999999964e+00 1.584617575624993140e-15
4.464999999999999858e+00 1.530512495625593164e-15
4.469999999999999751e+00 1.477638728152275672e-15
4.475000000000000533e+00 1.425986292204159018e-15
4.480000000000000426e+00 1.375544876742360999e-15
4.485000000000000320e+00 1.326303847756651530e-15
4.490000000000000213e+00 1.278252255469431011e-15
4.495000000000000107e+00 1.231378841674093708e-15
4.500000000000000000e+00 1.185672047204807680e-15
4.504999999999999893e+00 1.141120019534702710e-15
4.509999999999999787e+00 1.097710620499345531e-15
4.514999999999999680e+00 1.055431434142326376e-15
4.520000000000000462e+00 1.014269774679745205e-15
4.525000000000000355e+00 9.742126945802808517e-16
4.530000000000000249e+00 9.352469927575129050e-16
4.535000000000000142e+00 8.973592228710304650e-16
4.540000000000000036e+00 8.605357017329128009e-16
4.544999999999999929e+00 8.247625178245163290e-16
4.549999999999999822e+00 7.900255398677376628e-16
4.554999999999999716e+00 7.563104255805802082e-16
4.560000000000000497e+00 7.236026304314187440e-16
4.565000000000000391e+00 6.918874165277079891e-16
4.570000000000000284e+00 6.611498615782227672e-16
4.575000000000000178e+00 6.313748679347412976e-16
4.580000000000000071e+00 6.025471717092260238e-16
4.584999999999999964e+00 5.746513519625760173e-16
4.589999999999999858e+00 5.476718399609374292e-16
4.594999999999999751e+00 5.215929285010666844e-16
4.600000000000000533e+00 4.963987812667224338e-16
4.605000000000000426e+00 4.720734422986943017e-16
4.610000000000000320e+00 4.486008454560279446e-16
4.615000000000000213e+00 4.259648239550262238e-16
4.620000000000000107e+00 4.041491199445942859e-16
4.625000000000000000e+00 3.831373941200357432e-16
4.629999999999999893e+00 3.629132353709640334e-16
4.634999999999999787e+00 3.434601704590370591e-16
4.639999999999999680e+00 3.247616737211265274e-16
4.645000000000000462e+00 3.068011767935583066e-16
4.650000000000000355e+00 2.895620783530106168e-16
4.655000000000000249e+00 2.730277538696405000e-16
4.660000000000000142e+00 2.571815653679919118e-16
4.665000000000000036e+00 2.420068711912288600e-16
4.669999999999999929e+00 2.274870357641978752e-16
4.674999999999999822e+00 2.136054393508366153e-16
4.679999999999999716e+00 2.003454878014215731e-16
4.685000000000000497e+00 1.876906222851409482e-16
4.690000000000000391e+00 1.756243290034666952e-16
4.695000000000000284e+00 1.641301488798033045e-16
4.700000000000000178e+00 1.531916872208861440e-16
4.705000000000000071e+00 1.427926233453946419e-16
4.709999999999999964e+00 1.329167201752536811e-16
4.714999999999999858e+00 1.235478337851033750e-16
4.719999999999999751e+00 1.146699229054104466e-16
4.725000000000000533e+00 1.062670583747191076e-16
4.730000000000000426e+00 9.832343253653741069e-17
4.735000000000000320e+00 9.082336857637191151e-17
4.740000000000000213e+00 8.375132979444037537e-17
4.745000000000000107e+00 7.709192880960584603e-17
4.750000000000000000e+00 7.082993669009671884e-17
4.754999999999999893e+00 6.495029200659809373e-17
4.759999999999999787e+00 5.943810980332501333e-17
4.764999999999999680e+00 5.427869048271220873e-17
4.770000000000000462e+00 4.945752859938434808e-17
4.775000000000000355e+00 4.496032155910129009e-17
4.780000000000000249e+00 4.077297821840521214e-17
4.785000000000000142e+00 3.688162738073188316e-17
4.790000000000000036e+00 3.327262618478397951e-17
4.794999999999999929e+00 2.993256838100678015e-17
4.799999999999999822e+00 2.684829249204371269e-17
4.804999999999999716e+00 2.400688985309724062e-17
4.810000000000000497e+00 2.139571252816190769e-17
4.815000000000000391e+00 1.900238109814748685e-17
4.820000000000000284e+00 1.681479231695880677e-17
4.825000000000000178e+00 1.482112663165385526e-17
4.830000000000000071e+00 1.300985556285454467e-17
4.834999999999999964e+00 1.136974894163939194e-17
4.839999999999999858e+00 9.889881999206299207e-18
4.844999999999999751e+00 8.559642305653898112e-18
4.850000000000000533e+00 7.368736554291937232e-18
4.855000000000000426e+00 6.307197187955639936e-18
4.860000000000000320e+00 5.365388862568477166e-18
4.865000000000000213e+00 4.534014745293516430e-18
4.870000000000000107e+00 3.804122646742415148e-18
4.875000000000000000e+00 3.167110983135703360e-18
4.879999999999999893e+00 2.614734563600961529e-18
4.884999999999999787e+00 2.139110199505862067e-18
4.889999999999999680e+00 1.732722132800397047e-18
4.895000000000000462e+00 1.388427280421875627e-18
4.900000000000000355e+00 1.099460291896960576e-18
4.905000000000000249e+00 8.594384173034709583e-19
4.910000000000000142e+00 6.623643236133361040e-19
4.915000000000000036e+00 5.026317719463913096e-19
4.919999999999999929e+00 3.750322127153770512e-19
4.924999999999999822e+00 2.747584898819191452e-19
4.929999999999999716e+00 1.974083404625730743e-19
4.935000000000000497e+00 1.389876873254266166e-19
4.940000000000000391e+00 9.591372341249764610e-20
4.945000000000000284e+00 6.501778561904821456e-20
4.950000000000000178e+00 4.354801665779326480e-20
4.955000000000000071e+00 2.917177271513446010e-20
4.959999999999999964e+00 1.868196105145368100e-20
4.964999999999999858e+00 1.130831847343691353e-20
4.969999999999999751e+00 6.364581494183782189e-21
4.975000000000000533e+00 3.248985490995763460e-21
4.980000000000000426e+00 1.444720327928279213e-21
4.985000000000000320e+00 5.203421829517150752e-22
4.990000000000000213e+00 1.301413400054852866e-22
4.995000000000000107e+00 1.446572680862954497e-23
