0.000000000000000000e+00 0.000000000000000000e+00
1.000000000000000021e-02 4.058258500618432506e-223
2.000000000000000042e-02 4.934095584354113388e-223
2.999999999999999889e-02 5.998952317067239797e-223
4.000000000000000083e-02 7.293622161792234754e-223
5.000000000000000278e-02 8.867702463251734991e-223
5.999999999999999778e-02 1.078149446631575156e-222
7.000000000000000666e-02 1.310831338882927872e-222
8.000000000000000167e-02 1.593729704509861149e-222
8.999999999999999667e-02 1.937682061524114448e-222
1.000000000000000056e-01 2.355864837636972646e-222
1.100000000000000006e-01 2.864298144376048352e-222
1.199999999999999956e-01 3.482459489528791829e-222
1.300000000000000044e-01 4.234029938545715091e-222
1.400000000000000133e-01 5.147801309507010721e-222
1.499999999999999944e-01 6.258779155270721230e-222
1.600000000000000033e-01 7.609523786807281579e-222
1.700000000000000122e-01 9.251780710815192153e-222
1.799999999999999933e-01 1.124846294184793504e-221
1.900000000000000022e-01 1.367606112909886211e-221
2.000000000000000111e-01 1.662757382708878259e-221
2.099999999999999922e-01 2.021607016562856233e-221
2.200000000000000011e-01 2.457902140093350437e-221
2.300000000000000100e-01 2.988356728473810126e-221
2.399999999999999911e-01 3.633291900008484532e-221
2.500000000000000000e-01 4.417414395305166415e-221
2.600000000000000089e-01 5.370763064702766908e-221
2.700000000000000178e-01 6.529859622821909132e-221
2.800000000000000266e-01 7.939107754350295767e-221
2.899999999999999800e-01 9.652494169230930601e-221
2.999999999999999889e-01 1.173565677276310838e-220
3.099999999999999978e-01 1.426839917988513387e-220
3.200000000000000067e-01 1.734774790185115882e-220
3.300000000000000155e-01 2.109166932268320042e-220
3.400000000000000244e-01 2.564358885858293105e-220
3.500000000000000333e-01 3.117788542421455966e-220
3.599999999999999867e-01 3.790657169267876122e-220
3.699999999999999956e-01 4.608741606241860956e-220
3.800000000000000044e-01 5.603381747447025336e-220
3.900000000000000133e-01 6.812681137319272902e-220
4.000000000000000222e-01 8.282966674532225096e-220
4.100000000000000311e-01 1.007056334334881753e-219
4.199999999999999845e-01 1.224395196037997368e-219
4.299999999999999933e-01 1.488639259760029855e-219
4.400000000000000022e-01 1.809911418200399527e-219
4.500000000000000111e-01 2.200519246187450716e-219
4.600000000000000200e-01 2.675426490019099080e-219
4.700000000000000289e-01 3.252826311743225481e-219
4.799999999999999822e-01 3.954838248721052558e-219
4.899999999999999911e-01 4.808355588209977858e-219
5.000000000000000000e-01 5.846075618932574439e-219
5.100000000000000089e-01 7.107752227409808517e-219
5.200000000000000178e-01 8.641718824614431236e-219
5.300000000000000266e-01 1.050673994455064127e-218
5.400000000000000355e-01 1.277426244741784524e-218
5.500000000000000444e-01 1.553115256841819196e-218
5.600000000000000533e-01 1.888302366546743636e-218
5.700000000000000622e-01 2.295828214807875854e-218
5.799999999999999600e-01 2.791304658240201625e-218
5.899999999999999689e-01 3.393712841779612439e-218
5.999999999999999778e-01 4.126130344983913491e-218
6.099999999999999867e-01 5.016615258134047540e-218
6.199999999999999956e-01 6.099281056096023421e-218
6.300000000000000044e-01 7.415603447151537226e-218
6.400000000000000133e-01 9.016009260705236410e-218
6.500000000000000222e-01 1.096180824236858680e-217
6.600000000000000311e-01 1.332754176131588744e-217
6.700000000000000400e-01 1.620383840624808143e-217
6.800000000000000488e-01 1.970088586463197966e-217
6.900000000000000577e-01 2.395265208900121452e-217
7.000000000000000666e-01 2.912201745844951505e-217
7.099999999999999645e-01 3.540701454264735993e-217
7.199999999999999734e-01 4.304841450671901066e-217
7.299999999999999822e-01 5.233895078361315312e-217
7.399999999999999911e-01 6.363453336247533548e-217
7.500000000000000000e-01 7.736788329978914745e-217
7.600000000000000089e-01 9.406510977606301931e-217
7.700000000000000178e-01 1.143658647464496585e-216
7.800000000000000266e-01 1.390478472872798541e-216
7.900000000000000355e-01 1.690565963724494690e-216
8.000000000000000444e-01 2.055417134073950426e-216
8.100000000000000533e-01 2.499009021651674999e-216
8.200000000000000622e-01 3.038335132449943442e-216
8.300000000000000711e-01 3.694056442812778004e-216
8.399999999999999689e-01 4.491292898187688943e-216
8.499999999999999778e-01 5.460585729965659608e-216
8.599999999999999867e-01 6.639067455684463028e-216
8.699999999999999956e-01 8.071884383986356948e-216
8.800000000000000044e-01 9.813926118894290301e-216
8.900000000000000133e-01 1.193192831876891683e-215
9.000000000000000222e-01 1.450702926427576515e-215
9.100000000000000311e-01 1.763787817460399195e-215
9.200000000000000400e-01 2.144441434803313905e-215
9.300000000000000488e-01 2.607246190146985659e-215
9.400000000000000577e-01 3.169931612825535331e-215
9.500000000000000666e-01 3.854053548132410209e-215
9.599999999999999645e-01 4.685819937494509582e-215
9.699999999999999734e-01 5.697094815213680540e-215
9.799999999999999822e-01 6.926618983760868779e-215
9.899999999999999911e-01 8.421494130319632931e-215
1.000000000000000000e+00 1.023898723941366672e-214
1.010000000000000009e+00 1.244872442663530580e-214
1.020000000000000018e+00 1.513535823677625274e-214
1.030000000000000027e+00 1.840181058755007509e-214
1.040000000000000036e+00 2.237321559243091008e-214
1.050000000000000044e+00 2.720171330771401494e-214
1.060000000000000053e+00 3.307227804685312748e-214
1.070000000000000062e+00 4.020980453823788644e-214
1.080000000000000071e+00 4.888772338914036434e-214
1.090000000000000080e+00 5.943847590455955859e-214
1.100000000000000089e+00 7.226624953948446757e-214
1.110000000000000098e+00 8.786246186541978040e-214
1.120000000000000107e+00 1.068245862245062247e-213
1.130000000000000115e+00 1.298790402608582440e-213
1.140000000000000124e+00 1.579090141629950153e-213
1.150000000000000133e+00 1.919883046860155596e-213
1.159999999999999920e+00 2.334224510968301935e-213
1.169999999999999929e+00 2.837987489142136954e-213
1.179999999999999938e+00 3.450470574137786223e-213
1.189999999999999947e+00 4.195137303649496444e-213
1.199999999999999956e+00 5.100515022032690952e-213
1.209999999999999964e+00 6.201287730761424831e-213
1.219999999999999973e+00 7.539624793491226856e-213
1.229999999999999982e+00 9.166796396923167126e-213
1.239999999999999991e+00 1.114513765395656342e-212
1.250000000000000000e+00 1.355043659171188009e-212
1.260000000000000009e+00 1.647483750555747734e-212
1.270000000000000018e+00 2.003037090336538221e-212
1.280000000000000027e+00 2.435324526818815275e-212
1.290000000000000036e+00 2.960906505195483567e-212
1.300000000000000044e+00 3.599917479565209268e-212
1.310000000000000053e+00 4.376837241209526782e-212
1.320000000000000062e+00 5.321428711847115933e-212
1.330000000000000071e+00 6.469878127669510445e-212
1.340000000000000080e+00 7.866181293325372801e-212
1.350000000000000089e+00 9.563829011683472037e-212
1.360000000000000098e+00 1.162785625629174551e-211
1.370000000000000107e+00 1.413733358802316394e-211
1.380000000000000115e+00 1.718839625927631419e-211
1.390000000000000124e+00 2.089792704730368858e-211
1.400000000000000133e+00 2.540803390186759111e-211
1.409999999999999920e+00 3.089149394086656492e-211
1.419999999999999929e+00 3.755837234727754790e-211
1.429999999999999938e+00 4.566406972990749996e-211
1.439999999999999947e+00 5.551910623328700257e-211
1.449999999999999956e+00 6.750101721494661552e-211
1.459999999999999964e+00 8.206881620008314554e-211
1.469999999999999973e+00 9.978057917313353038e-211
1.479999999999999982e+00 1.213148238406766933e-210
1.489999999999999991e+00 1.474965028811653345e-210
1.500000000000000000e+00 1.793286069536302260e-210
1.510000000000000009e+00 2.180305881410570213e-210
1.520000000000000018e+00 2.650850757873069419e-210
1.530000000000000027e+00 3.222946743587205042e-210
1.540000000000000036e+00 3.918510191925613994e-210
1.550000000000000044e+00 4.764187355803094065e-210
1.560000000000000053e+00 5.792375175637910317e-210
1.570000000000000062e+00 7.042462369679532691e-210
1.580000000000000071e+00 8.562338371476476088e-210
1.590000000000000080e+00 1.041022792018050155e-209
1.600000000000000089e+00 1.265692158477707414e-209
1.610000000000000098e+00 1.538848767111510789e-209
1.620000000000000107e+00 1.870956940184223186e-209
1.630000000000000115e+00 2.274739368049839865e-209
1.640000000000000124e+00 2.765664501100853393e-209
1.650000000000000133e+00 3.362539128694523740e-209
1.660000000000000142e+00 4.088228846087866711e-209
1.669999999999999929e+00 4.970534009658900077e-209
1.679999999999999938e+00 6.043254737272788046e-209
1.689999999999999947e+00 7.347485752758439462e-209
1.699999999999999956e+00 8.933190678530110154e-209
1.709999999999999964e+00 1.086111608573279771e-208
1.719999999999999973e+00 1.320511862701824583e-208
1.729999999999999982e+00 1.605499440178935003e-208
1.739999999999999991e+00 1.951991894371121394e-208
1.750000000000000000e+00 2.373262961253915215e-208
1.760000000000000009e+00 2.885451061298744402e-208
1.770000000000000018e+00 3.508177544198931885e-208
1.780000000000000027e+00 4.265298360694472303e-208
1.790000000000000036e+00 5.185817957197244123e-208
1.800000000000000044e+00 6.305000403491292659e-208
1.810000000000000053e+00 7.665720319559868262e-208
1.820000000000000062e+00 9.320105354025644859e-208
1.830000000000000071e+00 1.133153313570470501e-207
1.840000000000000080e+00 1.377705919924093036e-207
1.850000000000000089e+00 1.675036889591950052e-207
1.860000000000000098e+00 2.036536637404055340e-207
1.870000000000000107e+00 2.476053811865224961e-207
1.880000000000000115e+00 3.010425821293946883e-207
1.890000000000000124e+00 3.660123855986137133e-207
1.900000000000000133e+00 4.450037116477007238e-207
1.910000000000000142e+00 5.410426290803096848e-207
1.919999999999999929e+00 6.578082807405406213e-207
1.929999999999999938e+00 7.997738273347705856e-207
1.939999999999999947e+00 9.723778091841936772e-207
1.949999999999999956e+00 1.182232490583960287e-206
1.959999999999999964e+00 1.437377168206845468e-206
1.969999999999999973e+00 1.747586147511314264e-206
1.979999999999999982e+00 2.124743185383578199e-206
1.989999999999999991e+00 2.583296743489851931e-206
2.000000000000000000e+00 3.140813492582411660e-206
2.010000000000000231e+00 3.818651271886477112e-206
2.020000000000000018e+00 4.642777283884712661e-206
2.030000000000000249e+00 5.644762868620676775e-206
2.040000000000000036e+00 6.862992966205344283e-206
2.049999999999999822e+00 8.344136600674110925e-206
2.060000000000000053e+00 1.014493471777604958e-205
2.069999999999999840e+00 1.233437386674888183e-205
2.080000000000000071e+00 1.499632899738255735e-205
2.089999999999999858e+00 1.823277661495221966e-205
2.100000000000000089e+00 2.216770138537046176e-205
2.109999999999999876e+00 2.695184584820535834e-205
2.120000000000000107e+00 3.276848519372475706e-205
2.129999999999999893e+00 3.984044832917661341e-205
2.140000000000000124e+00 4.843865420345263838e-205
2.149999999999999911e+00 5.889249040712671040e-205
2.160000000000000142e+00 7.160243164035499965e-205
2.169999999999999929e+00 8.705538144794254790e-205
2.180000000000000160e+00 1.058433249461805087e-204
2.189999999999999947e+00 1.286860071064282318e-204
2.200000000000000178e+00 1.564585053749609332e-204
2.209999999999999964e+00 1.902247529051186445e-204
2.220000000000000195e+00 2.312782966390553384e-204
2.229999999999999982e+00 2.811918516353272255e-204
2.240000000000000213e+00 3.418775500128432217e-204
2.250000000000000000e+00 4.156601925804171889e-204
2.260000000000000231e+00 5.053663093394074284e-204
2.270000000000000018e+00 6.144324406670794489e-204
2.280000000000000249e+00 7.470367873109521920e-204
2.290000000000000036e+00 9.082592725572686038e-204
2.300000000000000266e+00 1.104276148375116746e-203
2.310000000000000053e+00 1.342596600678572424e-203
2.319999999999999840e+00 1.632350417788194258e-203
2.330000000000000071e+00 1.984637742346859047e-203
2.339999999999999858e+00 2.412954305292259728e-203
2.350000000000000089e+00 2.933708432120941364e-203
2.359999999999999876e+00 3.566849627372064244e-203
2.370000000000000107e+00 4.336632817695005161e-203
2.379999999999999893e+00 5.272547530792664724e-203
2.390000000000000124e+00 6.410447606040082909e-203
2.399999999999999911e+00 7.793924714720797052e-203
2.410000000000000142e+00 9.475978307895376756e-203
2.419999999999999929e+00 1.152104596572567679e-202
2.430000000000000160e+00 1.400747192865243285e-202
2.439999999999999947e+00 1.703050837707749941e-202
2.450000000000000178e+00 2.070596443519765808e-202
2.459999999999999964e+00 2.517464268822037344e-202
2.470000000000000195e+00 3.060773317094313619e-202
2.479999999999999982e+00 3.721337146532814496e-202
2.490000000000000213e+00 4.524461214041049568e-202
2.500000000000000000e+00 5.500912298804883308e-202
2.510000000000000231e+00 6.688097142978024255e-202
2.520000000000000018e+00 8.131495461876181505e-202
2.530000000000000249e+00 9.886402220687695399e-202
2.540000000000000036e+00 1.202004592236060042e-201
2.550000000000000266e+00 1.461416405589126620e-201
2.560000000000000053e+00 1.776813436753999660e-201
2.569999999999999840e+00 2.160278191044995735e-201
2.580000000000000071e+00 2.626500771645594635e-201
2.589999999999999858e+00 3.193341640929066255e-201
2.600000000000000089e+00 3.882515834671730591e-201
2.609999999999999876e+00 4.720424840635319185e-201
2.620000000000000107e+00 5.739168009850754755e-201
2.629999999999999893e+00 6.977772246631337690e-201
2.640000000000000124e+00 8.483687085355886162e-201
2.649999999999999911e+00 1.031460242873085010e-200
2.660000000000000142e+00 1.254065858303838835e-200
2.669999999999999929e+00 1.524713325433384343e-200
2.680000000000000160e+00 1.853770844139254418e-200
2.689999999999999947e+00 2.253844237639874527e-200
2.700000000000000178e+00 2.740259867395385346e-200
2.709999999999999964e+00 3.331651768766816806e-200
2.720000000000000195e+00 4.050675499939899991e-200
2.729999999999999982e+00 4.924876050862492234e-200
2.740000000000000213e+00 5.987743060810177086e-200
2.750000000000000000e+00 7.279993768777496606e-200
2.760000000000000231e+00 8.851132845080382340e-200
2.770000000000000018e+00 1.076134885956318655e-199
2.780000000000000249e+00 1.308382003797279381e-199
2.790000000000000036e+00 1.590751763743184099e-199
2.800000000000000266e+00 1.934061433517031111e-199
2.810000000000000053e+00 2.351462820205204720e-199
2.819999999999999840e+00 2.858946101185842558e-199
2.830000000000000071e+00 3.475952389828748398e-199
2.839999999999999858e+00 4.226118502669456309e-199
2.850000000000000089e+00 5.138182459249691523e-199
2.859999999999999876e+00 6.247084403304087544e-199
2.870000000000000107e+00 7.595305120344840098e-199
2.879999999999999893e+00 9.234493428746527910e-199
2.890000000000000124e+00 1.122744478785220118e-198
2.899999999999999911e+00 1.365050692135045125e-198
2.910000000000000142e+00 1.659650461264768306e-198
2.919999999999999929e+00 2.017829571785500585e-198
2.930000000000000160e+00 2.453309462324490008e-198
2.939999999999999947e+00 2.982772877396740518e-198
2.950000000000000178e+00 3.626502964572539635e-198
2.959999999999999964e+00 4.409160299034110305e-198
2.970000000000000195e+00 5.360727602457658668e-198
2.979999999999999982e+00 6.517658347338096166e-198
2.990000000000000213e+00 7.924273248495389323e-198
3.000000000000000000e+00 9.634458139780464597e-198
3.010000000000000231e+00 1.171372827972668058e-197
3.020000000000000018e+00 1.424173816737296082e-197
3.030000000000000249e+00 1.731533301647838727e-197
3.040000000000000036e+00 2.105225878667107719e-197
3.050000000000000266e+00 2.559567289864966536e-197
3.060000000000000053e+00 3.111962843386002832e-197
3.070000000000000284e+00 3.783574191216519037e-197
3.080000000000000071e+00 4.600130008256676399e-197
3.089999999999999858e+00 5.592911628900750465e-197
3.100000000000000089e+00 6.799951399753523555e-197
3.109999999999999876e+00 8.267489656026974141e-197
3.120000000000000107e+00 1.005174613674305902e-196
3.129999999999999893e+00 1.222107369966563996e-196
3.140000000000000124e+00 1.485857684235674610e-196
3.149999999999999911e+00 1.806529534195185200e-196
3.160000000000000142e+00 2.196407497531127156e-196
3.169999999999999929e+00 2.670427360248025345e-196
3.180000000000000160e+00 3.246748289821927122e-196
3.189999999999999947e+00 3.947448492469962674e-196
3.200000000000000178e+00 4.799371004383593223e-196
3.209999999999999964e+00 5.835152018235807406e-196
3.220000000000000195e+00 7.094471138993448599e-196
3.229999999999999982e+00 8.625571464927855506e-196
3.240000000000000213e+00 1.048710772641659320e-195
3.250000000000000000e+00 1.275039328265381486e-195
3.260000000000000231e+00 1.550213205618456729e-195
3.270000000000000018e+00 1.884774006260038997e-195
3.280000000000000249e+00 2.291538377946083614e-195
3.290000000000000036e+00 2.786089005980951860e-195
3.300000000000000266e+00 3.387371568354576847e-195
3.310000000000000053e+00 4.118420523344687496e-195
3.320000000000000284e+00 5.007241533690308622e-195
3.330000000000000071e+00 6.087884332013575008e-195
3.339999999999999858e+00 7.401747127756715723e-195
3.350000000000000089e+00 8.999162525996014506e-195
3.359999999999999876e+00 1.094132571289764075e-194
3.370000000000000107e+00 1.330263877443036910e-194
3.379999999999999893e+00 1.617356095654634754e-194
3.390000000000000124e+00 1.966407405709039508e-194
3.399999999999999911e+00 2.390789570470105300e-194
3.410000000000000142e+00 2.906760193067734833e-194
3.419999999999999929e+00 3.534085527377379660e-194
3.430000000000000160e+00 4.296797700960948989e-194
3.439999999999999947e+00 5.224115358827821878e-194
3.450000000000000178e+00 6.351562996842323889e-194
3.459999999999999964e+00 7.722331865180829934e-194
3.470000000000000195e+00 9.388934576518313917e-194
3.479999999999999982e+00 1.141521680512198324e-193
3.490000000000000213e+00 1.387880314278012781e-193
3.500000000000000000e+00 1.687407080955437349e-193
3.510000000000000231e+00 2.051576513886763480e-193
3.520000000000000018e+00 2.494339534209243169e-193
3.530000000000000249e+00 3.032657894943418093e-193
3.540000000000000036e+00 3.687153966662471546e-193
3.550000000000000266e+00 4.482900757300376401e-193
3.560000000000000053e+00 5.450382430868514298e-193
3.570000000000000284e+00 6.626662121471913045e-193
3.580000000000000071e+00 8.056801780265760170e-193
3.589999999999999858e+00 9.795588448091148573e-193
3.600000000000000089e+00 1.190963308535210108e-192
3.609999999999999876e+00 1.447992236294424880e-192
3.620000000000000107e+00 1.760492117047401877e-192
3.629999999999999893e+00 2.140434469536646654e-192
3.640000000000000124e+00 2.602374457696748590e-192
3.649999999999999911e+00 3.164008482604232220e-192
3.660000000000000142e+00 3.846852111687187557e-192
3.669999999999999929e+00 4.677064315899688858e-192
3.680000000000000160e+00 5.686449590459598218e-192
3.689999999999999947e+00 6.913676349267378705e-192
3.700000000000000178e+00 8.405758268325008561e-192
3.709999999999999964e+00 1.021985532675412443e-191
3.720000000000000195e+00 1.242546354126802618e-191
3.729999999999999982e+00 1.510707728036074379e-191
3.740000000000000213e+00 1.836742614847360245e-191
3.750000000000000000e+00 2.233141044152890521e-191
3.760000000000000231e+00 2.715088593670316204e-191
3.770000000000000018e+00 3.301048131635146579e-191
3.780000000000000249e+00 4.013467108504620550e-191
3.790000000000000036e+00 4.879637493522255233e-191
3.800000000000000266e+00 5.932741299345009926e-191
3.810000000000000053e+00 7.213121747604955339e-191
3.820000000000000284e+00 8.769828772327505937e-191
3.830000000000000071e+00 1.066249806770287416e-190
3.839999999999999858e+00 1.296363566441612258e-190
3.850000000000000089e+00 1.576139555408402556e-190
3.859999999999999876e+00 1.916295676946492896e-190
3.870000000000000107e+00 2.329862929258374860e-190
3.879999999999999893e+00 2.832684608349186212e-190
3.890000000000000124e+00 3.444023246866527548e-190
3.899999999999999911e+00 4.187298540048026036e-190
3.910000000000000142e+00 5.090984527889229060e-190
3.919999999999999929e+00 6.189700403570998847e-190
3.930000000000000160e+00 7.525536735789624418e-190
3.939999999999999947e+00 9.149667911074616666e-190
3.950000000000000178e+00 1.112431256694469035e-189
3.959999999999999964e+00 1.352511711788994797e-189
3.970000000000000195e+00 1.644405368437803735e-189
3.979999999999999982e+00 1.999294344128333829e-189
3.990000000000000213e+00 2.430774036125222206e-189
4.000000000000000000e+00 2.955373945839178435e-189
4.009999999999999787e+00 3.593190905423626821e-189
4.020000000000000462e+00 4.368658964797424940e-189
4.030000000000000249e+00 5.311485432599031923e-189
4.040000000000000036e+00 6.457788929747661980e-189
4.049999999999999822e+00 7.851483053162632281e-189
4.060000000000000497e+00 9.545958656240685318e-189
4.070000000000000284e+00 1.160612919236329436e-188
4.080000000000000071e+00 1.411091747624170831e-188
4.089999999999999858e+00 1.715627912812834667e-188
4.099999999999999645e+00 2.085887852563972486e-188
4.110000000000000320e+00 2.536055808476815675e-188
4.120000000000000107e+00 3.083377208320806775e-188
4.129999999999999893e+00 3.748819318965368604e-188
4.139999999999999680e+00 4.557874478776965410e-188
4.150000000000000355e+00 5.541536680412704788e-188
4.160000000000000142e+00 6.737488915798243951e-188
4.169999999999999929e+00 8.191546769139763646e-188
4.179999999999999716e+00 9.959413560393818570e-188
4.190000000000000391e+00 1.210881427676603763e-187
4.200000000000000178e+00 1.472209004075287832e-187
4.209999999999999964e+00 1.789935250587731564e-187
4.219999999999999751e+00 2.176231902146903335e-187
4.230000000000000426e+00 2.645897548733595832e-187
4.240000000000000213e+00 3.216924552704159323e-187
4.250000000000000000e+00 3.911188315943678793e-187
4.259999999999999787e+00 4.755285301893475632e-187
4.270000000000000462e+00 5.781551916133761834e-187
4.280000000000000249e+00 7.029303277689802873e-187
4.290000000000000036e+00 8.546339336996349781e-187
4.299999999999999822e+00 1.039077603820445806e-186
4.310000000000000497e+00 1.263327167559787098e-186
4.320000000000000284e+00 1.535973373332782552e-186
4.330000000000000071e+00 1.867460990445009526e-186
4.339999999999999858e+00 2.270488936449990533e-186
4.350000000000000533e+00 2.760496758389242861e-186
4.360000000000000320e+00 3.356256104463673056e-186
4.370000000000000107e+00 4.080589844750445204e-186
4.379999999999999893e+00 4.961246389670643167e-186
4.389999999999999680e+00 6.031962700364294029e-186
4.400000000000000355e+00 7.333756713703858868e-186
4.410000000000000142e+00 8.916498693293994590e-186
4.419999999999999929e+00 1.084082170314602653e-185
4.429999999999999716e+00 1.318044439212332383e-185
4.440000000000000391e+00 1.602499507241597120e-185
4.450000000000000178e+00 1.948344527931251185e-185
4.459999999999999964e+00 2.368828434807965684e-185
4.469999999999999751e+00 2.880059493129214436e-185
4.480000000000000426e+00 3.501622389396951732e-185
4.490000000000000213e+00 4.257328498656782194e-185
4.500000000000000000e+00 5.176128071478507652e-185
4.509999999999999787e+00 6.293219285474678657e-185
4.520000000000000462e+00 7.651396647872698540e-185
4.530000000000000249e+00 9.302690404925525042e-185
4.540000000000000036e+00 1.131035976209048959e-184
4.549999999999999822e+00 1.375131627299810925e-184
4.560000000000000497e+00 1.671907023451491994e-184
4.570000000000000284e+00 2.032731296097952400e-184
4.580000000000000071e+00 2.471427217050590497e-184
4.589999999999999858e+00 3.004800733330226117e-184
4.600000000000000533e+00 3.653284784083950282e-184
4.610000000000000320e+00 4.441722063488508069e-184
4.620000000000000107e+00 5.400316716406099710e-184
4.629999999999999893e+00 6.565791425182142341e-184
4.639999999999999680e+00 7.982794214277993937e-184
4.650000000000000355e+00 9.705608865840940077e-184
4.660000000000000142e+00 1.180023447030696674e-183
4.669999999999999929e+00 1.434691377727963995e-183
4.679999999999999716e+00 1.744320720496173876e-183
4.690000000000000391e+00 2.120773026998157136e-183
4.700000000000000178e+00 2.578469761434442509e-183
4.709999999999999964e+00 3.134944770606784663e-183
4.719999999999999751e+00 3.811515985856441713e-183
4.730000000000000426e+00 4.634102089022542583e-183
4.740000000000000213e+00 5.634215427974318602e-183
4.750000000000000000e+00 6.850169219193781515e-183
4.759999999999999787e+00 8.328545283981258252e-183
4.770000000000000462e+00 1.012597854560593335e-182
4.780000000000000249e+00 1.231132664947907693e-182
4.790000000000000036e+00 1.496830782205690603e-182
4.799999999999999822e+00 1.819870802187919075e-182
4.810000000000000497e+00 2.212628024509040092e-182
4.820000000000000284e+00 2.690148536344971789e-182
4.830000000000000071e+00 3.270725611099854136e-182
4.839999999999999858e+00 3.976600503122809674e-182
4.850000000000000533e+00 4.834814485131638174e-182
4.860000000000000320e+00 5.878244768938202605e-182
4.870000000000000107e+00 7.146863994432776087e-182
4.879999999999999893e+00 8.689271536432784446e-182
4.889999999999999680e+00 1.056455529203804739e-181
4.900000000000000355e+00 1.284455527147081874e-181
4.910000000000000142e+00 1.561661570801825380e-181
4.919999999999999929e+00 1.898693111731196354e-181
4.929999999999999716e+00 2.308461448970988265e-181
4.940000000000000391e+00 2.806664346365246503e-181
4.950000000000000178e+00 3.412387396232781202e-181
4.959999999999999964e+00 4.148835166929853568e-181
4.969999999999999751e+00 5.044220143749376706e-181
4.980000000000000426e+00 6.132843517481961957e-181
4.990000000000000213e+00 7.456409224432390513e-181
5.000000000000000000e+00 9.065621577285586569e-181
5.009999999999999787e+00 1.102212769026262262e-180
5.020000000000000462e+00 1.340087911068857182e-180
5.030000000000000249e+00 1.629300312841963669e-180
5.040000000000000036e+00 1.980929375976227188e-180
5.049999999999999822e+00 2.408445614154979278e-180
5.060000000000000497e+00 2.928226693333652573e-180
5.070000000000000284e+00 3.560184841690998273e-180
5.080000000000000071e+00 4.328529664681301499e-180
5.089999999999999858e+00 5.262695587773704770e-180
5.100000000000000533e+00 6.398469456166233146e-180
5.110000000000000320e+00 7.779361488550662867e-180
5.120000000000000107e+00 9.458272104623901784e-180
5.129999999999999893e+00 1.149951848063217931e-179
5.139999999999999680e+00 1.398129846801011316e-179
5.150000000000000355e+00 1.699868626506486825e-179
5.160000000000000142e+00 2.066727460251625368e-179
5.169999999999999929e+00 2.512760297092190295e-179
5.179999999999999716e+00 3.055054153039656889e-179
5.190000000000000391e+00 3.714383695414788475e-179
5.200000000000000178e+00 4.516007096972766085e-179
5.209999999999999964e+00 5.490633648075746478e-179
5.219999999999999751e+00 6.675600195046232802e-179
5.230000000000000426e+00 8.116301472730583549e-179
5.240000000000000213e+00 9.867929125703479360e-179
5.250000000000000000e+00 1.199758603805860983e-178
5.259999999999999787e+00 1.458685696938031289e-178
5.270000000000000462e+00 1.773493397506730965e-178
5.280000000000000249e+00 2.156241634234370960e-178
5.290000000000000036e+00 2.621593061322948027e-178
5.299999999999999822e+00 3.187374768235086633e-178
5.310000000000000497e+00 3.875261215428640394e-178
5.320000000000000284e+00 4.711604558544272264e-178
5.330000000000000071e+00 5.728444169831193756e-178
5.339999999999999858e+00 6.964734030440725578e-178
5.350000000000000533e+00 8.467835013605176210e-178
5.360000000000000320e+00 1.029532922639118820e-177
5.370000000000000107e+00 1.251722591541818897e-177
5.379999999999999893e+00 1.521864344230762901e-177
5.389999999999999680e+00 1.850307007232400068e-177
5.400000000000000355e+00 2.249632849335078414e-177
5.410000000000000142e+00 2.735139594146173020e-177
5.419999999999999929e+00 3.325426458667340406e-177
5.429999999999999716e+00 4.043106668366186510e-177
5.440000000000000391e+00 4.915673744394864811e-177
5.450000000000000178e+00 5.976554749444079002e-177
5.459999999999999964e+00 7.266390840895723676e-177
5.469999999999999751e+00 8.834594187824400946e-177
5.480000000000000426e+00 1.074124089558594846e-176
5.490000000000000213e+00 1.305937245380359740e-176
5.500000000000000000e+00 1.587779387363415290e-176
5.509999999999999787e+00 1.930447570780372779e-176
5.520000000000000462e+00 2.347069028097200475e-176
5.530000000000000249e+00 2.853604058475522466e-176
5.540000000000000036e+00 3.469457448871707027e-176
5.549999999999999822e+00 4.218221849586888011e-176
5.560000000000000497e+00 5.128581582148698520e-176
5.570000000000000284e+00 6.235411503387501772e-176
5.580000000000000071e+00 7.581113021953171106e-176
5.589999999999999858e+00 9.217238448561718104e-176
5.600000000000000533e+00 1.120646590700148576e-175
5.610000000000000320e+00 1.362500046251720301e-175
5.620000000000000107e+00 1.656549345209787562e-175
5.629999999999999893e+00 2.014059185292642858e-175
5.639999999999999680e+00 2.448725366130205812e-175
5.650000000000000355e+00 2.977199459934504351e-175
5.660000000000000142e+00 3.619726714491349616e-175
5.669999999999999929e+00 4.400921625818868850e-175
5.679999999999999716e+00 5.350710891808684629e-175
5.690000000000000391e+00 6.505479870342414938e-175
5.700000000000000178e+00 7.909466461403852075e-175
5.709999999999999964e+00 9.616455811241720719e-175
5.719999999999999751e+00 1.169184076079230313e-174
5.730000000000000426e+00 1.421512697182227688e-174
5.740000000000000213e+00 1.728297869935472884e-174
5.750000000000000000e+00 2.101292189049255524e-174
5.759999999999999787e+00 2.554784647118758633e-174
5.770000000000000462e+00 3.106148029849444615e-174
5.780000000000000249e+00 3.776504447925990264e-174
5.790000000000000036e+00 4.591534501301666006e-174
5.799999999999999822e+00 5.582461074081392321e-174
5.810000000000000497e+00 6.787245448073398808e-174
5.820000000000000284e+00 8.252041556773380906e-174
5.830000000000000071e+00 1.003296409061476877e-173
5.839999999999999858e+00 1.219823818760734629e-173
5.850000000000000533e+00 1.483081306159341452e-173
5.860000000000000320e+00 1.803153969327836041e-173
5.870000000000000107e+00 2.192303431780302123e-173
5.879999999999999893e+00 2.665437571471883868e-173
5.889999999999999680e+00 3.240681624825783513e-173
5.900000000000000355e+00 3.940072544142369511e-173
5.910000000000000142e+00 4.790403208441225561e-173
5.919999999999999929e+00 5.824248828503470481e-173
5.929999999999999716e+00 7.081214866536361204e-173
5.940000000000000391e+00 8.609454276858105361e-173
5.950000000000000178e+00 1.046751219138602313e-172
5.959999999999999964e+00 1.272656871775311980e-172
5.969999999999999751e+00 1.547316576912461036e-172
5.980000000000000426e+00 1.881252238749624567e-172
5.990000000000000213e+00 2.287256556677854885e-172
6.000000000000000000e+00 2.780883099196307592e-172
6.009999999999999787e+00 3.381042143617288235e-172
6.020000000000000462e+00 4.110725107508247650e-172
6.030000000000000249e+00 4.997885324023950415e-172
6.040000000000000036e+00 6.076508902640629984e-172
6.049999999999999822e+00 7.387916698761570130e-172
6.060000000000000497e+00 8.982347269184569289e-172
6.070000000000000284e+00 1.092088145467363920e-171
6.080000000000000071e+00 1.327778231822738205e-171
6.089999999999999858e+00 1.614334007944560151e-171
6.100000000000000533e+00 1.962733103122800610e-171
6.110000000000000320e+00 2.386322294601102928e-171
6.120000000000000107e+00 2.901328807592267065e-171
6.129999999999999893e+00 3.527481962013701385e-171
6.140000000000000568e+00 4.288768980529671634e-171
6.150000000000000355e+00 5.214353912055794083e-171
6.160000000000000142e+00 6.339694873651080351e-171
6.169999999999999929e+00 7.707902411076981789e-171
6.179999999999999716e+00 9.371391015287733114e-171
6.190000000000000391e+00 1.139388706258999340e-170
6.200000000000000178e+00 1.385287010039954103e-170
6.209999999999999964e+00 1.684254100150468512e-170
6.219999999999999751e+00 2.047743069348578324e-170
6.230000000000000426e+00 2.489678770965335207e-170
6.240000000000000213e+00 3.026991264364321425e-170
6.250000000000000000e+00 3.680264386462038040e-170
6.259999999999999787e+00 4.474524295354165658e-170
6.270000000000000462e+00 5.440198194266488510e-170
6.280000000000000249e+00 6.614279963466060607e-170
6.290000000000000036e+00 8.041747354179183347e-170
6.299999999999999822e+00 9.777285035620047645e-170
6.310000000000000497e+00 1.188737950312255083e-169
6.320000000000000284e+00 1.445286610094780014e-169
6.330000000000000071e+00 1.757202573334423907e-169
6.339999999999999858e+00 2.136434989537586246e-169
6.350000000000000533e+00 2.597511825761144118e-169
6.360000000000000320e+00 3.158096416679187350e-169
6.370000000000000107e+00 3.839664127054208016e-169
6.379999999999999893e+00 4.668325048790292301e-169
6.390000000000000568e+00 5.675824249166443069e-169
6.400000000000000355e+00 6.900757888633891728e-169
6.410000000000000142e+00 8.390051796281267499e-169
6.419999999999999929e+00 1.020075914552933152e-168
6.429999999999999716e+00 1.240224609698743258e-168
6.440000000000000391e+00 1.507884913798906591e-168
6.450000000000000178e+00 1.833310591849273328e-168
6.459999999999999964e+00 2.228968335303394188e-168
6.469999999999999751e+00 2.710015346989215898e-168
6.480000000000000426e+00 3.294879996487697918e-168
6.490000000000000213e+00 4.005967790227187440e-168
6.500000000000000000e+00 4.870519701212949110e-168
6.509999999999999787e+00 5.921655740037361932e-168
6.520000000000000462e+00 7.199643745201038766e-168
6.530000000000000249e+00 8.753441998673413622e-168
6.540000000000000036e+00 1.064257476255755978e-167
6.549999999999999822e+00 1.293941258655673331e-167
6.560000000000000497e+00 1.573194474225355383e-167
6.570000000000000284e+00 1.912714999303601538e-167
6.580000000000000071e+00 2.325509483006972257e-167
6.589999999999999858e+00 2.827391617311928144e-167
6.600000000000000533e+00 3.437587941787427758e-167
6.610000000000000320e+00 4.179474390674705168e-167
6.620000000000000107e+00 5.081471798602882510e-167
6.629999999999999893e+00 6.178134670755270825e-167
6.640000000000000568e+00 7.511474927044278951e-167
6.650000000000000355e+00 9.132571331442149614e-167
6.660000000000000142e+00 1.110352626189087123e-166
6.669999999999999929e+00 1.349984478244013647e-166
6.679999999999999716e+00 1.641332715718421890e-166
6.690000000000000391e+00 1.995558561494414174e-166
6.700000000000000178e+00 2.426232008798309727e-166
6.709999999999999964e+00 2.949851672348085030e-166
6.719999999999999751e+00 3.586476831687475227e-166
6.730000000000000426e+00 4.360495879573430084e-166
6.740000000000000213e+00 5.301560613806980765e-166
6.750000000000000000e+00 6.445722164172333372e-166
6.759999999999999787e+00 7.836812070561910891e-166
6.770000000000000462e+00 9.528121419829540478e-166
6.780000000000000249e+00 1.158444236720633454e-165
6.790000000000000036e+00 1.408455025065580629e-165
6.799999999999999822e+00 1.712422138516095610e-165
6.810000000000000497e+00 2.081990214522635641e-165
6.820000000000000284e+00 2.531316989399101239e-165
6.830000000000000071e+00 3.077615665209166958e-165
6.839999999999999858e+00 3.741814328088158633e-165
6.850000000000000533e+00 4.549357679568390504e-165
6.860000000000000320e+00 5.531181794324895466e-165
6.870000000000000107e+00 6.724899246203462157e-165
6.879999999999999893e+00 8.176240003361793419e-165
6.890000000000000568e+00 9.940803291577125684e-165
6.900000000000000355e+00 1.208618753760840593e-164
6.910000000000000142e+00 1.469457998831500673e-164
6.919999999999999929e+00 1.786590521088508694e-164
6.929999999999999716e+00 2.172165308961972608e-164
6.940000000000000391e+00 2.640953296545030035e-164
6.950000000000000178e+00 3.210913221294230089e-164
6.959999999999999964e+00 3.903879602837806526e-164
6.969999999999999751e+00 4.746399198569424846e-164
6.980000000000000426e+00 5.770747979678302261e-164
6.990000000000000213e+00 7.016167586794477249e-164
7.000000000000000000e+00 8.530368632436067463e-164
7.009999999999999787e+00 1.037135844003414729e-163
7.020000000000000462e+00 1.260966323809520492e-163
7.030000000000000249e+00 1.533102993917304850e-163
7.040000000000000036e+00 1.863971100564884182e-163
7.049999999999999822e+00 2.266245824168168313e-163
7.060000000000000497e+00 2.755337850880820051e-163
7.070000000000000284e+00 3.349983738193233855e-163
7.080000000000000071e+00 4.072963690778121555e-163
7.089999999999999858e+00 4.951974243722554314e-163
7.100000000000000533e+00 6.020689284599735950e-163
7.110000000000000320e+00 7.320050060863723242e-163
7.120000000000000107e+00 8.899833591195785039e-163
7.129999999999999893e+00 1.082055956473996327e-162
7.140000000000000568e+00 1.315580877921272309e-162
7.150000000000000355e+00 1.599504193440546806e-162
7.160000000000000142e+00 1.944702676557565340e-162
7.169999999999999929e+00 2.364400480593987390e-162
7.179999999999999716e+00 2.874675740171048617e-162
7.190000000000000391e+00 3.495076505229787521e-162
7.200000000000000178e+00 4.249369603213106581e-162
7.209999999999999964e+00 5.166451117353292834e-162
7.219999999999999751e+00 6.281453360300413681e-162
7.230000000000000426e+00 7.637090749790369676e-162
7.240000000000000213e+00 9.285296145051436653e-162
7.250000000000000000e+00 1.128921032978159088e-161
7.259999999999999787e+00 1.372560085605818828e-161
7.270000000000000462e+00 1.668780291171843275e-161
7.280000000000000249e+00 2.028929487167465026e-161
7.290000000000000036e+00 8.825801056603922670e-162
7.299999999999999822e+00 2.013062515552577600e-161
7.310000000000000497e+00 2.775537730416987935e-161
7.320000000000000284e+00 1.545282624579637179e-161
7.330000000000000071e+00 1.033858516242175494e-161
7.339999999999999858e+00 4.685608054746715761e-161
7.350000000000000533e+00 1.103256115675211276e-161
7.360000000000000320e+00 7.442290654540963358e-162
7.370000000000000107e+00 1.680817170067046648e-161
7.379999999999999893e+00 5.217233511269600407e-161
7.390000000000000568e+00 1.952545391779451315e-161
7.400000000000000355e+00 1.860157396122742463e-161
7.410000000000000142e+00 1.549313962593727038e-160
7.419999999999999929e+00 5.311832207743217802e-161
7.429999999999999716e+00 9.166462217754759835e-161
7.440000000000000391e+00 8.927472852750105339e-161
7.450000000000000178e+00 7.125770013133097445e-161
7.459999999999999964e+00 3.542239090165071087e-161
7.469999999999999751e+00 4.318946265988565104e-162
7.480000000000000426e+00 2.752945687974729340e-162
7.490000000000000213e+00 3.526853206739635190e-161
7.500000000000000000e+00 2.040622791094420858e-160
7.509999999999999787e+00 2.604129353103026248e-161
7.520000000000000462e+00 7.016171202073102195e-161
7.530000000000000249e+00 5.058820621041191446e-161
7.540000000000000036e+00 1.582748904067874822e-162
7.549999999999999822e+00 1.153280315458675953e-160
7.560000000000000497e+00 5.032600695053831476e-160
7.570000000000000284e+00 2.774849705094599317e-160
7.580000000000000071e+00 4.625655249991834323e-161
7.589999999999999858e+00 4.657447781044921725e-161
7.600000000000000533e+00 6.827647415845497920e-163
7.610000000000000320e+00 9.155363767821076891e-161
7.620000000000000107e+00 4.474070575244781777e-160
7.629999999999999893e+00 1.281311709144727259e-163
7.640000000000000568e+00 2.936903087861735487e-160
7.650000000000000355e+00 8.507717087034653128e-160
7.660000000000000142e+00 6.112672730778520324e-162
7.669999999999999929e+00 1.362053778257667857e-160
7.679999999999999716e+00 6.134488350215824246e-159
7.690000000000000391e+00 1.196050476158506983e-159
7.700000000000000178e+00 5.493216474661489998e-160
7.709999999999999964e+00 9.447595140415173755e-161
7.719999999999999751e+00 7.636339077834800750e-164
7.730000000000000426e+00 3.643582537910986855e-160
7.740000000000000213e+00 2.888238391611334696e-159
7.750000000000000000e+00 2.870844672796088030e-159
7.759999999999999787e+00 4.002666490753229664e-160
7.770000000000000462e+00 1.967147226990195529e-161
7.780000000000000249e+00 8.575324351322719209e-163
7.790000000000000036e+00 1.689107805575791565e-159
7.799999999999999822e+00 1.760062370155262525e-158
7.810000000000000497e+00 3.974746152461246357e-159
7.820000000000000284e+00 2.700037301972151658e-159
7.830000000000000071e+00 8.822867203486364193e-161
7.839999999999999858e+00 5.160277284562404622e-165
7.850000000000000533e+00 7.821688978435445885e-161
7.860000000000000320e+00 4.544629004107227451e-158
7.870000000000000107e+00 1.961062005640179009e-159
7.879999999999999893e+00 3.527574773172814007e-159
7.890000000000000568e+00 3.218855517935041320e-161
7.900000000000000355e+00 6.980861654515589960e-163
7.910000000000000142e+00 1.959263952787559855e-161
7.919999999999999929e+00 1.854764609692347337e-158
7.930000000000000604e+00 5.760884280632354316e-158
7.940000000000000391e+00 9.757389505293137355e-159
7.950000000000000178e+00 4.212468495582477952e-161
7.959999999999999964e+00 2.533298939160087487e-164
7.969999999999999751e+00 2.385942801810156232e-161
7.980000000000000426e+00 5.987735912482800491e-157
7.990000000000000213e+00 5.587540788811130899e-158
8.000000000000000000e+00 6.031949576669017100e-160
8.009999999999999787e+00 8.156009776826445738e-162
8.019999999999999574e+00 5.029776240713397355e-163
8.029999999999999361e+00 9.230165557195391590e-160
8.040000000000000924e+00 1.822680277581588785e-156
8.050000000000000711e+00 4.514606473567250667e-158
8.060000000000000497e+00 1.880940682043619195e-158
8.070000000000000284e+00 5.146946364472294280e-161
8.080000000000000071e+00 8.501167123977707287e-162
8.089999999999999858e+00 1.358399433446631552e-160
8.099999999999999645e+00 5.299240284251616098e-157
8.109999999999999432e+00 6.117796432363501199e-157
8.120000000000000995e+00 1.789622663790392486e-158
8.130000000000000782e+00 1.731959777415470557e-158
8.140000000000000568e+00 3.290314641507746023e-160
8.150000000000000355e+00 2.447375496456636283e-159
8.160000000000000142e+00 3.261940327915333922e-156
8.169999999999999929e+00 3.494879735033840629e-158
8.179999999999999716e+00 1.634606972651766613e-157
8.189999999999999503e+00 3.920389122479553700e-158
8.199999999999999289e+00 1.061126627549087611e-160
8.210000000000000853e+00 5.864926218728914724e-162
8.220000000000000639e+00 3.647716841220891389e-161
8.230000000000000426e+00 8.087953335267564360e-154
8.240000000000000213e+00 2.230301121198052783e-156
8.250000000000000000e+00 3.177345782714008926e-155
8.259999999999999787e+00 1.100010205455901902e-151
8.269999999999999574e+00 1.253738940925884580e-151
8.279999999999999361e+00 5.977627414169673006e-120
8.290000000000000924e+00 7.264191904819947126e-120
8.300000000000000711e+00 8.827304176105630911e-120
8.310000000000000497e+00 1.072629390857593962e-119
8.320000000000000284e+00 1.303318273764998434e-119
8.330000000000000071e+00 1.583538772955525175e-119
8.339999999999999858e+00 1.923899700699516929e-119
8.349999999999999645e+00 2.337273742403692537e-119
8.359999999999999432e+00 2.839277893435473989e-119
8.370000000000000995e+00 3.448855002477500217e-119
8.380000000000000782e+00 4.188977426065477228e-119
8.390000000000000568e+00 5.087498074659301880e-119
8.400000000000000355e+00 6.178179248078546298e-119
8.410000000000000142e+00 7.501935773657622695e-119
8.419999999999999929e+00 9.108336256141133506e-119
8.429999999999999716e+00 1.105741493525419368e-118
8.439999999999999503e+00 1.342185696802807798e-118
8.449999999999999289e+00 1.628963218619167858e-118
8.460000000000000853e+00 1.976716683884955320e-118
8.470000000000000639e+00 2.398315986967813328e-118
8.480000000000000426e+00 2.909317028485512007e-118
8.490000000000000213e+00 3.528512556460172112e-118
8.500000000000000000e+00 4.278592830373213078e-118
8.509999999999999787e+00 5.186936978990675252e-118
8.519999999999999574e+00 6.286559548430031419e-118
8.529999999999999361e+00 7.617240874821158140e-118
8.540000000000000924e+00 9.226874594752263491e-118
8.550000000000000711e+00 1.117307083701482926e-117
8.560000000000000497e+00 1.352505940233185535e-117
8.570000000000000284e+00 1.636594347110278062e-117
8.580000000000000071e+00 1.979536095476329192e-117
8.589999999999999858e+00 2.393261730305169747e-117
8.599999999999999645e+00 2.892036004482565557e-117
8.609999999999999432e+00 3.492887103993758098e-117
8.620000000000000995e+00 4.216105657163586618e-117
8.630000000000000782e+00 5.085821689553595067e-117
8.640000000000000568e+00 6.130667411768607999e-117
8.650000000000000355e+00 7.384532814478561988e-117
8.660000000000000142e+00 8.887419200615687324e-117
8.669999999999999929e+00 1.068639261617544356e-116
8.679999999999999716e+00 1.283663412779818260e-116
8.689999999999999503e+00 1.540257635547250766e-116
8.700000000000001066e+00 1.845910471965447703e-116
8.710000000000000853e+00 2.209278637597061579e-116
8.720000000000000639e+00 2.640306836643297219e-116
8.730000000000000426e+00 3.150335735261456397e-116
8.740000000000000213e+00 3.752185427439731190e-116
8.750000000000000000e+00 4.460196586535736183e-116
8.759999999999999787e+00 5.290204825784360413e-116
8.769999999999999574e+00 6.259415278511936769e-116
8.779999999999999361e+00 7.386133740302019740e-116
8.790000000000000924e+00 8.689297628465027586e-116
8.800000000000000711e+00 1.018773438486555092e-115
8.810000000000000497e+00 1.189905693878934037e-115
8.820000000000000284e+00 1.383808614743772327e-115
8.830000000000000071e+00 1.601467034624956840e-115
8.839999999999999858e+00 1.843075538983754023e-115
8.849999999999999645e+00 2.107655041766404037e-115
8.859999999999999432e+00 2.392564448603476138e-115
8.870000000000000995e+00 2.692897266368067694e-115
8.880000000000000782e+00 3.000763199195964871e-115
8.890000000000000568e+00 3.304474684822380201e-115
8.900000000000000355e+00 3.587694015934768518e-115
8.910000000000000142e+00 3.828657424903489529e-115
8.919999999999999929e+00 3.999692364598612996e-115
8.929999999999999716e+00 4.067404423029559253e-115
8.939999999999999503e+00 3.994162681156202318e-115
8.950000000000001066e+00 3.741904288674457181e-115
8.960000000000000853e+00 3.279880969249675216e-115
8.970000000000000639e+00 2.598886096888631387e-115
8.980000000000000426e+00 1.735884134063138617e-115
8.990000000000000213e+00 8.150396136937604660e-116
9.000000000000000000e+00 1.142400736475647278e-116
9.009999999999999787e+00 9.962147654075834366e-152
9.019999999999999574e+00 4.737650423533499459e-153
9.029999999999999361e+00 7.472160540224417435e-152
9.040000000000000924e+00 2.648992747078443862e-153
9.050000000000000711e+00 1.585723562046885404e-151
9.060000000000000497e+00 6.451913996605010673e-152
9.070000000000000284e+00 6.506274471437486234e-151
9.080000000000000071e+00 4.697714642699419405e-152
9.089999999999999858e+00 7.282633095090387089e-153
9.099999999999999645e+00 1.022574740941796236e-152
9.109999999999999432e+00 3.159501364728597143e-152
9.120000000000000995e+00 1.721742256399449074e-152
9.130000000000000782e+00 1.607923846949528205e-151
9.140000000000000568e+00 1.785060207827871479e-152
9.150000000000000355e+00 5.703588019541462023e-152
9.160000000000000142e+00 0.000000000000000000e+00
9.169999999999999929e+00 0.000000000000000000e+00
9.179999999999999716e+00 0.000000000000000000e+00
9.189999999999999503e+00 0.000000000000000000e+00
9.200000000000001066e+00 1.724755705164627683e-157
9.210000000000000853e+00 6.169718482862270315e-155
9.220000000000000639e+00 1.657923796250527014e-153
9.230000000000000426e+00 0.000000000000000000e+00
9.240000000000000213e+00 7.803889391889252924e-155
9.250000000000000000e+00 0.000000000000000000e+00
9.259999999999999787e+00 0.000000000000000000e+00
9.269999999999999574e+00 0.000000000000000000e+00
9.279999999999999361e+00 1.510384276406784632e-151
9.290000000000000924e+00 1.942304930055134852e-153
9.300000000000000711e+00 1.276806199300708488e-153
9.310000000000000497e+00 0.000000000000000000e+00
9.320000000000000284e+00 0.000000000000000000e+00
9.330000000000000071e+00 1.526822285317014885e-154
9.339999999999999858e+00 6.761525581195160273e-155
9.349999999999999645e+00 3.749245541385236080e-155
9.359999999999999432e+00 2.524313097673459084e-152
9.370000000000000995e+00 7.139693886853704061e-151
9.380000000000000782e+00 5.625316652279713273e-151
9.390000000000000568e+00 4.668619557215768605e-152
9.400000000000000355e+00 2.698683008949868101e-152
9.410000000000000142e+00 2.176278815908730461e-150
9.419999999999999929e+00 1.581564274270583556e-152
9.429999999999999716e+00 6.505130435236694701e-154
9.439999999999999503e+00 7.634869771294491183e-152
9.450000000000001066e+00 2.364642038831029543e-152
9.460000000000000853e+00 1.423646119194755930e-150
9.470000000000000639e+00 1.119367909671832645e-152
9.480000000000000426e+00 2.480819920074183719e-152
9.490000000000000213e+00 6.587158108512004989e-151
9.500000000000000000e+00 1.339278672478458103e-151
9.509999999999999787e+00 1.935120804474696974e-152
9.519999999999999574e+00 1.051455944680238401e-151
9.529999999999999361e+00 1.613640940583014952e-151
9.540000000000000924e+00 1.900147856165897788e-153
9.550000000000000711e+00 5.898805748402697702e-153
9.560000000000000497e+00 7.075576310085253321e-152
9.570000000000000284e+00 2.004266613008726262e-152
9.580000000000000071e+00 9.372183829914279630e-151
9.589999999999999858e+00 1.581464444647169609e-151
9.599999999999999645e+00 2.853086593586647163e-152
9.609999999999999432e+00 2.933410600925506101e-151
9.620000000000000995e+00 4.164573079487080076e-152
9.630000000000000782e+00 3.785904455885761658e-152
9.640000000000000568e+00 3.706295505314346760e-152
9.650000000000000355e+00 4.471391669691985582e-151
9.660000000000000142e+00 3.828859955057080774e-152
9.669999999999999929e+00 4.126116090563872187e-152
9.679999999999999716e+00 9.177379728268368961e-153
9.689999999999999503e+00 3.752506000466871810e-151
9.700000000000001066e+00 0.000000000000000000e+00
9.710000000000000853e+00 2.274578286411135417e-154
9.720000000000000639e+00 6.478855907532112078e-152
9.730000000000000426e+00 1.040849443274196241e-153
9.740000000000000213e+00 2.301636406859430616e-151
9.750000000000000000e+00 3.070048728704572819e-153
9.759999999999999787e+00 4.750546955650791704e-155
9.769999999999999574e+00 3.671173028481004385e-152
9.779999999999999361e+00 9.697457559389434081e-154
9.790000000000000924e+00 8.396095619850319753e-154
9.800000000000000711e+00 1.354157734764596581e-151
9.810000000000000497e+00 2.138892888313280420e-153
9.820000000000000284e+00 1.370651882849079898e-152
9.830000000000000071e+00 1.296620190886622843e-151
9.839999999999999858e+00 5.024389142895679003e-151
9.849999999999999645e+00 4.165498617997512588e-152
9.859999999999999432e+00 1.574992414928381235e-150
9.870000000000000995e+00 2.475003590734205138e-151
9.880000000000000782e+00 2.902630423834518769e-154
9.890000000000000568e+00 8.062418030914733609e-152
9.900000000000000355e+00 6.481569917801112872e-151
9.910000000000000142e+00 1.956960062587027619e-151
9.919999999999999929e+00 2.072656114784424979e-155
9.929999999999999716e+00 1.251808637185815732e-151
9.939999999999999503e+00 1.343458542727834169e-151
9.950000000000001066e+00 8.370838047861596661e-151
9.960000000000000853e+00 0.000000000000000000e+00
9.970000000000000639e+00 1.791590472350040603e-244
9.980000000000000426e+00 2.152128310398812097e-181
9.990000000000000213e+00 0.000000000000000000e+00
