0.00000000000000000000	1.00000000000000000000	1.00000000000000000000	0.00000000000000000000	0.00000000000000000000	nan	0.00000000000000000000	0.00000000000000000000
0.01000000000000000021	0.99951170321089688464	0.98671074562814931053	1.01328925437185080050	0.01328925437185074672	nan	0.00000000000000000000	0.00000000000000000000
0.02000000000000000042	0.99979190820173868826	0.94540351203277750436	1.05459648796722271769	0.04040078420163293466	nan	0.00000000000000000000	0.00000000000000000000
0.02999999999999999889	0.99999908263678660703	0.88642139496177296820	1.11357860503822703180	0.06914862822583428548	0.00000000000000000000	0.00000000000000000000	0.00000000000000000000
0.04000000000000000083	1.00014470606571981293	0.81671669997091989046	1.18328330002907922136	0.09360097945376061324	0.00000000000000000000	0.00000000000000000000	0.00000000000000000000
0.05000000000000000278	1.00024073189396611738	0.74176745398024679368	1.25823254601975431655	0.11146753008522169992	nan	0.00000000000000000000	0.00000000000000000000
0.05999999999999999778	1.00029824911170273083	0.66568750628007999914	1.33431249371992244335	0.12246241442038127700	0.00000000000000000000	0.00000000000000000000	0.00000000000000000000
0.07000000000000000666	1.00032687579980961168	0.59141816137038427659	1.40858183862961716670	0.12730434592709416464	0.00000000000000000000	0.00000000000000000000	0.00000000000000000000
0.08000000000000000167	1.00033458069210423602	0.52094286976773873654	1.47905713023226015324	0.12712646776052885511	0.00000000000000000000	0.00000000000000000000	0.00000000000000000000
0.08999999999999999667	1.00032773935889229833	0.45549326747957907813	1.54450673252041825734	0.12314477304599005802	0.00000000000000000000	0.00000000000000000000	0.00000000000000000000
0.10000000000000000555	1.00031130543217638973	0.39573134256515107854	1.60426865743485169702	0.11648598239236943042	0.00000000000000000000	0.00000000000000000000	0.00000000000000000000
0.11000000000000000056	1.00028902570235889158	0.34190223305775813145	1.65809776694224075833	0.10811083652738098793	0.00000000000000000000	0.00000000000000000000	0.00000000000000000000
0.11999999999999999556	1.00026365891115776030	0.29395756714825799216	1.70604243285174295153	0.09879212053105884683	0.00000000000000000000	0.00000000000000000000	0.00000000000000000000
0.13000000000000000444	1.00023717738854833748	0.25165199081617811716	1.74834800918382149426	0.08912210008822288310	0.00000000000000000000	0.00000000000000000000	0.00000000000000000000
0.14000000000000001332	1.00021094234344642970	0.21461666981210827942	1.78538333018788963891	0.07953401989303138242	0.00000000000000000000	0.00000000000000000000	0.00000000000000000000
0.14999999999999999445	1.00018585035785689819	0.18241379115282382872	1.81758620884717969624	0.07032868599736746829	0.00000000000000000000	0.00000000000000000000	0.00000000000000000000
0.16000000000000000333	1.00016245228489819574	0.15457585174308111076	1.84542414825692113745	0.06170115324946982838	0.00000000000000000000	0.00000000000000000000	0.00000000000000000000
0.17000000000000001221	1.00014104751608834398	0.13063306543253147551	1.86936693456746438891	0.05376499311231786038	0.00000000000000000000	0.00000000000000000000	0.00000000000000000000
0.17999999999999999334	1.00012175723718588216	0.11013169307926724827	1.88986830692073248805	0.04657307825648151350	0.00000000000000000000	0.00000000000000000000	0.00000000000000000000
0.19000000000000000222	1.00010458032323867883	0.09264558371077620536	1.90735441628922486323	0.04013465319427739209	0.00000000000000000000	0.00000000000000000000	0.00000000000000000000
0.20000000000000001110	1.00008943523477600301	0.07778274837485257831	1.92221725162514878171	0.03442890329612695310	0.00000000000000000000	0.00000000000000000000	0.00000000000000000000
0.20999999999999999223	1.00007619084748888838	0.06518838749847101488	1.93481161250152733366	0.02941544182536250107	0.00000000000000000000	0.00000000000000000000	0.00000000000000000000
0.22000000000000000111	1.00006468868218956203	0.05454545986423028903	1.94545454013577168162	0.02504220429136941664	0.00000000000000000000	0.00000000000000000000	0.00000000000000000000
0.23000000000000000999	1.00005475855561454246	0.04557361207015258459	1.95442638792984335616	0.02125123296503562964	0.00000000000000000000	0.00000000000000000000	0.00000000000000000000
0.23999999999999999112	1.00004622927338870930	0.03802707384263723928	1.96197292615736107457	0.01798278955940355722	0.00000000000000000000	0.00000000000000000000	0.00000000000000000000
0.25000000000000000000	1.00003893564386481252	0.03169195817917334207	1.96830804182082452769	0.01517817333314426531	0.00000000000000000000	0.00000000000000000000	0.00000000000000000000
0.26000000000000000888	1.00003272280667898642	0.02638327761334313681	1.97361672238665630807	0.01278155805867619427	0.00000000000000000000	0.00000000000000000000	0.00000000000000000000
0.27000000000000001776	1.00002744863778225692	0.02194189135248743663	1.97805810864751596689	0.01074110125176664689	0.00000000000000000000	0.00000000000000000000	0.00000000000000000000
0.28000000000000002665	1.00002298480738649467	0.01823152612068960204	1.98176847387931065470	0.00900952599337117611	0.00000000000000000000	0.00000000000000000000	0.00000000000000000000
0.28999999999999998002	1.00001921692136330755	0.01513596080589230813	1.98486403919410969721	0.00754433066648612684	0.00000000000000000000	0.00000000000000000000	0.00000000000000000000
0.29999999999999998890	1.00001604406308630679	0.01255642702211116901	1.98744357297789231431	0.00630774487608759624	0.00000000000000000000	0.00000000000000000000	0.00000000000000000000
0.30999999999999999778	1.00001337796569034211	0.01040925090085560722	1.98959074909915023532	0.00526652001155033730	nan	0.00000000000000000000	0.00000000000000000000
0.32000000000000000666	1.00001114197857088328	0.00862374301463505501	1.99137625698536124830	0.00439161938685233601	0.00000000000000000000	0.00000000000000000000	0.00000000000000000000
0.33000000000000001554	1.00000926994233907408	0.00714033112458596284	1.99285966887540855197	0.00365785463900426084	0.00000000000000000000	0.00000000000000000000	0.00000000000000000000
0.34000000000000002442	1.00000770504957037232	0.00590892275164800040	1.99409107724834910869	0.00304350111812040853	0.00000000000000000000	0.00000000000000000000	0.00000000000000000000
0.35000000000000003331	1.00000639874190921930	0.00488748011585110175	1.99511251988414883840	0.00252991450759427420	0.00000000000000000000	0.00000000000000000000	0.00000000000000000000
0.35999999999999998668	1.00000530967450274034	0.00404078780719544384	1.99595921219280714176	0.00210116313819249138	0.00000000000000000000	0.00000000000000000000	0.00000000000000000000
0.36999999999999999556	1.00000440276498459014	0.00333939292691763992	1.99666060707306880495	0.00174368479746802880	0.00000000000000000000	0.00000000000000000000	0.00000000000000000000
0.38000000000000000444	1.00000364833477850546	0.00275869784227187340	1.99724130215773909569	0.00144597279134519099	0.00000000000000000000	0.00000000000000000000	0.00000000000000000000
0.39000000000000001332	1.00000302134377161423	0.00227818674897569762	1.99772181325102415883	0.00119829319312639640	0.00000000000000000000	0.00000000000000000000	0.00000000000000000000
0.40000000000000002220	1.00000250071555818465	0.00188076866041323354	1.99811923133958324605	0.00099243330569027391	0.00000000000000000000	0.00000000000000000000	0.00000000000000000000
0.41000000000000003109	1.00000206874762320730	0.00155222105076504571	1.99844777894922764894	0.00082148012385120737	0.00000000000000000000	0.00000000000000000000	0.00000000000000000000
0.41999999999999998446	1.00000171059939146900	0.00128072004033639064	1.99871927995966691682	0.00067962683044792702	0.00000000000000000000	0.00000000000000000000	0.00000000000000000000
0.42999999999999999334	1.00000141385075891343	0.00105644463974987517	1.99894355536024503905	0.00056200495117283034	0.00000000000000000000	0.00000000000000000000	0.00000000000000000000
0.44000000000000000222	1.00000116812322104032	0.00087124411167177011	1.99912875588832816831	0.00046453962407469040	0.00000000000000000000	0.00000000000000000000	0.00000000000000000000
0.45000000000000001110	1.00000096475627064940	0.00071835893342854973	1.99928164106656858223	0.00038382543202149981	0.00000000000000000000	0.00000000000000000000	0.00000000000000000000
0.46000000000000001998	1.00000079653202411656	0.00059218713618233753	1.99940781286381175086	0.00031702034315933287	0.00000000000000000000	0.00000000000000000000	0.00000000000000000000
0.47000000000000002887	1.00000065744172106363	0.00048808895199030724	1.99951191104800285459	0.00026175546448549327	0.00000000000000000000	0.00000000000000000000	0.00000000000000000000
0.47999999999999998224	1.00000054248831071746	0.00040222372186554710	1.99959777627813739542	0.00021605850803423695	0.00000000000000000000	0.00000000000000000000	0.00000000000000000000
0.48999999999999999112	1.00000044751996686188	0.00033141391309021311	1.99966858608691055998	0.00017828907777428353	0.00000000000000000000	0.00000000000000000000	0.00000000000000000000
0.50000000000000000000	1.00000036909003986452	0.00027303187223320002	1.99972696812776740138	0.00014708409465765787	0.00000000000000000000	0.00000000000000000000	0.00000000000000000000
0.51000000000000000888	1.00000030433951248021	0.00022490561254043435	1.99977509438745992831	0.00012131187865559097	0.00000000000000000000	0.00000000000000000000	0.00000000000000000000
0.52000000000000001776	1.00000025089846444892	0.00018524051187063749	1.99981475948811704413	0.00010003359482167437	0.00000000000000000000	0.00000000000000000000	0.00000000000000000000
0.53000000000000002665	1.00000020680367995851	0.00015255429117058279	1.99984744570882488901	0.00008247094260850086	0.00000000000000000000	0.00000000000000000000	0.00000000000000000000
0.54000000000000003553	1.00000017042976407922	0.00012562306404015897	1.99987437693595748733	0.00006797912267095199	0.00000000000000000000	0.00000000000000000000	0.00000000000000000000
0.55000000000000004441	1.00000014043176332912	0.00010343660483674529	1.99989656339516175265	0.00005602425317114850	0.00000000000000000000	0.00000000000000000000	0.00000000000000000000
0.56000000000000005329	1.00000011569733571193	0.00008516128470979753	1.99991483871528652472	0.00004616452882557448	0.00000000000000000000	0.00000000000000000000	0.00000000000000000000
0.57000000000000006217	1.00000009530690703308	0.00007010937970669996	1.99992989062028359015	0.00003803452170208282	0.00000000000000000000	0.00000000000000000000	0.00000000000000000000
0.57999999999999996003	1.00000007850059846604	0.00005771366950682010	1.99994228633049564436	0.00003133211441110050	0.00000000000000000000	0.00000000000000000000	0.00000000000000000000
0.58999999999999996891	1.00000006465069923856	0.00004750642542094358	1.99995249357457716144	0.00002580763526121718	0.00000000000000000000	0.00000000000000000000	0.00000000000000000000
0.59999999999999997780	1.00000005323888552233	0.00003910203724651293	1.99996089796274345574	0.00002125483258529603	0.00000000000000000000	0.00000000000000000000	0.00000000000000000000
0.60999999999999998668	1.00000004383729468316	0.00003218265488940137	1.99996781734510786777	0.00001750338315269850	0.00000000000000000000	0.00000000000000000000	0.00000000000000000000
0.61999999999999999556	1.00000003609281229444	0.00002648632620719408	1.99997351367377729225	0.00001441267863742571	0.00000000000000000000	0.00000000000000000000	0.00000000000000000000
0.63000000000000000444	1.00000002971412671471	0.00002179720059197034	1.99997820279940907717	0.00001186667567167509	0.00000000000000000000	0.00000000000000000000	0.00000000000000000000
0.64000000000000001332	1.00000002446094282682	0.00001793744119587156	1.99998206255879451554	0.00000976963012248499	0.00000000000000000000	0.00000000000000000000	0.00000000000000000000
0.65000000000000002220	1.00000002013510935761	0.00001476054978760287	1.99998523945021711157	0.00000804256581140071	0.00000000000000000000	0.00000000000000000000	0.00000000000000000000
0.66000000000000003109	1.00000001657323900339	0.00001214585902208547	1.99998785414096680313	0.00000662035276655636	0.00000000000000000000	0.00000000000000000000	0.00000000000000000000
0.67000000000000003997	1.00000001364066792853	0.00000999398910324521	1.99999000601089282902	0.00000544929096175321	0.00000000000000000000	0.00000000000000000000	0.00000000000000000000
0.68000000000000004885	1.00000001122641313245	0.00000822310084663155	1.99999177689915197398	0.00000448511297108963	0.00000000000000000000	0.00000000000000000000	0.00000000000000000000
0.69000000000000005773	1.00000000923900334016	0.00000676580620056232	1.99999323419379826383	0.00000369133357791223	nan	0.00000000000000000000	0.00000000000000000000
0.70000000000000006661	1.00000000760307772296	0.00000556662136409280	1.99999443337863214154	0.00000303788657484297	nan	0.00000000000000000000	0.00000000000000000000
0.70999999999999996447	1.00000000625655682818	0.00000457986758565991	1.99999542013241371485	0.00000249999916229652	0.00000000000000000000	0.00000000000000000000	0.00000000000000000000
0.71999999999999997335	1.00000000514831399734	0.00000376794123790178	1.99999623205876475573	0.00000205726282312741	0.00000000000000000000	0.00000000000000000000	0.00000000000000000000
0.72999999999999998224	1.00000000423622759094	0.00000309988842583011	1.99999690011157205127	0.00000169286659756433	0.00000000000000000000	0.00000000000000000000	0.00000000000000000000
0.73999999999999999112	1.00000000348561668417	0.00000255023068368937	1.99999744976931648210	0.00000139296453901339	nan	0.00000000000000000000	0.00000000000000000000
0.75000000000000000000	1.00000000286792056770	0.00000209799765520368	1.99999790200234506266	0.00000114615399433548	nan	0.00000000000000000000	0.00000000000000000000
0.76000000000000000888	1.00000000235961916673	0.00000172593036897507	1.99999827406962848997	0.00000094304538710536	nan	0.00000000000000000000	0.00000000000000000000
0.77000000000000001776	1.00000000194135285625	0.00000141982509497135	1.99999858017489895445	0.00000077590752771155	0.00000000000000000000	0.00000000000000000000	0.00000000000000000000
0.78000000000000002665	1.00000000159719060200	0.00000116799303122696	1.99999883200697015084	0.00000063837524596000	nan	0.00000000000000000000	0.00000000000000000000
0.79000000000000003553	1.00000000131401489689	0.00000096081541434679	1.99999903918457810903	0.00000052520843703647	0.00000000000000000000	0.00000000000000000000	0.00000000000000000000
0.80000000000000004441	1.00000000108102149454	0.00000079037723250902	1.99999920962276278580	0.00000043209351117336	0.00000000000000000000	0.00000000000000000000	0.00000000000000000000
0.81000000000000005329	1.00000000088932994302	0.00000065016567733165	1.99999934983431670865	0.00000035547980857015	0.00000000000000000000	0.00000000000000000000	0.00000000000000000000
0.82000000000000006217	0.99999520118583262729	0.00000000000000000000	1.00000000000000000000	0.00000000000000000000	nan	0.00000000000000000000	0.00000000000000000000
0.83000000000000007105	0.99999999999999844569	0.00000000000000000000	1.00000000000000000000	0.00000000000000000000	nan	0.00000000000000000000	0.00000000000000000000
0.83999999999999996891	0.99999999999999755751	0.00000000000000000000	1.00000000000000000000	0.00000000000000000000	nan	0.00000000000000000000	0.00000000000000000000
0.84999999999999997780	0.99999999999999333866	0.00000000000000000000	1.00000000000000000000	0.00000000000000000000	nan	0.00000000000000000000	0.00000000000000000000
0.85999999999999998668	0.99999999999999400480	0.00000000000000000000	1.00000000000000000000	0.00000000000000000000	0.00000000000000000000	0.00000000000000000000	0.00000000000000000000
0.86999999999999999556	0.99999999999999966693	0.00000000000000000000	1.00000000000000000000	0.00000000000000000000	0.00000000000000000000	0.00000000000000000000	0.00000000000000000000
0.88000000000000000444	0.99999999999999411582	0.00000000000000000000	1.00000000000000000000	0.00000000000000000000	0.00000000000000000000	0.00000000000000000000	0.00000000000000000000
0.89000000000000001332	0.99999999999999633626	0.00000000000000000000	1.00000000000000000000	0.00000000000000000000	0.00000000000000000000	0.00000000000000000000	0.00000000000000000000
0.90000000000000002220	0.99999999999998767652	0.00000000000000000000	1.00000000000000000000	0.00000000000000000000	0.00000000000000000000	0.00000000000000000000	0.00000000000000000000
0.91000000000000003109	0.99999999999998623323	0.00000000000000000000	1.00000000000000000000	0.00000000000000000000	0.00000000000000000000	0.00000000000000000000	0.00000000000000000000
0.92000000000000003997	0.99999999999999245048	0.00000000000000000000	1.00000000000000000000	0.00000000000000000000	0.00000000000000000000	0.00000000000000000000	0.00000000000000000000
0.93000000000000004885	0.99999999999999211742	0.00000000000000000000	1.00000000000000000000	0.00000000000000000000	0.00000000000000000000	0.00000000000000000000	0.00000000000000000000
0.94000000000000005773	0.99999999999999322764	0.00000000000000000000	1.00000000000000000000	0.00000000000000000000	0.00000000000000000000	0.00000000000000000000	0.00000000000000000000
0.95000000000000006661	0.99999999999999777955	0.00000000000000000000	1.00000000000000000000	0.00000000000000000000	0.00000000000000000000	0.00000000000000000000	0.00000000000000000000
0.95999999999999996447	0.99999999999999100719	0.00000000000000000000	1.00000000000000000000	0.00000000000000000000	0.00000000000000000000	0.00000000000000000000	0.00000000000000000000
0.96999999999999997335	0.99999999999999322764	0.00000000000000000000	1.00000000000000000000	0.00000000000000000000	0.00000000000000000000	0.00000000000000000000	0.00000000000000000000
0.97999999999999998224	0.99999999999999555911	0.00000000000000000000	1.00000000000000000000	0.00000000000000000000	0.00000000000000000000	0.00000000000000000000	0.00000000000000000000
0.98999999999999999112	0.99999999999999655831	0.00000000000000000000	1.00000000000000000000	0.00000000000000000000	0.00000000000000000000	0.00000000000000000000	0.00000000000000000000
1.00000000000000000000	0.99999999999999744649	0.00000000000000000000	1.00000000000000000000	0.00000000000000000000	0.00000000000000000000	0.00000000000000000000	0.00000000000000000000
1.01000000000000000888	0.99999999999999100719	0.00000000000000000000	1.00000000000000000000	0.00000000000000000000	0.00000000000000000000	0.00000000000000000000	0.00000000000000000000
1.02000000000000001776	0.99999999999999333866	0.00000000000000000000	1.00000000000000000000	0.00000000000000000000	nan	0.00000000000000000000	0.00000000000000000000
1.03000000000000002665	0.99999999999999189537	0.00000000000000000000	1.00000000000000000000	0.00000000000000000000	0.00000000000000000000	0.00000000000000000000	0.00000000000000000000
1.04000000000000003553	0.99999999999999278355	0.00000000000000000000	1.00000000000000000000	0.00000000000000000000	0.00000000000000000000	0.00000000000000000000	0.00000000000000000000
1.05000000000000004441	0.99999999999999567013	0.00000000000000000000	1.00000000000000000000	0.00000000000000000000	0.00000000000000000000	0.00000000000000000000	0.00000000000000000000
1.06000000000000005329	0.99999999999999666933	0.00000000000000000000	1.00000000000000000000	0.00000000000000000000	0.00000000000000000000	0.00000000000000000000	0.00000000000000000000
1.07000000000000006217	0.99999999999998889777	0.00000000000000000000	1.00000000000000000000	0.00000000000000000000	0.00000000000000000000	0.00000000000000000000	0.00000000000000000000
1.08000000000000007105	0.99999999999998978595	0.00000000000000000000	1.00000000000000000000	0.00000000000000000000	0.00000000000000000000	0.00000000000000000000	0.00000000000000000000
1.09000000000000007994	0.99999999999999666933	0.00000000000000000000	1.00000000000000000000	0.00000000000000000000	0.00000000000000000000	0.00000000000000000000	0.00000000000000000000
1.10000000000000008882	0.99999999999999777955	0.00000000000000000000	1.00000000000000000000	0.00000000000000000000	0.00000000000000000000	0.00000000000000000000	0.00000000000000000000
1.11000000000000009770	0.99999999999999211742	0.00000000000000000000	1.00000000000000000000	0.00000000000000000000	0.00000000000000000000	0.00000000000000000000	0.00000000000000000000
1.12000000000000010658	0.99999999999999567013	0.00000000000000000000	1.00000000000000000000	0.00000000000000000000	0.00000000000000000000	0.00000000000000000000	0.00000000000000000000
1.13000000000000011546	0.99999999999999389377	0.00000000000000000000	1.00000000000000000000	0.00000000000000000000	0.00000000000000000000	0.00000000000000000000	0.00000000000000000000
1.14000000000000012434	0.99999999999998967493	0.00000000000000000000	1.00000000000000000000	0.00000000000000000000	0.00000000000000000000	0.00000000000000000000	0.00000000000000000000
1.15000000000000013323	0.99999999999999023004	0.00000000000000000000	1.00000000000000000000	0.00000000000000000000	0.00000000000000000000	0.00000000000000000000	0.00000000000000000000
1.15999999999999992006	0.99999999999999900080	0.00000000000000000000	1.00000000000000000000	0.00000000000000000000	nan	0.00000000000000000000	0.00000000000000000000
1.16999999999999992895	0.99999999999999611422	0.00000000000000000000	1.00000000000000000000	0.00000000000000000000	0.00000000000000000000	0.00000000000000000000	0.00000000000000000000
1.17999999999999993783	0.99999999999999489297	0.00000000000000000000	1.00000000000000000000	0.00000000000000000000	0.00000000000000000000	0.00000000000000000000	0.00000000000000000000
1.18999999999999994671	0.99999999999999467093	0.00000000000000000000	1.00000000000000000000	0.00000000000000000000	0.00000000000000000000	0.00000000000000000000	0.00000000000000000000
1.19999999999999995559	0.99999999999999789058	0.00000000000000000000	1.00000000000000000000	0.00000000000000000000	0.00000000000000000000	0.00000000000000000000	0.00000000000000000000
1.20999999999999996447	0.99999999999999944489	0.00000000000000000000	1.00000000000000000000	0.00000000000000000000	0.00000000000000000000	0.00000000000000000000	0.00000000000000000000
1.21999999999999997335	0.99999999999999578115	0.00000000000000000000	1.00000000000000000000	0.00000000000000000000	0.00000000000000000000	0.00000000000000000000	0.00000000000000000000
1.22999999999999998224	0.99999999999999633626	0.00000000000000000000	1.00000000000000000000	0.00000000000000000000	nan	0.00000000000000000000	0.00000000000000000000
1.23999999999999999112	0.99999999999999267253	0.00000000000000000000	1.00000000000000000000	0.00000000000000000000	0.00000000000000000000	0.00000000000000000000	0.00000000000000000000
1.25000000000000000000	0.99999999999999400480	0.00000000000000000000	1.00000000000000000000	0.00000000000000000000	0.00000000000000000000	0.00000000000000000000	0.00000000000000000000
1.26000000000000000888	0.99999999999999134026	0.00000000000000000000	1.00000000000000000000	0.00000000000000000000	0.00000000000000000000	0.00000000000000000000	0.00000000000000000000
1.27000000000000001776	0.99999999999998889777	0.00000000000000000000	1.00000000000000000000	0.00000000000000000000	0.00000000000000000000	0.00000000000000000000	0.00000000000000000000
1.28000000000000002665	0.99999999999999555911	0.00000000000000000000	1.00000000000000000000	0.00000000000000000000	0.00000000000000000000	0.00000000000000000000	0.00000000000000000000
1.29000000000000003553	1.00000000000000111022	0.00000000000000000000	1.00000000000000000000	0.00000000000000000000	0.00000000000000000000	0.00000000000000000000	0.00000000000000000000
1.30000000000000004441	1.00000000000000266454	0.00000000000000000000	1.00000000000000000000	0.00000000000000000000	0.00000000000000000000	0.00000000000000000000	0.00000000000000000000
1.31000000000000005329	0.99999999999999567013	0.00000000000000000000	1.00000000000000000000	0.00000000000000000000	0.00000000000000000000	0.00000000000000000000	0.00000000000000000000
1.32000000000000006217	0.99999999999999233946	0.00000000000000000000	1.00000000000000000000	0.00000000000000000000	0.00000000000000000000	0.00000000000000000000	0.00000000000000000000
1.33000000000000007105	0.99999999999999245048	0.00000000000000000000	1.00000000000000000000	0.00000000000000000000	0.00000000000000000000	0.00000000000000000000	0.00000000000000000000
1.34000000000000007994	0.99999999999999311662	0.00000000000000000000	1.00000000000000000000	0.00000000000000000000	0.00000000000000000000	0.00000000000000000000	0.00000000000000000000
1.35000000000000008882	0.99999999999999744649	0.00000000000000000000	1.00000000000000000000	0.00000000000000000000	0.00000000000000000000	0.00000000000000000000	0.00000000000000000000
1.36000000000000009770	0.99999999999999678035	0.00000000000000000000	1.00000000000000000000	0.00000000000000000000	nan	0.00000000000000000000	0.00000000000000000000
1.37000000000000010658	1.00000000000000244249	0.00000000000000000000	1.00000000000000000000	0.00000000000000000000	0.00000000000000000000	0.00000000000000000000	0.00000000000000000000
1.38000000000000011546	1.00000000000000222045	0.00000000000000000000	1.00000000000000000000	0.00000000000000000000	0.00000000000000000000	0.00000000000000000000	0.00000000000000000000
1.39000000000000012434	0.99999999999999600320	0.00000000000000000000	1.00000000000000000000	0.00000000000000000000	0.00000000000000000000	0.00000000000000000000	0.00000000000000000000
1.40000000000000013323	0.99999999999999289457	0.00000000000000000000	1.00000000000000000000	0.00000000000000000000	0.00000000000000000000	0.00000000000000000000	0.00000000000000000000
1.40999999999999992006	0.99999999999999589217	0.00000000000000000000	1.00000000000000000000	0.00000000000000000000	0.00000000000000000000	0.00000000000000000000	0.00000000000000000000
1.41999999999999992895	0.99999999999999755751	0.00000000000000000000	1.00000000000000000000	0.00000000000000000000	0.00000000000000000000	0.00000000000000000000	0.00000000000000000000
1.42999999999999993783	0.99999999999999378275	0.00000000000000000000	1.00000000000000000000	0.00000000000000000000	0.00000000000000000000	0.00000000000000000000	0.00000000000000000000
1.43999999999999994671	0.99999999999999344968	0.00000000000000000000	1.00000000000000000000	0.00000000000000000000	0.00000000000000000000	0.00000000000000000000	0.00000000000000000000
1.44999999999999995559	0.99999999999999678035	0.00000000000000000000	1.00000000000000000000	0.00000000000000000000	0.00000000000000000000	0.00000000000000000000	0.00000000000000000000
1.45999999999999996447	0.99999999999999689138	0.00000000000000000000	1.00000000000000000000	0.00000000000000000000	0.00000000000000000000	0.00000000000000000000	0.00000000000000000000
1.46999999999999997335	0.99999999999999122924	0.00000000000000000000	1.00000000000000000000	0.00000000000000000000	0.00000000000000000000	0.00000000000000000000	0.00000000000000000000
1.47999999999999998224	0.99999999999999011902	0.00000000000000000000	1.00000000000000000000	0.00000000000000000000	0.00000000000000000000	0.00000000000000000000	0.00000000000000000000
1.48999999999999999112	0.99999999999998967493	0.00000000000000000000	1.00000000000000000000	0.00000000000000000000	0.00000000000000000000	0.00000000000000000000	0.00000000000000000000
1.50000000000000000000	0.99999999999999233946	0.00000000000000000000	1.00000000000000000000	0.00000000000000000000	0.00000000000000000000	0.00000000000000000000	0.00000000000000000000
1.51000000000000000888	0.99999999999999278355	0.00000000000000000000	1.00000000000000000000	0.00000000000000000000	0.00000000000000000000	0.00000000000000000000	0.00000000000000000000
1.52000000000000001776	0.99999999999999034106	0.00000000000000000000	1.00000000000000000000	0.00000000000000000000	0.00000000000000000000	0.00000000000000000000	0.00000000000000000000
1.53000000000000002665	0.99999999999999700240	0.00000000000000000000	1.00000000000000000000	0.00000000000000000000	0.00000000000000000000	0.00000000000000000000	0.00000000000000000000
1.54000000000000003553	0.99999999999999300559	0.00000000000000000000	1.00000000000000000000	0.00000000000000000000	0.00000000000000000000	0.00000000000000000000	0.00000000000000000000
1.55000000000000004441	0.99999999999999111822	0.00000000000000000000	1.00000000000000000000	0.00000000000000000000	0.00000000000000000000	0.00000000000000000000	0.00000000000000000000
1.56000000000000005329	0.99999999999999100719	0.00000000000000000000	1.00000000000000000000	0.00000000000000000000	0.00000000000000000000	0.00000000000000000000	0.00000000000000000000
1.57000000000000006217	0.99999999999999822364	0.00000000000000000000	1.00000000000000000000	0.00000000000000000000	0.00000000000000000000	0.00000000000000000000	0.00000000000000000000
1.58000000000000007105	0.99999999999999866773	0.00000000000000000000	1.00000000000000000000	0.00000000000000000000	0.00000000000000000000	0.00000000000000000000	0.00000000000000000000
1.59000000000000007994	0.99999999999999544809	0.00000000000000000000	1.00000000000000000000	0.00000000000000000000	0.00000000000000000000	0.00000000000000000000	0.00000000000000000000
1.60000000000000008882	0.99999999999999455991	0.00000000000000000000	1.00000000000000000000	0.00000000000000000000	0.00000000000000000000	0.00000000000000000000	0.00000000000000000000
1.61000000000000009770	0.99999999999999045208	0.00000000000000000000	1.00000000000000000000	0.00000000000000000000	0.00000000000000000000	0.00000000000000000000	0.00000000000000000000
1.62000000000000010658	0.99999999999998701039	0.00000000000000000000	1.00000000000000000000	0.00000000000000000000	0.00000000000000000000	0.00000000000000000000	0.00000000000000000000
1.63000000000000011546	0.99999999999999134026	0.00000000000000000000	1.00000000000000000000	0.00000000000000000000	0.00000000000000000000	0.00000000000000000000	0.00000000000000000000
1.64000000000000012434	0.99999999999999844569	0.00000000000000000000	1.00000000000000000000	0.00000000000000000000	0.00000000000000000000	0.00000000000000000000	0.00000000000000000000
1.65000000000000013323	0.99999999999999489297	0.00000000000000000000	1.00000000000000000000	0.00000000000000000000	0.00000000000000000000	0.00000000000000000000	0.00000000000000000000
1.66000000000000014211	0.99999999999999467093	0.00000000000000000000	1.00000000000000000000	0.00000000000000000000	0.00000000000000000000	0.00000000000000000000	0.00000000000000000000
1.66999999999999992895	0.99999999999999455991	0.00000000000000000000	1.00000000000000000000	0.00000000000000000000	0.00000000000000000000	0.00000000000000000000	0.00000000000000000000
1.67999999999999993783	0.99999999999999467093	0.00000000000000000000	1.00000000000000000000	0.00000000000000000000	0.00000000000000000000	0.00000000000000000000	0.00000000000000000000
1.68999999999999994671	0.99999999999999111822	0.00000000000000000000	1.00000000000000000000	0.00000000000000000000	0.00000000000000000000	0.00000000000000000000	0.00000000000000000000
1.69999999999999995559	0.99999999999999578115	0.00000000000000000000	1.00000000000000000000	0.00000000000000000000	0.00000000000000000000	0.00000000000000000000	0.00000000000000000000
1.70999999999999996447	1.00000000000000022204	0.00000000000000000000	1.00000000000000000000	0.00000000000000000000	0.00000000000000000000	0.00000000000000000000	0.00000000000000000000
1.71999999999999997335	0.99999999999999911182	0.00000000000000000000	1.00000000000000000000	0.00000000000000000000	0.00000000000000000000	0.00000000000000000000	0.00000000000000000000
1.72999999999999998224	0.99999999999999333866	0.00000000000000000000	1.00000000000000000000	0.00000000000000000000	0.00000000000000000000	0.00000000000000000000	0.00000000000000000000
1.73999999999999999112	0.99999999999999644729	0.00000000000000000000	1.00000000000000000000	0.00000000000000000000	0.00000000000000000000	0.00000000000000000000	0.00000000000000000000
1.75000000000000000000	0.99999999999999722444	0.00000000000000000000	1.00000000000000000000	0.00000000000000000000	0.00000000000000000000	0.00000000000000000000	0.00000000000000000000
1.76000000000000000888	0.99999999999999344968	0.00000000000000000000	1.00000000000000000000	0.00000000000000000000	0.00000000000000000000	0.00000000000000000000	0.00000000000000000000
1.77000000000000001776	0.99999999999999722444	0.00000000000000000000	1.00000000000000000000	0.00000000000000000000	0.00000000000000000000	0.00000000000000000000	0.00000000000000000000
1.78000000000000002665	0.99999999999999422684	0.00000000000000000000	1.00000000000000000000	0.00000000000000000000	0.00000000000000000000	0.00000000000000000000	0.00000000000000000000
1.79000000000000003553	1.00000000000000155431	0.00000000000000000000	1.00000000000000000000	0.00000000000000000000	0.00000000000000000000	0.00000000000000000000	0.00000000000000000000
1.80000000000000004441	1.00000000000000111022	0.00000000000000000000	1.00000000000000000000	0.00000000000000000000	0.00000000000000000000	0.00000000000000000000	0.00000000000000000000
1.81000000000000005329	0.99999999999999833467	0.00000000000000000000	1.00000000000000000000	0.00000000000000000000	0.00000000000000000000	0.00000000000000000000	0.00000000000000000000
1.82000000000000006217	0.99999999999999344968	0.00000000000000000000	1.00000000000000000000	0.00000000000000000000	0.00000000000000000000	0.00000000000000000000	0.00000000000000000000
1.83000000000000007105	0.99999999999999455991	0.00000000000000000000	1.00000000000000000000	0.00000000000000000000	0.00000000000000000000	0.00000000000000000000	0.00000000000000000000
1.84000000000000007994	0.99999999999999922284	0.00000000000000000000	1.00000000000000000000	0.00000000000000000000	0.00000000000000000000	0.00000000000000000000	0.00000000000000000000
1.85000000000000008882	0.99999999999999944489	0.00000000000000000000	1.00000000000000000000	0.00000000000000000000	0.00000000000000000000	0.00000000000000000000	0.00000000000000000000
1.86000000000000009770	1.00000000000000333067	0.00000000000000000000	1.00000000000000000000	0.00000000000000000000	0.00000000000000000000	0.00000000000000000000	0.00000000000000000000
1.87000000000000010658	1.00000000000000377476	0.00000000000000000000	1.00000000000000000000	0.00000000000000000000	0.00000000000000000000	0.00000000000000000000	0.00000000000000000000
1.88000000000000011546	0.99999999999999289457	0.00000000000000000000	1.00000000000000000000	0.00000000000000000000	0.00000000000000000000	0.00000000000000000000	0.00000000000000000000
1.89000000000000012434	0.99999999999999023004	0.00000000000000000000	1.00000000000000000000	0.00000000000000000000	0.00000000000000000000	0.00000000000000000000	0.00000000000000000000
1.90000000000000013323	0.99999999999999444888	0.00000000000000000000	1.00000000000000000000	0.00000000000000000000	0.00000000000000000000	0.00000000000000000000	0.00000000000000000000
1.91000000000000014211	0.99999999999999422684	0.00000000000000000000	1.00000000000000000000	0.00000000000000000000	0.00000000000000000000	0.00000000000000000000	0.00000000000000000000
1.91999999999999992895	0.99999999999999733546	0.00000000000000000000	1.00000000000000000000	0.00000000000000000000	0.00000000000000000000	0.00000000000000000000	0.00000000000000000000
1.92999999999999993783	0.99999999999999877875	0.00000000000000000000	1.00000000000000000000	0.00000000000000000000	0.00000000000000000000	0.00000000000000000000	0.00000000000000000000
1.93999999999999994671	0.99999999999999511502	0.00000000000000000000	1.00000000000000000000	0.00000000000000000000	0.00000000000000000000	0.00000000000000000000	0.00000000000000000000
1.94999999999999995559	0.99999999999999655831	0.00000000000000000000	1.00000000000000000000	0.00000000000000000000	0.00000000000000000000	0.00000000000000000000	0.00000000000000000000
1.95999999999999996447	1.00000000000000022204	0.00000000000000000000	1.00000000000000000000	0.00000000000000000000	0.00000000000000000000	0.00000000000000000000	0.00000000000000000000
1.96999999999999997335	0.99999999999999555911	0.00000000000000000000	1.00000000000000000000	0.00000000000000000000	0.00000000000000000000	0.00000000000000000000	0.00000000000000000000
1.97999999999999998224	0.99999999999999844569	0.00000000000000000000	1.00000000000000000000	0.00000000000000000000	0.00000000000000000000	0.00000000000000000000	0.00000000000000000000
1.98999999999999999112	0.99999999999999789058	0.00000000000000000000	1.00000000000000000000	0.00000000000000000000	0.00000000000000000000	0.00000000000000000000	0.00000000000000000000
2.00000000000000000000	0.99999999999999333866	0.00000000000000000000	1.00000000000000000000	0.00000000000000000000	0.00000000000000000000	0.00000000000000000000	0.00000000000000000000
2.01000000000000023093	0.99999999999998512301	0.00000000000000000000	1.00000000000000000000	0.00000000000000000000	0.00000000000000000000	0.00197734543971871341	0.00001977345439718714
2.02000000000000001776	0.99999999999996247446	0.00000000000000000000	1.00000000000000000000	0.00000000000000000000	0.00000000000000000000	0.01410726386871482586	0.00016084609308433540
2.03000000000000024869	0.99999999999994937383	0.00000000000000000000	1.00000000000000000000	0.00000000000000000000	0.00000000000000000000	0.03004587152980281450	0.00046130480838236354
2.04000000000000003553	0.99999999999993405275	0.00000000000000000000	1.00000000000000000000	0.00000000000000000000	0.00000000000000000000	0.04498330058754276134	0.00091113781425779120
2.04999999999999982236	0.99999999999993061106	0.00000000000000000000	1.00000000000000000000	0.00000000000000000000	0.00000000000000000000	0.05677042626367847372	0.00147884207689457595
2.06000000000000005329	0.99999999999991373567	0.00000000000000000000	1.00000000000000000000	0.00000000000000000000	0.00000000000000000000	0.06476744232414205493	0.00212651650013599659
2.06999999999999984013	0.99999999999989586108	0.00000000000000000000	1.00000000000000000000	0.00000000000000000000	0.00000000000000000000	0.06913370335741091111	0.00281785353371010600
2.08000000000000007105	0.99999999999988387067	0.00000000000000000000	1.00000000000000000000	0.00000000000000000000	0.00000000000000000000	0.07040142159030080005	0.00352186774961311391
2.08999999999999985789	0.99999999999988542498	0.00000000000000000000	1.00000000000000000000	0.00000000000000000000	0.00000000000000000000	0.06922941490580794555	0.00421416189867119314
2.10000000000000008882	0.99999999999987354560	0.00000000000000000000	1.00000000000000000000	0.00000000000000000000	0.00000000000000000000	0.06626902502473398793	0.00487685214891853298
2.10999999999999987566	0.99999999999984456878	0.00000000000000000000	1.00000000000000000000	0.00000000000000000000	0.00000000000000000000	0.06209826530224860780	0.00549783480194101885
2.12000000000000010658	0.99999999999983546495	0.00000000000000000000	1.00000000000000000000	0.00000000000000000000	0.00000000000000000000	0.05719611113747458814	0.00606979591331576439
2.12999999999999989342	0.99999999999981270538	0.00000000000000000000	1.00000000000000000000	0.00000000000000000000	0.00000000000000000000	0.05193926472694052054	0.00658918856058516959
2.14000000000000012434	0.99999999999979072296	0.00000000000000000000	1.00000000000000000000	0.00000000000000000000	0.00000000000000000000	0.04661051029878691965	0.00705529366357303921
2.14999999999999991118	0.99999999999977284837	0.00000000000000000000	1.00000000000000000000	0.00000000000000000000	0.00000000000000000000	0.04141214418570992456	0.00746941510543013866
2.16000000000000014211	0.99999999999975153209	0.00000000000000000000	1.00000000000000000000	0.00000000000000000000	0.00000000000000000000	0.03648073703273262136	0.00783422247575746473
2.16999999999999992895	0.99999999999973798737	0.00000000000000000000	1.00000000000000000000	0.00000000000000000000	0.00000000000000000000	0.03190121378343618169	0.00815323461359182718
2.18000000000000015987	0.99999999999973121501	0.00000000000000000000	1.00000000000000000000	0.00000000000000000000	0.00000000000000000000	0.02771928830809851363	0.00843042749667281301
2.18999999999999994671	0.99999999999972932763	0.00000000000000000000	1.00000000000000000000	0.00000000000000000000	0.00000000000000000000	0.02395190729873166585	0.00866994656966012939
2.20000000000000017764	0.99999999999973532283	0.00000000000000000000	1.00000000000000000000	0.00000000000000000000	0.00000000000000000000	0.02059570273689789038	0.00887590359702910767
2.20999999999999996447	0.99999999999971911357	0.00000000000000000000	1.00000000000000000000	0.00000000000000000000	0.00000000000000000000	0.01763362844908863969	0.00905223988151999427
2.22000000000000019540	0.99999999999971578291	0.00000000000000000000	1.00000000000000000000	0.00000000000000000000	0.00000000000000000000	0.01504003148055454986	0.00920264019632553894
2.22999999999999998224	0.99999999999971400655	0.00000000000000000000	1.00000000000000000000	0.00000000000000000000	0.00000000000000000000	0.01278442616694510856	0.00933048445799498916
2.24000000000000021316	0.99999999999969424458	0.00000000000000000000	1.00000000000000000000	0.00000000000000000000	0.00000000000000000000	0.01083422468235949350	0.00943882670481858456
2.25000000000000000000	0.99999999999965827335	0.00000000000000000000	1.00000000000000000000	0.00000000000000000000	0.00000000000000000000	0.00915664884785787232	0.00953039319329716285
2.26000000000000023093	0.99999999999961364239	0.00000000000000000000	1.00000000000000000000	0.00000000000000000000	0.00000000000000000000	0.00772001373864881525	0.00960759333068365168
2.27000000000000001776	0.99999999999960631492	0.00000000000000000000	1.00000000000000000000	0.00000000000000000000	0.00000000000000000000	0.00649453953156127820	0.00967253872599926380
2.28000000000000024869	0.99999999999961131092	0.00000000000000000000	1.00000000000000000000	0.00000000000000000000	0.00000000000000000000	0.00545281686259964111	0.00972706689462526052
2.29000000000000003553	0.99999999999959432451	0.00000000000000000000	1.00000000000000000000	0.00000000000000000000	0.00000000000000000000	0.00457002391209943969	0.00977276713374625530
2.30000000000000026645	0.99999999999957323027	0.00000000000000000000	1.00000000000000000000	0.00000000000000000000	0.00000000000000000000	0.00382397078331462442	0.00981100684157940224
2.31000000000000005329	0.99999999999957367436	0.00000000000000000000	1.00000000000000000000	0.00000000000000000000	0.00000000000000000000	0.00319502827451755445	0.00984295712432457781
2.31999999999999984013	0.99999999999956667995	0.00000000000000000000	1.00000000000000000000	0.00000000000000000000	0.00000000000000000000	0.00266598341054681250	0.00986961695843004659
2.33000000000000007105	0.99999999999955724306	0.00000000000000000000	1.00000000000000000000	0.00000000000000000000	0.00000000000000000000	0.00222185255519364742	0.00989183548398198283
2.33999999999999985789	0.99999999999953681495	0.00000000000000000000	1.00000000000000000000	0.00000000000000000000	0.00000000000000000000	0.00184967402698159159	0.00991033222425179855
2.35000000000000008882	0.99999999999952871033	0.00000000000000000000	1.00000000000000000000	0.00000000000000000000	0.00000000000000000000	0.00153829538673254536	0.00992571517811912350
2.35999999999999987566	0.99999999999952426943	0.00000000000000000000	1.00000000000000000000	0.00000000000000000000	0.00000000000000000000	0.00127816551748783877	0.00993849683329400130
2.37000000000000010658	0.99999999999951605378	0.00000000000000000000	1.00000000000000000000	0.00000000000000000000	0.00000000000000000000	0.00106113790564320862	0.00994910821235043402
2.37999999999999989342	0.99999999999951449947	0.00000000000000000000	1.00000000000000000000	0.00000000000000000000	0.00000000000000000000	0.00088028885171103982	0.00995791110086754507
2.39000000000000012434	0.99999999999950772711	0.00000000000000000000	1.00000000000000000000	0.00000000000000000000	0.00000000000000000000	0.00072975244398755957	0.00996520862530742013
2.39999999999999991118	0.99999999999948752105	0.00000000000000000000	1.00000000000000000000	0.00000000000000000000	0.00000000000000000000	0.00060457282335448751	0.00997125435354096444
2.41000000000000014211	0.99999999999946354023	0.00000000000000000000	1.00000000000000000000	0.00000000000000000000	0.00000000000000000000	0.00050057339971671224	0.00997626008753813194
2.41999999999999992895	0.99999999999945865525	0.00000000000000000000	1.00000000000000000000	0.00000000000000000000	0.00000000000000000000	0.00041424213214974953	0.00998040250885962911
2.43000000000000015987	0.99999999999945976548	0.00000000000000000000	1.00000000000000000000	0.00000000000000000000	0.00000000000000000000	0.00034263166559425276	0.00998382882551557098
2.43999999999999994671	0.99999999999946287410	0.00000000000000000000	1.00000000000000000000	0.00000000000000000000	0.00000000000000000000	0.00028327295891901152	0.00998666155510476161
2.45000000000000017764	0.99999999999944033657	0.00000000000000000000	1.00000000000000000000	0.00000000000000000000	0.00000000000000000000	0.00023410099168548574	0.00998900256502161660
2.45999999999999996447	0.99999999999941668882	0.00000000000000000000	1.00000000000000000000	0.00000000000000000000	0.00000000000000000000	0.00019339116267885024	0.00999093647664840538
2.47000000000000019540	0.99999999999938771200	0.00000000000000000000	1.00000000000000000000	0.00000000000000000000	0.00000000000000000000	0.00015970506513389763	0.00999253352729974516
2.47999999999999998224	0.99999999999937294604	0.00000000000000000000	1.00000000000000000000	0.00000000000000000000	0.00000000000000000000	0.00013184442224301100	0.00999385197152217498
2.49000000000000021316	0.99999999999934563455	0.00000000000000000000	1.00000000000000000000	0.00000000000000000000	0.00000000000000000000	0.00010881207843889393	0.00999494009230656420
2.50000000000000000000	0.99999999999934785500	0.00000000000000000000	1.00000000000000000000	0.00000000000000000000	0.00000000000000000000	0.00008977905785629425	0.00999583788288512659
2.51000000000000023093	0.99999999999932176475	0.00000000000000000000	1.00000000000000000000	0.00000000000000000000	0.00000000000000000000	0.00007405681519120649	0.00999657845103703833
2.52000000000000001776	0.99999999999928412819	0.00000000000000000000	1.00000000000000000000	0.00000000000000000000	0.00000000000000000000	0.00006107391206721742	0.00999718919015771083
2.53000000000000024869	0.99999999999925692773	0.00000000000000000000	1.00000000000000000000	0.00000000000000000000	0.00000000000000000000	0.00005035645177117334	0.00999769275467542184
2.54000000000000003553	0.99999999999926936223	0.00000000000000000000	1.00000000000000000000	0.00000000000000000000	0.00000000000000000000	0.00004151169575103094	0.00999810787163293163
2.55000000000000026645	0.99999999999924449323	0.00000000000000000000	1.00000000000000000000	0.00000000000000000000	0.00000000000000000000	0.00003421436625252879	0.00999845001529545661
2.56000000000000005329	0.99999999999922728477	0.00000000000000000000	1.00000000000000000000	0.00000000000000000000	0.00000000000000000000	0.00002819521109327760	0.00999873196740638966
2.56999999999999984013	0.99999999999920985427	0.00000000000000000000	1.00000000000000000000	0.00000000000000000000	0.00000000000000000000	0.00002323146932673609	0.00999896428209965694
2.58000000000000007105	0.99999999999919997329	0.00000000000000000000	1.00000000000000000000	0.00000000000000000000	0.00000000000000000000	0.00001913893111163715	0.00999915567141077336
2.58999999999999985789	0.99999999999918398608	0.00000000000000000000	1.00000000000000000000	0.00000000000000000000	0.00000000000000000000	0.00001576533223801665	0.00999931332473315282
2.60000000000000008882	0.99999999999915456517	0.00000000000000000000	1.00000000000000000000	0.00000000000000000000	0.00000000000000000000	0.00001298486425775450	0.00999944317337573066
2.60999999999999987566	0.99999999999913491422	0.00000000000000000000	1.00000000000000000000	0.00000000000000000000	0.00000000000000000000	0.00001069361579688242	0.00999955010953369923
2.62000000000000010658	0.99999999999911648452	0.00000000000000000000	1.00000000000000000000	0.00000000000000000000	0.00000000000000000000	0.00000880579011926586	0.00999963816743489227
2.62999999999999989342	0.99999999999910837989	0.00000000000000000000	1.00000000000000000000	0.00000000000000000000	0.00000000000000000000	0.00000725056903942922	0.00999971067312528661
2.64000000000000012434	0.99999999999910105242	0.00000000000000000000	1.00000000000000000000	0.00000000000000000000	0.00000000000000000000	0.00000596951445640308	0.00999977036826985022
2.64999999999999991118	0.99999999999909849890	0.00000000000000000000	1.00000000000000000000	0.00000000000000000000	0.00000000000000000000	0.00000491441664506917	0.00999981951243630006
2.66000000000000014211	0.99999999999909694459	0.00000000000000000000	1.00000000000000000000	0.00000000000000000000	0.00000000000000000000	0.00000404551347731946	0.00999985996757107344
2.66999999999999992895	0.99999999999910516024	0.00000000000000000000	1.00000000000000000000	0.00000000000000000000	0.00000000000000000000	0.00000333001737322661	0.00999989326774480651
2.68000000000000015987	0.99999999999908539827	0.00000000000000000000	1.00000000000000000000	0.00000000000000000000	0.00000000000000000000	0.00000274089736757128	0.00999992067671848228
2.68999999999999994671	0.99999999999907185355	0.00000000000000000000	1.00000000000000000000	0.00000000000000000000	0.00000000000000000000	0.00000225587253477985	0.00999994323544383008
2.70000000000000017764	0.99999999999906663550	0.00000000000000000000	1.00000000000000000000	0.00000000000000000000	0.00000000000000000000	0.00000185658041595872	0.00999996180124798975
2.70999999999999996447	0.99999999999904976011	0.00000000000000000000	1.00000000000000000000	0.00000000000000000000	0.00000000000000000000	0.00000152789026655029	0.00999997708015065538
2.72000000000000019540	0.99999999999902722259	0.00000000000000000000	1.00000000000000000000	0.00000000000000000000	0.00000000000000000000	0.00000125733608860602	0.00999998965351154082
2.72999999999999998224	0.99999999999903721459	0.00000000000000000000	1.00000000000000000000	0.00000000000000000000	0.00000000000000000000	0.00000103464869466223	0.00999999999999848753
2.74000000000000021316	1.00000000000000000000	0.00000000000000000000	1.00000000000000000000	0.00000000000000000000	0.00000000000000000000	0.00000000000000000000	0.00999999999999848753
2.75000000000000000000	1.00000000000000000000	0.00000000000000000000	1.00000000000000000000	0.00000000000000000000	0.00000000000000000000	0.00000000000000000000	0.00999999999999848753
2.76000000000000023093	1.00000000000000000000	0.00000000000000000000	1.00000000000000000000	0.00000000000000000000	0.00000000000000000000	0.00000000000000000000	0.00999999999999848753
2.77000000000000001776	1.00000000000000000000	0.00000000000000000000	1.00000000000000000000	0.00000000000000000000	0.00000000000000000000	0.00000000000000000000	0.00999999999999848753
2.78000000000000024869	1.00000000000000000000	0.00000000000000000000	1.00000000000000000000	0.00000000000000000000	0.00000000000000000000	0.00000000000000000000	0.00999999999999848753
2.79000000000000003553	1.00000000000000000000	0.00000000000000000000	1.00000000000000000000	0.00000000000000000000	0.00000000000000000000	0.00000000000000000000	0.00999999999999848753
2.80000000000000026645	1.00000000000000000000	0.00000000000000000000	1.00000000000000000000	0.00000000000000000000	0.00000000000000000000	0.00000000000000000000	0.00999999999999848753
2.81000000000000005329	1.00000000000000000000	0.00000000000000000000	1.00000000000000000000	0.00000000000000000000	0.00000000000000000000	0.00000000000000000000	0.00999999999999848753
2.81999999999999984013	1.00000000000000000000	0.00000000000000000000	1.00000000000000000000	0.00000000000000000000	0.00000000000000000000	0.00000000000000000000	0.00999999999999848753
2.83000000000000007105	1.00000000000000000000	0.00000000000000000000	1.00000000000000000000	0.00000000000000000000	0.00000000000000000000	0.00000000000000000000	0.00999999999999848753
2.83999999999999985789	1.00000000000000000000	0.00000000000000000000	1.00000000000000000000	0.00000000000000000000	0.00000000000000000000	0.00000000000000000000	0.00999999999999848753
2.85000000000000008882	1.00000000000000000000	0.00000000000000000000	1.00000000000000000000	0.00000000000000000000	0.00000000000000000000	0.00000000000000000000	0.00999999999999848753
2.85999999999999987566	1.00000000000000000000	0.00000000000000000000	1.00000000000000000000	0.00000000000000000000	0.00000000000000000000	0.00000000000000000000	0.00999999999999848753
2.87000000000000010658	1.00000000000000000000	0.00000000000000000000	1.00000000000000000000	0.00000000000000000000	0.00000000000000000000	0.00000000000000000000	0.00999999999999848753
2.87999999999999989342	1.00000000000000000000	0.00000000000000000000	1.00000000000000000000	0.00000000000000000000	0.00000000000000000000	0.00000000000000000000	0.00999999999999848753
2.89000000000000012434	1.00000000000000000000	0.00000000000000000000	1.00000000000000000000	0.00000000000000000000	0.00000000000000000000	0.00000000000000000000	0.00999999999999848753
2.89999999999999991118	1.00000000000000000000	0.00000000000000000000	1.00000000000000000000	0.00000000000000000000	0.00000000000000000000	0.00000000000000000000	0.00999999999999848753
2.91000000000000014211	1.00000000000000000000	0.00000000000000000000	1.00000000000000000000	0.00000000000000000000	0.00000000000000000000	0.00000000000000000000	0.00999999999999848753
2.91999999999999992895	1.00000000000000000000	0.00000000000000000000	1.00000000000000000000	0.00000000000000000000	0.00000000000000000000	0.00000000000000000000	0.00999999999999848753
2.93000000000000015987	1.00000000000000000000	0.00000000000000000000	1.00000000000000000000	0.00000000000000000000	0.00000000000000000000	0.00000000000000000000	0.00999999999999848753
2.93999999999999994671	1.00000000000000000000	0.00000000000000000000	1.00000000000000000000	0.00000000000000000000	0.00000000000000000000	0.00000000000000000000	0.00999999999999848753
2.95000000000000017764	1.00000000000000000000	0.00000000000000000000	1.00000000000000000000	0.00000000000000000000	0.00000000000000000000	0.00000000000000000000	0.00999999999999848753
2.95999999999999996447	1.00000000000000000000	0.00000000000000000000	1.00000000000000000000	0.00000000000000000000	0.00000000000000000000	0.00000000000000000000	0.00999999999999848753
2.97000000000000019540	1.00000000000000000000	0.00000000000000000000	1.00000000000000000000	0.00000000000000000000	0.00000000000000000000	0.00000000000000000000	0.00999999999999848753
2.97999999999999998224	1.00000000000000000000	0.00000000000000000000	1.00000000000000000000	0.00000000000000000000	0.00000000000000000000	0.00000000000000000000	0.00999999999999848753
2.99000000000000021316	1.00000000000000000000	0.00000000000000000000	1.00000000000000000000	0.00000000000000000000	0.00000000000000000000	0.00000000000000000000	0.00999999999999848753
3.00000000000000000000	1.00000000000000000000	0.00000000000000000000	1.00000000000000000000	0.00000000000000000000	0.00000000000000000000	0.00000000000000000000	0.00999999999999848753
3.01000000000000023093	1.00000000000000000000	0.00000000000000000000	1.00000000000000000000	0.00000000000000000000	0.00000000000000000000	0.00000000000000000000	0.00999999999999848753
3.02000000000000001776	1.00000000000000000000	0.00000000000000000000	1.00000000000000000000	0.00000000000000000000	0.00000000000000000000	0.00000000000000000000	0.00999999999999848753
3.03000000000000024869	1.00000000000000000000	0.00000000000000000000	1.00000000000000000000	0.00000000000000000000	0.00000000000000000000	0.00000000000000000000	0.00999999999999848753
3.04000000000000003553	1.00000000000000000000	0.00000000000000000000	1.00000000000000000000	0.00000000000000000000	0.00000000000000000000	0.00000000000000000000	0.00999999999999848753
3.05000000000000026645	1.00000000000000000000	0.00000000000000000000	1.00000000000000000000	0.00000000000000000000	0.00000000000000000000	0.00000000000000000000	0.00999999999999848753
3.06000000000000005329	1.00000000000000000000	0.00000000000000000000	1.00000000000000000000	0.00000000000000000000	0.00000000000000000000	0.00000000000000000000	0.00999999999999848753
3.07000000000000028422	1.00000000000000000000	0.00000000000000000000	1.00000000000000000000	0.00000000000000000000	0.00000000000000000000	0.00000000000000000000	0.00999999999999848753
3.08000000000000007105	1.00000000000000000000	0.00000000000000000000	1.00000000000000000000	0.00000000000000000000	0.00000000000000000000	0.00000000000000000000	0.00999999999999848753
3.08999999999999985789	1.00000000000000000000	0.00000000000000000000	1.00000000000000000000	0.00000000000000000000	0.00000000000000000000	0.00000000000000000000	0.00999999999999848753
3.10000000000000008882	1.00000000000000000000	0.00000000000000000000	1.00000000000000000000	0.00000000000000000000	0.00000000000000000000	0.00000000000000000000	0.00999999999999848753
3.10999999999999987566	1.00000000000000000000	0.00000000000000000000	1.00000000000000000000	0.00000000000000000000	0.00000000000000000000	0.00000000000000000000	0.00999999999999848753
3.12000000000000010658	1.00000000000000000000	0.00000000000000000000	1.00000000000000000000	0.00000000000000000000	0.00000000000000000000	0.00000000000000000000	0.00999999999999848753
3.12999999999999989342	1.00000000000000000000	0.00000000000000000000	1.00000000000000000000	0.00000000000000000000	0.00000000000000000000	0.00000000000000000000	0.00999999999999848753
3.14000000000000012434	1.00000000000000000000	0.00000000000000000000	1.00000000000000000000	0.00000000000000000000	0.00000000000000000000	0.00000000000000000000	0.00999999999999848753
3.14999999999999991118	1.00000000000000000000	0.00000000000000000000	1.00000000000000000000	0.00000000000000000000	0.00000000000000000000	0.00000000000000000000	0.00999999999999848753
3.16000000000000014211	1.00000000000000000000	0.00000000000000000000	1.00000000000000000000	0.00000000000000000000	0.00000000000000000000	0.00000000000000000000	0.00999999999999848753
3.16999999999999992895	1.00000000000000000000	0.00000000000000000000	1.00000000000000000000	0.00000000000000000000	0.00000000000000000000	0.00000000000000000000	0.00999999999999848753
3.18000000000000015987	1.00000000000000000000	0.00000000000000000000	1.00000000000000000000	0.00000000000000000000	0.00000000000000000000	0.00000000000000000000	0.00999999999999848753
3.18999999999999994671	1.00000000000000000000	0.00000000000000000000	1.00000000000000000000	0.00000000000000000000	0.00000000000000000000	0.00000000000000000000	0.00999999999999848753
3.20000000000000017764	1.00000000000000000000	0.00000000000000000000	1.00000000000000000000	0.00000000000000000000	0.00000000000000000000	0.00000000000000000000	0.00999999999999848753
3.20999999999999996447	1.00000000000000000000	0.00000000000000000000	1.00000000000000000000	0.00000000000000000000	0.00000000000000000000	0.00000000000000000000	0.00999999999999848753
3.22000000000000019540	1.00000000000000000000	0.00000000000000000000	1.00000000000000000000	0.00000000000000000000	0.00000000000000000000	0.00000000000000000000	0.00999999999999848753
3.22999999999999998224	1.00000000000000000000	0.00000000000000000000	1.00000000000000000000	0.00000000000000000000	0.00000000000000000000	0.00000000000000000000	0.00999999999999848753
3.24000000000000021316	1.00000000000000000000	0.00000000000000000000	1.00000000000000000000	0.00000000000000000000	0.00000000000000000000	0.00000000000000000000	0.00999999999999848753
3.25000000000000000000	1.00000000000000000000	0.00000000000000000000	1.00000000000000000000	0.00000000000000000000	0.00000000000000000000	0.00000000000000000000	0.00999999999999848753
3.26000000000000023093	1.00000000000000000000	0.00000000000000000000	1.00000000000000000000	0.00000000000000000000	0.00000000000000000000	0.00000000000000000000	0.00999999999999848753
3.27000000000000001776	1.00000000000000000000	0.00000000000000000000	1.00000000000000000000	0.00000000000000000000	0.00000000000000000000	0.00000000000000000000	0.00999999999999848753
3.28000000000000024869	1.00000000000000000000	0.00000000000000000000	1.00000000000000000000	0.00000000000000000000	0.00000000000000000000	0.00000000000000000000	0.00999999999999848753
3.29000000000000003553	1.00000000000000000000	0.00000000000000000000	1.00000000000000000000	0.00000000000000000000	0.00000000000000000000	0.00000000000000000000	0.00999999999999848753
3.30000000000000026645	1.00000000000000000000	0.00000000000000000000	1.00000000000000000000	0.00000000000000000000	0.00000000000000000000	0.00000000000000000000	0.00999999999999848753
3.31000000000000005329	1.00000000000000000000	0.00000000000000000000	1.00000000000000000000	0.00000000000000000000	0.00000000000000000000	0.00000000000000000000	0.00999999999999848753
3.32000000000000028422	1.00000000000000000000	0.00000000000000000000	1.00000000000000000000	0.00000000000000000000	0.00000000000000000000	0.00000000000000000000	0.00999999999999848753
3.33000000000000007105	1.00000000000000000000	0.00000000000000000000	1.00000000000000000000	0.00000000000000000000	0.00000000000000000000	0.00000000000000000000	0.00999999999999848753
3.33999999999999985789	1.00000000000000000000	0.00000000000000000000	1.00000000000000000000	0.00000000000000000000	0.00000000000000000000	0.00000000000000000000	0.00999999999999848753
3.35000000000000008882	1.00000000000000000000	0.00000000000000000000	1.00000000000000000000	0.00000000000000000000	0.00000000000000000000	0.00000000000000000000	0.00999999999999848753
3.35999999999999987566	1.00000000000000000000	0.00000000000000000000	1.00000000000000000000	0.00000000000000000000	0.00000000000000000000	0.00000000000000000000	0.00999999999999848753
3.37000000000000010658	1.00000000000000000000	0.00000000000000000000	1.00000000000000000000	0.00000000000000000000	0.00000000000000000000	0.00000000000000000000	0.00999999999999848753
3.37999999999999989342	1.00000000000000000000	0.00000000000000000000	1.00000000000000000000	0.00000000000000000000	0.00000000000000000000	0.00000000000000000000	0.00999999999999848753
3.39000000000000012434	1.00000000000000000000	0.00000000000000000000	1.00000000000000000000	0.00000000000000000000	0.00000000000000000000	0.00000000000000000000	0.00999999999999848753
3.39999999999999991118	1.00000000000000000000	0.00000000000000000000	1.00000000000000000000	0.00000000000000000000	0.00000000000000000000	0.00000000000000000000	0.00999999999999848753
3.41000000000000014211	1.00000000000000000000	0.00000000000000000000	1.00000000000000000000	0.00000000000000000000	0.00000000000000000000	0.00000000000000000000	0.00999999999999848753
3.41999999999999992895	1.00000000000000000000	0.00000000000000000000	1.00000000000000000000	0.00000000000000000000	0.00000000000000000000	0.00000000000000000000	0.00999999999999848753
3.43000000000000015987	1.00000000000000000000	0.00000000000000000000	1.00000000000000000000	0.00000000000000000000	0.00000000000000000000	0.00000000000000000000	0.00999999999999848753
3.43999999999999994671	1.00000000000000000000	0.00000000000000000000	1.00000000000000000000	0.00000000000000000000	0.00000000000000000000	0.00000000000000000000	0.00999999999999848753
3.45000000000000017764	1.00000000000000000000	0.00000000000000000000	1.00000000000000000000	0.00000000000000000000	0.00000000000000000000	0.00000000000000000000	0.00999999999999848753
3.45999999999999996447	1.00000000000000000000	0.00000000000000000000	1.00000000000000000000	0.00000000000000000000	0.00000000000000000000	0.00000000000000000000	0.00999999999999848753
3.47000000000000019540	1.00000000000000000000	0.00000000000000000000	1.00000000000000000000	0.00000000000000000000	0.00000000000000000000	0.00000000000000000000	0.00999999999999848753
3.47999999999999998224	1.00000000000000000000	0.00000000000000000000	1.00000000000000000000	0.00000000000000000000	0.00000000000000000000	0.00000000000000000000	0.00999999999999848753
3.49000000000000021316	1.00000000000000000000	0.00000000000000000000	1.00000000000000000000	0.00000000000000000000	0.00000000000000000000	0.00000000000000000000	0.00999999999999848753
3.50000000000000000000	1.00000000000000000000	0.00000000000000000000	1.00000000000000000000	0.00000000000000000000	0.00000000000000000000	0.00000000000000000000	0.00999999999999848753
3.51000000000000023093	1.00000000000000000000	0.00000000000000000000	1.00000000000000000000	0.00000000000000000000	0.00000000000000000000	0.00000000000000000000	0.00999999999999848753
3.52000000000000001776	1.00000000000000000000	0.00000000000000000000	1.00000000000000000000	0.00000000000000000000	0.00000000000000000000	0.00000000000000000000	0.00999999999999848753
3.53000000000000024869	1.00000000000000000000	0.00000000000000000000	1.00000000000000000000	0.00000000000000000000	0.00000000000000000000	0.00000000000000000000	0.00999999999999848753
3.54000000000000003553	1.00000000000000000000	0.00000000000000000000	1.00000000000000000000	0.00000000000000000000	0.00000000000000000000	0.00000000000000000000	0.00999999999999848753
3.55000000000000026645	1.00000000000000000000	0.00000000000000000000	1.00000000000000000000	0.00000000000000000000	0.00000000000000000000	0.00000000000000000000	0.00999999999999848753
3.56000000000000005329	1.00000000000000000000	0.00000000000000000000	1.00000000000000000000	0.00000000000000000000	0.00000000000000000000	0.00000000000000000000	0.00999999999999848753
3.57000000000000028422	1.00000000000000000000	0.00000000000000000000	1.00000000000000000000	0.00000000000000000000	0.00000000000000000000	0.00000000000000000000	0.00999999999999848753
3.58000000000000007105	1.00000000000000000000	0.00000000000000000000	1.00000000000000000000	0.00000000000000000000	0.00000000000000000000	0.00000000000000000000	0.00999999999999848753
3.58999999999999985789	1.00000000000000000000	0.00000000000000000000	1.00000000000000000000	0.00000000000000000000	0.00000000000000000000	0.00000000000000000000	0.00999999999999848753
3.60000000000000008882	1.00000000000000000000	0.00000000000000000000	1.00000000000000000000	0.00000000000000000000	0.00000000000000000000	0.00000000000000000000	0.00999999999999848753
3.60999999999999987566	1.00000000000000000000	0.00000000000000000000	1.00000000000000000000	0.00000000000000000000	0.00000000000000000000	0.00000000000000000000	0.00999999999999848753
3.62000000000000010658	1.00000000000000000000	0.00000000000000000000	1.00000000000000000000	0.00000000000000000000	0.00000000000000000000	0.00000000000000000000	0.00999999999999848753
3.62999999999999989342	1.00000000000000000000	0.00000000000000000000	1.00000000000000000000	0.00000000000000000000	0.00000000000000000000	0.00000000000000000000	0.00999999999999848753
3.64000000000000012434	1.00000000000000000000	0.00000000000000000000	1.00000000000000000000	0.00000000000000000000	0.00000000000000000000	0.00000000000000000000	0.00999999999999848753
3.64999999999999991118	1.00000000000000000000	0.00000000000000000000	1.00000000000000000000	0.00000000000000000000	0.00000000000000000000	0.00000000000000000000	0.00999999999999848753
3.66000000000000014211	1.00000000000000000000	0.00000000000000000000	1.00000000000000000000	0.00000000000000000000	0.00000000000000000000	0.00000000000000000000	0.00999999999999848753
3.66999999999999992895	1.00000000000000000000	0.00000000000000000000	1.00000000000000000000	0.00000000000000000000	0.00000000000000000000	0.00000000000000000000	0.00999999999999848753
3.68000000000000015987	1.00000000000000000000	0.00000000000000000000	1.00000000000000000000	0.00000000000000000000	0.00000000000000000000	0.00000000000000000000	0.00999999999999848753
3.68999999999999994671	1.00000000000000000000	0.00000000000000000000	1.00000000000000000000	0.00000000000000000000	0.00000000000000000000	0.00000000000000000000	0.00999999999999848753
3.70000000000000017764	1.00000000000000000000	0.00000000000000000000	1.00000000000000000000	0.00000000000000000000	0.00000000000000000000	0.00000000000000000000	0.00999999999999848753
3.70999999999999996447	1.00000000000000000000	0.00000000000000000000	1.00000000000000000000	0.00000000000000000000	0.00000000000000000000	0.00000000000000000000	0.00999999999999848753
3.72000000000000019540	1.00000000000000000000	0.00000000000000000000	1.00000000000000000000	0.00000000000000000000	0.00000000000000000000	0.00000000000000000000	0.00999999999999848753
3.72999999999999998224	1.00000000000000000000	0.00000000000000000000	1.00000000000000000000	0.00000000000000000000	0.00000000000000000000	0.00000000000000000000	0.00999999999999848753
3.74000000000000021316	1.00000000000000000000	0.00000000000000000000	1.00000000000000000000	0.00000000000000000000	0.00000000000000000000	0.00000000000000000000	0.00999999999999848753
3.75000000000000000000	1.00000000000000000000	0.00000000000000000000	1.00000000000000000000	0.00000000000000000000	0.00000000000000000000	0.00000000000000000000	0.00999999999999848753
3.76000000000000023093	1.00000000000000000000	0.00000000000000000000	1.00000000000000000000	0.00000000000000000000	0.00000000000000000000	0.00000000000000000000	0.00999999999999848753
3.77000000000000001776	1.00000000000000000000	0.00000000000000000000	1.00000000000000000000	0.00000000000000000000	0.00000000000000000000	0.00000000000000000000	0.00999999999999848753
3.78000000000000024869	1.00000000000000000000	0.00000000000000000000	1.00000000000000000000	0.00000000000000000000	0.00000000000000000000	0.00000000000000000000	0.00999999999999848753
3.79000000000000003553	1.00000000000000000000	0.00000000000000000000	1.00000000000000000000	0.00000000000000000000	0.00000000000000000000	0.00000000000000000000	0.00999999999999848753
3.80000000000000026645	1.00000000000000000000	0.00000000000000000000	1.00000000000000000000	0.00000000000000000000	0.00000000000000000000	0.00000000000000000000	0.00999999999999848753
3.81000000000000005329	1.00000000000000000000	0.00000000000000000000	1.00000000000000000000	0.00000000000000000000	0.00000000000000000000	0.00000000000000000000	0.00999999999999848753
3.82000000000000028422	1.00000000000000000000	0.00000000000000000000	1.00000000000000000000	0.00000000000000000000	0.00000000000000000000	0.00000000000000000000	0.00999999999999848753
3.83000000000000007105	1.00000000000000000000	0.00000000000000000000	1.00000000000000000000	0.00000000000000000000	0.00000000000000000000	0.00000000000000000000	0.00999999999999848753
3.83999999999999985789	1.00000000000000000000	0.00000000000000000000	1.00000000000000000000	0.00000000000000000000	0.00000000000000000000	0.00000000000000000000	0.00999999999999848753
3.85000000000000008882	1.00000000000000000000	0.00000000000000000000	1.00000000000000000000	0.00000000000000000000	0.00000000000000000000	0.00000000000000000000	0.00999999999999848753
3.85999999999999987566	1.00000000000000000000	0.00000000000000000000	1.00000000000000000000	0.00000000000000000000	0.00000000000000000000	0.00000000000000000000	0.00999999999999848753
3.87000000000000010658	1.00000000000000000000	0.00000000000000000000	1.00000000000000000000	0.00000000000000000000	0.00000000000000000000	0.00000000000000000000	0.00999999999999848753
3.87999999999999989342	1.00000000000000000000	0.00000000000000000000	1.00000000000000000000	0.00000000000000000000	0.00000000000000000000	0.00000000000000000000	0.00999999999999848753
3.89000000000000012434	1.00000000000000000000	0.00000000000000000000	1.00000000000000000000	0.00000000000000000000	0.00000000000000000000	0.00000000000000000000	0.00999999999999848753
3.89999999999999991118	1.00000000000000000000	0.00000000000000000000	1.00000000000000000000	0.00000000000000000000	0.00000000000000000000	0.00000000000000000000	0.00999999999999848753
3.91000000000000014211	1.00000000000000000000	0.00000000000000000000	1.00000000000000000000	0.00000000000000000000	0.00000000000000000000	0.00000000000000000000	0.00999999999999848753
3.91999999999999992895	1.00000000000000000000	0.00000000000000000000	1.00000000000000000000	0.00000000000000000000	0.00000000000000000000	0.00000000000000000000	0.00999999999999848753
3.93000000000000015987	1.00000000000000000000	0.00000000000000000000	1.00000000000000000000	0.00000000000000000000	0.00000000000000000000	0.00000000000000000000	0.00999999999999848753
3.93999999999999994671	1.00000000000000000000	0.00000000000000000000	1.00000000000000000000	0.00000000000000000000	0.00000000000000000000	0.00000000000000000000	0.00999999999999848753
3.95000000000000017764	1.00000000000000000000	0.00000000000000000000	1.00000000000000000000	0.00000000000000000000	0.00000000000000000000	0.00000000000000000000	0.00999999999999848753
3.95999999999999996447	1.00000000000000000000	0.00000000000000000000	1.00000000000000000000	0.00000000000000000000	0.00000000000000000000	0.00000000000000000000	0.00999999999999848753
3.97000000000000019540	1.00000000000000000000	0.00000000000000000000	1.00000000000000000000	0.00000000000000000000	0.00000000000000000000	0.00000000000000000000	0.00999999999999848753
3.97999999999999998224	1.00000000000000000000	0.00000000000000000000	1.00000000000000000000	0.00000000000000000000	0.00000000000000000000	0.00000000000000000000	0.00999999999999848753
3.99000000000000021316	1.00000000000000000000	0.00000000000000000000	1.00000000000000000000	0.00000000000000000000	0.00000000000000000000	0.00000000000000000000	0.00999999999999848753
