0.00000000000000000000	1.00000000000000000000	0.00000000000000000000	1.00000000000000000000	2.00000000000000000000	nan	0.00000000000000000000	0.00000000000000000000
0.02000000000000000042	0.96947489667496022925	0.02982595690080387663	0.93964893977415642201	1.09875304803130879883	0.53307202983331825052	0.40518539420890381519	0.00810370788417807617
0.04000000000000000083	0.95880313295746322222	0.08652718340791046292	0.87227594954955411932	0.57869043620503202163	0.54751433626206902350	0.22118631918775330525	0.01252743426793314144
0.05999999999999999778	0.95515752448870205882	0.14330267667309901092	0.81185484781560379730	0.28647738303232667123	0.56193977670381212164	0.11433143090330254166	0.01481406288599919178
0.08000000000000000167	0.95386571362263883334	0.18915813901180777989	0.76470757461082816686	0.12917181813214745345	0.56413231646061889890	0.05469313798476815869	0.01590792564569455669
0.10000000000000000555	0.95333148517208743389	0.22091779561855606762	0.73241368955353203241	0.05022350383576598687	0.50443058793746886614	0.02327966119219219976	0.01637351886953839972
0.11999999999999999556	0.95305020380014959791	0.23905835865864405454	0.71399184514150426661	0.01540352363564270223	0.21270288813393664618	0.00822472003820400033	0.01653801327030247903
0.14000000000000001332	0.95287920048856467048	0.24558570260930401297	0.70729349787926010240	0.00424906074557729243	0.96890359986940344239	0.00225521413001061486	0.01658311755290269029
0.16000000000000000333	0.95277777301502741825	0.24297015914542810511	0.70980761386960145032	0.00476915468064383410	20.17334916174408476763	0.00101418123355756506	0.01660340117757384132
0.17999999999999999334	0.95273280688715145104	0.23362883263456302174	0.71910397425258665294	0.01015047810977206047	6.46655151213533141430	0.00196592974801093699	0.01664271977253406129
0.20000000000000001110	0.95273209580637907568	0.21969236612413264864	0.73303972968224473394	0.01670467659296196242	1.52729259700368547037	0.00369438485682233118	0.01671660746967050873
0.22000000000000000111	0.95276471998274725461	0.20292196637018283800	0.74984275361256358394	0.02259534515856822037	0.48610216514745835381	0.00545738796737979190	0.01682575522901810436
0.23999999999999999112	0.95282048098411464832	0.18470402750770631428	0.76811645347640522541	0.02705252018106438922	0.18825282288246369955	0.00690835128716487008	0.01696392225476140228
0.26000000000000000888	0.95289065740328782184	0.16608318191130960750	0.78680747549197571633	0.02989370630035426482	0.08210809864650957246	0.00792447722972102961	0.01712241179935582169
0.28000000000000002665	0.95296832814976495385	0.14781163049861870129	0.80515669765114272760	0.03123649148215678142	0.03859015250208930325	0.00850250622886191895	0.01729246192393306056
0.29999999999999998890	0.95304832740175648986	0.13040241454952156142	0.82264591285223398476	0.03133037730141575300	0.01903683835792516904	0.00869679830346643638	0.01746639789000238932
0.32000000000000000666	0.95312700824716589665	0.11418001553551490601	0.83894699271165162902	0.03046213425778004913	0.00969338754198200911	0.00858370556739134101	0.01763807200135021624
0.34000000000000002442	0.95320089506664962276	0.09932505455981019415	0.85387584050683995596	0.02890586342308829396	0.00503714361900076558	0.00824206614096417017	0.01780291332416950034
0.35999999999999998668	0.95327074425674007685	0.08591212352565048838	0.86735862073109004644	0.02689968362884790493	0.00264936764166111022	0.00774351251479770981	0.01795778357446545584
0.38000000000000000444	0.95333308425628315863	0.07393981841394962895	0.87939326584233412643	0.02463636063446281860	0.00140163304333502004	0.00714788066223984164	0.01810074118771025364
0.40000000000000002220	0.95339080265039377604	0.06335668080597738061	0.89003412184441199617	0.02226940254331153182	0.00000000000000000000	0.00650312016041669494	0.01823080359091858865
0.41999999999999998446	0.95344208198477475857	0.05407699532427503314	0.89936508666050196670	0.01990807340549059778	0.00000000000000000000	0.00584536561740793374	0.01834771090326674584
0.44000000000000000222	0.95348722466196789149	0.04599672660848335565	0.90749049805348591669	0.01763051852483073570	0.00000000000000000000	0.00520073362572445221	0.01845172557578123387
0.46000000000000001998	0.95352567135426091749	0.03900297160619425191	0.91452269974806499331	0.01548807907190627269	0.00000000000000000000	0.00458704444976857847	0.01854346646477660412
0.47999999999999998224	0.95355773225065099119	0.03298093365168901225	0.92057679859896157648	0.01351101493662819342	0.00000000000000000000	0.00401554775946871313	0.01862377741996597974
0.50000000000000000000	0.95358613021544358368	0.02781962945128501827	0.92576650076415800683	0.01171599248778884723	0.00000000000000000000	0.00349218824107086837	0.01869362118478739773
0.52000000000000001776	0.95361152620157096926	0.02341372023316215523	0.93019780596841017406	0.01010568286711673383	0.00000000000000000000	0.00302031700512704962	0.01875402752488994004
0.54000000000000003553	0.95363329976458832693	0.01966595735152003310	0.93396734241306944568	0.00867610732390183825	0.00000000000000000000	0.00259915461715477195	0.01880601061723303699
0.56000000000000005329	0.95365188878504147940	0.01648807596764509040	0.93716381281739569165	0.00741810366816427098	0.00000000000000000000	0.00222690788870465346	0.01885054877500712961
0.57999999999999996003	0.95366770022906932613	0.01380098947799741904	0.93986671075107164341	0.00631933844972033896	0.00000000000000000000	0.00190056117858073293	0.01888855999857874321
0.59999999999999997780	0.95368110518296467237	0.01153460563770141584	0.94214649954526408226	0.00536580762453343126	0.00000000000000000000	0.00161643730084474720	0.01892088874459563891
0.61999999999999999556	0.95369243702738337731	0.00962736272723973933	0.94406507430014130478	0.00454291057550272170	0.00000000000000000000	0.00137055252829743329	0.01894829979516158766
0.64000000000000001332	0.95370199173117131686	0.00802560003546893067	0.94567639169570083535	0.00383619207604814693	0.00000000000000000000	0.00115886663160241852	0.01897147712779363726
0.66000000000000003109	0.95371002951235350764	0.00668284432176824341	0.94702718519058437519	0.00323183139424240056	0.00000000000000000000	0.00097745209100702133	0.01899102616961377901
0.68000000000000004885	0.95371677732010751161	0.00555906909492090949	0.94815770822518663508	0.00271694295265086181	0.00000000000000000000	0.00082260239112214983	0.01900747821743622307
0.70000000000000006661	0.95372243174985471548	0.00461996493612003463	0.94910246681373722222	0.00227973972536034148	0.00000000000000000000	0.00069089540268946496	0.01902129612549001078
0.71999999999999997335	0.95372716212223063170	0.00383624536410351585	0.94989091675812409310	0.00190959922865238424	0.00000000000000000000	0.00057922444072763129	0.01903288061430456410
0.73999999999999999112	0.95373111354511319604	0.00318300278860687543	0.95054811075650658125	0.00159706257548993761	0.00000000000000000000	0.00048480671464625657	0.01904257674859748811
0.76000000000000000888	0.95373440984274315824	0.00263912203063124519	0.95109528781211183368	0.00133378947330836314	0.00000000000000000000	0.00040517653383035913	0.01905068027927409383
0.78000000000000002665	0.95373715628227306862	0.00218675399321164882	0.95155040228906029309	0.00111248602814373689	0.00000000000000000000	0.00033816874924208273	0.01905744365425893552
0.80000000000000004441	0.95373944206126759493	0.00181084878639418533	0.95192859327487133747	0.00092681753170274588	0.00000000000000000000	0.00028189643199569075	0.01906308158289884980
0.82000000000000006217	0.95374134254225273466	0.00149874551280903233	0.95224259702944402672	0.00077131481521687192	0.00000000000000000000	0.00023472564632342081	0.01906777609582531799
0.83999999999999996891	0.95374292123553960909	0.00123981467485905655	0.95250310656067915804	0.00064128004158289851	0.00000000000000000000	0.00019524930416901039	0.01907168108190869862
0.85999999999999998668	0.95374423154142329295	0.00102514852104269470	0.95271908302038221805	0.00053269579136498062	0.00000000000000000000	0.00016226143658918478	0.01907492631064048108
0.88000000000000000444	0.95374531826843433890	0.00084729442038100893	0.95289802384805455393	0.00044213982480847036	0.00000000000000000000	0.00013473273630846175	0.01907762096536665120
0.90000000000000002220	0.95374621894741762329	0.00070002640236457728	0.95304619254505196224	0.00036670684533178808	0.00000000000000000000	0.00011178787741888523	0.01907985672291502913
0.92000000000000003997	0.95374696496235344956	0.00057815022484892370	0.95316881473750403320	0.00030393784916452418	0.00000000000000000000	0.00009268487095770229	0.01908171042033418238
0.94000000000000005773	0.95374758251866531555	0.00047733766192912462	0.95327024485673583776	0.00025175714124299530	0.00000000000000000000	0.00007679654398839673	0.01908324635121395191
0.95999999999999996447	0.95374809346882860606	0.00039398608741109576	0.95335410738141646014	0.00020841676712496412	0.00000000000000000000	0.00006359411526592161	0.01908451823351927160
0.97999999999999998224	0.95374851601370858045	0.00032509983232495963	0.95342341618138159998	0.00017244790681510640	0.00000000000000000000	0.00005263276743404880	0.01908557088886795108
1.00000000000000000000	0.95374773812943447471	0.00026818750498467525	0.95347955062444722518	0.00014261723280175879	0.00000000000000000000	0.00004353907238607990	0.01908644167031567362
1.02000000000000001776	0.95334256378018589206	0.00008637705813632277	0.95325618672204559534	0.09072725006040173457	0.53476188540743818667	0.30661478869601399566	0.02521873744423595506
1.04000000000000003553	0.95307077815599394732	0.00327285520929638260	0.94979792294669296293	0.19415663311909148181	0.62386335926595326562	0.07591857524559694759	0.02673710894914789471
1.06000000000000005329	0.95267044793875532704	0.01405724765755844360	0.93861320028119354930	0.22930083309640966749	1.27413263538326626545	0.00948767001957737804	0.02692686234953944185
1.08000000000000007105	0.95220499634632105312	0.03252031069821648829	0.91968468564810523791	0.20493426808042738974	85.38647455265763142052	0.00021478621940043232	0.02693115807392745115
1.10000000000000008882	0.95179833059310126053	0.05547395510545716224	0.89632437548764565260	0.15120337537815650708	0.68181980570147970866	0.00484450397429216344	0.02702804815341329492
1.12000000000000010658	0.95148459856668077261	0.07865952312756177567	0.87282507543911813652	0.09374334137611800566	0.38865400718835174665	0.00897560260683814837	0.02720756020555005830
1.14000000000000012434	0.95123870208615923794	0.09839665377014072956	0.85284204831601706509	0.04742560167695201306	0.27595813314706030273	0.00977240825011125788	0.02740300837055228284
1.15999999999999992006	0.95102450002362781678	0.11232550920073761103	0.83869899082288490444	0.01775394016707343772	0.13480039817205977104	0.00815102726785789031	0.02756602891590944140
1.17999999999999993783	0.95083024527077653065	0.11948058016965748540	0.83134966510111629745	0.00419301470717457856	0.00444789114182491448	0.00562388698748939736	0.02767850665565923032
1.19999999999999995559	0.95066019826577596863	0.12002864836730135767	0.83063154989847365339	0.00320495732968737162	0.33521379273826512613	0.00327861866578879569	0.02774407902897500777
1.21999999999999997335	0.95052487183281775263	0.11490202741966316913	0.83562284441315493044	0.01035850732416097181	4.28979818299655590863	0.00163586263618651240	0.02777679628169873668
1.23999999999999999112	0.95043027226536569430	0.10544915839306656657	0.84498111387229735136	0.02155182150674218172	27.40928076848390304576	0.00078884595459484896	0.02779257320079063509
1.26000000000000000888	0.95037504530589955731	0.09315212134595378390	0.85722292395994481584	0.03357102481378517606	50.75345256739834809423	0.00059583853112322430	0.02780448997141310094
1.28000000000000002665	0.95035137580882089736	0.07942454368845575097	0.87092683212036636764	0.04423032950075968250	22.52838351344638923024	0.00082841339164838523	0.02782105823924607008
1.30000000000000004441	0.95035043272564512229	0.06548413174459691288	0.88486630098104812614	0.05228238697587907907	7.09017719910976218500	0.00126440779834676212	0.02784634639521300567
1.32000000000000006217	0.95036237971606896124	0.05228711088721582634	0.89807526882885146957	0.05723120400731665502	2.46711215771666747543	0.00172432103337099283	0.02788083281588042694
1.34000000000000007994	0.95037765046709510308	0.04050634119800029798	0.90987130926909609574	0.05913266079694822625	0.67613554127171737740	0.00207357651395362070	0.02792230434615949886
1.36000000000000009770	0.95039085738810091808	0.03055375743420767065	0.91983709995389073555	0.05832907017506343966	0.26442258318626887803	0.00230685258349272969	0.02796844139782935293
1.38000000000000011546	0.95039808898076161281	0.02261652309082258158	0.92778156588993498932	0.05536581257621899649	0.09934705699013260394	0.00237973784965408216	0.02801603615482243376
1.40000000000000013323	0.95039740074982270723	0.01669706040783995940	0.93370034034197924022	0.05084770435716577663	0.03052624283549517162	0.00230725383667301776	0.02806218123155589453
1.41999999999999992895	0.95038865263212946033	0.01265586870578577598	0.93773278392634173972	0.04539309684572140347	0.01070823544302064445	0.00208269359851815435	0.02810383510352625763
1.43999999999999994671	0.95038061568318610295	0.01026834202968950061	0.94011227365349403495	0.03944840029426416317	0.00005375449470097691	0.00185449429032460479	0.02814092498933274886
1.45999999999999996447	0.95036831020978629336	0.00926471532714757788	0.94110359488263617411	0.03343312404643691838	0.00597720167327177223	0.00157836796970278683	0.02817249234872680475
1.47999999999999998224	0.95035283800332392978	0.00935413296963541301	0.94099870503368399088	0.02766256715709974542	0.02781990141602037198	0.00129507674718341566	0.02819839388367047228
1.50000000000000000000	0.95033588451308625977	0.01024982569720084453	0.94008605881588458431	0.02235489681056301511	0.06744992743246555622	0.00103072410686849323	0.02821900836580784264
1.52000000000000001776	0.95031811730521498216	0.01168679155369010784	0.93863132575152385950	0.01764236943488480674	0.13343418674341483987	0.00080259045930678190	0.02823506017499397697
1.54000000000000003553	0.95030036559819730524	0.01343275913951808009	0.93686760645867694919	0.01358798336244261551	0.22306881141120254997	0.00062095236228267166	0.02824747922223963190
1.56000000000000005329	0.95028311622265637659	0.01529380539471380217	0.93498931082794023428	0.01020103018223229158	0.32738895001220535974	0.00049030933253305163	0.02825728540889029319
1.58000000000000007105	0.95026776680127778008	0.01711583093277830106	0.93315193586849820573	0.00745256193636872032	0.39901381170788347008	0.00040798717520048520	0.02826544515239430219
1.60000000000000008882	0.95025422442464779760	0.01878308890551690785	0.93147113551913163221	0.00528808954187546393	0.39025006886712010346	0.00036953190919560187	0.02827283579057821364
1.62000000000000010658	0.95024263858070745492	0.02021477316585845729	0.93002786541484705474	0.00363855407236053511	0.30168723639430033989	0.00036785803295515834	0.02828019295123731722
1.64000000000000012434	0.95023317991681177652	0.02136048387339562621	0.92887269604341604623	0.00242852555404101224	0.19295589975734381283	0.00039487189766021052	0.02828809038919052193
1.66000000000000014211	0.95022593820415413024	0.02219519796082314658	0.92803074024332987690	0.00158234586881484296	0.10967593060808369931	0.00044238853591070724	0.02829693815990873620
1.67999999999999993783	0.95022091507437600466	0.02271420525940782281	0.92750670981496896594	0.00102834988808467569	0.05895284032915514699	0.00050272035087811683	0.02830699256692629714
1.69999999999999995559	0.95021803181221242696	0.02292832458973130191	0.92728970722247983094	0.00070153480136657636	0.03119609110882836170	0.00056907954081946615	0.02831837415774268729
1.71999999999999997335	0.95021714387332889551	0.02285959694113826393	0.92735754693218797051	0.00054500913224286775	0.01660933374704410756	0.00063579717198949536	0.02833109010118247881
1.73999999999999999112	0.95021805790875468745	0.02253756085845916649	0.92768049705029331786	0.00051052648799923962	0.00898868983882538178	0.00069840046032583036	0.02834505811038899592
1.76000000000000000888	0.95021940350246580920	0.02199614043598277849	0.92822326306648128558	0.00055836692831658227	0.00496388003709738544	0.00075358714530774458	0.02836012985329515110
1.78000000000000002665	0.95022193449187475345	0.02127116543892296902	0.92895076905295070890	0.00065656682982767741	0.00280762868571065227	0.00079770918571893010	0.02837608403700953019
1.80000000000000004441	0.95022578998416606932	0.02039844049733903833	0.92982734948682665976	0.00078081172961697758	0.00158706899864343776	0.00083262840460324129	0.02839273660510159558
1.82000000000000006217	0.95023069602051879468	0.01941229612528132600	0.93081839989523751377	0.00091273488755626222	0.00091310528044549429	0.00085606470081855284	0.02840985789911796774
1.84000000000000007994	0.95023395713154157338	0.01834425985797122349	0.93188969727356829598	0.00103659023237130752	0.00053345698557041128	0.00086814880071076387	0.02842722087513218157
1.86000000000000009770	0.95024032555166926262	0.01722382786326450907	0.93301649768840522192	0.00114924668009696337	0.00000000000000000000	0.00086957382382851789	0.02844461235160875359
1.88000000000000011546	0.95024704966629913727	0.01607579821146343235	0.93417125145483481674	0.00124231302474286324	0.00000000000000000000	0.00086107982567727118	0.02846183394812229830
1.90000000000000013323	0.95025394854463485217	0.01492187272208541672	0.93533207582254807022	0.00131305223569134068	0.00000000000000000000	0.00084392901451069472	0.02847871252841251144
1.91999999999999992895	0.95026087402589731745	0.01378022245148840391	0.93648065157440929518	0.00136073533574586738	0.00000000000000000000	0.00081938757619087169	0.02849510027993632996
1.93999999999999994671	0.95026770724299425286	0.01266565589677828146	0.93760205134621721346	0.00138607311205801286	0.00000000000000000000	0.00078875950900517133	0.02851087547011643339
1.95999999999999996447	0.95027435517204494886	0.01158987041940960985	0.93868448475263621678	0.00139075294576802692	0.00000000000000000000	0.00075332471613238504	0.02852594196443907978
1.97999999999999998224	0.95028074731150546928	0.01056175416471527399	0.93971899314679119275	0.00137707116095309276	0.00000000000000000000	0.00071429334692158322	0.02854022783137750985
2.00000000000000000000	0.95028705297157689547	0.00958771482306235504	0.94069933814851047771	0.00134765291638828597	0.00000000000000000000	0.00067277318343448927	0.02855368329504619912
2.02000000000000001776	0.95032236748869169940	0.00908202175235880982	0.94124034573633041934	0.00035120657345777124	0.56680955971442104069	0.00818596419732411408	0.02871740257899267970
2.04000000000000003553	0.95040038070420740368	0.00994813177146166086	0.94045224893274259603	0.00712398343041717366	0.60779827056487445436	0.02970727423223655170	0.02931154806363741108
2.06000000000000005329	0.95048577851649540538	0.01305156886323224387	0.93743420965326229588	0.02655518761514568185	0.60998891620127804192	0.03141178786936933698	0.02993978382102479782
2.08000000000000007105	0.95055832037359822007	0.01904581384943266134	0.93151250652416162090	0.04927269425129113256	0.62957147275619063098	0.02069244827505357931	0.03035363278652587066
2.10000000000000008882	0.95060588001881296538	0.02820667885428256375	0.92239920116452933652	0.06387516309148187632	0.68147472521376528665	0.00934582750921154198	0.03054054933671010094
2.12000000000000010658	0.95061331424363271214	0.04006196169874499252	0.91055135254488517305	0.06496198662495071552	0.77884125541352833277	0.00248278510971906147	0.03059020503890448259
2.14000000000000012434	0.95057971557895326598	0.05332957282833021562	0.89725014275062486835	0.05403123724349628149	2.64783853328942964112	0.00014979211139252505	0.03059320088113233471
2.16000000000000014211	0.95051423351996833233	0.06621571438981738167	0.88429851913015034004	0.03670489343215855432	3.20231937973754376969	0.00046648941954013007	0.03060253066952313764
2.18000000000000015987	0.95041583968879150834	0.07687969852812540084	0.87353614116066435891	0.01942459598589294650	0.15957745265472866869	0.00159809408752167978	0.03063449255127357121
2.20000000000000017764	0.95029425414535451111	0.08385404986721547993	0.86644020427813550622	0.00717332368352830221	0.03128478866875315095	0.00244788611183903394	0.03068345027351035079
2.22000000000000019540	0.95015783982047263834	0.08629891355082297544	0.86385892626964666530	0.00252195496136195171	0.04687340445240967962	0.00264509640371074148	0.03073635220158456652
2.24000000000000021316	0.95002272716344571268	0.08407262854199752666	0.86595009862144878277	0.00569735069067335825	0.22761199105706245160	0.00228160526486921849	0.03078198430688195222
2.26000000000000023093	0.94990221143239228496	0.07765585953846081135	0.87224635189393184831	0.01519458571129986973	1.23402695567910791752	0.00163597160443297281	0.03081470373897061271
2.28000000000000024869	0.94980623512375716988	0.06798365682235191221	0.88182257830140253763	0.02859112473223978865	8.70243937165244574317	0.00097392940585741170	0.03083418232708776130
2.30000000000000026645	0.94973396770950491153	0.05626781311517526502	0.89346615459432754403	0.04323936533615935912	44.12076766487311374476	0.00047779619937818237	0.03084373825107532621
2.31999999999999984013	0.94968030885937926300	0.04380519325726408425	0.90587511560211186890	0.05677774279475407415	177.03515569983247246455	0.00022661591094412433	0.03084827056929420955
2.33999999999999985789	0.94963796695553959193	0.03179812485938755123	0.91783984209614710714	0.06747086674526185657	148.69139512247559764546	0.00020181609418551619	0.03085230689117791913
2.35999999999999987566	0.94959861951956603399	0.02123436107165469280	0.92836425844790682049	0.07430517812060305483	26.79826046637859704447	0.00033262787219424846	0.03085895944862180468
2.37999999999999989342	0.94955987591041290941	0.01281530953110874074	0.93674456637930292313	0.07695173430864625519	3.26736253014721134136	0.00053217791681794350	0.03086960300695816214
2.39999999999999991118	0.94951631701979599676	0.00693270018478612735	0.94258361683500724304	0.07564362350846337568	0.19817821922801720502	0.00072401517919340398	0.03088408331054202927
2.41999999999999992895	0.94946591248012268682	0.00368405009152174018	0.94578186238859696111	0.07100844932768134166	0.06382437768557044921	0.00085839631688526248	0.03090125123687973568
2.43999999999999994671	0.94941114198488019138	0.00291483376159899299	0.94649630822327912583	0.06387880880352006518	0.22357322112216757026	0.00091988131994531536	0.03091964886327864051
2.45999999999999996447	0.94935696071858532985	0.00428460298854065145	0.94507235773004005797	0.05519107213406565515	0.38593179543812594634	0.00088501657188247169	0.03093734919471629111
2.47999999999999998224	0.94930443065059699759	0.00733109103172444130	0.94197333961887086407	0.04581063703776055984	0.75714974288881187192	0.00078330760775496898	0.03095301534687138964
2.50000000000000000000	0.94925491949958562543	0.01153426434151558558	0.93772065515806812819	0.03648623199963433456	1.55755530663189656337	0.00063790214496523923	0.03096577338977069341
2.52000000000000001776	0.94921019686517993375	0.01637253078028204356	0.93283766608489615546	0.02780403726707662143	3.28217211345085058127	0.00047571847163049239	0.03097528775920330157
2.54000000000000003553	0.94917084750566016460	0.02136654156203901533	0.92780430594362128804	0.02017085896331912223	7.17925641162384220451	0.00032267999804703974	0.03098174135916424363
2.56000000000000005329	0.94913639371284930224	0.02610923866438098415	0.92302715504846521988	0.01382252257656521599	16.51668894281171517946	0.00019829596286700889	0.03098570727842158215
2.58000000000000007105	0.94910667204209619996	0.03028271092227564215	0.91882396111981934350	0.00884558431571595694	36.51839734949850679868	0.00011589390328727505	0.03098802515648732894
2.60000000000000008882	0.94908141878862695151	0.03366367805817704895	0.91541774073044879234	0.00520784916316557184	48.24383378710953707014	0.00008117003312894384	0.03098964855714990765
2.62000000000000010658	0.94906035487217288438	0.03612008695676705711	0.91294026791540672239	0.00279116320263126175	19.50836877206239350357	0.00009331003095911822	0.03099151475776908832
2.64000000000000012434	0.94904321720623929792	0.03760144653799465941	0.91144177066824305644	0.00142264822874987027	3.13295508838351688397	0.00014643457963156998	0.03099444344936172144
2.66000000000000014211	0.94902975388484578367	0.03812535405271668537	0.91090439983212845299	0.00090186676460061272	0.24945836589499167935	0.00023129867500059002	0.03099906942286173236
2.68000000000000015987	0.94901970314374839433	0.03776229291485942025	0.91125741022889017451	0.00102267101624998395	0.00122290859347891486	0.00033695552087862750	0.03100580853327930542
2.70000000000000017764	0.94901277166529940388	0.03662032747136235306	0.91239244419393850105	0.00158940812493304010	0.06907946450338389721	0.00045219658051934720	0.03101485246488969172
2.72000000000000019540	0.94900862163978061403	0.03483085875146074012	0.91417776288831820164	0.00242780014843925820	0.13015882179970503230	0.00056666757507467655	0.03102618581639118508
2.74000000000000021316	0.94900611271952428627	0.03253617909081576998	0.91646993362870476929	0.00339107976329619358	0.16072462599519779514	0.00067162876135715643	0.03103961839161832950
2.76000000000000023093	0.94900507972801884105	0.02987922128318259291	0.91912585844483440933	0.00436231237935535802	0.14250046589660053664	0.00076098803302700473	0.03105483815227886787
2.78000000000000024869	0.94900571778534925649	0.02699565316132751525	0.92201006462401791097	0.00525483800736544285	0.12414111961588734923	0.00082976927800183157	0.03107143353783890435
2.80000000000000026645	0.94900770531451328349	0.02400819471189673607	0.92499951060261720315	0.00600986208714528354	0.11165888027047822517	0.00087515526435725068	0.03108893664312604999
2.81999999999999984013	0.94901060386655633483	0.02102244531672572275	0.92798815854982696916	0.00659571843800045837	0.36282897281640169584	0.00089263447010102333	0.03110678933252807032
2.83999999999999985789	0.94901411847708239122	0.01812603315785153366	0.93088808531922762057	0.00699292671657757853	0.34565994038616520978	0.00089296634518783950	0.03112464865943182640
2.85999999999999987566	0.94901701701985297088	0.01538808977298800409	0.93362892724686119550	0.00720071116085171676	0.43560594423687709620	0.00087350290773442697	0.03114211871758651440
2.87999999999999989342	0.94901988529731962085	0.01285941412715271154	0.93616047117016110146	0.00723603082248076152	0.34007264836507189454	0.00083220125651361132	0.03115876274271678695
2.89999999999999991118	0.94902232414497755819	0.01057444948520246120	0.93844787465977252960	0.00711476934061338901	0.28910170489929992721	0.00078025415007726504	0.03117436782571833195
2.91999999999999992895	0.94902418711431457687	0.00855286627443599748	0.94047132083987683426	0.00686102054599025454	0.25131280362197533362	0.00071798284930990922	0.03118872748270452855
2.93999999999999994671	0.94902346274802495962	0.00680062257061086507	0.94222284017741064766	0.00649962943540367561	0.22488304349799442816	0.00064885322126292738	0.03120170454712978617
2.95999999999999996447	0.94902395512727333315	0.00531564739702829019	0.94370830773023983706	0.00606366581947079264	0.00000000000000000000	0.00057183279092495767	0.03121314120294828645
2.97999999999999998224	0.94902377575395902021	0.00408512078817908648	0.94493865496577578167	0.00557084380322124019	0.00000000000000000000	0.00050202339811899121	0.03122318167091066646
3.00000000000000000000	0.94902279472749573319	0.00309158837955932422	0.94593120634793348422	0.00504610292407474490	0.00000000000000000000	0.00043142140999943157	0.03123181009911065592
3.02000000000000001776	0.94902447745831064463	0.00233720212716375308	0.94668727533113961048	0.00398745957904582827	0.00000000000000000000	0.00072029294696049470	0.03124621595804986593
3.04000000000000003553	0.94902688994720107996	0.00186207431904406766	0.94716481562815180162	0.00188677150067620685	0.42809254590575168686	0.00239278832826005268	0.03129407172461506903
3.06000000000000005329	0.94903848914344801635	0.00170405461846233168	0.94733443452498067305	0.00029030552129038123	0.60488880570143288562	0.00572322019336284418	0.03140853612848232279
3.08000000000000007105	0.94905204658841046950	0.00189967898742063367	0.94715236760098708846	0.00175418798607366103	0.57363858920159960242	0.00834495238768195174	0.03157543517623596224
3.10000000000000008882	0.94906727345123942374	0.00256855748170583533	0.94649871596952839248	0.00696078223461892021	0.57272602676046557857	0.00850539829322478728	0.03174554314210045747
3.12000000000000010658	0.94908088134971191341	0.00392829039933291664	0.94515259095037262860	0.01402304558741887183	0.51841407542923700902	0.00644032466133509680	0.03187434963532716214
3.14000000000000012434	0.94909031313287350873	0.00619103904918509064	0.94289927408368034989	0.01983332369284344227	0.35904383998575023496	0.00357843224342965132	0.03194591828019575225
3.16000000000000014211	0.94908961783316858618	0.00939776645929067157	0.93969185137387067908	0.02191665353879809416	0.09878603312722944452	0.00127979829963306506	0.03197151424618841636
3.18000000000000015987	0.94907491406019073299	0.01331100772173728769	0.93576390633844674927	0.01955571689105709693	10.51029386537062038087	0.00022216259229965104	0.03197595749803441162
3.20000000000000017764	0.94904836363211264594	0.01742033436879431366	0.93162802926331389486	0.01390389383109496592	7.59283696815977116046	0.00033610158125010122	0.03198267952965941352
3.22000000000000019540	0.94900767616533598936	0.02105163237645187035	0.92795604378887930341	0.00729740812717261447	0.23982663292246378384	0.00116157501635242785	0.03200591102998646270
3.24000000000000021316	0.94895558220460407561	0.02354072768103448315	0.92541485452356542218	0.00230391157406036962	0.00000270781496718603	0.00214613493725164138	0.03204883372873149755
3.26000000000000023093	0.94889732251148040110	0.02440252838914007058	0.92449479412233548370	0.00090102349036119559	0.03821556864849405544	0.00288100577797846102	0.03210645384429106769
3.28000000000000024869	0.94883910682835437278	0.02344775994139758693	0.92539134688695345865	0.00400509716746485535	0.08676136463629431639	0.00317466255879874032	0.03216994709546704134
3.30000000000000026645	0.94878528208103762864	0.02082647740122152077	0.92795880467981384232	0.01139234692847163576	0.11808678612084957948	0.00302571222955559790	0.03223046134005815022
3.32000000000000028422	0.94873821702686966795	0.01699894867614727689	0.93173926835072173880	0.02189555813661433342	0.13227970570087180247	0.00255747148218777318	0.03228161076970190863
3.33999999999999985789	0.94869460765504587396	0.01264069920537209089	0.93605390844967240049	0.03378569222046688691	0.03457124703001789034	0.00194659705101644150	0.03232054271072223872
3.35999999999999987566	0.94865226948976333343	0.00853420119235231110	0.94011806829740773850	0.04523467570075529604	0.00136166542308673662	0.00131204520428603445	0.03234678361480795850
3.37999999999999989342	0.94861058762294758750	0.00543759252838369508	0.94317299509456231643	0.05460119255601870308	0.06171211296671291757	0.00078660501912058099	0.03236251571519036668
3.39999999999999991118	0.94856255966287661430	0.00395983389684824005	0.94460272576602588579	0.06073212490502601091	0.05689336632946219441	0.00041522437820776167	0.03237082020275452304
3.41999999999999992895	0.94850704289624077070	0.00448211574199969959	0.94402492715423702574	0.06306869531846541477	0.71294179212473229867	0.00019349544964848876	0.03237469011174749084
3.43999999999999994671	0.94844474597828620777	0.00711963711750728673	0.94132510886077624956	0.06163163896071352510	34.61729313230181048766	0.00008886130994909376	0.03237646733794647541
3.45999999999999996447	0.94837980545942079935	0.01172754005726750828	0.93665226540215029694	0.05691437106153282577	431.09134811224106442751	0.00007232075849334493	0.03237791375311634134
3.47999999999999998224	0.94831876301815276609	0.01794023708930765626	0.93037852592884118241	0.04974087339463613422	352.01603993138178338995	0.00008921077001089987	0.03237969796851655757
3.50000000000000000000	0.94826391277738664165	0.02523358936938048525	0.92303032340800306166	0.04109182528656310507	193.97034282326595189261	0.00010380170787242309	0.03238177400267400891
3.52000000000000001776	0.94821517020885759397	0.03299982773017339638	0.91521534247868074896	0.03195694238158697936	134.16351234064833874982	0.00010716151244320596	0.03238391723292287361
3.54000000000000003553	0.94817118997761973276	0.04062072125145623630	0.90755046872616007558	0.02321215811403313720	112.74293422821182275584	0.00009744027127613421	0.03238586603834839317
3.56000000000000005329	0.94813131431925135040	0.04753176377684516229	0.90059955054240292682	0.01554265434814522395	103.61136518966857522628	0.00008234071036653274	0.03238751285255572071
3.58000000000000007105	0.94809478770873123477	0.05327011645435959092	0.89482467125436582212	0.00940772930275462008	68.19590996585002073971	0.00007168116520409409	0.03238894647585980474
3.60000000000000008882	0.94806356383884105021	0.05750392043919827501	0.89055964339963911147	0.00503777489162027942	14.36752532905311419142	0.00007657790869396139	0.03239047803403368592
3.62000000000000010658	0.94803484691274797491	0.06004389211321370379	0.88799095479952883103	0.00246043541046382132	2.17916084148295219336	0.00010161590228999898	0.03239251035207948298
3.64000000000000012434	0.94800774601734594249	0.06083911932091210645	0.88716862669643115069	0.00153363314854664630	12.46029659650375087665	0.00015510808378053846	0.03239561251375509127
3.66000000000000014211	0.94798455550345439580	0.05996111227825051682	0.88802344322519821684	0.00199721744274618642	13.07815313036898352550	0.00023845380076219856	0.03240038158977033567
3.68000000000000015987	0.94796313983131541558	0.05758036636457274787	0.89038277346673855295	0.00352666341728552534	11.50880566487215972415	0.00034228942631222973	0.03240722737829657835
3.70000000000000017764	0.94794578402114826332	0.05392870400708751899	0.89401708001405633119	0.00580273145860582627	14.30476710959248798360	0.00042347683161777740	0.03241569691492893202
3.72000000000000019540	0.94793126080944889456	0.04928786272974096383	0.89864339807970305962	0.00845094312750757984	9.55887001342555997496	0.00055917511881180835	0.03242688041730516779
3.74000000000000021316	0.94792165678931761263	0.04397171991106844230	0.90394993687824531925	0.01115540342767475275	6.74341887268913886544	0.00069067733873800943	0.03244069396407992661
3.76000000000000023093	0.94791525664431508513	0.03828705826967812587	0.90962819837463249062	0.01366779168266363947	5.26204661297365205996	0.00080149662570056478	0.03245672389659393781
3.78000000000000024869	0.94791182683236430151	0.03251569400125606940	0.91539613283110687902	0.01580090653267492151	4.17609076608488916094	0.00088700910682147454	0.03247446407873036400
3.80000000000000026645	0.94791003825895714385	0.02690197845634086093	0.92100805980261168937	0.01743273718412824760	3.38889049560530830618	0.00094193181874508976	0.03249330271510526835
3.82000000000000028422	0.94790922937029342688	0.02164505645500785017	0.92626417291528262421	0.01850086101195342475	2.86736143871362703095	0.00096468648712923503	0.03251259644484785077
3.83999999999999985789	0.94790880685093104052	0.01689545876704262595	0.93101334808388280795	0.01899359895468549081	2.52787032040518377940	0.00095611149948067659	0.03253171867483746482
3.85999999999999987566	0.94790826964151853051	0.01275529440924111010	0.93515297523227314258	0.01893981209710700678	2.22275877188281079100	0.00091894903376589390	0.03255009765551278300
3.87999999999999989342	0.94790721946145439780	0.00928126795195675404	0.93862595150949468259	0.01839910139113472981	1.93406571546826988595	0.00085780946687565322	0.03256725384485029823
3.89999999999999991118	0.94790543958505979472	0.00648989228844812534	0.94141554729660770207	0.01745016975721627381	1.69115270319935229182	0.00077888859388365313	0.03258283161672797384
3.91999999999999992895	0.94790331409750483438	0.00436315266064565919	0.94354016143685570661	0.01618587196506515377	0.79053210351488067964	0.00068344561518801313	0.03259650052903173556
3.93999999999999994671	0.94789977649688228478	0.00285667044146715185	0.94504310605541097523	0.01469258392855969826	0.71769918121456210969	0.00058917723223890299	0.03260828407367651061
3.95999999999999996447	0.94789474484511193619	0.00190702935429921190	0.94598771549080684640	0.01306037025437001634	0.70666390346154994706	0.00049306862596537170	0.03261814544619581757
3.97999999999999998224	0.94788828048847784125	0.00143747084509130243	0.94645080964338168528	0.01137082061461889074	0.75350959756420055058	0.00040024470711923612	0.03262615034033820166
4.00000000000000000000	0.94788056087710415021	0.00136415197780914623	0.94651640889929200551	0.00969398320611284357	0.86753668831964392272	0.00031482660492175579	0.03263244687243663927
4.02000000000000046185	0.94787215308980610207	0.00160039444441747265	0.94627175864538137784	0.00800142343563633660	0.48426656421090408244	0.00026417999174314325	0.03263773047227150337
4.04000000000000003553	0.94786370617633597391	0.00205138896958068822	0.94581231720674840968	0.00607641658323345574	0.20793652018072383836	0.00032358636733081334	0.03264420219961811781
4.06000000000000049738	0.94785303974610668476	0.00259469703438341710	0.94525834271171726986	0.00378835595515503816	0.62821944979630406358	0.00061606805895029668	0.03265652356079712382
4.08000000000000007105	0.94784327611010765757	0.00307015102604197817	0.94477312508406319225	0.00153478111563158269	0.96154764112716928359	0.00122420969261645635	0.03268100775464945207
4.09999999999999964473	0.94783142372627371408	0.00331257758210908243	0.94451884614416292685	0.00021267846368568642	0.66997187868160368307	0.00194992460573963512	0.03272000624676424385
4.12000000000000010658	0.94781839624458763538	0.00321990486888624593	0.94459849137569784627	0.00061695339390082878	0.60388599050283209291	0.00241914928197894561	0.03276838923240382034
4.13999999999999968026	0.94780253014999593653	0.00280732371371860247	0.94499520643627221705	0.00286439801954585949	0.67702782064958377806	0.00234128552031761909	0.03281521494281017248
4.16000000000000014211	0.94779243509335198148	0.00221920470339068187	0.94557323038995844122	0.00621362427604401323	0.61645798900871640047	0.00174056315016304312	0.03285002620581343319
4.17999999999999971578	0.94778531001126242739	0.00167920474923628641	0.94610610526202332249	0.00936839387408945970	0.39539124306118561547	0.00092880671530234916	0.03286860234011947796
4.20000000000000017764	0.94777934579614186994	0.00139643248263924516	0.94638291331349688740	0.01108745669961244684	0.04025735920986539540	0.00029037623543960950	0.03287440986482827177
4.21999999999999975131	0.94777395980565104505	0.00148333191354996794	0.94629062789209661410	0.01069557412717836269	10.62560522494720771647	0.00011899101944558518	0.03287678968521718509
4.24000000000000021316	0.94776447873689118051	0.00191204451474877779	0.94585243422213771680	0.00835150101959346823	0.42477270916817466695	0.00048466206004835633	0.03288648292641815213
4.25999999999999978684	0.94775077751322034381	0.00252390612070012245	0.94522687139251448940	0.00495738781883139999	0.00341498335618033123	0.00125950128780407474	0.03291167295217423128
4.28000000000000024869	0.94773295779904265235	0.00308895809680128849	0.94464399970223622560	0.00182740065857911753	0.09564351827312260468	0.00219432269721591029	0.03295555940611855084
4.29999999999999982236	0.94770964208708374787	0.00339079793698548234	0.94431884415009359479	0.00024776027422793726	0.19699386313424746553	0.00303468418109241250	0.03301625308974039802
4.32000000000000028422	0.94768930703176990082	0.00330805961952546947	0.94438124741223794523	0.00111366480055580101	0.25655961640748786712	0.00357277517561175326	0.03308770859325263491
4.33999999999999985789	0.94766661535000340510	0.00286650798264429310	0.94480010736735420274	0.00466553007838926923	0.35141562519567975942	0.00375246536079648597	0.03316275790046856187
4.36000000000000031974	0.94764532120003430737	0.00225341716839184752	0.94539190403164019560	0.01052665704892506368	0.40791006862470069461	0.00355019066352467482	0.03323376171373905452
4.37999999999999989342	0.94762737146552666889	0.00178985610783144542	0.94583751535768967322	0.01776908458234581489	0.51269259993761140404	0.00308502991544449797	0.03329546231204794787
4.40000000000000035527	0.94760974527832553260	0.00186581933886846444	0.94574392593945166841	0.02519101919848342266	0.70872832841560395867	0.00246951965179036765	0.03334485270508375648
4.41999999999999992895	0.94759187189709126464	0.00285937568590111839	0.94473249621118604580	0.03158561681434329804	1.11577408588452731131	0.00182192995153407063	0.03338129130411443546
4.44000000000000039080	0.94757277914298376764	0.00505736699005332989	0.94251541215292833353	0.03597876994477387097	2.07953784581687983746	0.00123385342987297449	0.03340596837271189723
4.45999999999999996447	0.94755162049041274930	0.00859399600983828775	0.93895762448056929728	0.03778648962391428778	4.37149813966551281652	0.00075991817074542555	0.03342116673612680749
4.48000000000000042633	0.94752902494252622123	0.01341811154681974913	0.93411091339570218040	0.03687621285052693904	9.78308426195806113412	0.00041807826923233923	0.03342952830151145471
4.50000000000000000000	0.94750570157855984466	0.01929380743973265963	0.92821189413882232433	0.03353469021261563238	32.03545560624377230852	0.00020220803244499116	0.03343357246216035333
4.52000000000000046185	0.94748147347080380332	0.02583039567828748773	0.92165107779251354003	0.02837140460434575684	127.75222482969601855984	0.00008682699744300842	0.03343530900210921197
4.54000000000000003553	0.94745646549596174157	0.03253701991930491033	0.91491944557665205728	0.02219904141644099549	662.66119334642144167447	0.00003661619946865540	0.03343604132609858531
4.56000000000000049738	0.94742927957299849506	0.03888804729407826372	0.90854123227891903092	0.01586962962620899059	1300.91227607518635522865	0.00002246749851091701	0.03343649067606880437
4.58000000000000007105	0.94739792238897146959	0.04438509519098391559	0.90301282719798425802	0.01015896217969647006	630.61732532832945707923	0.00002314170841394487	0.03343695351023708018
4.60000000000000053291	0.94736031321659364135	0.04861067259969810428	0.89874964061689299744	0.00567545157433751741	102.71002952679774011813	0.00002640173532856220	0.03343748154494365077
4.62000000000000010658	0.94732392595118530831	0.05126706903541388555	0.89605685691576897334	0.00281224922592846318	4.33498506668858141211	0.00003626606107885653	0.03343820686616522792
4.63999999999999968026	0.94728108409462519202	0.05219939994345337148	0.89508168415116851069	0.00172965542363261930	118.35733991529163233736	0.00003887253557076824	0.03343898431687664097
4.66000000000000014211	0.94724608849031555202	0.05139918865301361384	0.89584689983729626217	0.00236677224443705659	180.98523777977683835161	0.00005684189818109574	0.03344012115484026187
4.67999999999999971578	0.94721125916372661546	0.04898876361286041287	0.89822249555086097761	0.00449177356895440281	220.09070544193767204888	0.00007292180679400057	0.03344157959097614208
4.70000000000000017764	0.94718025084594392737	0.04520154631425808700	0.90197870453167960925	0.00775065436177821854	159.16806021548498506490	0.00010111264379708410	0.03344360184385208185
4.71999999999999975131	0.94715324359090802275	0.04035176501302775720	0.90680147857787640753	0.01172204781388397517	103.71678857911865634378	0.00013750564095622067	0.03344635195667120670
4.74000000000000021316	0.94713058802832006400	0.03480034997310338385	0.91233023805521573646	0.01596107739005168599	67.82157159614098418388	0.00018129402531676515	0.03344997783717754136
4.75999999999999978684	0.94710981325799525887	0.02892320629924595779	0.91818660695874398936	0.02005178779433561612	44.62924753038468850264	0.00023016168635694022	0.03345458107090468203
4.78000000000000024869	0.94709719119492352668	0.02308220773902446357	0.92401498345589505590	0.02364202456260192445	29.80770985963781072314	0.00027905257735834788	0.03346016212245184890
4.79999999999999982236	0.94708737108745311151	0.01759948225645494718	0.92948788883099775493	0.02646716862693135330	19.85776485302700322677	0.00032422991265190564	0.03346664672070488733
4.82000000000000028422	0.94707857369020254090	0.01273943282565113966	0.93433914086454628034	0.02836071258065950978	13.67257400931529254251	0.00035747303025080856	0.03347379618130990470
4.83999999999999985789	0.94706970690860470263	0.00869744347706840649	0.93837226343153368191	0.02925089294815194640	9.53666462756913269061	0.00037621237219118776	0.03348132042875372888
4.86000000000000031974	0.94706054742176348782	0.00559524953844322496	0.94146529788331401178	0.02915274959894084347	6.65008703780904841807	0.00037682067368601934	0.03348885684222745185
4.87999999999999989342	0.94705008934729151271	0.00347647664196220523	0.94357361270532669195	0.02816075638814854662	11.77965893116464002333	0.00035091813382441312	0.03349587520490394238
4.90000000000000035527	0.94704015341188274579	0.00232359839795514720	0.94471655501392459708	0.02640551606906011220	7.66186614099406959610	0.00032395442543401630	0.03350235429341262561
4.91999999999999992895	0.94702885815382431556	0.00206961415502836385	0.94495924399879183131	0.02405078884396850275	4.30516819716971088639	0.00028706318580255010	0.03350809555712867815
4.94000000000000039080	0.94701612824731451479	0.00260176906992549495	0.94441435917738147943	0.02128109087470848523	1.51687997960366116601	0.00024253074739220501	0.03351294617207652149
4.95999999999999996447	0.94700244515584530713	0.00377529088324452715	0.94322715427259851140	0.01828200295747644394	0.05342162267856408880	0.00019506396961055237	0.03351684745146873284
4.98000000000000042633	0.94698893891734337025	0.00542702046419636045	0.94156191845314329836	0.01522737138993810434	1.10123479836959203837	0.00014949512055788719	0.03351983735387988744
5.00000000000000000000	0.94697525968165863208	0.00738801561701327159	0.93958724406463889345	0.01226831594277781601	7.73261883622871337707	0.00011030138939179536	0.03352204338166772657
5.02000000000000046185	0.94696188523468316500	0.00949380181132636856	0.93746808342334786435	0.00951513792464889901	28.04463200803407474382	0.00008107951965340669	0.03352366497206079460
5.04000000000000003553	0.94694881722548418512	0.01158852003650781733	0.93536029718897140128	0.00701221229129733292	58.34747436267261377907	0.00006586674265604428	0.03352498230691391273
5.06000000000000049738	0.94693563443855099937	0.01351890303334520906	0.93341673140520198260	0.00474617628104220379	75.82321292209468310830	0.00006320334322933601	0.03352624637377849687
5.08000000000000007105	0.94692107750444887149	0.01512347111626977970	0.93179760638817143992	0.00273691515724137262	45.43544318412843807664	0.00008197951362209224	0.03352788596405093663
5.10000000000000053291	0.94690287654844962351	0.01623164597867995940	0.93067123056976375217	0.00114916138875376301	12.95571728468676120372	0.00014463819793116228	0.03353077872800955955
5.12000000000000010658	0.94688454177170966464	0.01668422653796190758	0.93020031523374080429	0.00030637973222142869	3.63939143372086126860	0.00025769172465227503	0.03353593256250260446
5.13999999999999968026	0.94686468722370387141	0.01637213873160336258	0.93049254849209450668	0.00056097973768762753	1.16700605145234881377	0.00037671976911016056	0.03354346695788480714
5.16000000000000014211	0.94684437184588587932	0.01527589279116920232	0.93156847905470996363	0.00208275562233061536	0.60424111095792920612	0.00043408850009590361	0.03355214872788672698
5.17999999999999971578	0.94682605340123260351	0.01349738989003359570	0.93332866351119603276	0.00467084133635049283	0.00250892167026001188	0.00039477364545655036	0.03356004420079585632
5.20000000000000017764	0.94681063944243437636	0.01125277423099018195	0.93555786521143946555	0.00774713862706051005	1.86645261153401453846	0.00026917271318150694	0.03356542765505948767
5.21999999999999975131	0.94679924214928212756	0.00882471876935846979	0.93797452337991649163	0.01050523494236092065	20.39846269547928869770	0.00014316042987452888	0.03356829086365697989
5.24000000000000021316	0.94679279795366344530	0.00650210708044541338	0.94029069087321370812	0.01216425413755510034	28.99363850711602808019	0.00013569473233759240	0.03357100475830373382
5.25999999999999978684	0.94679092251405116976	0.00452046824269023914	0.94227045427135824873	0.01220956588328175711	3.23954028328856269425	0.00036362666496111897	0.03357827729160295371
5.28000000000000024869	0.94679216289590817368	0.00301415665040200573	0.94377800624550123310	0.01062074617087516853	0.03345561538131888030	0.00082257314874139686	0.03359472875457777952
5.29999999999999982236	0.94679421937900865025	0.00200285076523518644	0.94479136861377022161	0.00781110567635327421	0.09970763806096788473	0.00150077434400182927	0.03362474424145781710
5.32000000000000028422	0.94679662275134235383	0.00141283902196431030	0.94538378372937403871	0.00456320529149595311	0.29769871450293194926	0.00226026243787182503	0.03366994949021525491
5.33999999999999985789	0.94679812641825233932	0.00111886860010546063	0.94567925781814188291	0.00178248182180678260	0.43620701351873036877	0.00295142943604918698	0.03372897807893623923
