0.00000000000000000000	0.99999999999999977796	0.00000000000000000000	0.99999999999999977796	5.99929219794398971288	0.99978366219490133471	1.99999999999999866773	0.01000000000000000541	0.00000000000000000000
0.00200000000000000004	1.00000001504957847231	0.00002399560081080890	0.99997600439919120952	5.99807041818040875825	0.99978432521391868981	1.99999996990084172310	0.01000000015049576189	0.01000000015049576189
0.00400000000000000008	1.00000002959452638507	0.00009597012860637418	0.99990404441634372912	5.99680099102947838929	0.99978497261257481821	1.98851251852694899114	0.01119781052491334444	0.02119781067540910807
0.00600000000000000012	1.00000004363443006916	0.00021590114788165953	0.99978412743697153697	5.99548385821490548153	0.99978561926210496313	1.98851677477525345950	0.01119756102920197588	0.03239537170461108395
0.00800000000000000017	1.00000005716887097051	0.00038376086322303285	0.99961628125607249196	5.99411905710014192294	0.99978626485876975760	1.98852119444441299834	0.01119730198724794984	0.04359267369185903379
0.01000000000000000021	1.00000007019743164527	0.00059951612597083611	0.99940053902188563661	5.99270663039384743342	0.99978690897043454022	1.98852577734142021981	0.01119703340598201223	0.05478970709784104776
0.01200000000000000025	1.00000008271970131091	0.00086312844155002994	0.99913693922857516050	5.99124662614154512852	0.99978755103693739414	1.98853052325094248332	0.01119675529340402945	0.06598646239124507373
0.01400000000000000029	1.00000009473525786063	0.00117455397746729813	0.99882552570821647731	5.98973909771648305167	0.99978819037060628894	1.98853543193534276767	0.01119646765858219907	0.07718293004982727801
0.01600000000000000033	1.00000010624369539691	0.00153374357197292839	0.99846634762214936387	5.98818410380998678022	0.99978882615686581747	1.98854050313467989319	0.01119617051165102545	0.08837910056147829652
0.01800000000000000211	1.00000011724459825224	0.00194064274338567660	0.99805945945164031841	5.98658170842097003828	0.99978945745501046627	1.98854573656691546724	0.01119586386380883557	0.09957496442528712688
0.02000000000000000042	1.00000012773756363771	0.00239519170007878451	0.99760492098791198057	5.98493198084505362289	0.99979008319903617252	1.98855113192783528042	0.01119554772731626464	0.11077051215260338979
0.02199999999999999872	1.00000013772218476760	0.00289732535112508871	0.99710279732148832110	5.98323499566270999850	0.99979070219866583713	1.98855668889120495990	0.01119522211549356730	0.12196573426809695362
0.02400000000000000050	1.00000014719806595842	0.00344697331759932736	0.99655315883089501394	5.98149083272699222391	0.99979131314044356049	1.98856240710878218181	0.01119488704271845783	0.13316062131081540798
0.02600000000000000228	1.00000015616480530944	0.00404405994453530850	0.99595608117069855947	5.97969957715045730140	0.99979191458898541978	1.98856828621048564720	0.01119454252442327220	0.14435516383523869233
0.02800000000000000058	1.00000016462201135603	0.00468850431353592858	0.99531164525890469807	5.97786131929157438236	0.99979250498831973015	1.98857432580441551018	0.01119418857709235902	0.15554935241233106002
0.02999999999999999889	1.00000017256928930287	0.00538022025603352404	0.99461993726368480573	5.97597615474034338234	0.99979308266338207112	1.98858052547698704871	0.01119382521825915133	0.16674317763059021136
0.03200000000000000067	1.00000018000625279235	0.00611911636719837150	0.99388104858948322917	5.97404418430340999890	0.99979364582160301644	1.98858688479300460550	0.01119345246650313257	0.17793663009709334566
0.03400000000000000244	1.00000018693250591895	0.00690509602049257844	0.99309507586244361033	5.97206551398836271716	0.99979419255464219152	1.98859340329576772533	0.01119307034144653538	0.18912970043853988278
0.03600000000000000422	1.00000019334766010459	0.00773805738286707095	0.99226212091522214553	5.97004025498756885071	0.99979472084022280587	1.98860008050717729233	0.01119267886375118794	0.20032237930229107592
0.03799999999999999906	1.00000019925132210830	0.00861789343059889482	0.99138229077115147536	5.96796852366128049994	0.99979522854408986454	1.98860691592791982707	0.01119227805511465931	0.21151465735740573870
0.04000000000000000083	1.00000020464308603252	0.00954449196576593641	0.99045569762774787748	5.96585044152003174389	0.99979571342211404072	1.98861390903749390979	0.01119186793826688550	0.22270652529567261380
0.04200000000000000261	1.00000020952253954043	0.01051773563335656886	0.98948245883961172265	5.96368613520655177496	0.99979617312247670569	1.98862102897503723042	0.01119144908498276823	0.23389797438065537682
0.04399999999999999745	1.00000021388926962906	0.01153750193901114697	0.98846269690068810920	5.96147573647701811694	0.99979660518798829649	1.98862833507819036782	0.01119102042635190461	0.24508899480700727103
0.04599999999999999922	1.00000022778766273213	0.01260366360399377793	0.98739654913409713455	5.95921954206801540721	0.99979702072061771290	1.98863579718998173540	0.01119058253381995278	0.25627957734082723595
0.04800000000000000100	1.00000024154430300349	0.01371608764711292408	0.98628413884761922947	5.95691753987728933595	0.99979740393715710312	1.98864665309915378266	0.01119014586275958283	0.26746972320358680664
0.05000000000000000278	1.00000025515398371923	0.01487463627552902505	0.98512560382888392230	5.95456987679985072504	0.99979775207490562128	1.98865437633361996639	0.01118969009259977720	0.27865941329618659772
0.05200000000000000455	1.00000026861149837742	0.01607916663445596583	0.98392108692747082266	5.95217670476296145665	0.99979806227628964521	1.98866225313654521045	0.01118922517209099306	0.28984863846827757516
0.05399999999999999939	1.00000028191162515512	0.01732953082800559041	0.98267073603404786475	5.94973818070415383374	0.99979833159179243296	1.98867028285358871109	0.01118875113103717615	0.30103738959931475305
0.05600000000000000117	1.00000029504914533796	0.01862557594064558758	0.98137470405892834879	5.94725446654889466913	0.99979855698295316824	1.98867846481038590412	0.01118826800024071318	0.31222565759955545062
0.05800000000000000294	1.00000030801881445441	0.01996714405926560895	0.98003314890997750286	5.94472572918734520897	0.99979873532554164317	1.98868679831280825709	0.01118777581149708530	0.32341343341105255327
0.05999999999999999778	1.00000032081536405215	0.02135407229584977001	0.97864623346994406017	5.94215214045072048776	0.99979886341281232198	1.98869528264704586995	0.01118727459759009772	0.33460070800864266660
0.06199999999999999956	1.00000033343349903348	0.02278619281075079661	0.97721412557317799408	5.93953387708692570612	0.99979893795888707952	1.98870391707990279428	0.01118676439228640483	0.34578747240092905235
0.06400000000000000133	1.00000034586788544289	0.02426333283656255738	0.97573699798175195230	5.93687112073573874937	0.99979895560223497331	1.98871270085887230650	0.01118624523033031129	0.35697371763125934629
0.06600000000000000311	1.00000035811314491596	0.02578531470258711364	0.97421502836098727851	5.93416405790325995895	0.99979891290928457614	1.98872163321249972867	0.01118571714743781323	0.36815943477869716993
0.06800000000000000488	1.00000037016384091260	0.02735195585989221370	0.97264839925437795998	5.93141287993579258142	0.99979880637815066180	1.98873071335035667140	0.01118518018029151205	0.37934461495898869066
0.07000000000000000666	1.00000038201447916109	0.02896306890695598060	0.97103729805795446772	5.92861778299324626573	0.99979863244244704390	1.98873994046351487697	0.01118463436653422023	0.39052924932552290915
0.07200000000000000844	1.00000039365948945047	0.03061846161589371063	0.96938191699402653789	5.92577896802180781322	0.99979838747524607534	1.98874931372449714750	0.01118407974476354552	0.40171332907028645121
0.07399999999999999634	1.00000040509322585258	0.03231793695926406251	0.96768245308439271302	5.92289664072619981283	0.99979806779310986808	1.98875883228770145017	0.01118351635452531981	0.41289684542481175367
0.07599999999999999811	1.00000041630993563579	0.03406129313744865605	0.96593910812291894352	5.91997101154114968580	0.99979766966027816544	1.98876849528949573020	0.01118294423630767850	0.42407978966111942176
0.07799999999999999989	1.00000042730377192157	0.03584832360660308859	0.96415208864760226781	5.91700229560252921601	0.99979718929291983009	1.98877830184852633089	0.01118236343153465769	0.43526215309265409159
0.08000000000000000167	1.00000043806876992569	0.03767881710717322502	0.96232160591202953182	5.91399071271777199144	0.99979662286350878819	1.98878825106590495508	0.01118177398255964378	0.44644392707521374231
0.08200000000000000344	1.00000044859883097104	0.03955255769297316010	0.96044787585629110005	5.91093648733576149112	0.99979596650532853719	1.98879834202545624500	0.01118117593265887701	0.45762510300787262452
0.08400000000000000522	1.00000045888771649238	0.04146932476082031832	0.95853111907732913011	5.90783984851618892975	0.99979521631704404427	1.98880857379395359352	0.01118056932602462701	0.46880567233389724979
0.08600000000000000699	1.00000046892903005080	0.04342889308072340332	0.95657156079874006149	5.90470102989837997143	0.99979436836739787875	1.98881894542142179105	0.01117995420775833373	0.47998562654165560781
0.08799999999999999489	1.00000047871620068030	0.04543103282661833942	0.95456943084001566469	5.90152026966944376341	0.99979341870003501924	1.98882945594133153655	0.01117933062386365639	0.49116495716551927808
0.08999999999999999667	1.00000048824247822488	0.04747550960764740369	0.95252496358526539399	5.89829781053212442998	0.99979236333836629669	1.98884010437083302847	0.01117869862123945131	0.50234365578675876929
0.09199999999999999845	1.00000049750090558298	0.04956208449997741294	0.95043839795136375592	5.89503389967185498222	0.99979119829059681646	1.98885088971115120415	0.01117805824767236639	0.51352171403443114261
0.09400000000000000022	1.00000050648430649503	0.05169051407915126878	0.94830997735559119377	5.89172878872341332368	0.99978991955483031973	1.98886181094767078292	0.01117740955182973221	0.52469912358626091820
0.09600000000000000200	1.00000051518527244276	0.05386055045296975902	0.94613994968273884556	5.88838273373709775171	0.99978852312425192661	1.98887286705033927703	0.01117675258325200385	0.53587587616951293246
0.09800000000000000377	1.00000052359613866848	0.05607194129489590645	0.94392856725167861853	5.88499599514423454849	0.99978700499244521627	1.98888405697391656979	0.01117608739234510380	0.54705196356185803452
0.10000000000000000555	1.00000053170896574528	0.05832442987797988032	0.94167608678142322720	5.88156883772227079277	0.99978536115878613444	1.98889537965823648413	0.01117541403037301297	0.55822737759223106657
0.10200000000000000733	1.00000053951553136145	0.06061775510929748312	0.93938276935667053280	5.87810153055936179811	0.99978358763392716213	1.98890683402848633676	0.01117473254944973023	0.56940211014168085057
0.10400000000000000910	1.00000054700729590351	0.06295165156489793135	0.93704888039283584789	5.87459434701838834059	0.99978168044538340276	1.98891841899555377182	0.01117404300253152516	0.58057615314421240349
0.10599999999999999700	1.00000055417539424063	0.06532584952525519184	0.93467468960057753513	5.87104756470053068540	0.99977963564320615486	1.98893013345622571286	0.01117334544340914740	0.59174949858762160293
0.10799999999999999878	1.00000056101060996738	0.06774007501121880048	0.93226047094982922303	5.86746146540828927840	0.99977744930575929150	1.98894197629359914536	0.01117263992669944098	0.60292213851432108207
