0.00000000000000000000	1.00000000000000000000	0.00000000000000000000	1.00000000000000000000	0.00000000000000000000	nan	0.00000000000000000000	0.00000000000000000000
0.00500000000000000010	1.00000000031250002586	0.00002499999999218750	0.99997500000000771880	0.00000000015624999995	nan	0.00000000000000000000	0.00000000000000000000
0.01000000000000000021	1.00000000031229219211	0.00009999500022393808	0.99990000499977604864	0.00000000249892724462	0.00000000000000000000	0.00000000000046864845	0.00000000000000234324
0.01499999999999999944	1.00000000062416782853	0.00022497000458526013	0.99977503030729042433	0.00000001264571108637	0.02779135973034321458	0.00000000000421655327	0.00000000000002342601
0.02000000000000000042	1.00000000093542040780	0.00039990002734664910	0.99960010059578163766	0.00000003995021855337	0.05576378552119347354	0.00000000001685971707	0.00000000000010772459
0.02500000000000000139	1.00000000124584120798	0.00062475010256187878	0.99937525083098688317	0.00000009749304561334	0.07290979794106029754	0.00000000004681348828	0.00000000000034179204
0.02999999999999999889	1.00000000155522483780	0.00089947529591253357	0.99910052594701970197	0.00000020207173134553	0.08346021048544841059	0.00000000010528530470	0.00000000000086821856
0.03500000000000000333	1.00000000186336501784	0.00122402071904439296	0.99877598083202689949	0.00000037418964875155	0.09027089134096492884	0.00000000020626678852	0.00000000000189955250
0.04000000000000000083	1.00000000217005502456	0.00159832154638233932	0.99840168031137976890	0.00000063804382628109	0.09488209259756565095	0.00000000036652501133	0.00000000000373217756
0.04499999999999999833	1.00000000247509190920	0.00202230303441755738	0.99797769912838085737	0.00000102151170449301	0.09813532899988271219	0.00000000060559295853	0.00000000000676014235
0.05000000000000000278	1.00000000277827050255	0.00249588054346006061	0.99750412192251702859	0.00000155613683261438	0.10051154086801349086	0.00000000094575919659	0.00000000001148893833
0.05500000000000000028	1.00000000307939052036	0.00301895956184885161	0.99698104320524738586	0.00000227711351010056	0.10229880598276254455	0.00000000141205674685	0.00000000001854922207
0.05999999999999999778	1.00000000337825012409	0.00359143573261130195	0.99640856733334493001	0.00000322327037863765	0.10367719944901872264	0.00000000203225116984	0.00000000002871047792
0.06500000000000000222	1.00000000367464858542	0.00421319488256252216	0.99578680847979206270	0.00000443705297036456	0.10476357757477521015	0.00000000283682785286	0.00000000004289461718
0.07000000000000000666	1.00000000396838695238	0.00488411305383500572	0.99511589060225780212	0.00000596450521861544	0.10563628058488368222	0.00000000385897866911	0.00000000006218951053
0.07499999999999999722	1.00000000425926738323	0.00560405653782778106	0.99439594740914549753	0.00000785524993682129	0.10634934464750948890	0.00000000513458733733	0.00000000008786244721
0.08000000000000000167	1.00000000454709647713	0.00637288191156385603	0.99362712232323702199	0.00001016246827374785	0.10694097365903233732	0.00000000670221484951	0.00000000012137352146
0.08500000000000000611	1.00000000483167683640	0.00719043607644389692	0.99280956844293755115	0.00001294287815091547	0.10743877785095064248	0.00000000860308342106	0.00000000016438893857
0.08999999999999999667	1.00000000511281839088	0.00805655629938349660	0.99194344850114013479	0.00001625671169018652	0.10786310084863851011	0.00000001088105999162	0.00000000021879423852
0.09500000000000000111	1.00000000539032929403	0.00897107025632047292	0.99102893482171294792	0.00002016769163915848	0.10822919281096220201	0.00000001358263892258	0.00000000028670743314
0.10000000000000000555	1.00000000566401947566	0.00993379607807822612	0.99006620927364552553	0.00002474300680242100	0.10854866359620586602	0.00000001675692395115	0.00000000037049205289
0.10499999999999999611	1.00000000593370153013	0.01094454239857021310	0.98905546322283599547	0.00003005328648704879	0.10883047592527544944	0.00000002045560930016	0.00000000047277009939
0.11000000000000000056	1.00000000619919271472	0.01200310839943641815	0.98799689748746211126	0.00003617270380140633	0.10685524074383263848	0.00000002460916665640	0.00000000059581593268
0.11500000000000000500	1.00000000646030673401	0.01310928385540298911	0.98689072229260943470	0.00004317886641657156	0.10440857726863519983	0.00000002924006510875	0.00000000074201625822
0.11999999999999999556	1.00000000671686195552	0.01426284918680309315	0.98573715721776389298	0.00005115279288354720	0.10106899078438544293	0.00000003437153858038	0.00000000091387395112
0.12500000000000000000	1.00000000696868052152	0.01546357551440579077	0.98453643114197952890	0.00006017888861012649	0.09757057878653990768	0.00000004002692548810	0.00000000111400857856
0.13000000000000000444	1.00000000721557369410	0.01671122471651088556	0.98328878218676807332	0.00007034492054136548	0.09416463111827440280	0.00000004622999746757	0.00000000134515856590
0.13500000000000000888	1.00000000745737982477	0.01800554948831214683	0.98199445765677273457	0.00008174199093412384	0.09100833499372884550	0.00000005300488639000	0.00000000161018299785
0.14000000000000001332	1.00000000769392438649	0.01934629340350532342	0.98065371397812350907	0.00009446451017185448	0.08819661809827138155	0.00000006037607821602	0.00000000191206338893
0.14499999999999999001	1.00000000792503374036	0.02073319097812409070	0.97926681663461623284	0.00010861016862844326	0.08578359707697867653	0.00000006836840677771	0.00000000225390542282
0.14999999999999999445	1.00000000815053757819	0.02216596773658363953	0.97783404010166108389	0.00012427990759018463	0.08379701880850676243	0.00000007700704747235	0.00000000263894066018
0.15499999999999999889	1.00000000837027669398	0.02364434027991348455	0.97635566777806925831	0.00014157788924528737	0.08224798961138531095	0.00000008631751088012	0.00000000307052821458
0.16000000000000000333	1.00000000858408033544	0.02516801635615722316	0.97483199191563008057	0.00016061146575057226	0.08113753650739291556	0.00000009632563631096	0.00000000355215639614
0.16500000000000000777	1.00000000879179662405	0.02673669493292035390	0.97326331354658213169	0.00018149114738526883	0.08046097098067504783	0.00000010705758534896	0.00000000408744432288
0.17000000000000001221	1.00000000899326169090	0.02835006627203986301	0.97164994240892710309	0.00020433056984562453	0.07793510299611181025	0.00000011853979469384	0.00000000468014329635
0.17500000000000001665	1.00000000918833342745	0.03000781200636021967	0.96999219686967741438	0.00022924646052359333	0.07667215354824455376	0.00000013079909078252	0.00000000533413875026
0.17999999999999999334	1.00000000937684374591	0.03170960521859001596	0.96829040384596054558	0.00025635860404620074	0.07556624049450429148	0.00000014386253963502	0.00000000605345144844
0.18499999999999999778	1.00000000955865586683	0.03345511052221419868	0.96654489872414794949	0.00028578980687152527	0.07460309202556340835	0.00000015775751669069	0.00000000684223903189
0.19000000000000000222	1.00000000973362879186	0.03524398414443843247	0.96475602527689707788	0.00031766586104117300	0.07376952836334213504	0.00000017251168386206	0.00000000770479745120
0.19500000000000000666	1.00000000990162107861	0.03707587401114147141	0.96292413557818523628	0.00035211550708637068	0.07305351218311546824	0.00000018815298243022	0.00000000864556236335
0.20000000000000001110	1.00000001006248595559	0.03895041983381044431	0.96104958991638245180	0.00038927039609889310	0.07244040962511331949	0.00000020470962526130	0.00000000966911048966
0.20500000000000001554	1.00000001021609419283	0.04086725319843385884	0.95913275670536701778	0.00042926505098041110	0.07192391308026821473	0.00000022221009002277	0.00000001078016093977
0.20999999999999999223	1.00000001036231656038	0.04282599765632188332	0.95717401239369925836	0.00047223682698226116	0.07149506372146534339	0.00000024068302834269	0.00000001198357608149
0.21499999999999999667	1.00000001050101317013	0.04482626881682505449	0.95517374137189303696	0.00051832587147695585	0.07114566206272764093	0.00000026015724189761	0.00000001328436229097
0.22000000000000000111	1.00000001063207211160	0.04686767444192720816	0.95313233587785051171	0.00056767508286545356	0.07086834000074686279	0.00000028066174777805	0.00000001468767102986
0.22500000000000000555	1.00000001075536792960	0.04894981454268287901	0.95105019590039008293	0.00062043006871617646	0.07065646690433120825	0.00000030222577023808	0.00000001619879988105
0.23000000000000000999	1.00000001087078871365	0.05107228147747614605	0.94892772908101830076	0.00067673910314980357	0.07050410121115412154	0.00000032487873189324	0.00000001782319354052
0.23500000000000001443	1.00000001097821411555	0.05323466005206595186	0.94676535061385369563	0.00073675308348297882	0.07040591277945394688	0.00000034865024525174	0.00000001956644476678
0.23999999999999999112	1.00000001107754288299	0.05543652762139496953	0.94456348314385119025	0.00080062548614494343	0.07035712292242662924	0.00000037357010412845	0.00000002143429528742
0.24499999999999999556	1.00000001116866554796	0.05767745419312533123	0.94232255666324504784	0.00086851232188110662	0.07035345064793468994	0.00000039966827498380	0.00000002343263666234
0.25000000000000000000	1.00000001125147930381	0.05995700253287532949	0.94004300840630738989	0.00094057209025788914	0.07039106409516308893	0.00000042697488823911	0.00000002556751110354
0.25500000000000000444	1.00000001132588800523	0.06227472827112576215	0.93772528274246746971	0.00101696573348333385	0.07046653629589336165	0.00000045552022954942	0.00000002784511225128
0.26000000000000000888	1.00000001139180527687	0.06463018001176161487	0.93536983106774895802	0.00109785658955814766	0.07057680467720353623	0.00000048533473104045	0.00000003027178590649
0.26500000000000001332	1.00000001144912831208	0.06702289944221950790	0.93297711169461339242	0.00118341034477209952	0.07071913404141967618	0.00000051644896251269	0.00000003285403071905
0.27000000000000001776	1.00000001149778494636	0.06945242144521124317	0.93054758974027762530	0.00127379498556099173	0.07089100076633883529	0.00000054889362255657	0.00000003559849883183
0.27500000000000002220	1.00000001153768702800	0.07191827421198253301	0.92808173701341012407	0.00136918074973921191	0.07109021008709782985	0.00000058269952975186	0.00000003851199648059
0.28000000000000002665	1.00000001156876394681	0.07441997935708372092	0.92558003189938498068	0.00146974007712353670	0.07131483122756770987	0.00000061789761383816	0.00000004160148454978
0.28500000000000003109	1.00000001159093865333	0.07695705203461186694	0.92304295924403345630	0.00157564755956379927	0.07156313864696925431	0.00000065451890673453	0.00000004487407908345
0.28999999999999998002	1.00000001160414897505	0.07952900105589330582	0.92047101023596233915	0.00168707989039616215	0.07183369223188681985	0.00000069259453369976	0.00000004833705175195
0.29499999999999998446	1.00000001160832563407	0.08213532900857054009	0.91786468228746109776	0.00180421581334755431	0.07210112329446534407	0.00000073215569263067	0.00000005199783021511
0.29999999999999998890	1.00000001160341533968	0.08477553237706254852	0.91522447891405955822	0.00192723607085449038	0.07240049176729657088	0.00000077323368450763	0.00000005586399863765
0.30499999999999999334	1.00000001158936235868	0.08744910166435833354	0.91255090961270934891	0.00205632335190359576	0.07271582296012994717	0.00000081585985355401	0.00000005994329790542
0.30999999999999999778	1.00000001156611251218	0.09015552151511262158	0.90984448973870613031	0.00219166223933108710	0.07304587094206420328	0.00000086006560784490	0.00000006424362594464
0.31500000000000000222	1.00000001153362805262	0.09289427084000599633	0.90710574038132762986	0.00233343915663269822	0.07338949639720970808	0.00000090588240369898	0.00000006877303796313
0.32000000000000000666	1.00000001149185968607	0.09566482294133166198	0.90433518823823433319	0.00248184231429452460	0.07374565687086194476	0.00000095334173663606	0.00000007353974664632
0.32500000000000001110	1.00000001144077677040	0.09846664563977743090	0.90153336548870588452	0.00263706165566169161	0.07411339805394367986	0.00000100247513236490	0.00000007855212230814
0.33000000000000001554	1.00000001138035043979	0.10129920140236203796	0.89870080966569576564	0.00279928880236176864	0.07449184600592323457	0.00000105331413777267	0.00000008381869299700
0.33500000000000001998	1.00000001131055249459	0.10416194747148870003	0.89583806352677097795	0.00296871699930002786	0.07488020025253142031	0.00000110589031191889	0.00000008934814455660
0.34000000000000002442	1.00000001123136317283	0.10705433599508203113	0.89294567492398813080	0.00314554105924385154	0.07527772766261783821	0.00000116023521703682	0.00000009514932064178
0.34500000000000002887	1.00000001114276249048	0.10997581415776824798	0.89002419667270038506	0.00332995730701347989	0.07568375697736225149	0.00000121638040954509	0.00000010123122268951
0.35000000000000003331	1.00000001104474067759	0.11292582431306225077	0.88707418641938662329	0.00352216352329669594	0.07609767387347553258	0.00000127435743107217	0.00000010760300984487
0.35499999999999998224	1.00000001093729129487	0.11590380411652066728	0.88409620650847586809	0.00372235888810474105	0.07651891643100283691	0.00000133419779949653	0.00000011427399884235
0.35999999999999998668	1.00000001082040590461	0.11890918665982817826	0.88109082384828518730	0.00393074392388731778	0.07694697092311549025	0.00000139593300000530	0.00000012125366384238
0.36499999999999999112	1.00000001069409227838	0.12194140060577231266	0.87805860977602634421	0.00414752043832418340	0.07738136783616315906	0.00000145959447616385	0.00000012855163622320
0.36999999999999999556	1.00000001055836373887	0.12499987032407537668	0.87500013992199376922	0.00437289146681147951	0.07782167866997732886	0.00000152521362128626	0.00000013617770432963
0.37500000000000000000	1.00000001041321739947	0.12808401602803304309	0.87191599407289144263	0.00460706121465918710	0.07826729667703587190	0.00000159282176864706	0.00000014414181317286
0.38000000000000000444	1.00000001025868634486	0.13119325391193961683	0.86880675603445423061	0.00485023499902045418	0.07871817022336846659	0.00000166245018388733	0.00000015245406409230
0.38500000000000000888	1.00000001009478789449	0.13432699628923733259	0.86567301349325698201	0.00510261919056770839	0.07917397943364354318	0.00000173413005545100	0.00000016112471436955
0.39000000000000001332	1.00000000992155158031	0.13748465173137094930	0.86251535787788657927	0.00536442115493551870	0.07963439513938436187	0.00000180789248597562	0.00000017016417679943
0.39500000000000001776	1.00000000973900649015	0.14066562520729578023	0.85933438421941676921	0.00563584919394732181	0.08009912964044335615	0.00000188376848357618	0.00000017958301921731
0.40000000000000002220	1.00000000954718859525	0.14386931822360429778	0.85613069101128902449	0.00591711248664458615	0.08056783350742095784	0.00000196178895309081	0.00000018939196398277
0.40500000000000002665	1.00000000934613675341	0.14709512896523330161	0.85290488006860931680	0.00620842103013632442	0.08104023540095040001	0.00000204198468749906	0.00000019960188742026
0.41000000000000003109	1.00000000913590914031	0.15034245243670682490	0.84965755638690754203	0.00650998558028707038	0.08151609284353036888	0.00000212438635926291	0.00000021022381921658
0.41500000000000003553	1.00000000891655216329	0.15361068060387650380	0.84638932800038213511	0.00682201759226151901	0.08199519317539642749	0.00000220902451180553	0.00000022126894177560
0.41999999999999998446	1.00000000868813110344	0.15689920253612590906	0.84310080583970947732	0.00714472916094420832	0.08247735080590540280	0.00000229592955094742	0.00000023274858953034
0.42499999999999998890	1.00000000845069703104	0.16020740454898707572	0.83979260358941443254	0.00747833296125197545	0.08296240306940282083	0.00000238513173648462	0.00000024467424821277
0.42999999999999999334	1.00000000820432544124	0.16353467034714239126	0.83646533754488683332	0.00782304218835793916	0.08345020639486558367	0.00000247666117377498	0.00000025705755408164
0.43499999999999999778	1.00000000794908405766	0.16688038116776046649	0.83311962646902626428	0.00817907049784464234	0.08394063362441683829	0.00000257054780539156	0.00000026991029310860
0.44000000000000000222	1.00000000768505259430	0.17024391592413351537	0.82975609144862472188	0.00854663194580503917	0.08443357222064309942	0.00000266682140283526	0.00000028324440012277
0.44500000000000000666	1.00000000741231609425	0.17362465134957011381	0.82637535575044984704	0.00892594092890880431	0.08492892260379789060	0.00000276551155833433	0.00000029707195791445
0.45000000000000001110	1.00000000713096337535	0.17702196214151177944	0.82297804467715596211	0.00931721212445302087	0.08542659606960945062	0.00000286664767661676	0.00000031140519629753
0.45500000000000001554	1.00000000684108369953	0.18043522110582199680	0.81956478542296640200	0.00972066043041421371	0.08592651271762338783	0.00000297025896688741	0.00000032625649113197
0.46000000000000001998	1.00000000654277609868	0.18386379930121959925	0.81613620692926058808	0.01013650090552091487	0.08642860179881184379	0.00000307637443475620	0.00000034163836330575
0.46500000000000002442	1.00000000623614826445	0.18730706618380904560	0.81269293974004341852	0.01056494870936399225	0.08693281301828056917	0.00000318502287422801	0.00000035756347767689
0.47000000000000002887	1.00000000592129967281	0.19076438975166395973	0.80923561585734138379	0.01100621904256576800	0.08744059535209733336	0.00000329623285709071	0.00000037404464196234
0.47500000000000003331	1.00000000559834822944	0.19423513668943903632	0.80576486859661422546	0.01146052708701206582	0.08794881402500485945	0.00000341003273600130	0.00000039109480564235
0.47999999999999998224	1.00000000526741361639	0.19771867251295638379	0.80228133244216304210	0.01192808794619149015	0.08845887777488956050	0.00000352645062133017	0.00000040872705874900
0.48499999999999998668	1.00000000492861396140	0.20121436171372711343	0.79878564290259401748	0.01240911658563424204	0.08897073334050192850	0.00000364551438312253	0.00000042695463066461
0.48999999999999999112	1.00000000458208271326	0.20472156790338297272	0.79527843636640582758	0.01290382777348093174	0.08948433377780062870	0.00000376725164131812	0.00000044579088887120
0.49499999999999999556	1.00000000422795110033	0.20823965395796020794	0.79176034995769650759	0.01341243602119574635	0.08999963800254064117	0.00000389168975827351	0.00000046524933766257
0.50000000000000000000	1.00000000386635456984	0.21176798216200803937	0.78823202139205195138	0.01393515552444199272	0.09051661048724866931	0.00000401885583137432	0.00000048534361681944
0.50500000000000000444	1.00000000349743523032	0.21530591435247950494	0.78469408883266322796	0.01447220010413765787	0.09103522111689479890	0.00000414877668575261	0.00000050608750024820
0.51000000000000000888	1.00000000312134251779	0.21885281206236556484	0.78114719074668326204	0.01502378314770774943	0.09155544503827371672	0.00000428147886708049	0.00000052749489458361
0.51500000000000001332	1.00000000273822875485	0.22240803666403444194	0.77759196576190026118	0.01559011755055147996	0.09207726247334414860	0.00000441698863444988	0.00000054957983775586
0.52000000000000001776	1.00000000234824848455	0.22597094951223190007	0.77402905252372122824	0.01617141565774018325	0.09260065846039766679	0.00000455533195341656	0.00000057235649752294
0.52500000000000002220	1.00000000195156601990	0.22954091208671906221	0.77045908955255204553	0.01676788920596476024	0.09312562248064189252	0.00000469653448899908	0.00000059583916996793
0.53000000000000002665	1.00000000154834700616	0.23311728613448756686	0.76688271510156469368	0.01737974926574742743	0.09365214803245859587	0.00000484062159890405	0.00000062004227796245
0.53500000000000003109	1.00000000113876219565	0.23669943381153568662	0.76330056701493209648	0.01800720618393669009	0.09418023214980830726	0.00000498761832681029	0.00000064498036959651
0.54000000000000003553	1.00000000072299077836	0.24028671782415383928	0.75971328258654235999	0.01865046952650045373	0.09470987488719906366	0.00000513754939573901	0.00000067066811657520
0.54500000000000003997	1.00000000030120173022	0.24387850156968163273	0.75612149841922504656	0.01930974802163447704	0.09524107880654666958	0.00000529043920154555	0.00000069712031258293
0.55000000000000004441	0.99999999987359355913	0.24747414927671992912	0.75252585028457874561	0.01998524950320355528	0.09577384848302206155	0.00000544631180651896	0.00000072435187161552
0.55500000000000004885	0.99999999944034012600	0.25107302614471865843	0.74892697298332611133	0.02067718085452851379	0.09630819008112884161	0.00000560519093310705	0.00000075237782628106
0.56000000000000005329	0.99999999900165070787	0.25467449848295847792	0.74532550020639753985	0.02138574795253986652	0.09684411099189423056	0.00000576709995769180	0.00000078121332606952
0.56500000000000005773	0.99999999855772159219	0.25827793384883696026	0.74172206439658983079	0.02211115561230884638	0.09738161949562883224	0.00000593206190454594	0.00000081087363559225
0.57000000000000006217	0.99999999810874984352	0.26188270118546008725	0.73811729661099723110	0.02285360753197536801	0.09792071762434206850	0.00000610009943990264	0.00000084137413279176
0.57500000000000006661	0.99999999765495206638	0.26548817095848942227	0.73451182638416856463	0.02361330623808733167	0.09846142120917678042	0.00000627123486602488	0.00000087273030712188
0.57999999999999996003	0.99999999719653198671	0.26909371529220632580	0.73090628159203296921	0.02439045303136564910	0.09900374438833826896	0.00000644549011561390	0.00000090495775769995
0.58499999999999996447	0.99999999673370876252	0.27269870810476437573	0.72730128831664930811	0.02518524793291160649	0.09954770284114403123	0.00000662288674612686	0.00000093807219143059
0.58999999999999996891	0.99999999626670821318	0.27630252524259757418	0.72369747071181489417	0.02599788963087159080	0.10009328807260282901	0.00000680344593377716	0.00000097208942109947
0.59499999999999997335	0.99999999579575205022	0.27990454461393354801	0.72009545086952286841	0.02682857542757194347	0.10064059076310379048	0.00000698718846934696	0.00000100702536344621
0.59999999999999997780	0.99999999532106231825	0.28350414632139819826	0.71649584868736970744	0.02767750118714153162	0.10118957074374382299	0.00000717413475179123	0.00000104289603720517
0.60499999999999998224	0.99999999484287738216	0.28710071279367099795	0.71289928173691063940	0.02854486128363493275	0.10174019968798475588	0.00000736430478354506	0.00000107971756112289
0.60999999999999998668	0.99999999436143038878	0.29069362891615035949	0.70930636513298506163	0.02943084854967042280	0.10229254887793701179	0.00000755771816577877	0.00000111750615195178
0.61499999999999999112	0.99999999387696558717	0.29428228216060042799	0.70571771140406514000	0.03033565422559684338	0.10284663919285425004	0.00000775439409304731	0.00000115627812241702
0.61999999999999999556	0.99999999338971823359	0.29786606271375520860	0.70213393036366744671	0.03125946790920412777	0.10340250228389170906	0.00000795435134878221	0.00000119604987916093
0.62500000000000000000	0.99999999289994445650	0.30144436360482945725	0.69855562898281631234	0.03220247750598955599	0.10396016705985916539	0.00000815760830060728	0.00000123683792066397
0.63000000000000000444	0.99999999240789638755	0.30501658083193100568	0.69498341126366547371	0.03316486917999521972	0.10451966463048491252	0.00000836418289582903	0.00000127865883514311
0.63500000000000000888	0.99999999191382737962	0.30858211348730957280	0.69141787811422117382	0.03414682730522709819	0.10508102708217657850	0.00000857409265710114	0.00000132152929842862
0.64000000000000001332	0.99999999141800144375	0.31214036388144056344	0.68785962722426552407	0.03514853441767187836	0.10564428675089890253	0.00000878735467853251	0.00000136546607182128
0.64500000000000001776	0.99999999092067648476	0.31569073766590177721	0.68430925294248123869	0.03617017116792105302	0.10620940982574347822	0.00000900398561993660	0.00000141048599992097
0.65000000000000002220	0.99999999042212794897	0.31923264395501443902	0.68076734615481893087	0.03721191627441806926	0.10677650769619186077	0.00000922400170551093	0.00000145660600844852
0.65500000000000002665	0.99999998992261562858	0.32276549544620641852	0.67723449416411707347	0.03827394647733771416	0.10734568329245842977	0.00000944741871805739	0.00000150384310203881
0.66000000000000003109	0.99999998942242207534	0.32628870853909824890	0.67371128057102902531	0.03935643649311208053	0.10791693632125605451	0.00000967425199576861	0.00000155221436201765
0.66500000000000003553	0.99999998892181973797	0.32980170345325382497	0.67019828515627466459	0.04045955896961395126	0.10849026432654888807	0.00000990451642870200	0.00000160173694416116
0.67000000000000003997	0.99999998842109194541	0.33330390434457790594	0.66669608376422562213	0.04158348444200785088	0.10906568540078828700	0.00001013822645534969	0.00000165242807643791
0.67500000000000004441	0.99999998792052502417	0.33679473942033982814	0.66320524818789172716	0.04272838128928262841	0.10964322721146778361	0.00001037539605931814	0.00000170430505673450
0.68000000000000004885	0.99999998742040119293	0.34027364105279489515	0.65972634605531355056	0.04389441569147575078	0.11022292514441048294	0.00001061603876617096	0.00000175738525056535
0.68500000000000005329	0.99999998692100555697	0.34374004589135687127	0.65625994071735749280	0.04508175158759650941	0.11080455147469835120	0.00001086016764091368	0.00000181168608876992
0.69000000000000005773	0.99999998642264453785	0.34719339497333051581	0.65280659113702188545	0.04629055063426690264	0.11138835445703433591	0.00001110779528355022	0.00000186722506518767
0.69500000000000006217	0.99999998592560512822	0.35063313383314281824	0.64936685178017095055	0.04752097216508022193	0.11197436978519699491	0.00001135893382773444	0.00000192401973432635
0.70000000000000006661	0.99999998543018153718	0.35405871261007371142	0.64594127250781807614	0.04877317315069516074	0.11256263181167473764	0.00001161359493772278	0.00000198208770901496
0.70499999999999996003	0.99999998493669206567	0.35746958615445906249	0.64253039846994164375	0.05004730815967230184	0.11315317405143537899	0.00001187178980588649	0.00000204144665804439
0.70999999999999996447	0.99999998444542692599	0.36086521413231326116	0.63913477000082297153	0.05134352932006017861	0.11374602967690494726	0.00001213352915036264	0.00000210211430379621
0.71499999999999996891	0.99999998395669875695	0.36424506112839444283	0.63575492251601306570	0.05266198628174519752	0.11434123179739225096	0.00001239882321284173	0.00000216410841986041
0.71999999999999997335	0.99999998347081053840	0.36760859674765100635	0.63239138641086956039	0.05400282617956917580	0.11493881360800282943	0.00001266768175648497	0.00000222744682864284
0.72499999999999997780	0.99999998298808123742	0.37095529571505025945	0.62904468696074056222	0.05536619359722736583	0.11553880852488683517	0.00001294011406404685	0.00000229214739896307
0.72999999999999998224	0.99999998250882915496	0.37428463797375177702	0.62571534422278407561	0.05675223053195113665	0.11614126257595859537	0.00001321612893591350	0.00000235822804364264
0.73499999999999998668	0.99999998203335771496	0.37759610878161037339	0.62240387293945487190	0.05816107635998662290	0.11674618631979667704	0.00001349573468873401	0.00000242570671708631
0.73999999999999999112	0.99999998156200331501	0.38088919880600391465	0.61911078244370698620	0.05959286780287770952	0.11735371030799338077	0.00001377893915284037	0.00000249460141285051
0.74499999999999999556	0.99999998109507259869	0.38416340421692435347	0.61583657656585577556	0.06104773889455257507	0.11796373080200299455	0.00001406574967392380	0.00000256493016122013
0.75000000000000000000	0.99999998063289319283	0.38741822677836962319	0.61258175354223232123	0.06252582094923622713	0.11857632064352000012	0.00001435617310800622	0.00000263671102676016
0.75500000000000000444	0.99999998017578706211	0.39065317393796450407	0.60934680592553180922	0.06402724253018103606	0.11919152179504520495	0.00001465021582221749	0.00000270996210587125
0.76000000000000000888	0.99999997972408627422	0.39386775891482989076	0.60613222049696569016	0.06555212941923066472	0.11980936926748683713	0.00001494788369368795	0.00000278470152433969
0.76500000000000001332	0.99999997927812134257	0.39706150078565627393	0.60293847818017343165	0.06710060458721929522	0.12042989680811859443	0.00001524918210866210	0.00000286094743488300
0.77000000000000001776	0.99999997883821978295	0.40023392456898454483	0.59976605395694659872	0.06867278816521485418	0.12105313806172587898	0.00001555411596179864	0.00000293871801469199
0.77500000000000002220	0.99999997840471888111	0.40338456130766331409	0.59661541678476626149	0.07026879741661043455	0.12167912668102461027	0.00001586268965562176	0.00000301803146297010
0.78000000000000002665	0.99999997797794459853	0.40651294814948019107	0.59348702951617515744	0.07188874671007070005	0.12230789639820278947	0.00001617490710011393	0.00000309890599847067
0.78500000000000003109	0.99999997755825098533	0.40961862842594548573	0.59038134882001569448	0.07353274749333778282	0.12293948055534158204	0.00001649077171244317	0.00000318135985703289
0.79000000000000003553	0.99999997714595934006	0.41270115172919025204	0.58729882510447972699	0.07520090826789709026	0.12357391252782629065	0.00001681028641682878	0.00000326541128911703
0.79500000000000003997	0.99999997674141416493	0.41576007398702302664	0.58423990244210077805	0.07689333456451827309	0.12421122562762955399	0.00001713345364454185	0.00000335107855733974
0.80000000000000004441	0.99999997634494841581	0.41879495753606865716	0.58120501849658923188	0.07861012891966416560	0.12485145313000482747	0.00001746027533404258	0.00000343837993400995
0.80500000000000004885	0.99999997595691503260	0.42180537119301697579	0.57819460445159986950	0.08035139085277845372	0.12549462842779463001	0.00001779075293153202	0.00000352733369866761
0.81000000000000005329	0.99999997557765074596	0.42479089032396177839	0.57520908494139699751	0.08211721684445486003	0.12614076100862040009	0.00001812488739052557	0.00000361795813562024
