0.00000000000000000000	1.00000000000000000000	0.00000000000000000000	1.00000000000000000000	0.00000000000000000000	nan	0.00000000000000000000	0.00000000000000000000
0.00500000000000000010	1.00000000312499981447	0.00009999999968749994	0.99990000000031209471	0.00000000062499999805	nan	0.00000000000000000000	0.00000000000000000000
0.01000000000000000021	1.00000000312491632570	0.00039994999939611152	0.99960005000060370151	0.00000000999927078595	0.00000000000000000000	0.00000000000006248646	0.00000000000000031243
0.01499999999999999944	1.00000000312474934816	0.00089970002996872197	0.99910029997003124702	0.00000005061367238219	0.02778433663548968841	0.00000000000056222114	0.00000000000000312354
0.02000000000000000042	1.00000000312449555118	0.00159900024038850180	0.99840099975961160705	0.00000015993051114166	0.05578072307295683929	0.00000000000224789612	0.00000000000001436302
0.02500000000000000139	1.00000000312414383252	0.00249750104391954818	0.99750249895608056327	0.00000039035138426307	0.07297442433694155406	0.00000000000624048042	0.00000000000004556542
0.02999999999999999889	1.00000000312367265387	0.00359475332206458118	0.99640524667793550773	0.00000080917319895604	0.08358812447188983252	0.00000000001403077539	0.00000000000011571930
0.03500000000000000333	1.00000000312303805039	0.00489020868620334247	0.99510979131379662110	0.00000149853240131000	0.09047448280442324520	0.00000000002747618377	0.00000000000025310022
0.04000000000000000083	1.00000000312216896781	0.00638321979673787954	0.99361678020326194005	0.00000255533745912833	0.09517248644233759769	0.00000000004879669893	0.00000000000049708371
0.04499999999999999833	1.00000000312094483590	0.00807304073953366008	0.99192695926046570154	0.00000409118965217410	0.09852313613385492441	0.00000000008057012236	0.00000000000089993432
0.05000000000000000278	1.00000000311920089757	0.00995882745940836894	0.99004117254059231801	0.00000623229223241296	0.10100716688940485077	0.00000000012572651905	0.00000000000152856692
0.05500000000000000028	1.00000000311668979514	0.01203963825038327322	0.98796036174961654464	0.00000911934802592434	0.10291258633351700602	0.00000000018754192174	0.00000000000246627653
0.05999999999999999778	1.00000000311308023804	0.01431443430237566705	0.98568556569762466602	0.00001290744555717976	0.10441946190185862064	0.00000000026963129692	0.00000000000381443301
0.06500000000000000222	1.00000000310793391023	0.01678208030397400352	0.98321791969602623240	0.00001776593378534631	0.10564467233404387092	0.00000000037594078639	0.00000000000569413694
0.07000000000000000666	1.00000000310068237752	0.01944134510090194529	0.98055865489909777022	0.00002387828555116097	0.10666659780345481845	0.00000000051073924026	0.00000000000824783314
0.07499999999999999722	1.00000000309060732562	0.02229090240974096471	0.97770909759025970143	0.00003144194984172610	0.10753931836949703893	0.00000000067860905796	0.00000000001164087843
0.08000000000000000167	1.00000000307681524703	0.02532933158644609661	0.97467066841355354256	0.00004066819298929496	0.10830109038474670935	0.00000000088443635599	0.00000000001606306021
0.08500000000000000611	1.00000000305820990754	0.02855511844915490163	0.97144488155084518510	0.00005178192892874051	0.10897957878335524928	0.00000000113340048176	0.00000000002173006262
0.08999999999999999667	1.00000000303347102992	0.03196665615475310918	0.96803334384524697409	0.00006502153864692067	0.10959518440843735165	0.00000000143096289469	0.00000000002888487710
0.09500000000000000111	1.00000000300101987705	0.03556224612862848855	0.96443775387137087307	0.00008063867896557090	0.11016321686641367128	0.00000000178285543669	0.00000000003779915428
0.10000000000000000555	1.00000000295899482694	0.03934009904700856708	0.96065990095299214069	0.00009889808080765088	0.11069534760307726817	0.00000000219506801546	0.00000000004877449436
0.10499999999999999611	1.00000000290521762203	0.04329833587124535393	0.95670166412875468076	0.00012007733710525419	0.11120060261643910371	0.00000000267383572523	0.00000000006214367298
0.11000000000000000056	1.00000000283715606564	0.04743498893337698419	0.95256501106662316847	0.00014446668051524064	0.11168605386094253296	0.00000000322562543059	0.00000000007827180014
0.11500000000000000500	1.00000000275190603638	0.05174800307226361251	0.94825199692773665117	0.00017236875111666610	0.11215730928396779043	0.00000000385712184007	0.00000000009755740934
0.11999999999999999556	1.00000000264614219425	0.05623523681956241888	0.94376476318043778235	0.00020409835427186716	0.11261886570725559986	0.00000000457521309741	0.00000000012043347482
0.12500000000000000000	1.00000000251609222346	0.06089446363477593605	0.93910553636522442478	0.00023998220884068730	0.11307436665742084947	0.00000000538697591893	0.00000000014736835442
0.13000000000000000444	1.00000000235749553212	0.06572337318857615629	0.93427662681142320533	0.00028035868594481270	0.11352679327148516852	0.00000000629966030670	0.00000000017886665595
0.13500000000000000888	1.00000000216557261012	0.07071957269357712073	0.92928042730642290703	0.00032557753848651158	0.11397860738915817358	0.00000000732067386790	0.00000000021547002529
0.14000000000000001332	1.00000000193498572720	0.07588058828169658154	0.92411941171830391806	0.00037599962163322381	0.11443186002406213753	0.00000000845756577130	0.00000000025775785415
0.14499999999999999001	1.00000000165980229561	0.08120386642722313142	0.91879613357277678531	0.00043199660448645170	0.11488827445307943365	0.00000000971801037285	0.00000000030634790601
0.14999999999999999445	1.00000000133345468001	0.08668677541467009751	0.91331322458532993025	0.00049395067316020623	0.11534931048197490100	0.00000001110979054271	0.00000000036189685873
0.15499999999999999889	1.00000000094870666878	0.09232660685047398841	0.90767339314952588669	0.00056225422550091350	0.11581621460079884189	0.00000001264078072669	0.00000000042510076236
0.16000000000000000333	1.00000000049761461618	0.09812057721756718698	0.90187942278243271588	0.00063730955768712778	0.11629005945629805607	0.00000001431892977562	0.00000000049669541124
0.16500000000000000777	0.99999999997148780739	0.10406582947182474452	0.89593417052817503343	0.00071952854295367159	0.11677177516041813143	0.00000001615224357646	0.00000000057745662912
0.17000000000000001221	0.99999999936085437469	0.11015943467936481492	0.88984056532063549039	0.00080933230269089216	0.11726217430527928476	0.00000001814876751940	0.00000000066820046672
0.17500000000000001665	0.99999999865541921995	0.11639839369365075072	0.88360160630634976275	0.00090715087017558275	0.11776197208658152615	0.00000002031656883553	0.00000000076978331089
0.17999999999999999334	0.99999999784402771041	0.12277963887132206655	0.87722036112867773916	0.00101342284719579826	0.11827180259566877352	0.00000002266371883965	0.00000000088310190509
0.18499999999999999778	0.99999999691463603568	0.12930003582565763320	0.87069996417434258884	0.00112859505383724806	0.11879223208876724116	0.00000002519827511320	0.00000000100909328066
0.19000000000000000222	0.99999999585426857518	0.13595638521654759834	0.86404361478345215186	0.00125312217170418447	0.11932376985483471310	0.00000002792826366216	0.00000000114873459897
0.19500000000000000666	0.99999999464898015056	0.14274542457583341837	0.85725457542416672041	0.00138746638085275966	0.11986687716322586006	0.00000003086166108479	0.00000000130304290439
0.20000000000000001110	0.99999999328382960240	0.14966383016684803309	0.85033616983315196691	0.00153209699071959007	0.12042197466639703585	0.00000003400637678412	0.00000000147307478831
0.20500000000000001554	0.99999999174283893399	0.15670821887697375385	0.84329178112302616288	0.00168749006533291273	0.12098944855219589956	0.00000003737023525983	0.00000000165992596461
0.20999999999999999223	0.99999999000896644397	0.16387515014200801367	0.83612484985799218062	0.00185412804309800414	0.12156965567837781095	0.00000004096095851390	0.00000000186473075718
0.21499999999999999667	0.99999998806406864560	0.17116112790111348563	0.82883887209888629233	0.00203249935145270429	0.12216292787421260957	0.00000004478614860436	0.00000000208866150020
0.22000000000000000111	0.99999998588887795137	0.17856260258110984163	0.82143739741889054695	0.00222309801669277928	0.12276957555689192725	0.00000004885327038083	0.00000000233292785211
0.22500000000000000555	0.99999998346296692375	0.18607597310884158026	0.81392402689115839198	0.00242642326927044408	0.12338989078139089850	0.00000005316963443519	0.00000000259877602428
0.23000000000000000999	0.99999998076472373931	0.19369758895034891455	0.80630241104965139076	0.00264297914487288295	0.12402414981958738427	0.00000005774238030052	0.00000000288748792579
0.23500000000000001443	0.99999997777132620946	0.20142375217554225886	0.79857624782445790768	0.00287327408159064905	0.12467261534635039333	0.00000006257845993026	0.00000000320038022544
0.23999999999999999112	0.99999997445871680046	0.20925071954707410993	0.79074928045292636192	0.00311782051348884204	0.12533553829591781437	0.00000006768462148975	0.00000000353880333289
0.24499999999999999556	0.99999997080158020690	0.21717470463208313203	0.78282529536791689573	0.00337713446089656652	0.12601315944039603867	0.00000007306739349072	0.00000000390414030034
0.25000000000000000000	0.99999996677332292361	0.22519187993547506998	0.77480812006452470797	0.00365173511773263888	0.12670571073294811804	0.00000007873306929948	0.00000000429780564684
0.25500000000000000444	0.99999996234605292855	0.23329837905338668413	0.76670162094661320484	0.00394214443618760586	0.12741341645078485545	0.00000008468769204780	0.00000000472124410708
0.26000000000000000888	0.99999995749056502792	0.24149029884547823510	0.75850970115452176490	0.00424888670908414243	0.12813649416701536343	0.00000009093703997557	0.00000000517592930696
0.26500000000000001332	0.99999995217632264843	0.24976370162467659286	0.75023629837532357367	0.00457248815023944283	0.12887515557548268053	0.00000009748661223258	0.00000000566336236812
0.27000000000000001776	0.99999994637144795639	0.25811461736299129432	0.74188538263700887221	0.00491347647315467425	0.12962960718866095577	0.00000010434161516631	0.00000000618507044395
0.27500000000000002220	0.99999994004271108849	0.26653904591201221796	0.73346095408798739346	0.00527238046835769390	0.13040005092539375120	0.00000011150694912141	0.00000000674260518956
0.28000000000000002665	0.99999993315551893858	0.27503295923669063283	0.72496704076330931166	0.00564972957972603024	0.13118668460248747443	0.00000011898719577550	0.00000000733754116843
0.28500000000000003109	0.99999992567391460252	0.28359230366099802412	0.71640769633900225344	0.00604605348011783179	0.13198970234194179474	0.00000012678660603479	0.00000000797147419861
0.28999999999999998002	0.99999991756056705317	0.29221300212405343366	0.70778699787594678838	0.00646188164663876342	0.13280929490367865409	0.00000013490908851184	0.00000000864601964117
0.29499999999999998446	0.99999990877677291667	0.30089095644530233775	0.69910904355469805083	0.00689774293587290966	0.13364564995207783848	0.00000014335819860674	0.00000000936281063420
0.29999999999999998890	0.99999989928246102444	0.30962204959732669840	0.69037795040267346813	0.00735416515940557920	0.13449895226330882414	0.00000015213712821145	0.00000001012349627526
0.30499999999999999334	0.99999988903619096980	0.31840214798486449199	0.68159785201513567454	0.00783167465996546450	0.13536938387932745398	0.00000016124869605603	0.00000001092973975554
0.30999999999999999778	0.99999987799516221187	0.32722710373367658310	0.67277289626632341690	0.00833079552566830771	0.13723267339116942964	0.00000017105328382600	0.00000001178500617467
0.31500000000000000222	0.99999986611522362345	0.33609275698296575685	0.66390724301703452070	0.00885204949082885918	0.14000966862619315667	0.00000018158422849904	0.00000001269292731716
0.32000000000000000666	0.99999985335088148464	0.34499493817475057611	0.65500506182524909082	0.00939595551549718237	0.14362647941001616125	0.00000019287578427130	0.00000001365730623852
0.32500000000000001110	0.99999983965531880070	0.35392947034367999715	0.64607052965631939223	0.00996302936700202250	0.14801321472933567924	0.00000020496306815023	0.00000001468212157927
0.33000000000000001554	0.99999982498040995704	0.36289217140586210730	0.63710782859413750412	0.01055378320384190924	0.15310319719610643308	0.00000021788198452842	0.00000001577153150191
0.33500000000000001998	0.99999980927673615128	0.37187885644529000695	0.62812114355471049265	0.01116872516224333076	0.15883233257072940092	0.00000023166914788542	0.00000001692987724134
0.34000000000000002442	0.99999979249361792277	0.38088533999644491601	0.61911466000355441786	0.01180835894570316826	0.16513866224362616641	0.00000024636180376545	0.00000001816168626017
0.34500000000000002887	0.99999977457912414547	0.38990743832166657734	0.61009256167833347817	0.01247318341782950937	0.17196209584154864558	0.00000026199774818193	0.00000001947167500108
0.35000000000000003331	0.99999975548011788007	0.39894097168187886426	0.60105902831812130227	0.01316369219879200310	0.17924430188667683783	0.00000027861524560247	0.00000002086475122909
0.35499999999999998224	0.99999973514227280535	0.40798176659927970489	0.59201823340072012858	0.01388037326568982745	0.18692872440223481934	0.00000029625294567095	0.00000002234601595744
0.35999999999999998668	0.99999971351010985554	0.41702565811059771894	0.58297434188940211452	0.01462370855714153518	0.19496069012633929218	0.00000031494979882534	0.00000002392076495157
0.36499999999999999112	0.99999969052703363559	0.42606849200953422763	0.57393150799046621646	0.01539417358239740519	0.20328757237175423822	0.00000033474497097179	0.00000002559448980643
0.36999999999999999556	0.99999966613537427662	0.43510612707701878943	0.56489387292298132159	0.01619223703527104472	0.21185898172757977598	0.00000035567775737749	0.00000002737287859332
0.37500000000000000000	0.99999964027641741193	0.44413443729791485248	0.55586556270208464792	0.01701836041318236653	0.22062695933397202808	0.00000037778749594589	0.00000002926181607305
0.38000000000000000444	0.99999961289045746771	0.45314931406282715765	0.54685068593717289787	0.01787299764160002122	0.22954615436802441875	0.00000040111348003874	0.00000003126738347324
0.38500000000000000888	0.99999958391683851922	0.46214666835366974285	0.53785333164633053471	0.01875659470416634819	0.23857397299824389947	0.00000042569487101056	0.00000003339585782829
0.39000000000000001332	0.99999955329399914383	0.47112243291167493764	0.52887756708832511787	0.01966958927878314708	0.24767069101139302378	0.00000045157061062098	0.00000003565371088140
0.39500000000000001776	0.99999952095953270614	0.48007256438653050923	0.51992743561346954628	0.02061241037993122305	0.25679952640722564228	0.00000047877933349063	0.00000003804760754885
0.40000000000000002220	0.99999948685022588268	0.48899304546535299343	0.51100695453464706208	0.02158547800749141543	0.26592667145346110535	0.00000050735927976617	0.00000004058440394768
0.40500000000000002665	0.99999945090212605248	0.49787988698021817813	0.50212011301978198841	0.02258920280232938269	0.27502128604463571548	0.00000053734820815892	0.00000004327114498848
0.41000000000000003109	0.99999941305059025787	0.50672912999298758141	0.49327087000701214103	0.02362398570890027194	0.28405545581464142213	0.00000056878330952109	0.00000004611506153608
0.41500000000000003553	0.99999937323034759906	0.51553684785619435793	0.48446315214380580860	0.02469021764512367365	0.29300411943674864457	0.00000060170112112216	0.00000004912356714169
0.41999999999999998446	0.99999933137555707674	0.52429914824875489820	0.47570085175124521282	0.02578827917977282239	0.30184497003370885926	0.00000063613744178617	0.00000005230425435062
0.42499999999999998890	0.99999928741987398340	0.53301217518531540662	0.46698782481468414929	0.02691854021761647467	0.31055833573316060647	0.00000067212724804922	0.00000005566489059087
0.42999999999999999334	0.99999924129651107663	0.54167211099804213337	0.45832788900195775561	0.02808135969254366149	0.31912704424484245047	0.00000070970461149385	0.00000005921341364834
0.43499999999999999778	0.99999919293830918932	0.55027517828969518821	0.44972482171030464526	0.02927708526889667359	0.32753627599409496085	0.00000074890261741481	0.00000006295792673541
0.44000000000000000222	0.99999914227780095644	0.55881764185685212087	0.44118235814314826770	0.03050605305122949112	0.33577340989144649486	0.00000078975328496758	0.00000006690669316025
0.44500000000000000666	0.99999908924728087012	0.56729581058216127509	0.43270418941783911349	0.03176858730270212816	0.34382786530554648730	0.00000083228748894837	0.00000007106813060499
0.45000000000000001110	0.99999903377887700007	0.57570603929453501024	0.42429396070546510078	0.03306500017231448624	0.35169094327717509429	0.00000087653488335050	0.00000007545080502175
0.45500000000000001554	0.99999897580462604463	0.58404473059716288663	0.41595526940283700235	0.03439559143123372548	0.35935577791766565303	0.00000092252287957654	0.00000008006341941963
0.46000000000000001998	0.99999814482598370358	0.59230833665764148765	0.40769166334235873439	0.03576064821812015293	0.36681674728954494213	0.00000097028027736623	0.00000008491482080646
0.46500000000000002442	0.99999726579310199703	0.60049336096838801247	0.39950663903161209856	0.03716044479418339347	0.37406998155064857814	0.00000101983176206630	0.00000009001397961679
0.47000000000000002887	0.99999633665685394579	0.60859636006730710722	0.39140363993269244869	0.03859524230760636582	0.38111278358634093077	0.00000107120138020818	0.00000009536998651783
0.47500000000000003331	0.99999535531746985839	0.61661394522219703518	0.38338605477780257624	0.04006528856776241793	0.38794360474942141126	0.00000112441160676808	0.00000010099204455167
0.47999999999999998224	0.99999533744000890234	0.94332578213081286211	1.05667421786918747095	0.06567051614942956417	0.39456191901867276872	0.00000117948328220944	0.00000010688946096272
0.48499999999999998668	0.99999531882518188919	0.94147405018314034297	1.05852594981686221054	0.06800422864086369534	0.40096859249808697312	0.00000123643280096768	0.00000011307162496756
0.48999999999999999112	0.99999529944791132330	0.93961896337694383874	1.06038103662305593922	0.07037332377677822659	0.40716431511329437276	0.00000129527988441143	0.00000011954802438962
0.49499999999999999556	0.99999527928884779371	0.93776220099940477137	1.06223779900059667192	0.07277724440516551707	0.41315096644308207940	0.00000135604015040668	0.00000012632822514165
0.50000000000000000000	0.99999525832854030405	0.93590544832384270357	1.06409455167615796256	0.07521543071603244146	0.41893101856862180465	0.00000141872729535190	0.00000013342186161841
0.50500000000000000444	0.99999523654746580448	0.93405039529031974599	1.06594960470967792254	0.07768732063965906598	0.42450746089617763523	0.00000148335310686553	0.00000014083862715274
0.51000000000000000888	0.99999521392604928671	0.93219873518291029857	1.06780126481709136677	0.08019235024558170333	0.42988372493612980740	0.00000154992741837857	0.00000014858826424463
0.51500000000000001332	0.99999519044466433915	0.93035216330476755431	1.06964783669523000320	0.08272995414198729136	0.43506361214160360618	0.00000161845806696851	0.00000015668055457947
0.52000000000000001776	0.99999516608363459014	0.92851237565198974089	1.07148762434800692844	0.08529956587519912925	0.44005123396272644021	0.00000168895085451914	0.00000016512530885207
0.52500000000000002220	0.99999514082328011533	0.92668106758731894068	1.07331893241267239958	0.08790061832893589222	0.44485095251546807882	0.00000176140951227282	0.00000017393235641343
0.53000000000000002665	0.99999511464391011017	0.92485993251474785115	1.07514006748525292601	0.09053254412303182730	0.44946733173702291264	0.00000183583566883135	0.00000018311153475759
0.53500000000000003109	0.99999508752581023341	0.92305066055597240204	1.07694933944402659876	0.09319477601128910160	0.45390509108442456121	0.00000191222882166612	0.00000019267267886592
0.54000000000000003553	0.99999505944927347123	0.92125493722990359213	1.07874506277008119781	0.09588674727816853816	0.45816906522746353447	0.00000199058631218055	0.00000020262561042682
0.54500000000000003997	0.99999503039464054943	0.91947444213610629582	1.08052555786387949333	0.09860789213398790665	0.46226416981206386314	0.00000207090330436691	0.00000021298012694866
0.55000000000000004441	0.99999500034229371614	0.91771084764322596872	1.08228915235677702888	0.10135764610831990429	0.46619536833992980540	0.00000215317276709767	0.00000022374599078414
0.55500000000000004885	0.99999496927260800305	0.91596581758347495050	1.08403418241651916532	0.10413544644128676364	0.46996764569337107220	0.00000223738546006779	0.00000023493291808448
0.56000000000000005329	0.99999493716605014626	0.91424100595423762883	1.08575899404576858842	0.10694073247244842428	0.47358598399637408249	0.00000232352992342006	0.00000024655056770158
0.56500000000000005773	0.99999490400315038663	0.91253805562756451497	1.08746194437244669828	0.10977294602695214509	0.47705534135605559554	0.00000241159247105733	0.00000025860853005687
0.57000000000000006217	0.99999486976449858400	0.91085859706890692777	1.08914140293108729907	0.11263153179868490295	0.48038063329662911149	0.00000250155718765796	0.00000027111631599516
0.57500000000000006661	0.99999483443082715084	0.90920424706583158336	1.09079575293418362669	0.11551593773009954935	0.48356671948980894937	0.00000259340592938688	0.00000028408334564209
0.57999999999999996003	0.99999479798291113219	0.90757660746766233295	1.09242339253231968144	0.11842561538841063495	0.48661838651766875508	0.00000268711832829755	0.00000029751893728358
0.58499999999999996447	0.99999476040167456503	0.90597726393741340178	1.09402273606258759742	0.12136002033792249455	0.48954034069522200934	0.00000278267180041477	0.00000031143229628566
0.58999999999999996891	0.99999472166818992314	0.90440778471633642699	1.09559221528366657061	0.12431861250811786224	0.49233719588021290781	0.00000288004155747534	0.00000032583250407303
0.59499999999999997335	0.99999468176359651572	0.90286971940270033254	1.09713028059729689190	0.12730085655730558059	0.49501346717177774348	0.00000297920062229411	0.00000034072850718450
0.59999999999999997780	0.99999466669764114357	0.78064165076702596302	0.21935400781625657984	0.08870171431299887777	0.27033010939042079190	0.00000409801507858082	0.00000036121858257741
0.60499999999999998224	0.99999465091675776574	0.78545905405027216517	0.21453658875211198409	0.09112722676756060403	0.27320004814057391451	0.00000424139087389896	0.00000038242553694690
0.60999999999999998668	0.99999463584803727212	0.79012504975252306760	0.20987057798112684903	0.09358906452551393751	0.27604345512134870200	0.00000438746660896403	0.00000040436286999172
0.61499999999999999112	0.99999462129932281673	0.79463828656002022388	0.20535732662489802891	0.09608705092409482174	0.27886161872426601382	0.00000453622816734104	0.00000042704401082843
0.61999999999999999556	0.99999460711012622127	0.79899749754081006436	0.20099810145489721558	0.09862099403156768251	0.28165580358642833270	0.00000468765173238246	0.00000045048226949034
0.62500000000000000000	0.99999459314386784925	0.80320150043808558049	0.19679408459134958842	0.10119068674086421911	0.28442727350413576914	0.00000484170926025853	0.00000047469081579163
0.63000000000000000444	0.99999457928206203494	0.80724919791290128401	0.19274637325471286053	0.10379590687579599850	0.28717728282815385699	0.00000499836893922784	0.00000049968266048777
0.63500000000000000888	0.99999456542013198668	0.81113957773647804572	0.18885597956919289442	0.10643641730923020239	0.28990707036834717503	0.00000515759552253054	0.00000052547063810042
0.64000000000000001332	0.99999455146413052109	0.81487171293188576104	0.18512383041776833692	0.10911196609273662861	0.29261785500315179442	0.00000531935057922699	0.00000055206739099656
0.64500000000000001776	0.99999453732837495501	0.81844476186547354679	0.18155076734841268937	0.11182228659737325493	0.29531083250286965791	0.00000548359269022820	0.00000057948535444770
0.65000000000000002220	0.99999452293341484221	0.82185796828783086454	0.17813754653107924386	0.11456709766526937400	0.29798717321520307166	0.00000565027760702542	0.00000060773674248283
0.65500000000000002665	0.99999450820464796941	0.82511066132489530034	0.17488483876523602811	0.11734610377181228791	0.30064802038591653677	0.00000581935838489288	0.00000063683353440729
0.66000000000000003109	0.99999449307109278262	0.82820225541902436905	0.17179322953753434211	0.12015899519815767538	0.30329448895974941980	0.00000599078549859478	0.00000066678746190027
0.66500000000000003553	0.99999447746443925755	0.83113225022054781910	0.16886321912934149081	0.12300544821388986749	0.30592766473861632281	0.00000616450694611920	0.00000069760999663086
0.67000000000000003997	0.99999446131828595430	0.83390023042995176095	0.16609522277376934096	0.12588512526961562199	0.30854860382369614369	0.00000634046834436186	0.00000072931233835267
0.67500000000000004441	0.99999444456748998178	0.83650586559106143714	0.16348957086184615073	0.12879767519930446218	0.31115833225546407625	0.00000651861301948889	0.00000076190540345012
0.68000000000000004885	0.99999442714771835661	0.83894890983565639786	0.16104650919746271720	0.13174273343219561339	0.31375784584616361883	0.00000669888209395666	0.00000079539981391990
0.68500000000000005329	0.99999440899494018709	0.84122920157967928656	0.15876619930064378439	0.13471992221404652246	0.31634811012429348009	0.00000688121457158888	0.00000082980588677784
0.69000000000000005773	0.99999439004513135387	0.84334666317172457539	0.15664871875876842933	0.13772885083757291369	0.31893006039572191490	0.00000706554742171290	0.00000086513362388641
0.69500000000000006217	0.99999437023394910362	0.84530130049405327597	0.15469406162523741122	0.14076911588185062052	0.32150460188806340156	0.00000725181566308760	0.00000090139270220185
0.70000000000000006661	0.99999434949641885506	0.84709320251662389989	0.15290213886511444530	0.14384030146048476517	0.32407260994874592663	0.00000743995244811853	0.00000093859246444244
0.70499999999999996003	0.99999432776681340673	0.84872254080484865746	0.15127277884726286761	0.14694197947837447926	0.32663493030815438090	0.00000762988914771451	0.00000097674191018101
0.70999999999999996447	0.99999430497837715759	0.85018956898127240329	0.14980572788238252779	0.15007370989681168005	0.32919237937307543884	0.00000782155543702633	0.00000101584968736614
0.71499999999999996891	0.99999428106319232512	0.85149462214201043775	0.14850065080643598536	0.15323504100674772976	0.33174574455723115918	0.00000801487938222367	0.00000105592408427726
0.71999999999999997335	0.99999425595203461636	0.85263811622841401139	0.14735713160884889028	0.15642550970999177795	0.33429578462250331139	0.00000820978752836599	0.00000109697302191909
0.72499999999999997780	0.99999422957422123837	0.85362054735455150656	0.14637467410487023378	0.15964464180811277494	0.33684323004972027693	0.00000840620498843614	0.00000113900404686127
0.72999999999999998224	0.99999420185752763146	0.85444249109123515673	0.14555270265146458275	0.16289195229883976501	0.33938878341265060756	0.00000860405553349691	0.00000118202432452876
0.73499999999999998668	0.99999417272803237111	0.85510460170712487837	0.14489056290605151212	0.16616694567970294316	0.34193311974051071589	0.00000880326168395373	0.00000122604063294852
0.73999999999999999112	0.99999414211009407527	0.85560761136777785385	0.14438752262742954313	0.16946911625871366458	0.34447688692800537691	0.00000900374480184203	0.00000127105935695773
0.74499999999999999556	0.99999410992619208738	0.85595232929313591619	0.14404277251813654703	0.17279794847180532380	0.34702070608245516592	0.00000920542518408632	0.00000131708648287817
0.75000000000000000000	0.99999407609692392285	0.85613964087442429030	0.14385542710754833928	0.17615291720683490251	0.34956517191939978639	0.00000940822215659682	0.00000136412759366115
0.75500000000000000444	0.99999404054089935379	0.85617050675099359847	0.14382452567491813000	0.17953348813385530680	0.35211085311939460674	0.00000961205416913635	0.00000141218786450683
0.76000000000000000888	0.99999400317463837951	0.85604596184801728942	0.14394903321159532861	0.18293911804143139777	0.35465829268612386604	0.00000981683889082284	0.00000146127205896095
0.76500000000000001332	0.99999396391259198769	0.85576711437589347842	0.14422784142163044829	0.18636925517875738145	0.35720800829826682143	0.00001002249330611772	0.00000151138452549153
0.77000000000000001776	0.99999392266702902266	0.85533514479201200320	0.14465976975990979536	0.18982333960327912870	0.35976049265400467103	0.00001022893381123536	0.00000156252919454771
0.77500000000000002220	0.99999387934080796736	0.85475130472424232231	0.14524356650142400404	0.19330080353344838984	0.36231621377352768443	0.00001043607631078519	0.00000161470957610164
0.78000000000000002665	0.99999383437629685289	0.85401693799673172869	0.14597788826437876897	0.19679746655864688298	0.15624696781211647179	0.00001524578912805442	0.00000169093852174191
0.78500000000000003109	0.99999378764649948792	0.85313345765051917802	0.14686132188075015637	0.20031616531032395145	0.15666401464368612251	0.00001565243647765606	0.00000176920070413019
0.79000000000000003553	0.99999373902920196677	0.85210232299472632445	0.14789240791919511242	0.20385630608369356698	0.15707635624384644335	0.00001606530870605140	0.00000184952724766045
0.79500000000000003997	0.99999368840189484242	0.85092505980863242243	0.14906962047793326231	0.20741728877890466820	0.15748529529137902938	0.00001648441775635804	0.00000193194933644224
0.80000000000000004441	0.99999363564104892799	0.84960325909450962190	0.15039136843115741282	0.21099850729768149238	0.15789225960144959160	0.00001690974013735028	0.00000201649803712899
0.80500000000000004885	0.99999358062177412521	0.84813857579929330388	0.15185599670704438835	0.21459934992536608411	0.15829854184103156478	0.00001734124936610900	0.00000210320428395953
0.81000000000000005329	0.99999352321763745888	0.84653272750611230357	0.15346178759602802089	0.21821919971637437907	0.15870531581186603232	0.00001777891597829861	0.00000219209886385103
0.81500000000000005773	0.99999346330041971598	0.84478749309654344035	0.15520696208832290841	0.22185743488274592417	0.15911365025075024926	0.00001822270753694387	0.00000228321240153575
0.82000000000000006217	0.99999340073991960232	0.84290471138461142697	0.15708968123969277442	0.22551342918550160155	0.15952452089416024883	0.00001867258864098835	0.00000237657534474069
0.82500000000000006661	0.99999333540380019869	0.84088627972364649032	0.15910804756447183284	0.22918655232854595605	0.15993882080736784856	0.00001912852093434554	0.00000247221794941241
0.83000000000000007105	0.99999326715746605920	0.83873415258693106988	0.16126010645478386363	0.23287617035479193928	0.16035736945275852472	0.00001959046311581125	0.00000257017026499147
0.83499999999999996447	0.99999319586392887427	0.83645034012317642791	0.16354384762493015537	0.23658164604422585175	0.16078092046336542320	0.00002005837095013738	0.00000267046211974216
0.83999999999999996891	0.99999312138371754255	0.83403690668792829221	0.16595720657989609936	0.24030233931362615651	0.16121016866544907176	0.00002053219728049515	0.00000277312310614463
0.84499999999999997335	0.99999304357475726768	0.83149596935187586322	0.16849806610690773456	0.24403760761762385845	0.16164575601659605941	0.00002101189204248370	0.00000287818256635705
0.84999999999999997780	0.99999296229233725075	0.82882969638728776207	0.17116425778899668764	0.24778680635085692519	0.16208827698047131860	0.00002149740227980779	0.00000298566957775609
0.85499999999999998224	0.99999287738899356182	0.82604030573340747612	0.17395356353944771421	0.25154928925085479063	0.16253828326112651492	0.00002198867216176830	0.00000309561293856493
0.85999999999999998668	0.99999278871451402484	0.82313006344218353494	0.17686371715610893496	0.25532440880145229611	0.16299628790546644153	0.00002248564300261128	0.00000320804115357799
0.86499999999999999112	0.99999269611580277051	0.82010128210508703717	0.17989240589439506324	0.25911151663633263942	0.16346276909237991704	0.00002298825328283956	0.00000332298241999219
0.86999999999999999556	0.99999259943692264674	0.81695631926252754162	0.18303727205798231426	0.26290996394254512181	0.16393817335993110529	0.00002349643867253266	0.00000344046461335485
0.87500000000000000000	0.99999249851901528263	0.81369757579650958679	0.18629591460599015385	0.26671910186356101446	0.16442291859630961404	0.00002401013205672464	0.00000356051527363847
0.88000000000000000444	0.99999239320029953415	0.81032749430804640323	0.18966589077563553167	0.27053828190171280710	0.16491739667149118986	0.00002452926356287791	0.00000368316159145286
0.88500000000000000888	0.99999228331603262632	0.80684855748013240007	0.19314471771917771092	0.27436685631962987042	0.16542197579770337446	0.00002505376059049837	0.00000380843039440536
0.89000000000000001332	0.99999216869852303180	0.80326328642758804133	0.19672987415409007306	0.27820417854045381700	0.16593700264523347787	0.00002558354784288589	0.00000393634813361978
0.89500000000000001776	0.99999204917707662510	0.79957423903479851734	0.20041880202531908717	0.28204960354651809062	0.16646280425978127182	0.00002611854736107352	0.00000406694087042515
0.90000000000000002220	0.99999192457817509538	0.79578400828250517307	0.20420890817858969313	0.28590248827622022354	0.16699968979599125185	0.00002665867855994293	0.00000420023426322487
0.90500000000000002665	0.99999179472601540386	0.79189522057902017593	0.20809756602978649043	0.28976218880229565045	0.16748973274793979571	0.00002720952805762977	0.00000433628190351302
0.91000000000000003109	0.99999165944076096046	0.78791053406674982362	0.21208211725666678560	0.29362806719792577947	0.16799539638332755542	0.00002776527064245459	0.00000447510825672529
0.91500000000000003553	0.99999151854025913888	0.78383263690885052188	0.21615987351392240701	0.29749948861126002120	0.16851573211448034328	0.00002832592323482743	0.00000461673787289943
0.92000000000000003997	0.99999137183934838635	0.77966424558338720541	0.22032811813832928194	0.30137582167031989888	0.16905013690488351896	0.00002889146809405142	0.00000476119521336968
0.92500000000000004441	0.99999121914997357585	0.77540810317232677917	0.22458410785986462899	0.30525643887407688526	0.16959819739780016001	0.00002946187260771551	0.00000490850457640826
0.93000000000000004885	0.99999106028118400769	0.77106697764607090573	0.22892507451717111766	0.30914071697806233541	0.17015963606065828695	0.00003003709278124676	0.00000505869004031449
0.93500000000000005329	0.99999089503916116506	0.76664366014478091405	0.23334822677627645171	0.31302803737489237612	0.17073427375267494210	0.00003061707570766522	0.00000521177541885282
0.94000000000000005773	0.99999072322726012541	0.76214096325754598915	0.23785075185144222143	0.31691778646983781442	0.17132200336533512375	0.00003120176134849673	0.00000536778422559530
0.94500000000000006217	0.99999054464605896531	0.75756171930055704600	0.24242981722705328473	0.32080935605148669376	0.17192277095386399033	0.00003179108384115527	0.00000552673964480108
0.95000000000000006661	0.99999035909337352646	0.75290877859530347394	0.24708257237943370699	0.32470214365741173479	0.17253656208309703368	0.00003238497247528763	0.00000568866450717752
0.95500000000000007105	0.99999016636434179262	0.74818500774798490927	0.25180615049753485302	0.32859555293478298621	0.17316339182982673495	0.00003298335243436806	0.00000585358126934936
0.95999999999999996447	0.99998996625147074102	0.74339328793106840276	0.25659767020137796978	0.33248899399572934277	0.17380329740079919487	0.00003358614536852393	0.00000602151199619198
0.96499999999999996891	0.99998975854465010915	0.73853651316819735051	0.26145423725721878006	0.33638188376732736096	0.17445633262545198749	0.00003419326984452191	0.00000619247834541459
0.96999999999999997335	0.99998954303126896814	0.73361758862345249899	0.26637294628837154820	0.34027364633604068045	0.17512256380884250184	0.00003480464170534419	0.00000636650155394131
0.97499999999999997780	0.99998931949624314530	0.72863942889596022834	0.27135088248061622895	0.34416371328637618277	0.17580206660644445704	0.00003542017436251955	0.00000654360242575391
0.97999999999999998224	0.99998908772209971207	0.72360495632100430008	0.27638512328120229400	0.34805152403364275626	0.17649492363059818278	0.00003603977903797116	0.00000672380132094376
0.98499999999999998668	0.99998884748903149600	0.71851709927852647208	0.28147274009037148712	0.35193652615053760968	0.17720122263108317728	0.00003666336496764637	0.00000690711814578200
0.98999999999999999112	0.99998859857498645365	0.71337879051016817034	0.28661079994443422470	0.35581817568744544822	0.17792105508891392640	0.00003729083957595993	0.00000709357234366180
0.99499999999999999556	0.99998834075573972413	0.70819296544574017460	0.29179636718936252660	0.35969593748619593798	0.17865451513255906080	0.00003792210862783430	0.00000728318288680097
1.00000000000000000000	0.99998807380498977437	0.70296256054015715531	0.29702650514392725523	0.36356928548712524885	0.17940169868381686258	0.00003855707636336315	0.00000747596826861778
1.00500000000000011546	0.99998779749438471143	0.69769051162180573122	0.30229827775140166723	0.36743770302924050331	0.18016270281967072808	0.00003919564561899675	0.00000767194649671277
1.01000000000000000888	0.99998751159370669050	0.69237975225335102181	0.30760875121889491579	0.37130068314334474522	0.18093762524716872075	0.00003983771793814680	0.00000787113508640350
1.01500000000000012434	0.99998721587089556273	0.68703321210581957956	0.31295499564332401876	0.37515772883787879000	0.18172656390432814777	0.00004048319367350272	0.00000807355105477101
1.02000000000000001776	0.99998691009216200687	0.68165381534697710997	0.31833408662312945303	0.37900835337736010766	0.18252961663825212346	0.00004113197208276913	0.00000827921091518486
1.02499999999999991118	0.99998659402208200930	0.67624447904489526362	0.32374310685481411110	0.38285208055324176923	0.18334688096371648536	0.00004178395141921236	0.00000848813067228092
1.03000000000000002665	0.99998626742371066189	0.67080811158760678126	0.32917914771341177937	0.38668844494703380477	0.18417845384873629544	0.00004243902901806597	0.00000870032581737125
1.03499999999999992006	0.99998593005869584882	0.66534761111968598879	0.33463931081597947381	0.39051699218550534054	0.18502443155644868189	0.00004309710137961673	0.00000891581132426934
1.04000000000000003553	0.99998558168734241747	0.65986586399668667458	0.34012070956728435167	0.39433727918786065647	0.18588490951362907078	0.00004375806424964050	0.00000913460164551754
1.04499999999999992895	0.99998522206879569829	0.65436574325824270471	0.34562047068682000273	0.39814887440471885549	0.18675998219905315390	0.00004442181269769361	0.00000935671070900600
1.05000000000000004441	0.99998485096107991854	0.64885010712065160909	0.35113573571632655801	0.40195135804876802599	0.18764974304152171047	0.00004508824119366677	0.00000958215191497434
1.05499999999999993783	0.99998446812129604400	0.64332179748979556599	0.35666366250701869722	0.40574432231697743489	0.18855428434622864553	0.00004575724368292441	0.00000981093813338896
1.06000000000000005329	0.99998407330566552176	0.63778363849509567274	0.36220142668569516031	0.40952737160420221718	0.18947369722379958645	0.00004642871366028095	0.00001004308170169036
1.06499999999999994671	0.99998366626971302296	0.63223843504541221705	0.36774622309902793571	0.41330012270814148190	0.19040807151155880739	0.00004710254424300588	0.00001027859442290539
1.07000000000000006217	0.99998324676837002656	0.62668897140747958918	0.37329526723519662612	0.41706220502544621986	0.19135749571702753702	0.00004777862824302469	0.00001051748756412052
1.07499999999999995559	0.99998281455735671397	0.62113800980839051213	0.37884579662284534329	0.42081326073909824936	0.19232205696060536426	0.00004845685823841802	0.00001075977185531261
1.08000000000000007105	0.99998236939026829972	0.61558828906062545983	0.38439507220308133384	0.42455294475464006032	0.19330058203739627909	0.00004913761279948828	0.00001100545991931005
1.08499999999999996447	0.99998191102106970263	0.61004252321329244246	0.38994037968076461498	0.42828092550974450337	0.19429695679404235253	0.00004981997804668061	0.00001125455980954345
1.09000000000000007994	0.99998143920363691262	0.60450340022713799915	0.39547903084901525617	0.43199688460912177845	0.19530901842877251839	0.00005050410352900639	0.00001150708032718848
1.09499999999999997335	0.99998095369193606974	0.59897358067700656736	0.40100836488695884574	0.43570051710039758852	0.19633682080581391083	0.00005118988394170920	0.00001176302974689703
1.10000000000000008882	0.99998045424014747606	0.59345569648057427958	0.40652574963111243189	0.43939153161573796247	0.19738041966997835197	0.00005187721364195285	0.00001202241581510679
1.10499999999999998224	0.99997994060282535678	0.58795234965435894114	0.41202858281949844566	0.44306965050406638129	0.19843987200075904886	0.00005256598678925745	0.00001228524574905308
1.11000000000000009770	0.99997941253501398950	0.58246611109758916758	0.41751429330793199401	0.44673460995383390548	0.19951523545927138392	0.00005325609747201939	0.00001255152623641318
1.11499999999999999112	0.99997886979241179528	0.57699951940448124255	0.42298034225789721274	0.45038616010628995667	0.20060656793106360074	0.00005394743982371496	0.00001282126343553175
1.12000000000000010658	0.99997831213153776098	0.57155507970544883189	0.42842422429550186536	0.45402406515922538732	0.20171392710609845067	0.00005463990813066080	0.00001309446297618506
1.12500000000000000000	0.99997773930984912294	0.56613526253772650243	0.43384346864096623442	0.45764810346112849704	0.20283737013208830158	0.00005533339693280444	0.00001337112996084908
1.13000000000000011546	0.99997715108591012090	0.56074250274595827115	0.43923564020821165288	0.46125806759578247274	0.20397695329213769155	0.00005602780111867161	0.00001365126896644244
1.13500000000000000888	0.99997654721953244117	0.55537919841315064318	0.44459834067404374602	0.46485376445724985173	0.20513273173197260624	0.00005672301601544500	0.00001393488404651966
1.14000000000000012434	0.99997592747196817342	0.55004770982248474276	0.44992920951653320172	0.46843501531526787751	0.20630475919334567703	0.00005741893747487445	0.00001422197873389404
1.14500000000000001776	0.99997529160600262532	0.54475035845030728154	0.45522592502211245424	0.47200165587098369402	0.20749308778488370630	0.00005811546195559623	0.00001451255604367202
1.15000000000000013323	0.99997463938614084000	0.53948942599081994853	0.46048620526109029782	0.47555353630314145530	0.20869776774980658418	0.00005881248660237334	0.00001480661847668388
1.15500000000000002665	0.99997397057877757121	0.53426715341273456339	0.46570780903114933347	0.47909052130464135910	0.20991884727293663726	0.00005950990932258516	0.00001510416802329681
1.15999999999999992006	0.99997328495235604517	0.52908574004827169102	0.47088853676851316621	0.48261249010953327643	0.21115637227117875496	0.00006020762886029590	0.00001540520616759829
1.16500000000000003553	0.99997258227746410597	0.52394734271477627630	0.47602623142641808940	0.48611933651041683291	0.21241038620791610758	0.00006090554486813871	0.00001570973389193898
1.16999999999999992895	0.99997186232705936870	0.51885407486936518939	0.48111877932071395181	0.48961096886639787762	0.21368092990707412970	0.00006160355797719736	0.00001601775168182496
1.17500000000000004441	0.99997112487659811642	0.51380800579671004336	0.48616411094217326649	0.49308731010148459939	0.21496804137507316557	0.00006230156986504828	0.00001632925953115020
1.17999999999999993783	0.99997036970418606838	0.50881115983033653460	0.49116020173538543769	0.49654829769359165592	0.21627175561593867115	0.00006299948332208523	0.00001664425694776063
1.18500000000000005329	0.99996959659073059168	0.50386551560756531742	0.49610507284392996175	0.49999388365412406054	0.21759210447303245495	0.00006369720231620280	0.00001696274295934164
1.18999999999999994671	0.99996880532011445109	0.49897300535838201574	0.50099679182171774627	0.50342403449827277662	0.21892911643752782647	0.00006439463205594489	0.00001728471611962137
1.19500000000000006217	0.99996799567932947994	0.49413551422829099513	0.50583347331021466520	0.50683873120598099682	0.22028281648993383590	0.00006509167905213760	0.00001761017451488206
1.19999999999999995559	0.99996716745863867271	0.48935487963544915813	0.51061327968154857082	0.51023796917379538041	0.22165322591361072413	0.00006578825117807687	0.00001793911577077244
1.20500000000000007105	0.99996632045170130709	0.48463289066202697164	0.51533442164718978873	0.51362175815733368545	0.22304036165547663773	0.00006648425810532663	0.00001827153706129907
1.20999999999999996447	0.99996545445577644795	0.47997128748010670085	0.51999515883232716451	0.51699012220538964613	0.22444424004905125236	0.00006717961015312075	0.00001860743511206468
1.21500000000000007994	0.99996456927181942564	0.47537176081197068944	0.52459380031563052071	0.52034309958438618171	0.22586487038164279606	0.00006787421958698318	0.00001894680620999959
1.21999999999999997335	0.99996366470464737031	0.47083595142500617170	0.52912870513452514576	0.52368074269424824685	0.22730225756454841557	0.00006856800026374738	0.00001928964621131833
1.22500000000000008882	0.99996274056312173251	0.46636544966119719557	0.53359828275589105129	0.52700311797552601423	0.22875640195137078581	0.00006926086768449852	0.00001963595054974082
1.22999999999999998224	0.99996179666019391341	0.46196179500113138117	0.53800099351209518250	0.53031030580780158523	0.23022729916094825109	0.00006995273904580217	0.00001998571424496983
1.23500000000000009770	0.99996083281313408175	0.45762647566266190235	0.54233534900254798394	0.53360240039965523007	0.23171493990309249833	0.00007064353328964952	0.00002033893191141808
1.23999999999999999112	0.99995984884364108591	0.45336092823405710339	0.54659991246068151405	0.53687950967017572523	0.23321930978843560811	0.00007133317115209952	0.00002069559776717858
1.24500000000000010658	0.99995884457793704492	0.44916653756557728405	0.55079329886245831371	0.54014175505008699130	0.23473270804623880270	0.00007201289774177874	0.00002105566225588747
1.25000000000000000000	0.99995781984604559245	0.44504463580671543843	0.55491417588841474018	0.54338927152973726109	0.23627009174244875678	0.00007269995001704015	0.00002141916200597267
1.25500000000000011546	0.99995677448372222162	0.44099650280011565284	0.55896126353165398459	0.54662220736603461813	0.23782412775546546424	0.00007338562115701717	0.00002178609011175776
1.26000000000000000888	0.99995570833166125269	0.43702336563512966805	0.56293333454352234568	0.54984072397071004357	0.23939477835576955522	0.00007406983992200147	0.00002215643931136777
1.26500000000000012434	0.99995462123562095513	0.43312639845221356794	0.56682921462931690204	0.55304499575186794047	0.24098200095346383742	0.00007475253672551168	0.00002253020199499532
1.27000000000000001776	0.99995351304654533919	0.42930672228116251166	0.57064778261019544203	0.55623520994781183724	0.24258574676741620491	0.00007543364403609723	0.00002290737021517581
1.27500000000000013323	0.99995238362068283866	0.42556540491294286843	0.57438797055143053782	0.55941156645338752096	0.24420596062649252422	0.00007611309641588135	0.00002328793569725521
1.28000000000000002665	0.99995123281966902251	0.42190346080495177983	0.57804876385727044230	0.56257427763907441598	0.24584258080451076856	0.00007679083055757907	0.00002367188985004311
1.28499999999999992006	0.99995006051066592789	0.41832185101943336614	0.58162920133261686306	0.56572356816292979076	0.24749553881315608517	0.00007746678531994629	0.00002405922377664284
1.29000000000000003553	0.99994886656642756328	0.41482148319483397314	0.58512837521179672517	0.56885967477560994698	0.24916475922879588456	0.00007814090176167473	0.00002444992828545121
1.29499999999999992895	0.99994765086545933652	0.41140321154977971263	0.58854543115467683467	0.57198284611858374316	0.25085015949153516290	0.00007881312317368202	0.00002484399390131962
1.30000000000000004441	0.99994641329202915703	0.40806783691938669500	0.59187956821040854649	0.57509334251571686547	0.25255164973237281822	0.00007948339510976852	0.00002524141087686847
1.30499999999999993783	0.99994515373630710187	0.40481610682364044251	0.59513003874918668501	0.57819143575847498084	0.25426913258012917574	0.00008015166541567220	0.00002564216920394683
1.31000000000000005329	0.99994387209444635101	0.40164871556743708680	0.59829614836226019392	0.58127740888483436787	0.25600250297798565757	0.00008081788425644795	0.00002604625862522907
1.31499999999999994671	0.99994256826863503473	0.39856630437198220518	0.60137725573060929474	0.58435155595213394975	0.25775164799960248452	0.00008148200414221518	0.00002645366864594014
1.32000000000000006217	0.99994124216721547160	0.39556946153718708370	0.60437277246266729591	0.58741418180409110672	0.25951644667147122369	0.00008214397995219191	0.00002686438854570110
1.32499999999999995559	0.99994090363666388033	0.39265915161192921357	0.60728274385703806537	0.59046624516798273952	0.26129676978429000611	0.00008280376895706071	0.00002727840739048641
1.33000000000000007105	0.99993955578453819211	0.38983500987871810839	0.61010553773678577461	0.59350680407047540221	0.26277322235600619749	0.00008345108820433282	0.00002769566283150807
1.33499999999999996447	0.99993920741307940059	0.38709831838567054785	0.61284188085802870916	0.59653747407866264396	0.26428097052226812158	0.00008410615677195608	0.00002811619361536785
1.34000000000000007994	0.99993884263944954327	0.38444902615138837332	0.61549080831832070348	0.59955794626539038461	0.26609682445242921478	0.00008474870742535381	0.00002853993715249462
1.34499999999999997335	0.99993747337815952481	0.38188704157462460831	0.61805142363243403825	0.60256795765984316748	0.26762974437203140843	0.00008538867237926219	0.00002896688051439093
1.35000000000000008882	0.99993709841135203220	0.37941348518185563643	0.62052460505802375934	0.60556913905448761515	0.26919359284271376920	0.00008603650216011940	0.00002939706302519152
1.35499999999999998224	0.99993570696519584740	0.37702773261293481832	0.62290896617941104996	0.60856058622623410148	0.27105403156731067149	0.00008667153015904069	0.00002983042067598673
1.36000000000000009770	0.99993531538395674652	0.37473080882535525493	0.62520549838536199072	0.61154396037068259329	0.27265325282086100289	0.00008731443875523096	0.00003026699286976288
1.36499999999999999112	0.99993490675743712526	0.37252240961151539267	0.62741348897227433579	0.61451900259617953104	0.27454246764373024803	0.00008794436669987488	0.00003070671470326226
1.37000000000000010658	0.99993349351859328600	0.37040219366002619106	0.62953229168352142775	0.61748549947346154099	0.27616396454081526546	0.00008857160382333387	0.00003114957272237892
1.37500000000000000000	0.99993307423355137775	0.36837102555256273639	0.63156304050552081186	0.62044511303284710646	0.27781573797485331623	0.00008920691658494274	0.00003159560730530364
1.38000000000000011546	0.99993163858196920657	0.36642803859320810522	0.63350459181187634972	0.62339699062811793073	0.27974643974531571144	0.00008982903601583430	0.00003204475248538281
1.38500000000000000888	0.99993120201948304526	0.36457400511058979387	0.63535818873156890696	0.62634282210635494614	0.28143107925748689357	0.00009045925106285469	0.00003249704874069708
1.39000000000000012434	0.99993074785461089071	0.36280838059498538017	0.63712335908185691036	0.62928239176291300705	0.28338829670607146305	0.00009107613834450891	0.00003295242943241963
1.39500000000000001776	0.99992929005713304669	0.36113058748334098125	0.63879969439457484626	0.63221552850022255665	0.28509181520014809097	0.00009169029371078316	0.00003341088090097354
1.40000000000000013323	0.99992882482716438641	0.35954124359894162888	0.64038857304854557295	0.63514391844562589906	0.28682479189407977804	0.00009231274752553031	0.00003387244463860120
1.40500000000000002665	0.99992734437023000904	0.35803925624385340987	0.64188907994522959033	0.63806675316054084490	0.28881968516491707266	0.00009292173133645868	0.00003433705329528349
1.40999999999999992006	0.99992686129154895180	0.35662515562651092571	0.64330269748340507263	0.64098574399182661754	0.29058254459529203606	0.00009353903970013721	0.00003480474849378418
1.41500000000000003553	0.99992636013997782118	0.35529817282414072332	0.64462917913371786671	0.64390071095607137597	0.29260118874276980216	0.00009414278703484552	0.00003527546242895840
1.41999999999999992895	0.99992485723134627573	0.35405751028643461797	0.64586833876129556842	0.64681151755978916196	0.29437899129041783519	0.00009474382535315850	0.00003574918155572420
1.42500000000000004441	0.99992434466433621765	0.35290355156710956352	0.64702178491310102793	0.64971986687327643040	0.29618524360383619021	0.00009535339911752692	0.00003622594855131183
1.42999999999999993783	0.99992281888923051358	0.35183499680182006575	0.64808881390177042192	0.65262498670641988507	0.29823697533483611855	0.00009594933805359908	0.00003670569524157982
1.43500000000000005329	0.99992228798903326492	0.35085214773769823893	0.64907113206516942050	0.65552860268664636667	0.30006962815237780973	0.00009655384511026108	0.00003718846446713113
1.43999999999999994671	0.99992073934187164497	0.34995362259554441131	0.64996810855862463541	0.65842994803398124937	0.30214181410379670201	0.00009714466840627003	0.00003767418780916248
1.44500000000000006217	0.99992018997490517140	0.34913964091429899872	0.65078154087236061986	0.66133075887249814784	0.30399932886461605852	0.00009774417402673832	0.00003816290867929617
1.44999999999999995559	0.99991962202063167098	0.34840914868569261564	0.65151146514612745531	0.66423088857581480404	0.30609047949935708210	0.00009832996310536607	0.00003865455849482301
1.45500000000000007105	0.99991805065442462830	0.34776107004411577206	0.65215797241994033495	0.66713023212541078255	0.30795644192898263825	0.00009891317843347644	0.00003914912438699039
1.45999999999999996447	0.99991747091961036276	0.34719549155806617158	0.65272297117060174010	0.67003051112949063572	0.30984915552492708901	0.00009950529883171670	0.00003964665088114897
1.46500000000000007994	0.99991587651174207441	0.34671085443575061502	0.65320601388346932747	0.67293098324208611150	0.31196560756557262239	0.00010008371908701569	0.00004014706947658405
1.46999999999999997335	0.99991527792771550676	0.34630717315089709629	0.65360909658370280884	0.67583338889961142026	0.31387898842576356095	0.00010067108699552575	0.00004065042491156168
1.47500000000000008882	0.99991466047048116472	0.34598321715910351770	0.65393243511763954334	0.67873759799379451696	0.31601035901136387274	0.00010124476141933419	0.00004115664871865836
1.47999999999999998224	0.99991304310488982043	0.34573773899787102470	0.65417629591168313663	0.68164352048882448365	0.31792692128675081875	0.00010181602989003229	0.00004166572886810852
1.48500000000000009770	0.99991241362093352674	0.34557063189437475792	0.65434277353059833171	0.68455287796237140885	0.31986873411845506698	0.00010239647590024196	0.00004217771124760973
1.48999999999999999112	0.99991077307053910506	0.34548018310717798496	0.65443158176577220786	0.68746494396728352605	0.32201890126625803967	0.00010296330536783898	0.00004269252777444892
1.49500000000000010658	0.99991012442159066254	0.34546622177828983924	0.65444489444507103482	0.69038145626385716280	0.32397667388476875105	0.00010353936180369727	0.00004321022458346741
1.50000000000000000000	0.99990846070988126382	0.34552697571122992226	0.65438247679876715424	0.69330168565607808162	0.32613717831025340610	0.00010410184531395365	0.00004373073381003718
1.50500000000000011546	0.99990779282285280338	0.34566221037192407239	0.65424657425038412750	0.69622737366484599431	0.32810888957908662666	0.00010467368654305759	0.00004425410224275247
1.51000000000000000888	0.99990610591892270520	0.34587009819650788023	0.65403699952019522801	0.69915778693414865064	0.33027774029238332609	0.00010523201241562086	0.00004478026230483057
1.51500000000000012434	0.99990541872661475864	0.34615034437821384783	0.65375606614550063611	0.70209466977233492280	0.33226129552731320516	0.00010579982949891255	0.00004530926145232513
1.52000000000000001776	0.99990471231615551950	0.34650145430404322155	0.65340424980851219416	0.70503789461768384683	0.33443643211358298206	0.00010635420193263554	0.00004584103246198831
1.52500000000000013323	0.99990300227330686234	0.34692192578268965519	0.65298206828532423529	0.70798737103541697913	0.33641220802175214599	0.00010690660328490314	0.00004637556547841282
1.53000000000000002665	0.99990228354730759097	0.34741136610594880452	0.65249190923535127506	0.71094481727459946097	0.33841016902796783317	0.00010746873695537565	0.00004691290916318970
1.53500000000000014211	0.99990055017802315085	0.34796783844719431089	0.65193370352310131555	0.71390950038887612816	0.34059044986418612888	0.00010801759933486439	0.00004745299715986402
1.54000000000000003553	0.99989981190464038985	0.34859090167795886428	0.65130990201822247521	0.71688315042449335390	0.34259470713848816370	0.00010857625482105428	0.00004799587843396929
1.54499999999999992895	0.99989805523984909286	0.34927857785692451031	0.65062046917271942892	0.71986502561696019686	0.34477598604321413323	0.00010912170585891343	0.00004854148696326386
1.55000000000000004441	0.99989729736919252812	0.35003037823490440461	0.64986791092332951703	0.72285685534815324882	0.34678450069544425327	0.00010967700896529381	0.00004908987200809033
1.55499999999999993783	0.99989652011505569806	0.35084465907241091376	0.64905285283091962434	0.72585849827975112980	0.34896445252080871002	0.00011021925648063923	0.00004964096829049353
1.56000000000000005329	0.99989474007702527913	0.35171977617957206341	0.64817595568396246808	0.72886984779853092320	0.35095563461311379827	0.00011075997445404560	0.00005019476816276375
1.56499999999999994671	0.99989395026800509392	0.35265516274183172918	0.64723977931189680124	0.73189260224345309425	0.35296621705875630415	0.00011131087030097522	0.00005075132251426863
1.57000000000000006217	0.99989214678665983005	0.35364876702190206625	0.64624437154869296407	0.73492600882324199407	0.35513924984538219887	0.00011184894790083820	0.00005131056725377282
1.57499999999999995559	0.99989133716663169960	0.35469998672760716385	0.64519234222215537944	0.73797177455089912890	0.35714772059915017577	0.00011239727043711373	0.00005187255360595839
1.58000000000000007105	0.99988951026411176937	0.35580674337624756953	0.64408375866918676778	0.74102913341060905328	0.35931331174348546398	0.00011293291590365872	0.00005243721818547668
1.58499999999999996447	0.99988868078830261954	0.35696840017077607898	0.64292127239802709937	0.74409978867303883110	0.36131715794046459500	0.00011347895010686123	0.00005300461293601098
1.59000000000000007994	0.99988783182916529668	0.35818321321220425446	0.64170561039661389025	0.74718357090599418768	0.36347282147428744414	0.00011401245829751076	0.00005357467522749854
1.59499999999999997335	0.99988598118596017095	0.35944944501774150902	0.64043752794604014156	0.75028034296460877073	0.36544905493633317306	0.00011454495249457226	0.00005414739998997140
1.60000000000000008882	0.99988511940391655575	0.36076640111149232970	0.63911971006938916862	0.75339177299060422488	0.36744169383281549690	0.00011508808170272260	0.00005472284039848502
1.60499999999999998224	0.99988324515429272132	0.36213196429151617295	0.63775227263788258902	0.75651707322765726627	0.36957744849314783098	0.00011561897470345329	0.00005530093527200228
1.61000000000000009770	0.99988236329972290939	0.36354541765784126328	0.63633793741611366368	0.75965791780535740774	0.37155903040867011011	0.00011616057329589720	0.00005588173813848177
1.61499999999999999112	0.99988046539091679499	0.36500463128178067818	0.63487682588148308671	0.76281350168272021861	0.37367853385480243045	0.00011669010857256347	0.00005646518868134459
1.62000000000000010658	0.99987956342031381052	0.36650886692135231648	0.63337168827041279151	0.76598549279184235949	0.37564644817612252714	0.00011723049403493580	0.00005705134115151927
1.62500000000000000000	0.99987864191822117821	0.36805632872026883273	0.63182330496848859713	0.76917367352959786775	0.37771677207418979938	0.00011777671605344643	0.00005764022473178649
1.63000000000000011546	0.99987671987174575605	0.36964523371853369449	0.63023247792184899918	0.77237785603177122606	0.37958586115308678988	0.00011834080897003967	0.00005823192877663669
1.63500000000000000888	0.99987578523543352294	0.37127480616531594038	0.62860197083782287653	0.77559967675399510423	0.38149873949885226843	0.00011889843386609088	0.00005882642094596715
1.64000000000000012434	0.99987383936904128401	0.37294291117958883186	0.62693191995522778992	0.77883829179937535958	0.38350604315052222448	0.00011946333067449880	0.00005942373759933964
1.64500000000000001776	0.99987288437584032064	0.37464876331489910255	0.62522511282576775926	0.78209534164345939633	0.38539956145944725963	0.00012002126041677509	0.00006002384390142352
1.65000000000000013323	0.99987091461078014820	0.37639022829337748233	0.62348167808027510350	0.78536996143056758690	0.38738266529378162506	0.00012058701639023982	0.00006062677898337472
1.65500000000000002665	0.99986993918449973417	0.37816651200590895021	0.62170441894049899290	0.78866378364686584579	0.38925430854539599945	0.00012114547200974221	0.00006123250634342343
1.66000000000000014211	0.99986794548951896111	0.37997548446379897369	0.61989345278564811359	0.79197592156995788581	0.39121119799816006513	0.00012171222348420417	0.00006184106746084445
1.66500000000000003553	0.99986694953970267630	0.38181634630921340579	0.61805159498942974228	0.79530799920423633775	0.39305871051786411829	0.00012227142816442131	0.00006245242460166656
1.66999999999999992895	0.99986593395849732158	0.38368730085561592036	0.61617962486081134799	0.79865973445965487976	0.39501636612909007962	0.00012281981040697187	0.00006306652365370142
1.67500000000000004441	0.99986391534084062549	0.38558657188159373153	0.61427833521518104831	0.80203086481313401457	0.39678473197852059950	0.00012338827008489623	0.00006368346500412591
1.67999999999999993783	0.99986288606179440919	0.38751334704365625328	0.61235053077304635316	0.80542297305380494699	0.39859213394080994508	0.00012394898900946195	0.00006430320994917322
1.68500000000000005329	0.99986084314853462818	0.38946553156775354232	0.61039630333366490245	0.80883513050768618413	0.40047427011052766366	0.00012451892582463506	0.00006492580457829640
1.68999999999999994671	0.99985979299689975441	0.39144231865367662415	0.60841846609506788912	0.81226892194118160972	0.40225193820431243141	0.00012508099508333237	0.00006555120955371306
1.69500000000000006217	0.99985772571553610533	0.39344162973250068616	0.60641708773282709810	0.81572340190205550048	0.40412736083980455026	0.00012563271254430755	0.00006617937311643459
1.69999999999999995559	0.99985665457799999256	0.39546266435035321019	0.60439498197637997468	0.81920013760277454740	0.40587259860174607073	0.00012619638286446579	0.00006681035503075692
1.70500000000000007105	0.99985556370798467363	0.39750367428531491187	0.60235288117031904331	0.82269877524923684664	0.40768579567298768307	0.00012676974359670495	0.00006744420374874044
1.70999999999999996447	0.99985347060755747073	0.39956293681281562780	0.60029152554031484090	0.82621900213410304215	0.40937118878971956448	0.00012732420254167191	0.00006808082476144881
1.71500000000000007994	0.99985236541220379181	0.40163965596206213649	0.59821370119462125015	0.82976234294911954681	0.41106465590849355918	0.00012789076415216965	0.00006872027858220965
1.71999999999999997335	0.99985024747143735890	0.40373181595014712153	0.59611942326366762490	0.83332779627082764762	0.41282064452563216328	0.00012846729174646350	0.00006936261504094197
1.72500000000000008882	0.99984912085055754893	0.40583863697830896422	0.59401147561351175241	0.83691689566018623303	0.41447686388096843801	0.00012903611835064557	0.00007000779563269519
1.72999999999999998224	0.99984697789812382318	0.40795812997202690608	0.59188983966523400770	0.84052862065316857887	0.41621447438153263976	0.00012959529392355735	0.00007065577210231299
1.73500000000000009770	0.99984582969884328030	0.41008953190691010970	0.58975728952993156096	0.84416447908359759644	0.41780958189631589583	0.00013018636828261766	0.00007130670394372608
1.73999999999999999112	0.99984466163608332057	0.41223117998293318243	0.58761447338999184264	0.84782406223905504294	0.41950358987094549246	0.00013074826274405603	0.00007196044525744636
1.74500000000000010658	0.99984249171445693793	0.41438144111119462609	0.58546204233795329230	0.85150697752361459436	0.42105134545902522802	0.00013131163652965104	0.00007261700344009462
1.75000000000000000000	0.99984130853904140679	0.41653957226810461867	0.58330272800444726844	0.85521469018714213473	0.42258625025566110001	0.00013190680541166531	0.00007327653746715294
1.75500000000000011546	0.99983911301128614024	0.41870367094592586543	0.58113643379669444045	0.85894613427242338943	0.42421115695263583723	0.00013247334724475154	0.00007393890420337671
1.76000000000000000888	0.99983790771607261583	0.42087301954706296536	0.57896587989914904959	0.86270278357136942482	0.42572134375057801847	0.00013305229748447779	0.00007460416569079910
1.76500000000000012434	0.99983568642334097465	0.42304575118045972815	0.57679092697081690844	0.86648353603628025521	0.42729768997462896918	0.00013362233485909479	0.00007527227736509458
1.77000000000000001776	0.99983445881160004642	0.42522117396746145213	0.57461427657085495380	0.87028984791194885506	0.42874578256305090340	0.00013422390694864560	0.00007594339689983780
1.77500000000000013323	0.99983221152129986287	0.42739745892958397322	0.57243574431620225518	0.87412059580049339402	0.43027262010310957097	0.00013479762022465094	0.00007661738500096106
1.78000000000000002665	0.99983096138172178335	0.42957394212889249419	0.57025801097607509149	0.87797723351987977392	0.43169001581114607724	0.00013538387812367988	0.00007729430439157946
1.78500000000000014211	0.99982969114279629519	0.43174911507039526182	0.56808156779438589989	0.88185923826209866583	0.43315162352676839230	0.00013598031829415032	0.00007797420598305021
1.79000000000000003553	0.99982741505915839753	0.43392150316612654315	0.56590690361276152487	0.88576612399628518180	0.43449086754199778282	0.00013656008021389684	0.00007865700638411969
1.79499999999999992895	0.99982612848021656937	0.43609047897059288745	0.56373664122807476407	0.88969930311105505094	0.43583429312935523248	0.00013715253650497351	0.00007934276906664456
1.80000000000000004441	0.99982382571124395199	0.43825432463414271123	0.56157049279327031499	0.89365758042272547268	0.43721869761559328804	0.00013775507862865953	0.00008003154445978785
1.80499999999999993783	0.99982251592328441614	0.44041244762158338055	0.55941106001657414648	0.89764237700546345433	0.43851142652150704171	0.00013835195873117240	0.00008072330425344371
1.81000000000000005329	0.99982018619134449544	0.44256317466940287009	0.55725800323450236373	0.90165247516892255142	0.43985244760922753704	0.00013894089180825007	0.00008141800871248496
1.81499999999999994671	0.99981885293927108549	0.44470594801543988916	0.55511389663506693903	0.90568927985050029505	0.44109253018916988465	0.00013954259335515018	0.00008211572167926071
1.82000000000000006217	0.99981749933832342325	0.44683940812325767533	0.55297908292496245064	0.90975219134034823742	0.44236929533294305772	0.00014015422007301190	0.00008281649277962577
1.82499999999999995559	0.99981513906533048264	0.44896223155383058190	0.55085389921905136834	0.91384064486560445673	0.44352567626025352077	0.00014075062455695249	0.00008352024590241054
1.83000000000000007105	0.99981376794749499126	0.45107390700273136686	0.54874085265095884356	0.91795600592767057080	0.44468574678531813671	0.00014135989660335544	0.00008422704538542731
1.83499999999999996447	0.99981237657858679224	0.45317314660892066280	0.54664022167447934297	0.92209764661015936049	0.44587917632827395176	0.00014197894807932117	0.00008493694012582392
