0.00000000000000000000	1.00000000000000000000	0.00000000000000000000	1.00000000000000000000	0.00000000000000000000	nan	0.00000000000000000000	0.00000000000000000000
0.00500000000000000010	1.00000000312499981447	0.00009999999968749994	0.99990000000031209471	0.00000000062499999805	nan	0.00000000000000000000	0.00000000000000000000
0.01000000000000000021	1.00000000312491632570	0.00039994999939611152	0.99960005000060370151	0.00000000999927078595	0.00000000000000000000	0.00000000000006248646	0.00000000000000031243
0.01499999999999999944	1.00000000312474934816	0.00089970002996872197	0.99910029997003124702	0.00000005061367238219	0.02778433663548968841	0.00000000000056222114	0.00000000000000312354
0.02000000000000000042	1.00000000312449555118	0.00159900024038850180	0.99840099975961160705	0.00000015993051114166	0.05578072307295683929	0.00000000000224789612	0.00000000000001436302
0.02500000000000000139	1.00000000312414383252	0.00249750104391954818	0.99750249895608056327	0.00000039035138426307	0.07297442433694155406	0.00000000000624048042	0.00000000000004556542
0.02999999999999999889	1.00000000312367265387	0.00359475332206458118	0.99640524667793550773	0.00000080917319895604	0.08358812447188983252	0.00000000001403077539	0.00000000000011571930
0.03500000000000000333	1.00000000312303805039	0.00489020868620334247	0.99510979131379662110	0.00000149853240131000	0.09047448280442324520	0.00000000002747618377	0.00000000000025310022
0.04000000000000000083	1.00000000312216896781	0.00638321979673787954	0.99361678020326194005	0.00000255533745912833	0.09517248644233759769	0.00000000004879669893	0.00000000000049708371
0.04499999999999999833	1.00000000312094483590	0.00807304073953366008	0.99192695926046570154	0.00000409118965217410	0.09852313613385492441	0.00000000008057012236	0.00000000000089993432
0.05000000000000000278	1.00000000311920089757	0.00995882745940836894	0.99004117254059231801	0.00000623229223241296	0.10100716688940485077	0.00000000012572651905	0.00000000000152856692
0.05500000000000000028	1.00000000311668979514	0.01203963825038327322	0.98796036174961654464	0.00000911934802592434	0.10291258633351700602	0.00000000018754192174	0.00000000000246627653
0.05999999999999999778	1.00000000311308023804	0.01431443430237566705	0.98568556569762466602	0.00001290744555717976	0.10441946190185862064	0.00000000026963129692	0.00000000000381443301
0.06500000000000000222	1.00000000310793391023	0.01678208030397400352	0.98321791969602623240	0.00001776593378534631	0.10564467233404387092	0.00000000037594078639	0.00000000000569413694
0.07000000000000000666	1.00000000310068237752	0.01944134510090194529	0.98055865489909777022	0.00002387828555116097	0.10666659780345481845	0.00000000051073924026	0.00000000000824783314
0.07499999999999999722	1.00000000309060732562	0.02229090240974096471	0.97770909759025970143	0.00003144194984172610	0.10753931836949703893	0.00000000067860905796	0.00000000001164087843
0.08000000000000000167	1.00000000307681524703	0.02532933158644609661	0.97467066841355354256	0.00004066819298929496	0.10830109038474670935	0.00000000088443635599	0.00000000001606306021
0.08500000000000000611	1.00000000305820990754	0.02855511844915490163	0.97144488155084518510	0.00005178192892874051	0.10897957878335524928	0.00000000113340048176	0.00000000002173006262
0.08999999999999999667	1.00000000303347102992	0.03196665615475310918	0.96803334384524697409	0.00006502153864692067	0.10959518440843735165	0.00000000143096289469	0.00000000002888487710
0.09500000000000000111	1.00000000300101987705	0.03556224612862848855	0.96443775387137087307	0.00008063867896557090	0.11016321686641367128	0.00000000178285543669	0.00000000003779915428
0.10000000000000000555	1.00000000295899482694	0.03934009904700856708	0.96065990095299214069	0.00009889808080765088	0.11069534760307726817	0.00000000219506801546	0.00000000004877449436
0.10499999999999999611	1.00000000290521762203	0.04329833587124535393	0.95670166412875468076	0.00012007733710525419	0.11120060261643910371	0.00000000267383572523	0.00000000006214367298
0.11000000000000000056	1.00000000283715606564	0.04743498893337698419	0.95256501106662316847	0.00014446668051524064	0.11168605386094253296	0.00000000322562543059	0.00000000007827180014
0.11500000000000000500	1.00000000275190603638	0.05174800307226361251	0.94825199692773665117	0.00017236875111666610	0.11215730928396779043	0.00000000385712184007	0.00000000009755740934
0.11999999999999999556	1.00000000264614219425	0.05623523681956241888	0.94376476318043778235	0.00020409835427186716	0.11261886570725559986	0.00000000457521309741	0.00000000012043347482
0.12500000000000000000	1.00000000251609222346	0.06089446363477593605	0.93910553636522442478	0.00023998220884068730	0.11307436665742084947	0.00000000538697591893	0.00000000014736835442
0.13000000000000000444	1.00000000235749553212	0.06572337318857615629	0.93427662681142320533	0.00028035868594481270	0.11352679327148516852	0.00000000629966030670	0.00000000017886665595
0.13500000000000000888	1.00000000216557261012	0.07071957269357712073	0.92928042730642290703	0.00032557753848651158	0.11397860738915817358	0.00000000732067386790	0.00000000021547002529
0.14000000000000001332	1.00000000193498572720	0.07588058828169658154	0.92411941171830391806	0.00037599962163322381	0.11443186002406213753	0.00000000845756577130	0.00000000025775785415
0.14499999999999999001	1.00000000165980229561	0.08120386642722313142	0.91879613357277678531	0.00043199660448645170	0.11488827445307943365	0.00000000971801037285	0.00000000030634790601
0.14999999999999999445	1.00000000133345468001	0.08668677541467009751	0.91331322458532993025	0.00049395067316020623	0.11534931048197490100	0.00000001110979054271	0.00000000036189685873
0.15499999999999999889	1.00000000094870666878	0.09232660685047398841	0.90767339314952588669	0.00056225422550091350	0.11581621460079884189	0.00000001264078072669	0.00000000042510076236
0.16000000000000000333	1.00000000049761461618	0.09812057721756718698	0.90187942278243271588	0.00063730955768712778	0.11629005945629805607	0.00000001431892977562	0.00000000049669541124
0.16500000000000000777	0.99999999997148780739	0.10406582947182474452	0.89593417052817503343	0.00071952854295367159	0.11677177516041813143	0.00000001615224357646	0.00000000057745662912
0.17000000000000001221	0.99999999936085437469	0.11015943467936481492	0.88984056532063549039	0.00080933230269089216	0.11726217430527928476	0.00000001814876751940	0.00000000066820046672
0.17500000000000001665	0.99999999865541921995	0.11639839369365075072	0.88360160630634976275	0.00090715087017558275	0.11776197208658152615	0.00000002031656883553	0.00000000076978331089
0.17999999999999999334	0.99999999784402771041	0.12277963887132206655	0.87722036112867773916	0.00101342284719579826	0.11827180259566877352	0.00000002266371883965	0.00000000088310190509
0.18499999999999999778	0.99999999691463603568	0.12930003582565763320	0.87069996417434258884	0.00112859505383724806	0.11879223208876724116	0.00000002519827511320	0.00000000100909328066
0.19000000000000000222	0.99999999585426857518	0.13595638521654759834	0.86404361478345215186	0.00125312217170418447	0.11932376985483471310	0.00000002792826366216	0.00000000114873459897
0.19500000000000000666	0.99999999464898015056	0.14274542457583341837	0.85725457542416672041	0.00138746638085275966	0.11986687716322586006	0.00000003086166108479	0.00000000130304290439
0.20000000000000001110	0.99999999328382960240	0.14966383016684803309	0.85033616983315196691	0.00153209699071959007	0.12042197466639703585	0.00000003400637678412	0.00000000147307478831
0.20500000000000001554	0.99999999174283893399	0.15670821887697375385	0.84329178112302616288	0.00168749006533291273	0.12098944855219589956	0.00000003737023525983	0.00000000165992596461
0.20999999999999999223	0.99999999000896577783	0.16387515014601275465	0.83612484985398716208	0.00185412786382974765	0.12351124278848867044	0.00000004113639805531	0.00000000186560795489
0.21499999999999999667	0.99999998806406664720	0.17116112792556079092	0.82883887207443951439	0.00203249860218801407	0.12773321787936581240	0.00000004533751149465	0.00000000209229551236
0.22000000000000000111	0.99999998588887550888	0.17856260266395795888	0.82143739733604226316	0.00222309606179171143	0.13343042819702999324	0.00000005000793701231	0.00000000234233519742
0.22500000000000000555	0.99999998346296037344	0.18607597331926153950	0.81392402668073837724	0.00242641919355105666	0.14039879302291677354	0.00000005518368649432	0.00000000261825362990
0.23000000000000000999	0.99999998076471552366	0.19369758939896308814	0.80630241060103735595	0.00264297171789590292	0.14845027515468808832	0.00000006090234503593	0.00000000292276535508
0.23500000000000001443	0.99999997777131599541	0.20142375302514953228	0.79857624697485074527	0.00287326172095482254	0.15740992937465242418	0.00000006720299025175	0.00000000325878030633
0.23999999999999999112	0.99999997445870303370	0.20925072102380196104	0.79074927897619873285	0.00311780124723505048	0.16711450016444748257	0.00000007412610829691	0.00000000362941084782
0.24499999999999999556	0.99999997080156166618	0.21717470703690169853	0.78282529296309821820	0.00337710588912083906	0.17741207875533793192	0.00000008171350676408	0.00000000403797838164
0.25000000000000000000	0.99999996677329994199	0.22519188365601230939	0.77480811634398749632	0.00365169437351008314	0.18816234218726352045	0.00000009000822462732	0.00000000448801950478
0.25500000000000000444	0.99999996234602495093	0.23329838457597729118	0.76670161542402237576	0.00394208814591081192	0.19923699525310437086	0.00000009905443940923	0.00000000498329170182
0.26000000000000000888	0.99999995749053083305	0.24149030676738195145	0.75850969323261818733	0.00424881095232108787	0.21052015776931412572	0.00000010889737175326	0.00000000552777856059
0.26500000000000001332	0.99999995217628312449	0.24976371266639776914	0.75023628733360214760	0.00457238841921697899	0.22190855062071440651	0.00000011958318758809	0.00000000612569449853
0.27000000000000001776	0.99999994637140232623	0.25811463238063603320	0.74188536761936396680	0.00491334763197467765	0.23331142024736301055	0.00000013115889807522	0.00000000678148898891
0.27500000000000002220	0.99999994004265813086	0.26653906590961068401	0.73346093409038892741	0.00527221671205352262	0.24465020021948458151	0.00000014367225753545	0.00000000749985027658
0.28000000000000002665	0.99999993315545765427	0.27503298537842207905	0.72496701462157753237	0.00564952439326749101	0.25585794373448228489	0.00000015717165955342	0.00000000828570857435
0.28500000000000003109	0.99999992567384410336	0.28359233728324895196	0.71640766271675171417	0.00604579959747291156	0.26687857787559066125	0.00000017170603146282	0.00000000914423873166
0.28999999999999998002	0.99999991756048522973	0.29221304474724019151	0.70778695525275969747	0.00646157101000040344	0.27766603497266473255	0.00000018732472741779	0.00000001008086236875
0.29499999999999998446	0.99999990877667987998	0.30089100978539551345	0.69910899021460459757	0.00689736665515886319	0.28818331318941725616	0.00000020407742025867	0.00000001110124947005
0.29999999999999998890	0.99999989928235588632	0.30962211557700747289	0.69037788442299219405	0.00735371347213874087	0.29840151113663609950	0.00000022201399238208	0.00000001221131943196
0.30499999999999999334	0.99999988903607250901	0.31840222874425055943	0.68159777125574960710	0.00783113689164138295	0.30829887236441438914	0.00000024118442582738	0.00000001341724156109
0.30999999999999999778	0.99999987799503142760	0.32722720163548635330	0.67277279836451353567	0.00833016041356015625	0.31785986658723380804	0.00000026163869179234	0.00000001472543502005
0.31500000000000000222	0.99999986611507596379	0.33609287461186565515	0.66390712538813412280	0.00885130518603779483	0.32707432632941257911	0.00000028342663979209	0.00000001614256821902
0.32000000000000000666	0.99999985335071739367	0.34499507833579950988	0.65500492166420010154	0.00939508958622315392	0.33593665076028655925	0.00000030659788667550	0.00000001767555765239
0.32500000000000001110	0.99999983965513961071	0.35392963605987459719	0.64607036394012462566	0.00996202880304853169	0.34444508293246939301	0.00000033120170571323	0.00000001933156618096
0.33000000000000001554	0.99999982498021100508	0.36289236591479201444	0.63710763408520787454	0.01055263442234701150	0.35260106238013427804	0.00000035728691597115	0.00000002111800076081
0.33500000000000001998	0.99999980927651765938	0.37187908319491064235	0.62812091680508919112	0.01116741401462686967	0.36040865192446863707	0.00000038490177218194	0.00000002304250962172
0.34000000000000002442	0.99999979249337678233	0.38088560263998039179	0.61911439736001938616	0.01180687072581769644	0.36787403538139579195	0.00000041409385532647	0.00000002511297889836
0.34500000000000002887	0.99999977457885835808	0.38990774071165368309	0.61009225928834598385	0.01247150287130004316	0.37500508148167310818	0.00000044490996413440	0.00000002733752871903
0.35000000000000003331	0.99999975547982522528	0.39894131786337067025	0.60105868213662916322	0.01316180353352741639	0.38181096852047924362	0.00000047739600771194	0.00000002972450875759
0.35499999999999998224	0.99999973514194850921	0.40798216080222299285	0.59201783919777706267	0.01387826016354640549	0.38830186390180770895	0.00000051159689950133	0.00000003228249325510
0.35999999999999998668	0.99999971350974969919	0.41702610474140378027	0.58297389525859588666	0.01462135418671689328	0.39448865270802613292	0.00000054755645277442	0.00000003502027551897
0.36499999999999999112	0.99999969052663395530	0.42606899564186745399	0.57393100435813215743	0.01539156061293100487	0.40038270960772931462	0.00000058531727785861	0.00000003794686190826
0.36999999999999999556	0.99999966613492907719	0.43510669244182065274	0.56489330755817857010	0.01618934765162495168	0.40599570873876167365	0.00000062492068129024	0.00000004107146531471
0.37500000000000000000	0.99999964027591947691	0.44413506927269391644	0.55586493072730536191	0.01701517633187434042	0.41133946661066567163	0.00000066640656708596	0.00000004440349815014
0.38000000000000000444	0.99999961288990291131	0.45315001766023599306	0.54684998233976389592	0.01786950012785868888	0.41642581351912832943	0.00000070981334031836	0.00000004795256485173
0.38500000000000000888	0.99999958391621790454	0.46214744870940083210	0.53785255129059872381	0.01875276458997624657	0.42126648942503236439	0.00000075517781317699	0.00000005172845391762
0.39000000000000001332	0.99999955329330636467	0.47112329527170609955	0.52887670472829395596	0.01966540698188570802	0.42587306070134939295	0.00000080253511369107	0.00000005574112948607
0.39500000000000001776	0.99999952095875821456	0.48007351409374471318	0.51992648590625500926	0.02060785592374578951	0.43025685457962947744	0.00000085191859728414	0.00000006000072247249
0.40000000000000002220	0.99999948684936001975	0.48899408794557458480	0.51100591205442547071	0.02158053104191890240	0.43442890852596571793	0.00000090335976132543	0.00000006451752127912
0.40500000000000002665	0.99999945090115760493	0.49788102772769110560	0.50211897227230906093	0.02258384262539916976	0.43839993213997757726	0.00000095688816283637	0.00000006930196209330
0.41000000000000003109	0.99999941304950590304	0.50673037455533742612	0.49326962544466262939	0.02361819128923209679	0.44218027141360155552	0.00000101253132063844	0.00000007436461869650
0.41500000000000003553	0.99999937322913468041	0.51553820181890641638	0.48446179818109391668	0.02468396764516367359	0.44577989059278255723	0.00000107031463717246	0.00000007971619188236
0.41999999999999998446	0.99999933137420071727	0.52430061721920884210	0.47569938278079104688	0.02578155197974866045	0.44920836943904224325	0.00000113026134378189	0.00000008536749860127
0.42499999999999998890	0.99999928741835464319	0.53301376477641382312	0.46698623522358584381	0.02691131394016628084	0.45247489695748138727	0.00000119239243242077	0.00000009132946076337
0.42999999999999999334	0.99999924129481432278	0.54167382681147246970	0.45832617318852780786	0.02807361222797313816	0.45558826987640904660	0.00000125672659121638	0.00000009761309371945
0.43499999999999999778	0.99999919293641525986	0.55027702589886684503	0.44972297410113332150	0.02926879430101663945	0.45855689494304840981	0.00000132328014400328	0.00000010422949443947
0.44000000000000000222	0.99999914227568476033	0.55881962678955110491	0.44118037321044833998	0.03049719608372590540	0.46138879424722967215	0.00000139206699393658	0.00000011118982940915
0.44500000000000000666	0.99999908924491942575	0.56729793830296360024	0.43270206169703617771	0.03175914168598942267	0.46409161291228778756	0.00000146309857128389	0.00000011850532226557
0.45000000000000001110	0.99999903377624832501	0.57570831518701859331	0.42429168481298112914	0.03305494313082195379	0.46667262860133462699	0.00000153638378548741	0.00000012618724119301
0.45500000000000001554	0.99999897580170238331	0.58404715994596689832	0.41595284005403315719	0.03438490009107461609	0.46913863043778003536	0.00000161192803181732	0.00000013424688135210
0.46000000000000001998	0.99999814482079052436	0.59231092463041212781	0.40768907536958798321	0.03574929963509206055	0.47149644146357555519	0.00000168973687185597	0.00000014269556571138
0.46500000000000002442	0.99999726578537095900	0.60049611259766033644	0.39950388740233899743	0.03714841598204825929	0.47375218969071214437	0.00000176981053386769	0.00000015154461838071
0.47000000000000002887	0.99999633664627951557	0.60859928023235942973	0.39140071976763973760	0.03858251026659789695	0.47591179978322944999	0.00000185214745265325	0.00000016080535564398
0.47500000000000003331	0.99999535530372640757	0.61661703863092776068	0.38338296136907151768	0.04005183031326826903	0.47798089017529427069	0.00000193674336916164	0.00000017048907248979
0.47999999999999998224	0.99999533742615276388	0.94332608519555860571	1.05667391480444061713	0.06566242207794212304	0.47996478621598037684	0.00000202359130960902	0.00000018060702903783
0.48499999999999998668	0.99999531881120640175	0.94147437103341191644	1.05852562896659230240	0.06799580581458694595	0.48186878601240096254	0.00000211267797292713	0.00000019117041890247
0.48999999999999999112	0.99999529943380283115	0.93961930382743219514	1.06038069617256947019	0.07036456596296145061	0.48369740234607494500	0.00000220399397114183	0.00000020219038875818
0.49499999999999999556	0.99999527927459386234	0.93776256301466642817	1.06223743698533268365	0.07276814535152771601	0.48545516635447405474	0.00000229752415263944	0.00000021367800952138
0.50000000000000000000	0.99999525831412916510	0.93590583402454419204	1.06409416597545392058	0.07520598414564545753	0.48714635862536814770	0.00000239325053230069	0.00000022564426218288
0.50500000000000000444	0.99999523653288879821	0.93405080695940123636	1.06594919304059665421	0.07767752024577095904	0.48877502924198973355	0.00000249115237431583	0.00000023810002405446
0.51000000000000000888	0.99999521391129064796	0.93219917527170159666	1.06780082472829507267	0.08018218968640015987	0.49034500803158398430	0.00000259120619941466	0.00000025105605505153
0.51500000000000001332	0.99999519042970730354	0.93035263443902393998	1.06964736556097816944	0.08271942703543923303	0.49185991762557518259	0.00000269338579675921	0.00000026452298403533
0.52000000000000001776	0.99999516606847027589	0.92851288063778536497	1.07148711936221463503	0.08528866579367883061	0.49332318178586548330	0.00000279766224047105	0.00000027851129523768
0.52500000000000002220	0.99999514080788798331	0.92668160941686117393	1.07331839058312716872	0.08788933879406606031	0.49473803617448791625	0.00000290400391074476	0.00000029303131479141
0.53000000000000002665	0.99999511462827239683	0.92486051437200111902	1.07513948562799455111	0.09052087860044635836	0.49610753893207565346	0.00000301237651950979	0.00000030809319738896
0.53500000000000003109	0.99999508750991639161	0.92305128582217133015	1.07694871417783555323	0.09318271790546363287	0.49743457709399507838	0.00000312274314057119	0.00000032370691309181
0.54000000000000003553	0.99999505943311328693	0.92125560948882523338	1.07874439051118020672	0.09587428992730610833	0.49872187744356549777	0.00000323506424417549	0.00000033988223431269
0.54500000000000003997	0.99999503037818060491	0.91947516517915695022	1.08052483482084049626	0.09859502880498527411	0.49997201460442169951	0.00000334929773592237	0.00000035662872299230
0.55000000000000004441	0.99999500032550014961	0.91771162547435103374	1.08228837452564730093	0.10134436999183307759	0.50118741578306658102	0.00000346539899993635	0.00000037395571799198
0.55500000000000004885	0.99999496925545838799	0.91596665442377300792	1.08403334557621433554	0.10412175064690477877	0.50237037235102721677	0.00000358332094622302	0.00000039187232272310
0.56000000000000005329	0.99999493714853704418	0.91424190624632817315	1.08575809375367882126	0.10692661002399722614	0.50352304304064110507	0.00000370301406209732	0.00000041038739303358
0.56500000000000005773	0.99999490398524204515	0.91253902403967324108	1.08746097596031687793	0.10975838985794970915	0.50464746184795805650	0.00000382442646759731	0.00000042950952537157
0.57000000000000006217	0.99999486974617912693	0.91085963849868345488	1.08914036150130888458	0.11261653474796207153	0.50574554398077498085	0.00000394750397475289	0.00000044924704524533
0.57500000000000006661	0.99999483441206526990	0.90920536664377704650	1.09079463335622284248	0.11550049253759415990	0.50681909207871655987	0.00000407219015061440	0.00000046960799599841
0.57999999999999996003	0.99999479796369328266	0.90757781056033948186	1.09242218943966307165	0.11840971469117538006	0.50786979893933958952	0.00000419842638390597	0.00000049060012791794
0.58499999999999996447	0.99999476038197510075	0.90597855615014721842	1.09402144384986255155	0.12134365666632737635	0.50889925643342126538	0.00000432615195516467	0.00000051223088769376
0.58999999999999996891	0.99999472164794767082	0.90440917189569325352	1.09559082810428942700	0.12430177828230128123	0.50990895654619039501	0.00000445530411026021	0.00000053450740824506
0.59499999999999997335	0.99999468174279704247	0.90287120763853845329	1.09712879236145588457	0.12728354408387165808	0.51090029815843251981	0.00000458581813711685	0.00000055743649893065
0.59999999999999997780	0.99999466667551539789	0.78064976011723818949	0.21934589845232740912	0.08866325516494251435	0.30357546159928733287	0.00000573551823555160	0.00000058611409010840
0.60499999999999998224	0.99999465089325789702	0.78546734598644907255	0.21452829680084264941	0.09108754023478708717	0.30542209051930979680	0.00000590928081363558	0.00000061566049417658
0.60999999999999998668	0.99999463582319136901	0.79013351872146275756	0.20986210899574633815	0.09354813814671293637	0.30727346595160553999	0.00000608520508108264	0.00000064608651958199
0.61499999999999999112	0.99999462127314209248	0.79464692650259283191	0.20534868666455177721	0.09604487292715946367	0.30913066734994926188	0.00000626324038591702	0.00000067740272151158
0.61999999999999999556	0.99999460708262266628	0.79900630189095056544	0.20098929708566409813	0.09857755334685605608	0.31099448307610860764	0.00000644332730741982	0.00000070961935804868
0.62500000000000000000	0.99999459311504024228	0.80321046212273383702	0.19678512288628377536	0.10114597301340684521	0.31286562781022603241	0.00000662540278635497	0.00000074274637198045
0.63000000000000000444	0.99999457925190649021	0.80725830935294773383	0.19273726179292008376	0.10374991047643750131	0.31474475528573792049	0.00000680940063973705	0.00000077679337517914
0.63500000000000000888	0.99999456538863951138	0.81114883084867039909	0.18884672643391867131	0.10638912934468605642	0.31663246743629985813	0.00000699525194783923	0.00000081176963491833
0.64000000000000001332	0.99999455143130633328	0.81488109913173256693	0.18511444419350928103	0.10906337841455598925	0.31852932117963261849	0.00000718288535779171	0.00000084768406170729
0.64500000000000001776	0.99999453729418863457	0.81845427207108145673	0.18154125711702601143	0.11177239180978901234	0.32043583355796451118	0.00000737222733094444	0.00000088454519836202
0.65000000000000002220	0.99999452289784751535	0.82186759292482058914	0.17812792186693204854	0.11451588913194721275	0.32235248569716495881	0.00000756320235137251	0.00000092236121011888
0.65500000000000002665	0.99999450816767609940	0.82512039033221695750	0.17487510972935160769	0.11729357562146910943	0.32427972595105036824	0.00000775573310725309	0.00000096113987565514
0.66000000000000003109	0.99999449303268406197	0.82821207825579024053	0.17178340667076952286	0.12010514232906087384	0.32621797239398081514	0.00000794974065304328	0.00000100088857892036
0.66500000000000003553	0.99999447742454894428	0.83114215587381923278	0.16885331344458989755	0.12295026629722877187	0.32816761486693979410	0.00000814514455789988	0.00000104161430170986
0.67000000000000003997	0.99999446127686508756	0.83391020742350563388	0.16608524574720368028	0.12582861075175075238	0.33012901665937549600	0.00000834186304421694	0.00000108332361693094
0.67500000000000004441	0.99999444452197516764	0.83651590199473280229	0.16347953442107451827	0.12873982530287211845	0.33210251590878508976	0.00000853981311893054	0.00000112602268252560
0.68000000000000004885	0.99999442752526535028	0.83895901485102086781	0.16103640456805931591	0.13168082149589036001	0.11933817937512565532	0.00001246080700391199	0.00000118832671754516
0.68500000000000005329	0.99999441014066492439	0.84123940622323856164	0.15875599581122262771	0.13465378645499115340	0.11992441939630012204	0.00001283436071324716	0.00000125249852111139
0.69000000000000005773	0.99999439226061326291	0.84335699949527631603	0.15663838465911578135	0.13765832552478968198	0.12046937640629409860	0.00001321447096921714	0.00000131857087595748
0.69500000000000006217	0.99999437378419064881	0.84531180155942975407	0.15468356411852032806	0.14069403129893409687	0.12098037015159396335	0.00001360116289866352	0.00000138657669045080
0.70000000000000006661	0.99999435461501662292	0.84710390236846078160	0.15289144414029656738	0.14376048388477741247	0.12146376248598654557	0.00001399442815662583	0.00000145654883123393
0.70499999999999996003	0.99999433465984954861	0.84873347444119506822	0.15126185211237658246	0.14685725116167888671	0.12192490426533034165	0.00001439425478123763	0.00000152852010514011
0.70999999999999996447	0.99999431382749981445	0.85020077232227286856	0.14979453339892856434	0.14998388904793102938	0.12236832703222297325	0.00001480062728351873	0.00000160252324155771
0.71499999999999996891	0.99999429202793965743	0.85150613199656144392	0.14848915192505557359	0.15313994177603679203	0.12279789269488353143	0.00001521352671194174	0.00000167859087511742
0.71999999999999997335	0.99999426917164369044	0.85264997025889577298	0.14734529080640690335	0.15632494217610184983	0.12321691164908567251	0.00001563293070025763	0.00000175675552861870
0.72499999999999997780	0.99999424516905111027	0.85363278403965114904	0.14636245302303457771	0.15953841196707022054	0.12362823687858498500	0.00001605881350399605	0.00000183704959613868
0.72999999999999998224	0.99999421993002923781	0.85445514968680313928	0.14554006213683251536	0.16277986205555991517	0.12403433944294768587	0.00001649114602930602	0.00000191950532628521
0.73499999999999998668	0.99999419336354389287	0.85511772220523463162	0.14487746305188692331	0.16604879284206686130	0.12443736969020610661	0.00001692989585671395	0.00000200415480556878
0.73999999999999999112	0.99999416537732355170	0.85562123445386328857	0.14437392281701294516	0.16934469453426684304	0.12483920715503547816	0.00001737502726165515	0.00000209102994187706
0.74499999999999999556	0.99999413587759278244	0.85596649630135512865	0.14402863146976063735	0.17266704746717417840	0.12524150143804974045	0.00001782650123312589	0.00000218016244804269
0.75000000000000000000	0.99999410476882766297	0.85615439374117818794	0.14384070292114117806	0.17601532242990697297	0.12564570613513179054	0.00001828427549147064	0.00000227158382550004
0.75500000000000000444	0.99999407195356659894	0.85618588796672467911	0.14380917588030225907	0.17938898099879443948	0.12605310693050114645	0.00001874830450606054	0.00000236532534803035
0.76000000000000000888	0.99999403733225589175	0.85606201440731677366	0.14393301481836398570	0.18278747587657540041	0.12646484513609057565	0.00001921853951343485	0.00000246141804559752
0.76500000000000001332	0.99999400080305578253	0.85578388172584429761	0.14421111097059921557	0.18621025123741558049	0.12688193748333706501	0.00001969492853635797	0.00000255989268827931
0.77000000000000001776	0.99999396226175285562	0.85535267077896159904	0.14464228337613802000	0.18965674307749225136	0.12730529279796012898	0.00002017741640412637	0.00000266077977029994
0.77500000000000002220	0.99999392160162325904	0.85476963354059487532	0.14522527995433492931	0.19312637957086839502	0.12773572618008180446	0.00002066594477439386	0.00000276410949417191
0.78000000000000002665	0.99999387871334077804	0.85403609198967511684	0.14595877861693307143	0.19661858143038710156	0.12817397108752759394	0.00002116045215674004	0.00000286991175495561
0.78500000000000003109	0.99999383348487380641	0.85315343696296119802	0.14684138841513463825	0.20013276227331319723	0.12862068966983991603	0.00002166087393811764	0.00000297821612464620
0.79000000000000003553	0.99999378580141062844	0.85212312697390668603	0.14787165072067806615	0.20366832899145456692	0.12907648162563353789	0.00002216714241034801	0.00000308905183669794
0.79500000000000003997	0.99999373554529169539	0.85094668699842479498	0.14904804043998859386	0.20722468212547096034	0.12954189187979997522	0.00002267918679972841	0.00000320244777069658
0.80000000000000004441	0.99999368259605980747	0.84962570722858110628	0.15036896726055140605	0.21080121624310482753	0.13001741718429621342	0.00002319693329887264	0.00000331843243719094
0.80500000000000004885	0.99999362683082315684	0.84816184181019460553	0.15183277691364505113	0.21439731769617159651	0.13044986662330143590	0.00002372538178435586	0.00000343705934611272
0.81000000000000005329	0.99999356812290873808	0.84655680753397855032	0.15343775248188848415	0.21801237026975092692	0.13089716159964506770	0.00002425932865836388	0.00000355835598940454
0.81500000000000005773	0.99999350634289718709	0.84481238248348322628	0.15518211575230878019	0.22164575288268154041	0.13135850098119683516	0.00002479878818874423	0.00000368234993034826
0.82000000000000006217	0.99999344135824241864	0.84293040467028967910	0.15706402858078613582	0.22529683999451313725	0.13183343698351329687	0.00002534374020165116	0.00000380906863135652
0.82500000000000006661	0.99999337303323909687	0.84091277064191860546	0.15908159428408741309	0.22896500200465863539	0.13232168569463348407	0.00002589415091746518	0.00000393853938594385
0.83000000000000007105	0.99999330122900442763	0.83876143406353131926	0.16123285905816439612	0.23264960565219816591	0.13282307820690819611	0.00002644997598822164	0.00000407078926588495
0.83499999999999996447	0.99999322580345062494	0.83647840427441699784	0.16351581342165244504	0.23635001441650338450	0.13333752705223117507	0.00002701116264994414	0.00000420584507913468
0.83999999999999996891	0.99999314661125715542	0.83406574482029494089	0.16592839368350084661	0.24006558891868820527	0.13386500283901203723	0.00002757765127694633	0.00000434373333551941
0.84499999999999997335	0.99999306350384786768	0.83152557196261522865	0.16846848343368997503	0.24379568732384784835	0.13440551779863402215	0.00002814937652501984	0.00000448448021814451
0.84999999999999997780	0.99999297632937456104	0.82886005316580413371	0.17113391505593944508	0.24753966574391056410	0.13495911407876240440	0.00002872626818717862	0.00000462811155908040
0.85499999999999998224	0.99999288493272497913	0.82607140556365321604	0.17392247126134821600	0.25129687864094979455	0.13552585535219055513	0.00002930825184559234	0.00000477465281830836
0.85999999999999998668	0.99999278915550049440	0.82316189440582532288	0.17683188664185819916	0.25506667923071124626	0.13610582074937566111	0.00002989524937707224	0.00000492412906519372
0.86499999999999999112	0.99999268883603575908	0.82013383148565155434	0.17985984924246783967	0.25884841988615070463	0.13669910046897756906	0.00003048717935199745	0.00000507656496195371
0.86999999999999999556	0.99999258380933730983	0.81698957355024115490	0.18300400215107895385	0.26264145254070181412	0.13730579256546701639	0.00003108395735490879	0.00000523198474872825
0.87500000000000000000	0.99999247390771772714	0.81373152069432563849	0.18626194510526591919	0.26644512909108830634	0.13792600062353685408	0.00003168549624689842	0.00000539041222996274
0.88000000000000000444	0.99999235895942195640	0.81036211473882946432	0.18963123611235382926	0.27025880162197835066	0.13855874081576644019	0.00003229206594473747	0.00000555187255968643
0.88500000000000000888	0.99999223878963683365	0.80688383759433213172	0.19310939308694316519	0.27408182330020097739	0.13920864623546205796	0.00003290292932183362	0.00000571638720629560
0.89000000000000001332	0.99999211322026393400	0.80329920961061973550	0.19669389550115726206	0.27791354836016152197	0.13987293908627443373	0.00003351819418603401	0.00000588397817722577
0.89500000000000001776	0.99999198206998074490	0.79961078791576611913	0.20038218604559707159	0.28175333259577411971	0.14055163213909072084	0.00003413777349256438	0.00000605466704468859
0.90000000000000002220	0.99999184515422312458	0.79582116474373609805	0.20417167230173380310	0.28560053375773736262	0.14124476094506721591	0.00003476157615402000	0.00000622847492545869
0.90500000000000002665	0.99999170228524836279	0.79193296575216554078	0.20805972842418896107	0.28945451194845012166	0.14195237797187418294	0.00003538950766939004	0.00000640542246380564
0.91000000000000003109	0.99999155327211874944	0.78794884833131406676	0.21204369683175952610	0.29331463001433644155	0.14267454836676682350	0.00003602147060757055	0.00000658552981684349
0.91500000000000003553	0.99999139792074942523	0.78387149990545190725	0.21612088990610239803	0.29718025393539682089	0.14341134684226045093	0.00003665736498769184	0.00000676881664178195
0.92000000000000003997	0.99999123603396278259	0.77970363622767224765	0.22028859169693384978	0.30105075321171914648	0.14416285538228687524	0.00003729708858476200	0.00000695530208470576
0.92500000000000004441	0.99999106741148768851	0.77544799966930921808	0.22454405963265419710	0.30492550124673645229	0.14492916153466137152	0.00003794053718062125	0.00000714500477060887
0.93000000000000004885	0.99999089185001721614	0.77110735750504089125	0.22888452623527652530	0.30880387572697359788	0.14571035711706167848	0.00003858760477438290	0.00000733794279448078
0.93500000000000005329	0.99999070914327270465	0.76668450019481804159	0.23330720083857076075	0.31268525899806082213	0.14650653725376289183	0.00003923818376259459	0.00000753413371329376
0.94000000000000005773	0.99999051908202751804	0.76218223966365461486	0.23780927130830389893	0.31656903843673883658	0.14731779963586374982	0.00003989216509653312	0.00000773359453877642
0.94500000000000006217	0.99999032145415489570	0.75760340758039745879	0.24238790576349278361	0.32045460681863169317	0.14814424393945990754	0.00004054943842210541	0.00000793634173088695
0.95000000000000006661	0.99999011604470955383	0.75295085363663949440	0.24704025429760370636	0.32434136268156937843	0.14898597140586208876	0.00004120989220641250	0.00000814239119191901
0.95500000000000007105	0.99998990263597253847	0.74822744382671513286	0.25176345069857769543	0.32822871068417058815	0.14984308447707214706	0.00004187341385400973	0.00000835175826118906
0.95999999999999996447	0.99998968100750762478	0.74343605872996232353	0.25655461416664554486	0.33211606195949699982	0.15071568653626740697	0.00004253988981515121	0.00000856445771026482
0.96499999999999996891	0.99998945093622737534	0.73857959179625365387	0.26141085102884620284	0.33600283446352102734	0.15160388168691235622	0.00004320920568777137	0.00000878050373870368
0.96999999999999997335	0.99998921219648273517	0.73366094763590394834	0.26632925644921517927	0.33988845331820416451	0.15250777456614453276	0.00004388124631452534	0.00000899990997027630
0.97499999999999997780	0.99998896456010488709	0.72868304031492414641	0.27130691613357016401	0.34377235114892940038	0.15342747020661112733	0.00004455589587591169	0.00000922268944965586
0.97999999999999998224	0.99998870779651050089	0.72364879165675033423	0.27634090802789379460	0.34765396841611467815	0.15436307389830658532	0.00004523303798027198	0.00000944885463955722
0.98499999999999998668	0.99998844167277356476	0.71856112955138073950	0.28142830400926072132	0.35153275374075199089	0.15531469108794151990	0.00004591255575127024	0.00000967841741831357
0.98999999999999999112	0.99998816595370376703	0.71342298627299105540	0.28656617156830893611	0.35540816422368659566	0.15628242726942112584	0.00004659433191333606	0.00000991138907788025
0.99499999999999999556	0.99998788040193586912	0.70823729680699110123	0.29175157548225755244	0.35927966575842645858	0.15726638789132768581	0.00004727824887541957	0.00001014778032225735
1.00000000000000000000	0.99998758477801530375	0.70300699718754766643	0.29698157947748393681	0.36314673333729208249	0.15826667827413021250	0.00004796418881337665	0.00001038760126632424
1.00500000000000011546	0.99998727884052984738	0.69773502284654709271	0.30225324788069640736	0.36700885135065164366	0.15928340383284847470	0.00004865203392210072	0.00001063086143593474
1.01000000000000000888	0.99998696234614670164	0.69242430697484103064	0.30756364725770507507	0.37086551387941074642	0.16031667294654938782	0.00004934166575421057	0.00001087756976470579
1.01500000000000012434	0.99998663504975027205	0.68707777889692045470	0.31290984803890797838	0.37471622497988016365	0.16136659011035081601	0.00005003296622908182	0.00001112773459585120
1.02000000000000001776	0.99998629670456951057	0.68169836245979165135	0.31828892613051712468	0.37856049896140342437	0.16243325935513955316	0.00005072581735176523	0.00001138136368261003
1.02499999999999991118	0.99998594706224985806	0.67628897443701962988	0.32369796451062449183	0.38239786065641845347	0.16351678415812495593	0.00005142010129096082	0.00001163846418906483
1.03000000000000002665	0.99998558587297892153	0.67085252294881214663	0.32913405480920432389	0.38622784568278434314	0.16461726734182602350	0.00005211570045588101	0.00001189904269134424
1.03499999999999992006	0.99998521288559805154	0.66539190589907393214	0.33459429887118896652	0.39005000069823747566	0.16573481097618480984	0.00005281249757252726	0.00001216310517920687
1.04000000000000003553	0.99998482784773412568	0.65991000943026500991	0.34007581030175243475	0.39386388364681917951	0.16686951627998106162	0.00005351037575939197	0.00001243065705800383
1.04499999999999992895	0.99998443050590457570	0.65440970639686968369	0.34557571599292763453	0.39766906399710660880	0.16802148350684620315	0.00005420921860258212	0.00001270170315101674
1.05000000000000004441	0.99998402060563995608	0.64889385485835981981	0.35109115763076481631	0.40146512297213959863	0.16919081184159520670	0.00005490891023033881	0.00001297624770216844
1.05499999999999993783	0.99998359789167068357	0.64336529659249441782	0.35661929318224067087	0.40525165377094568564	0.17037759928404838661	0.00005560933538695833	0.00001325429437910323
1.06000000000000005329	0.99998316210795357151	0.63782685562955576675	0.36215729836102766859	0.40902826178141149516	0.17158194252620170839	0.00005631037950606438	0.00001353584627663355
1.06499999999999994671	0.99998271299787711008	0.63228133680856302146	0.36770236807150080693	0.41279456478456405533	0.17280393682912953413	0.00005701192878323732	0.00001382090592054974
1.07000000000000006217	0.99998225030439247263	0.62673152435600010257	0.37325171783011912297	0.41655019315001251545	0.17404367589765940005	0.00005771387024795015	0.00001410947527178949
1.07499999999999995559	0.99998177377013353073	0.62118018048788503638	0.37880258516350334697	0.42029479002251468600	0.17530125174371299912	0.00005841609183477357	0.00001440155573096336
1.08000000000000007105	0.99998128313755008101	0.61563004403583876378	0.38435223098247922602	0.42402801149963448291	0.17657675635772948630	0.00005911848227604852	0.00001469714814234360
1.08499999999999996447	0.99998077814908425953	0.61008382909791458726	0.38989794093143803622	0.42774952680019012741	0.17787027828964624421	0.00005982093146517341	0.00001499625279966947
1.09000000000000007994	0.99998025854728966877	0.60454422371475469156	0.39543702671228725398	0.43145901842356321199	0.17918190380285270447	0.00006052333044245597	0.00001529886945188175
1.09499999999999997335	0.99997972407500712588	0.59901388857181558922	0.40096682738241279376	0.43515618229982599985	0.18051171693428863518	0.00006122557142178925	0.00001560499730899069
1.10000000000000008882	0.99997917447548345660	0.59349545572819106809	0.40648471062596602810	0.43884072793053185979	0.18185979930280715688	0.00006192754786385231	0.00001591463504830996
1.10499999999999998224	0.99997860949254069318	0.58799152737271687119	0.41198807399793807571	0.44251237852017677454	0.18322622993805376401	0.00006262915454217082	0.00001622778082102081
1.11000000000000009770	0.99997802887072040345	0.58250467460787003215	0.41747434614038980705	0.44617087109822173296	0.18461108512208806998	0.00006333028760821434	0.00001654443225906188
1.11499999999999999112	0.99997743235548097740	0.57703743626208570117	0.42294098797034479498	0.44981595663169482435	0.18601443820638483007	0.00006403084465545594	0.00001686458648233916
1.12000000000000010658	0.99997681969328222618	0.57159231773090390938	0.42838549383871876719	0.45344740012823342434	0.18743635944237252433	0.00006473072478238486	0.00001718824010625109
1.12500000000000000000	0.99997619063179821186	0.56617178984761928895	0.43380539265989731534	0.45706498072966589286	0.18887691579781665241	0.00006542982865441555	0.00001751538924952317
1.13000000000000011546	0.99997554492007167948	0.56077828778377081242	0.43919824901137466400	0.46066849179598851061	0.19033617076275646807	0.00006612805856466260	0.00001784602954234648
1.13500000000000000888	0.99997488230865605452	0.55541420998002233311	0.44456166420305071041	0.46425774097979927157	0.19181418417029014178	0.00006682531849353448	0.00001818015613481415
1.14000000000000012434	0.99997420254980395882	0.55008191710782528006	0.44989327731572220648	0.46783255029113396395	0.19331101199366351739	0.00006752151416710611	0.00001851776370564968
1.14500000000000001776	0.99997350539758222965	0.54478373106228139555	0.45519076620835141611	0.47139275615270403996	0.19482670615029448746	0.00006821655311424080	0.00001885884647122089
1.15000000000000013323	0.99997279060808486051	0.53952193398665815316	0.46045184849376841196	0.47493820944559750341	0.19636131429362571610	0.00006891034472242406	0.00001920339819483301
1.15500000000000002665	0.99997205793957444353	0.53429876732882086721	0.46567428248236947264	0.47846877554536038080	0.19791487960975109872	0.00006960280029224269	0.00001955141219629422
1.15999999999999992006	0.99997130715265902801	0.52911643092999871563	0.47085586809352902860	0.48198433434854714985	0.19948744059903286696	0.00007029383309052377	0.00001990288136174684
1.16500000000000003553	0.99997053801043289667	0.52397708214616978140	0.47599444773437193934	0.48548478028973457432	0.20107903087094322614	0.00007098335840204832	0.00002025779815375708
1.16999999999999992895	0.99996975027866807917	0.51888283500236709322	0.48108790714562760238	0.48897002234903286233	0.20268967890981204327	0.00007167129357983756	0.00002061615462165627
1.17500000000000004441	0.99996894372593103650	0.51383575938016701201	0.48613417621429244608	0.49243998405013145181	0.20431940786721730641	0.00007235755809394626	0.00002097794241212600
1.17999999999999993783	0.99996811812381669604	0.50883788023864573447	0.49113122975288064920	0.49589460344895824884	0.20596823532064989504	0.00007304207357877184	0.00002134315278001986
1.18500000000000005329	0.99996727324705469986	0.50389117686894047132	0.49607708824498480960	0.49933383311292656170	0.20763617305226850229	0.00007372476387880560	0.00002171177659941389
1.18999999999999994671	0.99996640887367815864	0.49899758218269107957	0.50096981855700295494	0.50275764009089785045	0.20932322681304471601	0.00007440555509282215	0.00002208380437487800
1.19500000000000006217	0.99996552478521238960	0.49415898203450608905	0.50580753461584126995	0.50616600587390370158	0.21102939608710444275	0.00007508437561645175	0.00002245922625296025
1.19999999999999995559	0.99996462076679670794	0.48937721457859201246	0.51058839805244549126	0.50955892634668631391	0.21275467385401719556	0.00007576115618315680	0.00002283803203387604
1.20500000000000007105	0.99996369660739237162	0.48465406965968321762	0.51531061881103346067	0.51293641173014437040	0.21449904633769098505	0.00007643582990391525	0.00002322021118339562
1.20999999999999996447	0.99996275209987739441	0.47999128823835113256	0.51997245572391137536	0.51629848651474474774	0.21626249276165551705	0.00007710833230660509	0.00002360575284492865
1.21500000000000007994	0.99996178704123750425	0.47539056185081551842	0.52457221705184942095	0.51964518938504311585	0.21804498510332642747	0.00007777860136985307	0.00002399464585177791
1.21999999999999997335	0.99996080123271513518	0.47085353210326080786	0.52910826098990459965	0.52297657313535161894	0.21984648786379032415	0.00007844657755717594	0.00002438687873956379
1.22500000000000008882	0.99995979447967242582	0.46638179041004929060	0.53357899592907520603	0.52629270452078080744	0.22166324848369767242	0.00007910334406864897	0.00002478239545990704
1.22999999999999998224	0.99995876659172056033	0.46197687693636940720	0.53798288151378237387	0.52959366428725529463	0.22350231061336711669	0.00007976653165231879	0.00002518122811816863
1.23500000000000009770	0.99995771738374072957	0.45764028080983565339	0.54231842843129529630	0.53287954696517680908	0.22536022712779379962	0.00008042726457889256	0.00002558336444106309
1.23999999999999999112	0.99995664667546002580	0.45337343955080239288	0.54658419898098975498	0.53615046077101513600	0.22723692874677547948	0.00008108549406538402	0.00002598879191139002
1.24500000000000010658	0.99995555429157867433	0.44917773873928146244	0.55077880740754259214	0.53940652748063933064	0.22913233873722960166	0.00008174117346880836	0.00002639749777873406
1.25000000000000000000	0.99995444006191092079	0.44505451171624499374	0.55490092019980319371	0.54264788229435101385	0.23104637137825981275	0.00008239425879723310	0.00002680946907272022
1.25500000000000011546	0.99995330382151337290	0.44100503931914974975	0.55894925635537673347	0.54587467369386855065	0.23297893170434846866	0.00008304470873121255	0.00002722469261637628
1.26000000000000000888	0.99995214541082710902	0.43703054965159116030	0.56292258761110225418	0.54908706329146750313	0.23492991526397966062	0.00008369248464332176	0.00002764315503959289
1.26500000000000012434	0.99995096467578692412	0.43313221788693051506	0.56681973863954959736	0.55228522567138971233	0.23689920786487578264	0.00008433755061581129	0.00002806484279267195
1.27000000000000001776	0.99994976146795866434	0.42931116610572361836	0.57063958721173546618	0.55546934822369231632	0.23888668531912982118	0.00008497987345636029	0.00002848974215995375
1.27500000000000013323	0.99994853564464181161	0.42556846316672813924	0.57438106432619684405	0.55863963097064173180	0.24089221321920384344	0.00008561942271189406	0.00002891783927351322
1.28000000000000002665	0.99994728706899449477	0.42190512461132873012	0.57804315430471098214	0.56179628638588141598	0.24291564665467965667	0.00008625617068242216	0.00002934912012692533
1.28499999999999992006	0.99994601561014062607	0.41832211260109636308	0.58162489485482693485	0.56493953920647288491	0.24495683000655316119	0.00008689009242938224	0.00002978357058907224
1.29000000000000003553	0.99994472114326227175	0.41482033588824923642	0.58512537709951351061	0.56806962623800805190	0.24701559669855097101	0.00008752116578366505	0.00003022117641799057
1.29499999999999992895	0.99994340354973032525	0.41140064981874630012	0.58854374557417432623	0.57118679615296841234	0.24909176896968177051	0.00008814937135173928	0.00003066192327474927
1.30000000000000004441	0.99994306868416926726	0.40806428944008638071	0.59187977108694189710	0.57429195544559630271	0.25118515765168608622	0.00008877469251985193	0.00003110579673734853
1.30499999999999993783	0.99994172856398488847	0.40481114814420166015	0.59513157226131274680	0.57738410373322235358	0.25298444451115781328	0.00008938665375006095	0.00003155273000609884
1.31000000000000005329	0.99994138395602272240	0.40164278092158350875	0.59829959487562645037	0.58046480910209430348	0.25481111003230061396	0.00009000591828668216	0.00003200275959753225
1.31499999999999994671	0.99994102253486427667	0.39855939603030710039	0.60138261834538586648	0.58353370785032920853	0.25694920281333022416	0.00009061185030061463	0.00003245581884903532
1.32000000000000006217	0.99993966022938984839	0.39556115951957204757	0.60437949254929601572	0.58659048464131302580	0.25880845186775230937	0.00009121459402277575	0.00003291189181914920
1.32499999999999995559	0.99993928865052006394	0.39264946243214998711	0.60729081805747897604	0.58963672645330034161	0.26069440482333061659	0.00009182483525384328	0.00003337101599541842
1.33000000000000007105	0.99993790325383469231	0.38982392935015736102	0.61011496574140833271	0.59267147518171547915	0.26288064821755746658	0.00009242154640924510	0.00003383312372746465
1.33499999999999996447	0.99993751472445990824	0.38708585389523653131	0.61285265266657262817	0.59569635184621572144	0.26480368506964968578	0.00009302581936224651	0.00003429825282427588
1.34000000000000007994	0.99993710870640206689	0.38443518209824334431	0.61550291844510396366	0.59871104894015325648	0.26702074698069999670	0.00009361643780686766	0.00003476633501331022
1.34499999999999997335	0.99993570055806024754	0.38187182064831476369	0.61806487174529611828	0.60171530685045870879	0.26897284980189067882	0.00009420390480607248	0.00003523735453734058
1.35000000000000008882	0.99993528381740492961	0.37939689794435749182	0.62053937770818279329	0.60471075089899128940	0.27095043391788142806	0.00009479922184160387	0.00003571135064654860
1.35499999999999998224	0.99993385222900343923	0.37700978398320328377	0.62292506007951742308	0.60769648077353688453	0.27321128447647857751	0.00009538076108798011	0.00003618825445198850
1.36000000000000009770	0.99993341779414901538	0.37471151164479815643	0.62522289798263708249	0.61067415344019115864	0.27522256438858022642	0.00009597022238282620	0.00003666810556390263
1.36499999999999999112	0.99993296528337394236	0.37250177427643393901	0.62743218283977852945	0.61364351126268212866	0.27751103324720849397	0.00009654582737607328	0.00003715083470078299
1.37000000000000010658	0.99993151042395933548	0.37038022935885178688	0.62955227289649995370	0.61660434365368277376	0.27954716276101682082	0.00009711838709339151	0.00003763642663624995
1.37500000000000000000	0.99993104669198107359	0.36834774835706723950	0.63158429016584793914	0.61955830764020192181	0.28160732472158389594	0.00009769916732365396	0.00003812492247286822
1.38000000000000011546	0.99992956803979415881	0.36640345992894157723	0.63352709994031741747	0.62250455378783120519	0.28393423585886395921	0.00009826603976703026	0.00003861625267170338
1.38500000000000000888	0.99992908596966600943	0.36454814336327345803	0.63538193443537904770	0.62544476829725093037	0.28602406265830254695	0.00009884121282800566	0.00003911045873584340
1.39000000000000012434	0.99992858532636030855	0.36278125218527851326	0.63714832496957551911	0.62837873634267127354	0.28837471575849549232	0.00009940244344074489	0.00003960747095304712
1.39500000000000001776	0.99992708295145726893	0.36110220798278919174	0.63882586679566677468	0.63130628902193841601	0.29048444120320610073	0.00009996080123052348	0.00004010727495919974
1.40000000000000013323	0.99992657065528223193	0.35951163461688623313	0.64041592786488954481	0.63422910826596967659	0.29261650926265470041	0.00010052776695477979	0.00004060991379397365
1.40500000000000002665	0.99992504418947836253	0.35800843554165551197	0.64191760047280099766	0.63714638789231081706	0.29499922557070601403	0.00010108080723106129	0.00004111531783012895
1.40999999999999992006	0.99992451300879814369	0.35659314709144218636	0.64333235774180752564	0.64005983641342234503	0.29715626441609438446	0.00010164254322964998	0.00004162353054627720
1.41500000000000003553	0.99992396284505979942	0.35526499876000450229	0.64465995590895963652	0.64296927424486893798	0.29955814713785944292	0.00010219036076310371	0.00004213448235009272
1.41999999999999992895	0.99992241232179923660	0.35402319242211394146	0.64590021172205269728	0.64587456639820151061	0.30172938352368938730	0.00010273554013261179	0.00004264816005075578
1.42500000000000004441	0.99992185013768475343	0.35286811690978586720	0.64705472504970706904	0.64877741270224675851	0.30392114470053299691	0.00010328971103692824	0.00004316460860594042
1.42999999999999993783	0.99992027527080840077	0.35179846916461321449	0.64812279792644234000	0.65167704218962330120	0.30634793383423025714	0.00010382995213053565	0.00004368375836659310
1.43500000000000005329	0.99991969374839184681	0.35081455631774816073	0.64910612925031152542	0.65457517860478819927	0.30855946378463222635	0.00010437929690556266	0.00004420565485112091
1.43999999999999994671	0.99991809451979984935	0.34991499340774195881	0.65000409293014160816	0.65747105559985397072	0.31100015595798669032	0.00010491484980988585	0.00004473022910017034
1.44500000000000006217	0.99991749353860892580	0.34910000530504337046	0.65081848005105080723	0.66036640811258495720	0.31322897882547656723	0.00010545969004378223	0.00004525752755038925
1.44999999999999995559	0.99991687314106836304	0.34836853669985462512	0.65154932825808820063	0.66326108901094593673	0.31568126393502798921	0.00010599079890958120	0.00004578748154493715
1.45500000000000007105	0.99991524944631970939	0.34771951123655936433	0.65219673002501887815	0.66615499356142104936	0.31791502324884807207	0.00010651969124893965	0.00004632008000118185
1.45999999999999996447	0.99991461665651271140	0.34715302017564053649	0.65276258829550382057	0.66904984206288431459	0.32016613834938578709	0.00010705819293995384	0.00004685537096588162
1.46500000000000007994	0.99991296840936327861	0.34666750188910622210	0.65324645833325301059	0.67194489130092416307	0.32263097731223711051	0.00010758312558311230	0.00004739328659379718
1.46999999999999997335	0.99991231581769768333	0.34626297565972091741	0.65365033197032529344	0.67484188174765535884	0.32489314235186605995	0.00010811777045440336	0.00004793387544606920
1.47500000000000008882	0.99991164358372486287	0.34593820977577371956	0.65397442561963414764	0.67774068214324667547	0.32736339467839914441	0.00010863894117375299	0.00004847707015193796
1.47999999999999998224	0.99990997065155862167	0.34569195633865029693	0.65421900612293359956	0.68064120192733745807	0.32962307693864711933	0.00010915825735885916	0.00004902286143873226
1.48500000000000009770	0.99990928578281801364	0.34552411277522382393	0.65438616481693800964	0.68354516269439491438	0.33189764617026507043	0.00010968760927339027	0.00004957129948509921
1.48999999999999999112	0.99990758814147995270	0.34543296378550014669	0.65447561616364169357	0.68645183574873591681	0.33437070614425012938	0.00011020370130207865	0.00005012231799160960
1.49500000000000010658	0.99990688320331555516	0.34541834282706423975	0.65448953218321070935	0.68936296021127718703	0.33664951320463393225	0.00011072993596090874	0.00005067596767141414
1.50000000000000000000	0.99990516088622738433	0.34547847506775397619	0.65442767762372455742	0.69227779686913182289	0.33909074867270377895	0.00011126073286346211	0.00005123227133573145
1.50500000000000011546	0.99990443583169918984	0.34561313029273743602	0.65429229734349492187	0.69519808231700619405	0.34131011484046447357	0.00011182012684088936	0.00005179137196993590
1.51000000000000000888	0.99990369092727826583	0.34582086593848376799	0.65408381679258853492	0.69812369714790323272	0.34374729094970774002	0.00011234898195243358	0.00005235311687969806
1.51500000000000012434	0.99990194366369089529	0.34610023030902437036	0.65380270515672977982	0.70105454599199923393	0.34595309490026310284	0.00011289529852290148	0.00005291759337231257
1.52000000000000001776	0.99990118590158372225	0.34645088949330193895	0.65345128820958986449	0.70399235527590642292	0.34820091510804218604	0.00011343421493170871	0.00005348476444697112
1.52500000000000013323	0.99989941383762870331	0.34687094925093614473	0.65302945638624276814	0.70693638759298149665	0.35059663822448139392	0.00011397947585383386	0.00005405466182624028
1.53000000000000002665	0.99989863574646486999	0.34736002376707780792	0.65253960377816822014	0.70988838352355465577	0.35283914685084905027	0.00011451700497797662	0.00005462724685113016
1.53500000000000014211	0.99989683891423297712	0.34791617343418623776	0.65198165727704293637	0.71284759723386781349	0.35522460642222386529	0.00011506129002687021	0.00005520255330126452
1.54000000000000003553	0.99989604045766589113	0.34853896115442073445	0.65135807109944932058	0.71581577049783584599	0.35745904104041853477	0.00011559767550906801	0.00005578054167880986
1.54499999999999992895	0.99989522201816360969	0.34922678110533500462	0.65066943270822474865	0.71879275891385685515	0.35983199955808081727	0.00011614115465249137	0.00005636124745207231
1.55000000000000004441	0.99989340003956295178	0.34997802543789663376	0.64991636639525318664	0.72177846867329753522	0.36204153866598609568	0.00011666483060655701	0.00005694457160510510
1.55499999999999993783	0.99989256854205177394	0.35079217291446601612	0.64910138742034673154	0.72477460485611022722	0.36425915888444970747	0.00011719992285296936	0.00005753057121936994
1.56000000000000005329	0.99989072167684955872	0.35166719987489186705	0.64822451359288868478	0.72778041215973121592	0.36660710198051404962	0.00011774260097247652	0.00005811928422423232
1.56499999999999994671	0.99988986964670811819	0.35260254596961143614	0.64728831546717913170	0.73079761398084841506	0.36880949755934261391	0.00011827722050875254	0.00005871067032677609
1.57000000000000006217	0.99988799787382875994	0.35359615654817228014	0.64629283311388163735	0.73382544214594014331	0.37113824435914544164	0.00011881962421264830	0.00005930476844783933
1.57499999999999995559	0.99988712528639756005	0.35464743302368650912	0.64524068405007539706	0.73686561807433692550	0.37332249405303646883	0.00011935405324293196	0.00005990153871405399
1.58000000000000007105	0.99988623266294185399	0.35575465518378690533	0.64413256926563078331	0.73991797957274152431	0.37565447836441162588	0.00011987678857015060	0.00006050092265690474
1.58499999999999996447	0.99988433551532784893	0.35691610771257586965	0.64296921958734964964	0.74298239000908017360	0.37777656316920305013	0.00012041922711392290	0.00006110301879247436
1.59000000000000007994	0.99988342963201737312	0.35813112817071657279	0.64175329324499774675	0.74606053717059350738	0.37992888862677876016	0.00012095388646310711	0.00006170778822478989
1.59499999999999997335	0.99988150749722803923	0.35939761315855056623	0.64048488612046972079	0.74915164011532098254	0.38222022690045104332	0.00012147715976078972	0.00006231517402359384
1.60000000000000008882	0.99988058090440545822	0.36071487414349873157	0.63916669854177587951	0.75225737950619320227	0.38432379107267067297	0.00012203199870384838	0.00006292533401711308
1.60499999999999998224	0.99987963426796400146	0.36208114056899781685	0.63779948547889919741	0.75537757678256522986	0.38658468096012571502	0.00012255600968677320	0.00006353811406554694
1.61000000000000009770	0.99987768646457897415	0.36349465141940440205	0.63638402682317429804	0.75851207716915203250	0.38866588450251227105	0.00012308049281134639	0.00006415351652960367
1.61499999999999999112	0.99987672636815527749	0.36495466895754580250	0.63492304918765873900	0.76166252520113197910	0.39072850483940846367	0.00012363661665347838	0.00006477169961287106
1.62000000000000010658	0.99987475341801634876	0.36645906551997398104	0.63341667967313408649	0.76482811982059306644	0.39293775814364589882	0.00012416238590907651	0.00006539251154241644
1.62500000000000000000	0.99987377245440101081	0.36800708654755592830	0.63186767768096441245	0.76801051186110091962	0.39496930020079268342	0.00012471970374561267	0.00006601611006114451
1.63000000000000011546	0.99987277150541076232	0.36959693526199599578	0.63027682801653872602	0.77120949245401904104	0.39714080976530402589	0.00012524702943114674	0.00006664234520830025
